0 0.12890625 0.9990234375 0.32373046875 0.7333984375 0.5185546875 0.525390625 0.67431640625 0.4853515625 0.82080078125 0.453125 0.8271484375 0.3837890625 0.869140625 0.40625 0.93603515625 0.404296875 0.92333984375 0.4990234375 0.88232421875 0.5400390625 0.92919921875 0.603515625 0.99951171875 0.646484375 0.99951171875 0.9990234375
2 0.0 0.0 0.0 0.0 0.99951171875 0.0 0.99951171875 0.5703125 0.919921875 0.5205078125 0.93017578125 0.4189453125 0.88916015625 0.416015625 0.8310546875 0.4013671875 0.82177734375 0.451171875 0.8095703125 0.4658203125 0.6845703125 0.4873046875 0.4697265625 0.5478515625 0.0 0.7744140625
1 0.00048828125 0.7587890625 0.13427734375 0.6748046875 0.171875 0.6572265625 0.2265625 0.6376953125 0.234375 0.6416015625 0.28662109375 0.6044921875 0.29296875 0.599609375 0.29296875 0.591796875 0.34716796875 0.55078125 0.373046875 0.5751953125 0.3876953125 0.5732421875 0.41259765625 0.560546875 0.43896484375 0.546875 0.4765625 0.5322265625 0.5283203125 0.5087890625 0.6083984375 0.50390625 0.62548828125 0.4951171875 0.63818359375 0.48828125 0.64306640625 0.4873046875 0.658203125 0.48046875 0.673828125 0.484375 0.67724609375 0.48046875 0.71435546875 0.478515625 0.7216796875 0.4755859375 0.72705078125 0.4755859375 0.7744140625 0.4697265625 0.8193359375 0.4560546875 0.82080078125 0.451171875 0.83447265625 0.4560546875 0.8369140625 0.458984375 0.83349609375 0.4658203125 0.822265625 0.46875 0.81396484375 0.4736328125 0.80029296875 0.4755859375 0.771484375 0.4833984375 0.7041015625 0.5 0.6669921875 0.51171875 0.6015625 0.533203125 0.5810546875 0.5390625 0.56787109375 0.546875 0.54345703125 0.5673828125 0.52734375 0.5869140625 0.5009765625 0.6171875 0.32177734375 0.8564453125 0.21337890625 0.9990234375 0.0 0.9990234375
1 0.99951171875 0.5546875 0.96435546875 0.5400390625 0.94091796875 0.533203125 0.94091796875 0.49609375 0.93798828125 0.46484375 0.91259765625 0.490234375 0.8935546875 0.498046875 0.875 0.5029296875 0.8642578125 0.513671875 0.8544921875 0.5283203125 0.85009765625 0.5390625 0.849609375 0.556640625 0.85302734375 0.56640625 0.86474609375 0.5810546875 0.88037109375 0.6005859375 0.89306640625 0.6123046875 0.99951171875 0.6982421875
1 0.89306640625 0.419921875 0.865234375 0.416015625 0.853515625 0.412109375 0.865234375 0.41015625 0.8955078125 0.4140625 0.896484375 0.4140625 0.89794921875 0.4169921875 0.8974609375 0.4208984375
5 0.8212890625 0.373046875 0.83154296875 0.3623046875 0.85791015625 0.365234375 0.86279296875 0.3857421875 0.86572265625 0.4033203125 0.86669921875 0.412109375 0.865234375 0.41796875 0.86083984375 0.41796875 0.82080078125 0.4208984375
5 0.85205078125 0.4306640625 0.857421875 0.416015625 0.8623046875 0.416015625 0.89404296875 0.419921875 0.89892578125 0.431640625 0.9013671875 0.4404296875 0.90283203125 0.4453125 0.90625 0.4443359375 0.908203125 0.4482421875 0.9091796875 0.451171875 0.9072265625 0.4521484375 0.90478515625 0.453125 0.9072265625 0.466796875 0.908203125 0.4765625 0.908203125 0.48828125 0.90576171875 0.4970703125 0.9033203125 0.498046875 0.900390625 0.498046875 0.89892578125 0.49609375 0.89794921875 0.490234375 0.8955078125 0.490234375 0.89501953125 0.49609375 0.892578125 0.4990234375 0.890625 0.498046875 0.88671875 0.4912109375 0.8818359375 0.4716796875 0.8525390625 0.462890625
5 0.8212890625 0.4013671875 0.83154296875 0.40234375 0.8369140625 0.4052734375 0.83984375 0.412109375 0.84326171875 0.4189453125 0.84423828125 0.4287109375 0.84130859375 0.435546875 0.8359375 0.4443359375 0.82958984375 0.4423828125 0.82763671875 0.4453125 0.826171875 0.447265625 0.82275390625 0.4453125 0.8203125 0.4443359375
5 0.82958984375 0.4951171875 0.830078125 0.4853515625 0.830078125 0.4736328125 0.830078125 0.462890625 0.8330078125 0.4453125 0.83544921875 0.43359375 0.84033203125 0.421875 0.841796875 0.4189453125 0.85888671875 0.41796875 0.8671875 0.4169921875 0.87841796875 0.421875 0.88232421875 0.427734375 0.88623046875 0.4326171875 0.88818359375 0.44140625 0.888671875 0.4453125 0.89306640625 0.4443359375 0.89453125 0.447265625 0.89501953125 0.451171875 0.89306640625 0.4521484375 0.88916015625 0.453125 0.89208984375 0.462890625 0.8935546875 0.4833984375 0.892578125 0.4951171875 0.89208984375 0.5009765625 0.88916015625 0.501953125 0.88818359375 0.498046875 0.8876953125 0.4912109375 0.88232421875 0.4921875 0.8818359375 0.4990234375 0.880859375 0.5029296875 0.87744140625 0.5048828125 0.8759765625 0.5048828125 0.87451171875 0.5 0.85009765625 0.4951171875 0.8486328125 0.4951171875 0.8486328125 0.4990234375 0.84619140625 0.501953125 0.84423828125 0.501953125 0.8427734375 0.5 0.841796875 0.4931640625 0.83837890625 0.4921875 0.837890625 0.498046875 0.83740234375 0.501953125 0.83447265625 0.50390625 0.83203125 0.5029296875
2 0.912109375 0.041015625 0.90966796875 0.14453125 0.94482421875 0.14453125 0.947265625 0.04296875
