4 0.525390625 0.31640625 0.525390625 0.43359375 0.6142578125 0.4296875 0.60888671875 0.31640625
0 0.0 0.54296875 0.14794921875 0.4306640625 0.19482421875 0.427734375 0.52978515625 0.4677734375 0.71044921875 0.46875 0.970703125 0.3544921875 0.99951171875 0.369140625 0.99951171875 0.9990234375 0.0 0.9990234375
1 0.99951171875 0.947265625 0.826171875 0.76171875 0.666015625 0.5791015625 0.66455078125 0.5625 0.66796875 0.544921875 0.6884765625 0.5263671875 0.791015625 0.490234375 0.857421875 0.4814453125 0.88818359375 0.4833984375 0.89306640625 0.4716796875 0.9404296875 0.4609375 0.94287109375 0.4912109375 0.99951171875 0.521484375
2 0.03369140625 0.068359375 0.03759765625 0.0693359375 0.03662109375 0.099609375 0.0458984375 0.1025390625 0.0673828125 0.103515625 0.07275390625 0.1044921875 0.07275390625 0.0869140625 0.08154296875 0.0869140625 0.08447265625 0.0927734375 0.0869140625 0.1025390625 0.11279296875 0.1025390625 0.119140625 0.107421875 0.12060546875 0.0927734375 0.12744140625 0.0908203125 0.13232421875 0.1083984375 0.1357421875 0.1162109375 0.140625 0.119140625 0.14111328125 0.10546875 0.1572265625 0.107421875 0.1572265625 0.130859375 0.1591796875 0.123046875 0.17626953125 0.123046875 0.17724609375 0.138671875 0.18017578125 0.1416015625 0.1884765625 0.1416015625 0.19677734375 0.1416015625 0.23193359375 0.2109375 0.234375 0.2119140625 0.2392578125 0.2119140625 0.2421875 0.20703125 0.24560546875 0.2001953125 0.25146484375 0.193359375 0.25927734375 0.193359375 0.2607421875 0.1923828125 0.2626953125 0.189453125 0.26708984375 0.19140625 0.27294921875 0.2021484375 0.27880859375 0.2119140625 0.2900390625 0.23046875 0.3017578125 0.2314453125 0.3056640625 0.4267578125 0.1416015625 0.4326171875 0.03955078125 0.453125 0.0 0.455078125 0.0 0.060546875
1 0.2001953125 0.46875 0.20361328125 0.478515625 0.24951171875 0.48046875 0.3408203125 0.484375 0.5654296875 0.4892578125 0.72119140625 0.486328125 0.77880859375 0.4765625 0.86376953125 0.4619140625 0.9453125 0.451171875 0.9453125 0.4326171875 0.78564453125 0.4521484375 0.69775390625 0.4560546875 0.64013671875 0.458984375 0.62060546875 0.455078125 0.61083984375 0.451171875 0.583984375 0.4501953125 0.54296875 0.453125 0.5244140625 0.451171875 0.521484375 0.4658203125 0.2958984375 0.4638671875 0.29541015625 0.44921875 0.29736328125 0.43359375 0.2900390625 0.447265625 0.26904296875 0.4560546875 0.2509765625 0.4638671875 0.23779296875 0.4658203125 0.21435546875 0.4697265625
4 0.037109375 0.0 0.0322265625 0.0146484375 0.03076171875 0.0283203125 0.0302734375 0.0517578125 0.02880859375 0.0673828125 0.03076171875 0.078125 0.03369140625 0.0947265625 0.03125 0.111328125 0.029296875 0.1279296875 0.021484375 0.1435546875 0.0205078125 0.171875 0.021484375 0.1826171875 0.00732421875 0.1923828125 0.0 0.1943359375 0.0 0.0
4 0.10302734375 0.234375 0.1064453125 0.2177734375 0.111328125 0.2060546875 0.12841796875 0.208984375 0.1318359375 0.2158203125 0.138671875 0.197265625 0.1484375 0.181640625 0.16650390625 0.17578125 0.18408203125 0.193359375 0.19580078125 0.2041015625 0.2060546875 0.2138671875 0.22265625 0.2236328125 0.23876953125 0.240234375 0.2490234375 0.2470703125 0.25341796875 0.2373046875 0.25 0.2236328125 0.24365234375 0.20703125 0.24755859375 0.19140625 0.2607421875 0.1826171875 0.2841796875 0.1787109375 0.2958984375 0.1904296875 0.30615234375 0.23046875 0.3095703125 0.2958984375 0.302734375 0.3349609375 0.28955078125 0.3486328125 0.2841796875 0.3505859375 0.28125 0.359375 0.2822265625 0.3837890625 0.2841796875 0.4150390625 0.27783203125 0.416015625 0.27587890625 0.3798828125 0.26318359375 0.3779296875 0.25439453125 0.3759765625 0.2509765625 0.3623046875 0.2431640625 0.3662109375 0.23388671875 0.3623046875 0.2314453125 0.3564453125 0.22705078125 0.3623046875 0.2265625 0.3828125 0.2236328125 0.4013671875 0.21533203125 0.4150390625 0.18798828125 0.4013671875 0.146484375 0.3974609375 0.1083984375 0.421875 0.10498046875 0.3505859375 0.0947265625 0.298828125 0.091796875 0.2578125
5 0.2744140625 0.390625 0.27490234375 0.3857421875 0.27490234375 0.3837890625 0.28076171875 0.3837890625 0.28125 0.3876953125 0.28173828125 0.3896484375 0.29736328125 0.3896484375 0.30029296875 0.408203125 0.30224609375 0.4169921875 0.279296875 0.41796875 0.27197265625 0.41796875
2 0.2978515625 0.0 0.29736328125 0.1904296875 0.2939453125 0.25 0.29296875 0.46875 0.51953125 0.4697265625 0.52587890625 0.4658203125 0.5283203125 0.4521484375 0.52978515625 0.37109375 0.533203125 0.3505859375 0.54345703125 0.33203125 0.5517578125 0.32421875 0.55517578125 0.3232421875 0.56689453125 0.3203125 0.5830078125 0.3330078125 0.591796875 0.3544921875 0.59521484375 0.376953125 0.5966796875 0.4501953125 0.61474609375 0.4599609375 0.6376953125 0.4619140625 0.69873046875 0.4599609375 0.8203125 0.45703125 0.88330078125 0.4521484375 0.921875 0.439453125 0.939453125 0.439453125 0.9404296875 0.498046875 0.9609375 0.5107421875 0.99951171875 0.5205078125 0.99951171875 0.0
5 0.24267578125 0.421875 0.2421875 0.40625 0.25 0.390625 0.25830078125 0.388671875 0.2802734375 0.3896484375 0.2880859375 0.400390625 0.29150390625 0.416015625 0.28466796875 0.427734375 0.2431640625 0.4287109375
5 0.2021484375 0.40625 0.20166015625 0.419921875 0.20361328125 0.4296875 0.2060546875 0.4326171875 0.20654296875 0.439453125 0.2099609375 0.439453125 0.2109375 0.4306640625 0.22216796875 0.4296875 0.22412109375 0.4384765625 0.22705078125 0.439453125 0.228515625 0.4296875 0.248046875 0.42578125 0.24853515625 0.412109375 0.24462890625 0.40234375 0.23779296875 0.3916015625 0.2177734375 0.390625 0.20654296875 0.4033203125
4 0.2021484375 0.4375 0.20166015625 0.44921875 0.2041015625 0.4619140625 0.205078125 0.466796875 0.21337890625 0.4736328125 0.22265625 0.46875 0.24609375 0.46875 0.251953125 0.4658203125 0.26025390625 0.4638671875 0.26416015625 0.4609375 0.27197265625 0.458984375 0.28173828125 0.4541015625 0.291015625 0.4501953125 0.29541015625 0.447265625 0.296875 0.4384765625 0.29736328125 0.4013671875 0.29296875 0.3994140625 0.275390625 0.4013671875 0.27294921875 0.3994140625 0.26806640625 0.4013671875 0.26416015625 0.4052734375 0.259765625 0.40625 0.25537109375 0.4013671875 0.25146484375 0.3994140625 0.24853515625 0.4072265625 0.2431640625 0.412109375 0.23095703125 0.412109375 0.21826171875 0.416015625 0.208984375 0.427734375 0.20458984375 0.4326171875
5 0.1728515625 0.4404296875 0.1767578125 0.44140625 0.177734375 0.4365234375 0.18994140625 0.435546875 0.19140625 0.4404296875 0.1953125 0.4404296875 0.19677734375 0.435546875 0.197265625 0.4287109375 0.197265625 0.4208984375 0.1962890625 0.41015625 0.19384765625 0.404296875 0.1943359375 0.4013671875 0.19189453125 0.3955078125 0.18994140625 0.3935546875 0.1884765625 0.392578125 0.18310546875 0.3828125 0.1787109375 0.380859375 0.15625 0.3818359375 0.1455078125 0.3837890625 0.140625 0.3935546875 0.138671875 0.42578125 0.14013671875 0.4375 0.15234375 0.443359375 0.15576171875 0.4375 0.1591796875 0.439453125 0.16259765625 0.44140625 0.1669921875 0.4423828125 0.16796875 0.4404296875 0.169921875 0.4365234375
5 0.0 0.18359375 0.10498046875 0.2451171875 0.11474609375 0.265625 0.13134765625 0.318359375 0.13134765625 0.326171875 0.1533203125 0.4287109375 0.1572265625 0.4296875 0.1572265625 0.3974609375 0.16064453125 0.3896484375 0.16650390625 0.3935546875 0.16748046875 0.41015625 0.16748046875 0.4365234375 0.15673828125 0.439453125 0.16259765625 0.474609375 0.16552734375 0.5068359375 0.169921875 0.5263671875 0.1689453125 0.544921875 0.1708984375 0.5810546875 0.16455078125 0.611328125 0.15576171875 0.6220703125 0.14111328125 0.623046875 0.13427734375 0.619140625 0.1328125 0.609375 0.12744140625 0.6064453125 0.12646484375 0.599609375 0.119140625 0.59765625 0.1015625 0.6005859375 0.080078125 0.6025390625 0.07373046875 0.6005859375 0.05859375 0.6064453125 0.05615234375 0.6181640625 0.05615234375 0.6552734375 0.0498046875 0.6767578125 0.0380859375 0.685546875 0.02490234375 0.6865234375 0.017578125 0.6650390625 0.01416015625 0.62109375 0.0 0.6240234375
