4 0.486328125 0.2548828125 0.48974609375 0.251953125 0.4931640625 0.251953125 0.4951171875 0.2529296875 0.5009765625 0.2568359375 0.5068359375 0.345703125 0.49755859375 0.3740234375 0.4951171875 0.3759765625 0.494140625 0.3798828125 0.49267578125 0.3798828125 0.48388671875 0.3798828125
2 0.0 0.759765625 0.0 0.0 0.4365234375 0.0 0.4365234375 0.048828125 0.44287109375 0.05859375 0.44384765625 0.1142578125 0.44189453125 0.1171875 0.44189453125 0.1474609375 0.46484375 0.1640625 0.46826171875 0.1982421875 0.4794921875 0.1982421875 0.48828125 0.251953125 0.48828125 0.3974609375 0.4404296875 0.4951171875
2 0.49755859375 0.251953125 0.501953125 0.2470703125 0.501953125 0.2275390625 0.50146484375 0.2275390625 0.50146484375 0.2197265625 0.505859375 0.2197265625 0.50634765625 0.193359375 0.50537109375 0.1904296875 0.50244140625 0.1875 0.50048828125 0.185546875 0.5 0.18359375 0.5 0.1806640625 0.517578125 0.1337890625 0.521484375 0.1337890625 0.5224609375 0.1318359375 0.52294921875 0.1298828125 0.52294921875 0.126953125 0.5224609375 0.1259765625 0.52197265625 0.123046875 0.52197265625 0.1181640625 0.521484375 0.1171875 0.5205078125 0.115234375 0.51953125 0.1142578125 0.51953125 0.1083984375 0.5263671875 0.091796875 0.52587890625 0.064453125 0.53125 0.0634765625 0.5390625 0.0439453125 0.54052734375 0.033203125 0.54150390625 0.021484375 0.546875 0.021484375 0.55517578125 0.00390625 0.56396484375 0.00390625 0.56689453125 0.0 0.99951171875 0.0 0.99951171875 0.0 0.99951171875 0.5927734375 0.68115234375 0.5029296875 0.54052734375 0.447265625 0.47998046875 0.404296875 0.486328125 0.3720703125 0.4990234375 0.3662109375 0.49951171875 0.2646484375 0.4990234375 0.263671875 0.49755859375 0.263671875
0 0.0205078125 0.9990234375 0.4453125 0.5400390625 0.486328125 0.4296875 0.52490234375 0.4501953125 0.68212890625 0.4912109375 0.8095703125 0.5517578125 0.93017578125 0.5634765625 0.99951171875 0.5673828125 0.99951171875 0.9716796875 0.99951171875 0.9990234375
1 0.0 0.701171875 0.06201171875 0.6748046875 0.08251953125 0.6640625 0.1025390625 0.65234375 0.1591796875 0.626953125 0.2060546875 0.6103515625 0.2373046875 0.59765625 0.27001953125 0.583984375 0.31396484375 0.564453125 0.3505859375 0.546875 0.36328125 0.53515625 0.36669921875 0.53515625 0.3759765625 0.53125 0.3857421875 0.5205078125 0.39697265625 0.5205078125 0.40380859375 0.513671875 0.40380859375 0.5048828125 0.40576171875 0.5009765625 0.41796875 0.484375 0.42041015625 0.484375 0.42041015625 0.486328125 0.42333984375 0.486328125 0.42724609375 0.48046875 0.43115234375 0.48046875 0.43212890625 0.4775390625 0.43701171875 0.4775390625 0.43798828125 0.474609375 0.4326171875 0.4736328125 0.43310546875 0.4697265625 0.44384765625 0.4697265625 0.44384765625 0.4638671875 0.44482421875 0.4619140625 0.44384765625 0.458984375 0.43994140625 0.458984375 0.4384765625 0.44921875 0.43603515625 0.447265625 0.43603515625 0.4453125 0.43896484375 0.4443359375 0.45947265625 0.4248046875 0.46044921875 0.533203125 0.46435546875 0.55078125 0.4619140625 0.5595703125 0.44384765625 0.5751953125 0.42724609375 0.58984375 0.41064453125 0.6064453125 0.36865234375 0.6474609375 0.3505859375 0.6650390625 0.3310546875 0.6875 0.28759765625 0.7373046875 0.23583984375 0.80078125 0.189453125 0.8486328125 0.1201171875 0.931640625 0.06640625 0.9990234375 0.0 0.9990234375
1 0.9599609375 0.9990234375 0.93115234375 0.947265625 0.89697265625 0.9052734375 0.8544921875 0.8505859375 0.828125 0.814453125 0.796875 0.7646484375 0.7685546875 0.724609375 0.74560546875 0.6923828125 0.72998046875 0.6640625 0.72412109375 0.6494140625 0.7216796875 0.638671875 0.72265625 0.630859375 0.7275390625 0.623046875 0.73974609375 0.6171875 0.7724609375 0.6142578125 0.80712890625 0.6123046875 0.99951171875 0.6181640625 0.99951171875 0.9990234375
4 0.57177734375 0.443359375 0.5703125 0.4423828125 0.5693359375 0.44140625 0.5693359375 0.4384765625 0.56787109375 0.4375 0.5673828125 0.4365234375 0.56787109375 0.4326171875 0.5693359375 0.4296875 0.56982421875 0.4267578125 0.5693359375 0.423828125 0.5693359375 0.4208984375 0.57373046875 0.4208984375 0.576171875 0.423828125 0.57666015625 0.42578125 0.57763671875 0.42578125 0.57861328125 0.421875 0.580078125 0.4208984375 0.58154296875 0.42578125 0.58203125 0.427734375 0.5830078125 0.427734375 0.5830078125 0.4306640625 0.58251953125 0.4326171875 0.5810546875 0.4365234375 0.57958984375 0.439453125 0.58154296875 0.4638671875 0.57373046875 0.4638671875 0.572265625 0.4521484375 0.57177734375 0.44921875
5 0.48974609375 0.388671875 0.50048828125 0.388671875 0.50048828125 0.40234375 0.48876953125 0.40234375
4 0.5927734375 0.4541015625 0.59130859375 0.4501953125 0.59130859375 0.447265625 0.58984375 0.4443359375 0.5888671875 0.4423828125 0.5888671875 0.4375 0.58935546875 0.431640625 0.58984375 0.4287109375 0.59130859375 0.42578125 0.59375 0.4248046875 0.59716796875 0.421875 0.6005859375 0.423828125 0.6015625 0.4267578125 0.6025390625 0.431640625 0.6025390625 0.4375 0.60205078125 0.439453125 0.60107421875 0.44140625 0.60302734375 0.478515625 0.59130859375 0.4755859375
4 0.62109375 0.4755859375 0.62109375 0.458984375 0.61474609375 0.4619140625 0.61328125 0.45703125 0.6123046875 0.4521484375 0.61279296875 0.4453125 0.61376953125 0.4404296875 0.61572265625 0.4375 0.6181640625 0.43359375 0.62109375 0.43359375 0.623046875 0.4326171875 0.62353515625 0.4306640625 0.6259765625 0.4296875 0.626953125 0.431640625 0.62890625 0.431640625 0.630859375 0.43359375 0.63134765625 0.4375 0.63232421875 0.4384765625 0.63232421875 0.453125 0.63134765625 0.455078125 0.63037109375 0.45703125 0.6328125 0.4853515625 0.62060546875 0.4833984375
4 0.56298828125 0.4697265625 0.55810546875 0.4658203125 0.55712890625 0.435546875 0.55517578125 0.4326171875 0.5546875 0.42578125 0.55419921875 0.4208984375 0.55517578125 0.41796875 0.55615234375 0.41015625 0.5576171875 0.4072265625 0.55908203125 0.404296875 0.56005859375 0.40234375 0.56201171875 0.40234375 0.564453125 0.40625 0.5654296875 0.4091796875 0.56591796875 0.4140625 0.5673828125 0.416015625 0.56787109375 0.421875 0.56884765625 0.4248046875 0.56884765625 0.427734375 0.56787109375 0.4296875 0.56787109375 0.4326171875 0.5673828125 0.43359375 0.56640625 0.435546875 0.56787109375 0.4638671875
4 0.60986328125 0.44921875 0.60986328125 0.443359375 0.61083984375 0.443359375 0.61083984375 0.4375 0.61328125 0.4375 0.61328125 0.435546875 0.61962890625 0.435546875 0.61962890625 0.458984375 0.61962890625 0.466796875 0.62060546875 0.4833984375 0.6123046875 0.478515625 0.611328125 0.462890625 0.611328125 0.45703125 0.60986328125 0.455078125
1 0.99951171875 0.5751953125 0.6953125 0.5576171875 0.6591796875 0.525390625 0.62841796875 0.50390625 0.5986328125 0.4892578125 0.5693359375 0.4794921875 0.515625 0.443359375 0.5078125 0.419921875 0.52490234375 0.41796875 0.5341796875 0.4453125 0.5498046875 0.44921875 0.5498046875 0.451171875 0.5546875 0.451171875 0.5546875 0.453125 0.58251953125 0.455078125 0.591796875 0.4599609375 0.6005859375 0.4609375 0.61865234375 0.466796875 0.6201171875 0.4716796875 0.6328125 0.4716796875 0.6484375 0.4755859375 0.65478515625 0.474609375 0.662109375 0.4794921875 0.6826171875 0.4794921875 0.8251953125 0.54296875 0.8447265625 0.546875 0.880859375 0.5546875 0.912109375 0.5595703125 0.99951171875 0.5595703125
5 0.4541015625 0.466796875 0.453125 0.4521484375 0.4541015625 0.4423828125 0.45849609375 0.43359375 0.46044921875 0.423828125 0.46435546875 0.4169921875 0.5009765625 0.4189453125 0.46337890625 0.4970703125 0.4541015625 0.4970703125
5 0.4736328125 0.396484375 0.48388671875 0.39453125 0.490234375 0.3935546875 0.525390625 0.3955078125 0.53125 0.40625 0.53564453125 0.4248046875 0.5380859375 0.4306640625 0.54150390625 0.4365234375 0.5419921875 0.44921875 0.544921875 0.462890625 0.54345703125 0.5302734375 0.53369140625 0.5302734375 0.53369140625 0.5146484375 0.5322265625 0.5146484375 0.53125 0.51953125 0.52490234375 0.51953125 0.52392578125 0.513671875 0.5205078125 0.513671875 0.51904296875 0.5126953125 0.51416015625 0.5126953125 0.51123046875 0.51171875 0.5068359375 0.51171875 0.4921875 0.5107421875 0.490234375 0.5126953125 0.45947265625 0.51953125 0.458984375 0.498046875 0.458984375 0.4619140625 0.458984375 0.455078125 0.462890625 0.443359375 0.470703125 0.4072265625
4 0.44677734375 0.361328125 0.447265625 0.35546875 0.44482421875 0.3544921875 0.44140625 0.3486328125 0.44091796875 0.34375 0.44189453125 0.3369140625 0.44189453125 0.3310546875 0.44384765625 0.3291015625 0.44287109375 0.32421875 0.44091796875 0.326171875 0.43896484375 0.326171875 0.43701171875 0.3193359375 0.43701171875 0.3115234375 0.439453125 0.3076171875 0.44287109375 0.3017578125 0.44384765625 0.296875 0.4453125 0.29296875 0.447265625 0.29296875 0.4482421875 0.29296875 0.4482421875 0.2900390625 0.44775390625 0.287109375 0.44873046875 0.28515625 0.45166015625 0.28515625 0.4541015625 0.287109375 0.45751953125 0.28515625 0.46044921875 0.2841796875 0.4697265625 0.2783203125 0.47265625 0.27734375 0.47607421875 0.2802734375 0.47998046875 0.283203125 0.48291015625 0.28515625 0.48828125 0.2939453125 0.48779296875 0.2978515625 0.48583984375 0.3017578125 0.484375 0.3076171875 0.484375 0.3076171875 0.486328125 0.3095703125 0.48681640625 0.310546875 0.49169921875 0.314453125 0.4931640625 0.32421875 0.4931640625 0.33203125 0.49169921875 0.3359375 0.4892578125 0.33984375 0.48681640625 0.3408203125 0.48583984375 0.341796875 0.48486328125 0.3447265625 0.48681640625 0.34765625 0.48779296875 0.3486328125 0.4892578125 0.3544921875 0.49267578125 0.361328125 0.49365234375 0.373046875 0.4931640625 0.37890625 0.4873046875 0.3876953125 0.48095703125 0.392578125 0.474609375 0.3935546875 0.47119140625 0.390625 0.46435546875 0.3916015625 0.4609375 0.390625 0.4619140625 0.384765625 0.4599609375 0.3828125 0.45703125 0.3837890625 0.4541015625 0.3857421875 0.45166015625 0.384765625 0.4521484375 0.3828125 0.4501953125 0.380859375 0.4462890625 0.3798828125 0.44482421875 0.3759765625 0.4443359375 0.3681640625
