0 0.0 0.404296875 0.4052734375 0.3837890625 0.74853515625 0.4091796875 0.99951171875 0.380859375 0.99951171875 0.9990234375 0.0 0.9990234375
1 0.99951171875 0.681640625 0.861328125 0.638671875 0.76611328125 0.6025390625 0.74462890625 0.58984375 0.70068359375 0.5576171875 0.68408203125 0.5419921875 0.67431640625 0.53125 0.67236328125 0.5205078125 0.68017578125 0.5009765625 0.69189453125 0.4794921875 0.69921875 0.4541015625 0.75244140625 0.4013671875 0.8271484375 0.38671875 0.99951171875 0.400390625
1 0.0 0.634765625 0.11669921875 0.6015625 0.19189453125 0.5751953125 0.20703125 0.5703125 0.23291015625 0.560546875 0.32958984375 0.525390625 0.37451171875 0.5107421875 0.41748046875 0.4951171875 0.46728515625 0.4794921875 0.4931640625 0.4716796875 0.51416015625 0.4658203125 0.57861328125 0.4296875 0.5361328125 0.359375 0.0 0.36328125
2 0.99951171875 0.5068359375 0.96923828125 0.50390625 0.95703125 0.5048828125 0.91259765625 0.4912109375 0.873046875 0.4755859375 0.8671875 0.4755859375 0.83984375 0.4658203125 0.83544921875 0.4638671875 0.82763671875 0.4638671875 0.818359375 0.4580078125 0.81103515625 0.4580078125 0.80078125 0.4541015625 0.759765625 0.4521484375 0.75537109375 0.4482421875 0.69482421875 0.4462890625 0.68994140625 0.4423828125 0.66552734375 0.44140625 0.66259765625 0.4375 0.6572265625 0.4384765625 0.48779296875 0.4306640625 0.4853515625 0.435546875 0.4248046875 0.4423828125 0.41552734375 0.4423828125 0.384765625 0.4462890625 0.375 0.447265625 0.3046875 0.4560546875 0.2236328125 0.4638671875 0.1396484375 0.455078125 0.06201171875 0.4423828125 0.0 0.4912109375 0.0 0.0 0.490234375 0.0 0.64794921875 0.2294921875 0.6904296875 0.224609375 0.69091796875 0.177734375 0.68701171875 0.1806640625 0.68603515625 0.1767578125 0.69091796875 0.1708984375 0.69921875 0.15234375 0.7138671875 0.0205078125 0.71484375 0.0 0.7177734375 0.0 0.71875 0.0234375 0.72705078125 0.150390625 0.7392578125 0.171875 0.7392578125 0.1748046875 0.7392578125 0.1767578125 0.7353515625 0.1767578125 0.734375 0.216796875 0.74951171875 0.2265625 0.75048828125 0.22265625 0.75048828125 0.177734375 0.75146484375 0.1611328125 0.751953125 0.13671875 0.759765625 0.13671875 0.765625 0.11328125 0.76611328125 0.056640625 0.7646484375 0.052734375 0.76611328125 0.0400390625 0.7626953125 0.033203125 0.7666015625 0.015625 0.7666015625 0.0 0.99951171875 0.0
2 0.65625 0.2138671875 0.6884765625 0.2138671875 0.70068359375 0.2529296875 0.6923828125 0.3515625 0.67626953125 0.3701171875 0.6396484375 0.2529296875 0.6513671875 0.2138671875
5 0.71240234375 0.3984375 0.720703125 0.3984375 0.72900390625 0.3984375 0.72998046875 0.3896484375 0.73193359375 0.3896484375 0.73291015625 0.3984375 0.74462890625 0.3984375 0.74951171875 0.40234375 0.75341796875 0.4189453125 0.75439453125 0.41796875 0.7587890625 0.41796875 0.76025390625 0.4208984375 0.76025390625 0.42578125 0.7568359375 0.427734375 0.75439453125 0.4794921875 0.75146484375 0.48046875 0.74853515625 0.4794921875 0.74853515625 0.4716796875 0.74609375 0.4716796875 0.74560546875 0.470703125 0.71533203125 0.46875 0.7138671875 0.4716796875 0.7138671875 0.482421875 0.70654296875 0.4833984375 0.70556640625 0.462890625 0.70947265625 0.4013671875
5 0.64794921875 0.4013671875 0.65234375 0.40234375 0.6552734375 0.4052734375 0.65771484375 0.4130859375 0.65966796875 0.4150390625 0.66015625 0.4208984375 0.6611328125 0.4306640625 0.66015625 0.439453125 0.65966796875 0.4453125 0.654296875 0.4453125 0.65380859375 0.4423828125 0.64697265625 0.4052734375
5 0.63720703125 0.4052734375 0.64306640625 0.4013671875 0.64599609375 0.4013671875 0.6494140625 0.40234375 0.65234375 0.41796875 0.65380859375 0.435546875 0.6533203125 0.44140625 0.6513671875 0.4453125 0.64599609375 0.4453125
5 0.626953125 0.3974609375 0.64306640625 0.3984375 0.64599609375 0.4052734375 0.6474609375 0.4140625 0.64892578125 0.4130859375 0.64990234375 0.4111328125 0.6513671875 0.4130859375 0.6513671875 0.41796875 0.64892578125 0.41796875 0.64892578125 0.4228515625 0.64892578125 0.4345703125 0.6474609375 0.4375 0.6474609375 0.443359375 0.6455078125 0.4462890625 0.6435546875 0.4462890625 0.6435546875 0.44140625 0.638671875 0.44140625 0.638671875 0.4453125 0.6328125 0.4453125 0.62548828125 0.43359375 0.623046875 0.4169921875 0.623046875 0.400390625
5 0.60107421875 0.392578125 0.619140625 0.3935546875 0.62158203125 0.400390625 0.625 0.4130859375 0.62890625 0.4248046875 0.62841796875 0.4482421875 0.626953125 0.451171875 0.62353515625 0.451171875 0.62158203125 0.4521484375 0.61669921875 0.4521484375 0.61669921875 0.447265625 0.61474609375 0.447265625
5 0.578125 0.40234375 0.578125 0.39453125 0.57958984375 0.392578125 0.58203125 0.388671875 0.5927734375 0.388671875 0.6064453125 0.3896484375 0.6103515625 0.392578125 0.61328125 0.4091796875 0.6142578125 0.4052734375 0.61669921875 0.4091796875 0.61669921875 0.4140625 0.61474609375 0.4169921875 0.6162109375 0.4189453125 0.61669921875 0.4248046875 0.6171875 0.4267578125 0.61669921875 0.4423828125 0.6162109375 0.455078125 0.61328125 0.455078125 0.6123046875 0.4580078125 0.60791015625 0.4580078125 0.60693359375 0.455078125 0.60693359375 0.451171875 0.59228515625 0.4501953125 0.58349609375 0.4482421875
4 0.66845703125 0.4072265625 0.66845703125 0.3935546875 0.677734375 0.388671875 0.6826171875 0.3564453125 0.6806640625 0.3447265625 0.6767578125 0.3388671875 0.6748046875 0.3349609375 0.67626953125 0.3251953125 0.6728515625 0.3251953125 0.6728515625 0.3203125 0.67041015625 0.3203125 0.669921875 0.3154296875 0.66748046875 0.3154296875 0.66650390625 0.3076171875 0.66796875 0.302734375 0.67236328125 0.2998046875 0.67431640625 0.291015625 0.673828125 0.2861328125 0.66943359375 0.283203125 0.67138671875 0.27734375 0.66943359375 0.2734375 0.66650390625 0.2705078125 0.66357421875 0.2734375 0.66259765625 0.271484375 0.662109375 0.26953125 0.66748046875 0.263671875 0.66796875 0.2431640625 0.666015625 0.2373046875 0.66259765625 0.2373046875 0.66162109375 0.2412109375 0.65966796875 0.2373046875 0.66455078125 0.23046875 0.66455078125 0.22265625 0.662109375 0.21875 0.66259765625 0.197265625 0.658203125 0.1923828125 0.65576171875 0.1708984375 0.65185546875 0.1552734375 0.6494140625 0.1552734375 0.64697265625 0.1669921875 0.6455078125 0.1650390625 0.6455078125 0.1513671875 0.64892578125 0.146484375 0.6513671875 0.1396484375 0.64794921875 0.138671875 0.6435546875 0.1298828125 0.6396484375 0.1240234375 0.63330078125 0.1162109375 0.62939453125 0.10546875 0.630859375 0.0986328125 0.63037109375 0.0908203125 0.62353515625 0.0947265625 0.62109375 0.0908203125 0.6171875 0.0859375 0.61279296875 0.08984375 0.609375 0.0703125 0.6083984375 0.068359375 0.6103515625 0.060546875 0.6083984375 0.056640625 0.60498046875 0.056640625 0.60009765625 0.060546875 0.59912109375 0.0478515625 0.5947265625 0.048828125 0.59228515625 0.0458984375 0.59228515625 0.037109375 0.58740234375 0.0322265625 0.58447265625 0.02734375 0.58544921875 0.0 0.43408203125 0.0 0.4345703125 0.0205078125 0.4384765625 0.025390625 0.43798828125 0.0322265625 0.43798828125 0.0439453125 0.4404296875 0.068359375 0.44482421875 0.068359375 0.4443359375 0.0751953125 0.45068359375 0.08984375 0.44287109375 0.0986328125 0.44091796875 0.1064453125 0.43017578125 0.109375 0.427734375 0.1181640625 0.4306640625 0.1298828125 0.43701171875 0.140625 0.4296875 0.138671875 0.431640625 0.1474609375 0.4365234375 0.15625 0.44091796875 0.15625 0.45361328125 0.1689453125 0.453125 0.18359375 0.4453125 0.17578125 0.44189453125 0.1767578125 0.44384765625 0.185546875 0.44677734375 0.20703125 0.44091796875 0.2001953125 0.43896484375 0.2041015625 0.4326171875 0.212890625 0.4384765625 0.21484375 0.439453125 0.2236328125 0.44189453125 0.21875 0.4423828125 0.21484375 0.44677734375 0.21484375 0.44677734375 0.21875 0.44384765625 0.2265625 0.4423828125 0.2333984375 0.443359375 0.2412109375 0.4482421875 0.2333984375 0.45263671875 0.2392578125 0.44873046875 0.2470703125 0.45166015625 0.25390625 0.45458984375 0.2509765625 0.4580078125 0.2548828125 0.4580078125 0.2587890625 0.46044921875 0.2607421875 0.458984375 0.2646484375 0.46240234375 0.263671875 0.46630859375 0.263671875 0.4736328125 0.271484375 0.4716796875 0.2822265625 0.47265625 0.2880859375 0.4814453125 0.2822265625 0.4853515625 0.2978515625 0.4921875 0.306640625 0.49365234375 0.314453125 0.49365234375 0.3203125 0.4892578125 0.42578125 0.4873046875 0.4501953125 0.48828125 0.478515625 0.501953125 0.478515625 0.50537109375 0.474609375 0.505859375 0.466796875 0.50146484375 0.4560546875 0.49755859375 0.451171875 0.49560546875 0.4296875 0.49658203125 0.359375 0.49951171875 0.3271484375 0.50439453125 0.3125 0.51025390625 0.291015625 0.51611328125 0.2900390625 0.52001953125 0.2900390625 0.52197265625 0.287109375 0.5244140625 0.2900390625 0.52880859375 0.2880859375 0.5322265625 0.2822265625 0.53955078125 0.2841796875 0.54296875 0.2919921875 0.54931640625 0.2919921875 0.5537109375 0.298828125 0.55810546875 0.2998046875 0.556640625 0.302734375 0.5498046875 0.306640625 0.55126953125 0.310546875 0.556640625 0.3115234375 0.56201171875 0.318359375 0.56201171875 0.328125 0.5595703125 0.3349609375 0.5673828125 0.3408203125 0.58203125 0.3427734375 0.583984375 0.349609375 0.58447265625 0.35546875 0.58203125 0.4072265625 0.58642578125 0.4072265625 0.58740234375 0.4111328125 0.58642578125 0.4169921875 0.58447265625 0.4189453125 0.58544921875 0.4306640625 0.58447265625 0.4384765625 0.58447265625 0.4560546875 0.591796875 0.4580078125 0.59228515625 0.4521484375 0.59423828125 0.4462890625 0.59375 0.4375 0.5888671875 0.435546875 0.58837890625 0.4306640625 0.58642578125 0.4013671875 0.58642578125 0.392578125 0.5888671875 0.349609375 0.59375 0.349609375 0.595703125 0.357421875 0.6025390625 0.357421875 0.60693359375 0.36328125 0.61279296875 0.369140625 0.61669921875 0.3681640625 0.61865234375 0.3720703125 0.6181640625 0.392578125 0.62158203125 0.40234375 0.62451171875 0.4130859375 0.62890625 0.421875 0.62841796875 0.443359375 0.62841796875 0.4482421875 0.630859375 0.447265625 0.63330078125 0.443359375 0.6318359375 0.4384765625 0.6328125 0.4306640625 0.6318359375 0.427734375 0.63134765625 0.4169921875 0.63134765625 0.40625 0.62841796875 0.4013671875 0.62890625 0.39453125 0.63134765625 0.38671875 0.630859375 0.384765625 0.62939453125 0.3837890625 0.625 0.388671875 0.623046875 0.388671875 0.62255859375 0.380859375 0.62158203125 0.3740234375 0.625 0.3740234375 0.630859375 0.3759765625 0.6337890625 0.3779296875 0.63525390625 0.3818359375 0.63525390625 0.3857421875 0.63330078125 0.388671875 0.63330078125 0.390625 0.63671875 0.390625 0.640625 0.400390625 0.64306640625 0.4013671875 0.64501953125 0.400390625 0.64794921875 0.392578125 0.64404296875 0.390625 0.64404296875 0.388671875 0.64697265625 0.380859375 0.64794921875 0.3779296875 0.65234375 0.3779296875 0.65185546875 0.3837890625 0.65185546875 0.384765625 0.65576171875 0.3818359375 0.65576171875 0.38671875 0.6552734375 0.3935546875 0.6552734375 0.4072265625 0.65576171875 0.41015625 0.65625 0.41015625 0.6591796875 0.38671875 0.65966796875 0.3837890625 0.6640625 0.388671875 0.66552734375 0.392578125 0.666015625 0.40234375 0.666015625 0.4091796875
5 0.5322265625 0.396484375 0.54150390625 0.3818359375 0.5703125 0.384765625 0.57373046875 0.38671875 0.580078125 0.4013671875 0.58203125 0.4072265625 0.58349609375 0.4091796875 0.58642578125 0.41015625 0.58740234375 0.4150390625 0.58544921875 0.4189453125 0.583984375 0.4189453125 0.58544921875 0.427734375 0.583984375 0.4619140625 0.58251953125 0.466796875 0.57763671875 0.4658203125 0.57763671875 0.4560546875 0.576171875 0.4560546875 0.576171875 0.4677734375 0.57568359375 0.46875 0.57421875 0.46875 0.5703125 0.46875 0.56982421875 0.4677734375 0.56982421875 0.4560546875 0.5556640625 0.4560546875
5 0.49609375 0.3798828125 0.5 0.376953125 0.50390625 0.3759765625 0.513671875 0.3759765625 0.5244140625 0.3759765625 0.5390625 0.3798828125 0.54443359375 0.38671875 0.55078125 0.40625 0.5537109375 0.4052734375 0.5576171875 0.4072265625 0.55810546875 0.41015625 0.55810546875 0.4150390625 0.55712890625 0.4169921875 0.5537109375 0.4169921875 0.5576171875 0.4306640625 0.556640625 0.443359375 0.5576171875 0.455078125 0.5576171875 0.4658203125 0.5556640625 0.474609375 0.5546875 0.4755859375 0.5478515625 0.4755859375 0.546875 0.47265625 0.54638671875 0.466796875 0.54248046875 0.466796875 0.54150390625 0.466796875 0.54150390625 0.4765625 0.54052734375 0.48046875 0.53466796875 0.48046875 0.533203125 0.48046875 0.5322265625 0.4794921875 0.5322265625 0.46875 0.52734375 0.4677734375 0.5263671875 0.4658203125 0.51025390625 0.4638671875 0.50830078125 0.47265625 0.50634765625 0.4765625 0.50244140625 0.4765625 0.47998046875 0.4521484375 0.484375 0.3974609375 0.49169921875 0.3837890625
4 0.6953125 0.47265625 0.6904296875 0.466796875 0.68896484375 0.4716796875 0.68603515625 0.4677734375 0.6865234375 0.455078125 0.68896484375 0.4453125 0.68994140625 0.427734375 0.6865234375 0.4072265625 0.68408203125 0.3984375 0.68603515625 0.388671875 0.6826171875 0.3857421875 0.6806640625 0.3740234375 0.68505859375 0.365234375 0.68505859375 0.3359375 0.681640625 0.3251953125 0.681640625 0.3125 0.68505859375 0.3125 0.6884765625 0.3037109375 0.68603515625 0.3037109375 0.68310546875 0.3037109375 0.68212890625 0.2998046875 0.6826171875 0.2958984375 0.68505859375 0.294921875 0.6884765625 0.2783203125 0.68408203125 0.271484375 0.6826171875 0.2578125 0.68798828125 0.2509765625 0.68212890625 0.24609375 0.68017578125 0.23828125 0.68310546875 0.232421875 0.68310546875 0.2177734375 0.68994140625 0.205078125 0.69091796875 0.1962890625 0.68701171875 0.185546875 0.68896484375 0.181640625 0.703125 0.197265625 0.71044921875 0.2021484375 0.71923828125 0.2021484375 0.72412109375 0.2001953125 0.73095703125 0.1982421875 0.73291015625 0.1875 0.7353515625 0.1875 0.7353515625 0.193359375 0.734375 0.2060546875 0.7392578125 0.2158203125 0.74560546875 0.2080078125 0.75146484375 0.208984375 0.751953125 0.2138671875 0.76025390625 0.2177734375 0.7802734375 0.2138671875 0.78955078125 0.22265625 0.79345703125 0.224609375 0.79541015625 0.216796875 0.8017578125 0.220703125 0.802734375 0.224609375 0.80810546875 0.2392578125 0.81201171875 0.2470703125 0.81396484375 0.2509765625 0.81103515625 0.2587890625 0.8134765625 0.26171875 0.81396484375 0.26953125 0.81005859375 0.279296875 0.81298828125 0.291015625 0.8095703125 0.294921875 0.8076171875 0.3076171875 0.806640625 0.306640625 0.806640625 0.31640625 0.81005859375 0.3203125 0.81103515625 0.328125 0.80810546875 0.328125 0.80712890625 0.3251953125 0.8056640625 0.3291015625 0.8037109375 0.3388671875 0.79931640625 0.3427734375 0.79150390625 0.34375 0.7861328125 0.33984375 0.7841796875 0.3271484375 0.7890625 0.32421875 0.79052734375 0.3232421875 0.791015625 0.3154296875 0.78466796875 0.3046875 0.78466796875 0.2705078125 0.77685546875 0.2666015625 0.7724609375 0.26171875 0.76708984375 0.265625 0.755859375 0.263671875 0.7431640625 0.2626953125 0.740234375 0.2587890625 0.73583984375 0.26171875 0.7314453125 0.2607421875 0.720703125 0.2626953125 0.71533203125 0.2939453125 0.720703125 0.298828125 0.72998046875 0.3017578125 0.73193359375 0.306640625 0.72705078125 0.306640625 0.72900390625 0.31640625 0.72265625 0.3251953125 0.72607421875 0.3525390625 0.72314453125 0.3662109375 0.7236328125 0.3779296875 0.72509765625 0.3896484375 0.71533203125 0.40234375 0.71923828125 0.40625 0.71875 0.41015625 0.7138671875 0.4140625 0.71240234375 0.4140625 0.71044921875 0.4453125 0.7109375 0.458984375 0.71044921875 0.4755859375 0.703125 0.4765625
4 0.86474609375 0.0 0.86328125 0.0234375 0.86865234375 0.0361328125 0.87353515625 0.0458984375 0.880859375 0.0458984375 0.88720703125 0.029296875 0.89208984375 0.017578125 0.89306640625 0.0
4 0.005859375 0.41796875 0.00830078125 0.408203125 0.01220703125 0.4072265625 0.0126953125 0.3994140625 0.0126953125 0.390625 0.01025390625 0.390625 0.009765625 0.3857421875 0.01123046875 0.37890625 0.00830078125 0.373046875 0.01025390625 0.3642578125 0.0166015625 0.365234375 0.01513671875 0.357421875 0.01220703125 0.3505859375 0.01318359375 0.34765625 0.01611328125 0.3505859375 0.01904296875 0.35546875 0.021484375 0.3525390625 0.025390625 0.3505859375 0.0283203125 0.3525390625 0.029296875 0.357421875 0.02978515625 0.3662109375 0.033203125 0.37109375 0.03759765625 0.365234375 0.04150390625 0.365234375 0.044921875 0.3671875 0.04638671875 0.3740234375 0.05029296875 0.3740234375 0.0546875 0.3740234375 0.0546875 0.3779296875 0.05908203125 0.3828125 0.06005859375 0.3857421875 0.060546875 0.390625 0.0654296875 0.392578125 0.06494140625 0.396484375 0.060546875 0.3994140625 0.06005859375 0.4033203125 0.0595703125 0.4091796875 0.05859375 0.4140625 0.06103515625 0.41796875 0.06298828125 0.423828125 0.06298828125 0.4365234375 0.0615234375 0.4404296875 0.0517578125 0.4599609375 0.00732421875 0.4482421875 0.01904296875 0.43359375 0.01513671875 0.4296875 0.01318359375 0.4248046875 0.009765625 0.423828125
