0 0.0 0.4833984375 0.48779296875 0.3232421875 0.57373046875 0.3193359375 0.67236328125 0.3125 0.99951171875 0.40625 0.99951171875 0.9990234375 0.0 0.9990234375
1 0.8115234375 0.57421875 0.7607421875 0.544921875 0.7216796875 0.517578125 0.6728515625 0.48828125 0.64794921875 0.46875 0.615234375 0.4423828125 0.5888671875 0.4189453125 0.5859375 0.4150390625 0.58349609375 0.4130859375 0.58447265625 0.4052734375 0.59912109375 0.3984375 0.63720703125 0.40625 0.6611328125 0.40625 0.69189453125 0.4130859375 0.99951171875 0.4462890625 0.99951171875 0.7060546875 0.97998046875 0.693359375 0.97119140625 0.6875 0.9609375 0.681640625 0.93603515625 0.6298828125 0.8271484375 0.5771484375
1 0.0 0.5869140625 0.11083984375 0.5458984375 0.1611328125 0.52734375 0.2158203125 0.5068359375 0.294921875 0.46875 0.34423828125 0.451171875 0.34912109375 0.4248046875 0.31591796875 0.4013671875 0.0 0.48046875
2 0.541015625 0.3271484375 0.5478515625 0.38671875 0.56396484375 0.388671875 0.57763671875 0.388671875 0.57958984375 0.3818359375 0.58056640625 0.3388671875 0.568359375 0.32421875
2 0.99951171875 0.0 0.99951171875 0.2421875 0.79345703125 0.23828125 0.794921875 0.212890625 0.787109375 0.140625 0.78955078125 0.1142578125 0.787109375 0.10546875 0.78125 0.0908203125 0.783203125 0.0615234375 0.798828125 0.037109375 0.80908203125 0.03125 0.81005859375 0.021484375 0.8154296875 0.01953125 0.8173828125 0.017578125 0.818359375 0.0126953125 0.8251953125 0.0126953125 0.84912109375 0.0
4 0.0 0.513671875 0.119140625 0.4892578125 0.138671875 0.4833984375 0.14306640625 0.474609375 0.14697265625 0.46875 0.23095703125 0.458984375 0.29052734375 0.4482421875 0.29541015625 0.4501953125 0.31982421875 0.4462890625 0.3193359375 0.4560546875 0.3251953125 0.4560546875 0.33642578125 0.451171875 0.35400390625 0.458984375 0.38525390625 0.4619140625 0.39794921875 0.4658203125 0.4033203125 0.4619140625 0.40771484375 0.4423828125 0.41650390625 0.4423828125 0.4248046875 0.4423828125 0.43310546875 0.443359375 0.4384765625 0.4462890625 0.4462890625 0.4423828125 0.44873046875 0.4384765625 0.447265625 0.4296875 0.447265625 0.421875 0.4609375 0.4208984375 0.4677734375 0.41796875 0.47216796875 0.4169921875 0.4765625 0.4169921875 0.47216796875 0.404296875 0.4873046875 0.4072265625 0.49609375 0.4091796875 0.501953125 0.404296875 0.50830078125 0.3984375 0.513671875 0.4052734375 0.52197265625 0.40234375 0.5283203125 0.4013671875 0.529296875 0.3935546875 0.533203125 0.392578125 0.5341796875 0.39453125 0.54150390625 0.39453125 0.54296875 0.392578125 0.54296875 0.3896484375 0.54736328125 0.3896484375 0.5517578125 0.3798828125 0.55078125 0.3720703125 0.548828125 0.3681640625 0.55078125 0.359375 0.552734375 0.3603515625 0.56103515625 0.3603515625 0.56298828125 0.3564453125 0.56298828125 0.3525390625 0.56494140625 0.3515625 0.568359375 0.3515625 0.572265625 0.349609375 0.576171875 0.349609375 0.5771484375 0.3564453125 0.5771484375 0.3818359375 0.57421875 0.3857421875 0.57373046875 0.39453125 0.5771484375 0.40234375 0.58251953125 0.4091796875 0.58984375 0.4150390625 0.59765625 0.4169921875 0.60693359375 0.4169921875 0.61279296875 0.4130859375 0.6181640625 0.4130859375 0.61669921875 0.4189453125 0.6162109375 0.427734375 0.6181640625 0.435546875 0.62841796875 0.4345703125 0.63671875 0.431640625 0.6494140625 0.431640625 0.6513671875 0.427734375 0.65234375 0.4248046875 0.65087890625 0.4208984375 0.64990234375 0.4150390625 0.64794921875 0.400390625 0.64697265625 0.38671875 0.6533203125 0.390625 0.6591796875 0.392578125 0.66259765625 0.3896484375 0.66162109375 0.3759765625 0.66552734375 0.373046875 0.69091796875 0.3701171875 0.68994140625 0.373046875 0.68994140625 0.3818359375 0.69189453125 0.388671875 0.6904296875 0.39453125 0.69189453125 0.400390625 0.71142578125 0.3935546875 0.712890625 0.3935546875 0.71484375 0.3896484375 0.7177734375 0.392578125 0.76220703125 0.3798828125 0.7763671875 0.3740234375 0.7841796875 0.3701171875 0.798828125 0.3701171875 0.798828125 0.3818359375 0.8046875 0.3837890625 0.8583984375 0.421875 0.99951171875 0.3662109375 0.99951171875 0.2119140625 0.99365234375 0.1982421875 0.97998046875 0.19140625 0.97314453125 0.1953125 0.9677734375 0.2041015625 0.96240234375 0.2060546875 0.95654296875 0.2001953125 0.94873046875 0.1962890625 0.93896484375 0.197265625 0.93505859375 0.197265625 0.9287109375 0.197265625 0.92578125 0.201171875 0.92138671875 0.2001953125 0.91650390625 0.2001953125 0.9091796875 0.2041015625 0.9013671875 0.1982421875 0.89892578125 0.205078125 0.89501953125 0.2041015625 0.89306640625 0.1962890625 0.88525390625 0.193359375 0.873046875 0.19140625 0.8583984375 0.19140625 0.8203125 0.232421875 0.81201171875 0.2158203125 0.80322265625 0.2099609375 0.796875 0.205078125 0.794921875 0.1015625 0.79248046875 0.0986328125 0.78857421875 0.08984375 0.787109375 0.08203125 0.796875 0.064453125 0.82421875 0.0234375 0.83349609375 0.0 0.0 0.0
5 0.56396484375 0.380859375 0.5693359375 0.380859375 0.5703125 0.3857421875 0.56982421875 0.388671875 0.5693359375 0.3896484375 0.56298828125 0.3896484375 0.5615234375 0.388671875 0.5615234375 0.384765625
5 0.5166015625 0.3779296875 0.52099609375 0.3779296875 0.52294921875 0.380859375 0.52392578125 0.3857421875 0.5244140625 0.3896484375 0.52392578125 0.3935546875 0.52392578125 0.40234375 0.52001953125 0.40234375 0.52001953125 0.3974609375 0.5166015625 0.3974609375
5 0.49609375 0.3837890625 0.49951171875 0.37890625 0.50341796875 0.3759765625 0.50927734375 0.3759765625 0.5107421875 0.37890625 0.51171875 0.3837890625 0.513671875 0.3896484375 0.5126953125 0.39453125 0.5126953125 0.400390625 0.5126953125 0.4052734375 0.51171875 0.4072265625 0.51025390625 0.408203125 0.51025390625 0.4033203125 0.5009765625 0.4033203125
5 0.486328125 0.3798828125 0.48828125 0.376953125 0.49609375 0.3759765625 0.50048828125 0.376953125 0.50244140625 0.388671875 0.50244140625 0.396484375 0.50341796875 0.408203125 0.501953125 0.4111328125 0.49853515625 0.4111328125 0.49560546875 0.4091796875
5 0.48583984375 0.3818359375 0.49169921875 0.380859375 0.494140625 0.3837890625 0.4951171875 0.390625 0.49658203125 0.390625 0.49658203125 0.3935546875 0.49609375 0.3955078125 0.49755859375 0.3994140625 0.498046875 0.404296875 0.498046875 0.41015625 0.49658203125 0.4130859375 0.49365234375 0.4140625 0.48974609375 0.41015625 0.4833984375 0.3974609375 0.4833984375 0.3837890625
5 0.4736328125 0.37890625 0.47705078125 0.3779296875 0.48583984375 0.3779296875 0.4873046875 0.3828125 0.48779296875 0.3896484375 0.4892578125 0.3916015625 0.4892578125 0.3935546875 0.48876953125 0.39453125 0.48974609375 0.40234375 0.48974609375 0.4150390625 0.4892578125 0.41796875 0.4873046875 0.41796875 0.48388671875 0.41796875 0.48388671875 0.4140625 0.47509765625 0.4140625 0.47265625 0.40625 0.4716796875 0.396484375 0.47119140625 0.3837890625
5 0.43896484375 0.376953125 0.453125 0.3779296875 0.45703125 0.388671875 0.45947265625 0.3974609375 0.45947265625 0.4169921875 0.45947265625 0.4306640625 0.45849609375 0.43359375 0.455078125 0.43359375 0.45263671875 0.4345703125 0.4501953125 0.4345703125 0.44921875 0.43359375 0.44921875 0.427734375 0.4453125 0.427734375 0.44287109375 0.427734375 0.44091796875 0.421875 0.4404296875 0.41015625 0.43896484375 0.4052734375
5 0.390625 0.365234375 0.40380859375 0.3662109375 0.40771484375 0.376953125 0.41162109375 0.390625 0.41455078125 0.3935546875 0.416015625 0.400390625 0.41552734375 0.4052734375 0.41259765625 0.4052734375 0.4140625 0.42578125 0.41455078125 0.43359375 0.41455078125 0.4541015625 0.412109375 0.4580078125 0.4072265625 0.4580078125 0.404296875 0.4560546875 0.404296875 0.4501953125 0.3974609375 0.4501953125 0.39599609375 0.447265625 0.3935546875 0.439453125 0.3916015625 0.4091796875 0.390625 0.388671875 0.390625 0.376953125
5 0.22705078125 0.353515625 0.25244140625 0.35546875 0.26806640625 0.359375 0.2763671875 0.365234375 0.28515625 0.3837890625 0.2890625 0.3984375 0.29296875 0.4169921875 0.294921875 0.4267578125 0.29638671875 0.455078125 0.296875 0.4638671875 0.29736328125 0.4912109375 0.296875 0.51171875 0.294921875 0.521484375 0.29248046875 0.5244140625 0.283203125 0.5244140625 0.2822265625 0.521484375 0.2822265625 0.5126953125 0.27734375 0.513671875 0.27197265625 0.517578125 0.26806640625 0.52734375 0.265625 0.5380859375 0.263671875 0.5419921875 0.25830078125 0.5439453125 0.25341796875 0.5439453125 0.25146484375 0.5380859375 0.25146484375 0.5283203125 0.23388671875 0.52734375 0.20361328125 0.529296875 0.17578125 0.5283203125 0.17431640625 0.5283203125 0.1728515625 0.5361328125 0.17138671875 0.541015625 0.16845703125 0.5419921875 0.1640625 0.5439453125 0.16015625 0.541015625 0.15771484375 0.5341796875 0.15576171875 0.525390625 0.15576171875 0.5009765625 0.154296875 0.484375 0.15576171875 0.4580078125 0.1591796875 0.4384765625 0.16259765625 0.427734375 0.169921875 0.4189453125 0.171875 0.4140625 0.169921875 0.4111328125 0.17041015625 0.4013671875 0.1728515625 0.3984375 0.17822265625 0.3984375 0.1845703125 0.3818359375 0.1943359375 0.3642578125 0.20263671875 0.3564453125 0.216796875 0.35546875
5 0.58544921875 0.384765625 0.587890625 0.384765625 0.58837890625 0.3798828125 0.59228515625 0.3779296875 0.59228515625 0.380859375 0.591796875 0.3837890625 0.5927734375 0.3857421875 0.5927734375 0.392578125 0.59228515625 0.396484375 0.591796875 0.40234375 0.58984375 0.404296875 0.5888671875 0.40625 0.58837890625 0.40625 0.58837890625 0.41015625 0.587890625 0.4111328125 0.58544921875 0.4111328125 0.58447265625 0.41015625 0.58447265625 0.396484375 0.58447265625 0.392578125 0.58349609375 0.392578125 0.58349609375 0.38671875 0.583984375 0.3857421875
4 0.82421875 0.0 0.8251953125 0.025390625 0.8232421875 0.0732421875 0.8203125 0.111328125 0.81787109375 0.134765625 0.8173828125 0.1767578125 0.8154296875 0.2138671875 0.81396484375 0.2392578125 0.81396484375 0.2470703125 0.8115234375 0.263671875 0.81005859375 0.287109375 0.80810546875 0.314453125 0.8056640625 0.3408203125 0.8037109375 0.369140625 0.8037109375 0.390625 0.7998046875 0.46875 0.79541015625 0.4716796875 0.79052734375 0.470703125 0.78759765625 0.466796875 0.78271484375 0.4677734375 0.7783203125 0.4765625 0.7744140625 0.4833984375 0.77392578125 0.4873046875 0.77587890625 0.48828125 0.779296875 0.4873046875 0.7783203125 0.4970703125 0.77734375 0.5087890625 0.7724609375 0.52734375 0.77392578125 0.5361328125 0.77490234375 0.5400390625 0.7802734375 0.5419921875 0.78857421875 0.5439453125 0.798828125 0.5400390625 0.8056640625 0.53125 0.8583984375 0.427734375 0.8564453125 0.4091796875 0.85693359375 0.3837890625 0.8564453125 0.3662109375 0.8564453125 0.3525390625 0.85693359375 0.32421875 0.85791015625 0.2607421875 0.85791015625 0.22265625 0.85888671875 0.177734375 0.85888671875 0.1591796875 0.85888671875 0.107421875 0.8603515625 0.0625 0.86474609375 0.041015625 0.86669921875 0.021484375 0.869140625 0.0
5 0.99951171875 0.3330078125 0.99951171875 0.6591796875 0.96142578125 0.6611328125 0.95849609375 0.6748046875 0.95458984375 0.68359375 0.921875 0.6796875 0.90625 0.6728515625 0.9013671875 0.6640625 0.89404296875 0.6396484375 0.89306640625 0.6240234375 0.84375 0.59765625 0.83837890625 0.611328125 0.833984375 0.6142578125 0.81787109375 0.609375 0.8134765625 0.6064453125 0.81005859375 0.599609375 0.80517578125 0.578125 0.802734375 0.5546875 0.8037109375 0.525390625 0.8046875 0.5166015625 0.80517578125 0.5009765625 0.806640625 0.4873046875 0.8115234375 0.470703125 0.818359375 0.458984375 0.83349609375 0.4482421875 0.83740234375 0.4462890625 0.82763671875 0.443359375 0.82568359375 0.435546875 0.8271484375 0.427734375 0.83154296875 0.421875 0.83642578125 0.41796875 0.84423828125 0.4189453125 0.84619140625 0.4296875 0.8623046875 0.388671875 0.87353515625 0.3681640625 0.888671875 0.35546875 0.9111328125 0.34765625 0.93310546875 0.3427734375 0.955078125 0.3388671875 0.9853515625 0.3369140625 0.99658203125 0.3359375
