0 0.0 0.81640625 0.4228515625 0.4453125 0.48974609375 0.333984375 0.5361328125 0.33203125 0.99951171875 0.919921875 0.99951171875 0.9990234375 0.0 0.9990234375
1 0.603515625 0.4921875 0.7421875 0.66015625 0.99951171875 0.9521484375 0.99951171875 0.4208984375 0.783203125 0.4189453125 0.6669921875 0.4140625 0.5927734375 0.4375
2 0.5439453125 0.1240234375 0.54541015625 0.1171875 0.55126953125 0.07421875 0.56103515625 0.02734375 0.56494140625 0.03515625 0.56640625 0.0322265625 0.57080078125 0.0 0.99951171875 0.0 0.99951171875 0.443359375 0.78515625 0.4638671875 0.73095703125 0.4521484375 0.712890625 0.44921875 0.5458984375 0.34765625 0.5263671875 0.291015625 0.537109375 0.171875 0.537109375 0.16796875 0.5380859375 0.1650390625 0.5380859375 0.1552734375 0.5390625 0.1337890625 0.5419921875 0.1298828125
2 0.0 0.0 0.45166015625 0.0 0.45068359375 0.00390625 0.44970703125 0.0087890625 0.44873046875 0.009765625 0.44970703125 0.0341796875 0.45068359375 0.0859375 0.4619140625 0.0986328125 0.474609375 0.0869140625 0.48828125 0.0986328125 0.48828125 0.115234375 0.4951171875 0.1279296875 0.49658203125 0.126953125 0.498046875 0.12890625 0.4990234375 0.1337890625 0.45263671875 0.134765625 0.453125 0.185546875 0.453125 0.2158203125 0.45361328125 0.2490234375 0.45361328125 0.26953125 0.45361328125 0.2744140625 0.451171875 0.2744140625 0.4501953125 0.275390625 0.45361328125 0.2939453125 0.46337890625 0.33203125 0.46435546875 0.3486328125 0.45654296875 0.365234375 0.455078125 0.41015625 0.1201171875 0.64453125 0.0 0.6396484375
1 0.4482421875 0.3740234375 0.45751953125 0.3740234375 0.46435546875 0.3486328125 0.4501953125 0.3486328125 0.44873046875 0.353515625 0.4482421875 0.359375
4 0.45654296875 0.1318359375 0.45849609375 0.1318359375 0.45947265625 0.1298828125 0.4599609375 0.126953125 0.4619140625 0.1259765625 0.46533203125 0.1259765625 0.46875 0.1259765625 0.4716796875 0.126953125 0.4755859375 0.1298828125 0.47705078125 0.1318359375 0.482421875 0.134765625 0.48486328125 0.1337890625 0.4873046875 0.130859375 0.48876953125 0.1298828125 0.49072265625 0.1279296875 0.4931640625 0.1298828125 0.49365234375 0.1337890625 0.49462890625 0.134765625 0.49609375 0.130859375 0.498046875 0.1298828125 0.49853515625 0.1318359375 0.5 0.1357421875 0.501953125 0.140625 0.5048828125 0.14453125 0.50732421875 0.142578125 0.509765625 0.1416015625 0.51171875 0.142578125 0.51220703125 0.1494140625 0.5166015625 0.14453125 0.5185546875 0.150390625 0.521484375 0.1513671875 0.5244140625 0.1494140625 0.5244140625 0.154296875 0.52587890625 0.1572265625 0.52978515625 0.1552734375 0.52880859375 0.16015625 0.533203125 0.1640625 0.5361328125 0.16796875 0.53759765625 0.1767578125 0.53759765625 0.2021484375 0.5380859375 0.25390625 0.5439453125 0.25390625 0.5439453125 0.265625 0.53662109375 0.265625 0.537109375 0.2861328125 0.52978515625 0.3076171875 0.53564453125 0.314453125 0.54345703125 0.345703125 0.54541015625 0.353515625 0.53759765625 0.3818359375 0.53369140625 0.37890625 0.5263671875 0.3544921875 0.52734375 0.34765625 0.52734375 0.33984375 0.52587890625 0.337890625 0.5244140625 0.3408203125 0.5126953125 0.3447265625 0.4921875 0.34375 0.4638671875 0.3623046875 0.45458984375 0.3203125 0.4521484375 0.197265625 0.45263671875 0.1640625 0.45263671875 0.138671875 0.45263671875 0.1337890625 0.45361328125 0.1328125 0.4541015625 0.1376953125 0.455078125 0.134765625 0.45654296875 0.134765625
5 0.46337890625 0.3583984375 0.46826171875 0.3583984375 0.47119140625 0.359375 0.47216796875 0.365234375 0.4736328125 0.369140625 0.47412109375 0.3759765625 0.47412109375 0.3818359375 0.47265625 0.3876953125 0.4716796875 0.3896484375 0.47021484375 0.390625 0.46875 0.3916015625 0.4677734375 0.3916015625 0.46533203125 0.388671875 0.46044921875 0.384765625 0.45849609375 0.3798828125 0.45751953125 0.373046875 0.4580078125 0.3681640625 0.458984375 0.3623046875 0.458984375 0.3603515625 0.45947265625 0.3583984375 0.4609375 0.357421875
4 0.52587890625 0.3134765625 0.525390625 0.3193359375 0.52587890625 0.3232421875 0.525390625 0.3291015625 0.525390625 0.3349609375 0.52587890625 0.3447265625 0.525390625 0.3505859375 0.52392578125 0.349609375 0.5244140625 0.34375 0.5244140625 0.3349609375 0.52392578125 0.330078125 0.52392578125 0.32421875 0.5234375 0.3173828125 0.5244140625 0.310546875 0.52490234375 0.3017578125 0.5244140625 0.2939453125 0.5283203125 0.2998046875 0.52978515625 0.3076171875 0.529296875 0.3115234375
5 0.4794921875 0.3359375 0.48095703125 0.33203125 0.4833984375 0.33203125 0.48779296875 0.33203125 0.4892578125 0.3330078125 0.490234375 0.3359375 0.49169921875 0.33984375 0.4921875 0.341796875 0.49267578125 0.3447265625 0.4931640625 0.345703125 0.4931640625 0.3486328125 0.49267578125 0.349609375 0.49169921875 0.3486328125 0.48828125 0.345703125 0.486328125 0.3447265625 0.48291015625 0.34375 0.482421875 0.34375 0.48046875 0.3427734375 0.47802734375 0.341796875 0.47802734375 0.33984375
5 0.4833984375 0.3369140625 0.48828125 0.3369140625 0.48974609375 0.337890625 0.49072265625 0.3427734375 0.49169921875 0.3447265625 0.4921875 0.34765625 0.4921875 0.3486328125 0.49267578125 0.3525390625 0.49267578125 0.3544921875 0.4921875 0.357421875 0.49072265625 0.357421875 0.490234375 0.357421875 0.48974609375 0.3564453125 0.48876953125 0.3564453125 0.4873046875 0.3544921875 0.484375 0.349609375 0.48388671875 0.3466796875 0.4814453125 0.341796875 0.48095703125 0.33984375 0.48046875 0.3369140625
5 0.47998046875 0.3369140625 0.48291015625 0.3369140625 0.48388671875 0.33984375 0.48486328125 0.3427734375 0.486328125 0.3447265625 0.48681640625 0.34765625 0.4873046875 0.3525390625 0.48779296875 0.35546875 0.48779296875 0.3583984375 0.48681640625 0.359375 0.48681640625 0.3603515625 0.48681640625 0.3623046875 0.48486328125 0.3623046875 0.484375 0.3603515625 0.4833984375 0.359375 0.48291015625 0.3583984375 0.48193359375 0.357421875 0.4814453125 0.3564453125 0.48046875 0.3544921875 0.4775390625 0.3505859375 0.4765625 0.3486328125 0.47509765625 0.345703125 0.474609375 0.34375 0.474609375 0.341796875 0.47509765625 0.33984375 0.4755859375 0.3369140625 0.4775390625 0.3369140625
5 0.4736328125 0.3427734375 0.478515625 0.3427734375 0.48046875 0.3427734375 0.48095703125 0.345703125 0.48193359375 0.34765625 0.482421875 0.349609375 0.482421875 0.3525390625 0.48291015625 0.35546875 0.48291015625 0.357421875 0.48291015625 0.359375 0.48291015625 0.3603515625 0.48291015625 0.361328125 0.482421875 0.3623046875 0.482421875 0.3642578125 0.482421875 0.365234375 0.48193359375 0.3662109375 0.4814453125 0.3662109375 0.47998046875 0.3623046875 0.4794921875 0.3603515625 0.47802734375 0.357421875 0.474609375 0.353515625 0.47119140625 0.34765625 0.47021484375 0.345703125 0.47021484375 0.3447265625 0.47119140625 0.34375 0.4716796875 0.3427734375
5 0.4697265625 0.345703125 0.4775390625 0.345703125 0.47802734375 0.3486328125 0.478515625 0.349609375 0.47998046875 0.3505859375 0.47998046875 0.353515625 0.48046875 0.3544921875 0.48095703125 0.35546875 0.48095703125 0.3564453125 0.4814453125 0.357421875 0.4814453125 0.359375 0.4814453125 0.3623046875 0.4814453125 0.3642578125 0.4814453125 0.365234375 0.4814453125 0.3671875 0.4814453125 0.369140625 0.48095703125 0.3701171875 0.48046875 0.3701171875 0.4697265625 0.3701171875 0.466796875 0.3603515625 0.46533203125 0.359375 0.46484375 0.3564453125 0.46533203125 0.3505859375 0.4658203125 0.34765625 0.466796875 0.3466796875 0.46826171875 0.345703125 0.46875 0.345703125
1 0.0 0.861328125 0.34130859375 0.544921875 0.39111328125 0.4951171875 0.39501953125 0.4892578125 0.451171875 0.4404296875 0.47705078125 0.3955078125 0.4794921875 0.388671875 0.44873046875 0.384765625 0.44873046875 0.3916015625 0.4501953125 0.3955078125 0.44970703125 0.40234375 0.4462890625 0.408203125 0.44091796875 0.4130859375 0.42822265625 0.423828125 0.32470703125 0.4658203125 0.26513671875 0.4990234375 0.13330078125 0.4921875 0.123046875 0.4921875 0.123046875 0.5048828125 0.06494140625 0.5234375 0.0 0.5283203125
5 0.9453125 0.48828125 0.9501953125 0.4853515625 0.9599609375 0.4755859375 0.990234375 0.435546875 0.99951171875 0.419921875 0.99951171875 0.7900390625 0.99853515625 0.8056640625 0.98779296875 0.8125 0.97705078125 0.810546875 0.9658203125 0.8076171875 0.95849609375 0.7998046875 0.9482421875 0.7744140625 0.9462890625 0.763671875 0.9384765625 0.701171875 0.93798828125 0.697265625 0.93115234375 0.67578125 0.9296875 0.666015625 0.92724609375 0.6064453125 0.92724609375 0.5966796875 0.92919921875 0.5615234375 0.9306640625 0.548828125 0.93310546875 0.5380859375 0.93408203125 0.5185546875 0.9365234375 0.5087890625 0.9384765625 0.498046875 0.94091796875 0.4921875
5 0.5546875 0.369140625 0.5751953125 0.3671875 0.57958984375 0.3779296875 0.58154296875 0.380859375 0.58251953125 0.3837890625 0.58154296875 0.3876953125 0.55322265625 0.40625 0.5517578125 0.41015625 0.55029296875 0.4140625 0.55029296875 0.41796875 0.5498046875 0.4208984375 0.548828125 0.4208984375 0.54833984375 0.419921875 0.54833984375 0.4150390625 0.54833984375 0.41015625 0.5478515625 0.40625 0.5478515625 0.40234375 0.5478515625 0.396484375 0.54833984375 0.392578125 0.548828125 0.3896484375 0.5498046875 0.3876953125 0.55029296875 0.3857421875 0.55029296875 0.3837890625 0.55029296875 0.3818359375 0.55126953125 0.3818359375 0.5517578125 0.3828125 0.55224609375 0.384765625 0.552734375 0.3798828125 0.552734375 0.376953125 0.552734375 0.3740234375 0.552734375 0.3720703125 0.55322265625 0.3701171875
5 0.55859375 0.3759765625 0.57958984375 0.373046875 0.5810546875 0.37890625 0.58203125 0.3828125 0.5849609375 0.388671875 0.5859375 0.392578125 0.58740234375 0.396484375 0.5908203125 0.4013671875 0.58935546875 0.4150390625 0.580078125 0.416015625 0.56396484375 0.4248046875 0.55810546875 0.42578125 0.55810546875 0.4306640625 0.5556640625 0.431640625 0.5537109375 0.431640625 0.55224609375 0.4306640625 0.55224609375 0.4296875 0.55224609375 0.4287109375 0.55126953125 0.427734375 0.55029296875 0.4248046875 0.55029296875 0.419921875 0.55029296875 0.4150390625 0.55029296875 0.40625 0.55029296875 0.40234375 0.55126953125 0.400390625 0.5517578125 0.396484375 0.55224609375 0.392578125 0.552734375 0.3896484375 0.5537109375 0.388671875 0.5546875 0.3837890625 0.55517578125 0.380859375 0.5556640625 0.376953125 0.55615234375 0.3759765625
5 0.60546875 0.359375 0.62109375 0.357421875 0.63232421875 0.3564453125 0.64501953125 0.357421875 0.65380859375 0.359375 0.65576171875 0.361328125 0.66259765625 0.3798828125 0.66552734375 0.390625 0.6708984375 0.3994140625 0.671875 0.412109375 0.67333984375 0.4482421875 0.67431640625 0.4599609375 0.67431640625 0.474609375 0.673828125 0.4814453125 0.67138671875 0.4833984375 0.66796875 0.4833984375 0.66552734375 0.4814453125 0.6640625 0.478515625 0.6630859375 0.4736328125 0.66259765625 0.4677734375 0.6591796875 0.4677734375 0.65869140625 0.4716796875 0.6572265625 0.474609375 0.65380859375 0.474609375 0.65087890625 0.4736328125 0.64990234375 0.4697265625 0.64990234375 0.4677734375 0.62158203125 0.4697265625 0.61474609375 0.47265625 0.61328125 0.4755859375 0.607421875 0.4755859375 0.607421875 0.484375 0.607421875 0.490234375 0.60595703125 0.4931640625 0.59912109375 0.4921875 0.59765625 0.4892578125 0.59716796875 0.4853515625 0.5966796875 0.4833984375 0.59423828125 0.4853515625 0.5908203125 0.484375 0.58984375 0.48046875 0.58935546875 0.4775390625 0.58837890625 0.4697265625 0.587890625 0.4609375 0.58740234375 0.4521484375 0.58740234375 0.443359375 0.587890625 0.435546875 0.58740234375 0.43359375 0.5869140625 0.4306640625 0.5869140625 0.427734375 0.58740234375 0.423828125 0.58837890625 0.4169921875 0.58935546875 0.416015625 0.59033203125 0.4140625 0.58837890625 0.4130859375 0.587890625 0.4091796875 0.5888671875 0.4072265625 0.59033203125 0.4033203125 0.591796875 0.400390625 0.5927734375 0.3935546875 0.59326171875 0.390625 0.59423828125 0.3857421875 0.59521484375 0.3818359375 0.5966796875 0.37890625 0.59912109375 0.3720703125 0.6005859375 0.3671875 0.6015625 0.3623046875
5 0.5478515625 0.3779296875 0.5498046875 0.3720703125 0.552734375 0.3662109375 0.5576171875 0.365234375 0.56494140625 0.3642578125 0.5654296875 0.365234375 0.5654296875 0.3671875 0.564453125 0.3671875 0.55615234375 0.369140625 0.55322265625 0.3701171875 0.55224609375 0.376953125 0.55029296875 0.380859375 0.54931640625 0.3857421875 0.54833984375 0.390625 0.5478515625 0.39453125 0.5478515625 0.3994140625 0.54736328125 0.4033203125 0.54736328125 0.4072265625 0.5458984375 0.408203125 0.54541015625 0.4072265625 0.544921875 0.4052734375 0.544921875 0.4013671875 0.54541015625 0.396484375 0.5458984375 0.392578125 0.54736328125 0.3896484375 0.5458984375 0.3896484375 0.5458984375 0.384765625 0.54736328125 0.3837890625 0.54833984375 0.3837890625 0.5478515625 0.3818359375
