0 0.0 0.798828125 0.02197265625 0.607421875 0.0 0.5234375 0.0 0.4228515625 0.36962890625 0.369140625 0.50537109375 0.3603515625 0.9189453125 0.44140625 0.99951171875 0.486328125 0.99951171875 0.9990234375 0.0 0.9990234375
1 0.99951171875 0.6875 0.85595703125 0.59765625 0.76708984375 0.541015625 0.74658203125 0.52734375 0.7431640625 0.521484375 0.7421875 0.5166015625 0.74658203125 0.5087890625 0.751953125 0.5048828125 0.77099609375 0.4990234375 0.80078125 0.4921875 0.8212890625 0.48828125 0.919921875 0.4765625 0.99951171875 0.4677734375
1 0.9248046875 0.4521484375 0.88134765625 0.4541015625 0.79345703125 0.4599609375 0.72509765625 0.4619140625 0.662109375 0.4619140625 0.64306640625 0.4599609375 0.5576171875 0.369140625 0.68798828125 0.3310546875 0.98828125 0.310546875 0.966796875 0.455078125
1 0.43408203125 0.533203125 0.4453125 0.5087890625 0.45654296875 0.4873046875 0.47412109375 0.447265625 0.4755859375 0.439453125 0.47998046875 0.4189453125 0.4814453125 0.4189453125 0.4853515625 0.4111328125 0.47412109375 0.4013671875 0.44873046875 0.40234375 0.4345703125 0.41015625 0.408203125 0.435546875 0.3896484375 0.455078125 0.384765625 0.4580078125 0.373046875 0.470703125 0.35791015625 0.4873046875 0.33740234375 0.513671875 0.32958984375 0.513671875 0.3056640625 0.5341796875 0.30126953125 0.5517578125 0.30078125 0.5546875 0.3916015625 0.544921875 0.42431640625 0.5380859375 0.4306640625 0.5361328125
1 0.0 0.5234375 0.044921875 0.5126953125 0.158203125 0.4765625 0.22802734375 0.4560546875 0.2724609375 0.4423828125 0.34228515625 0.4228515625 0.3544921875 0.4189453125 0.38916015625 0.4072265625 0.390625 0.408203125 0.4072265625 0.404296875 0.4287109375 0.4013671875 0.4267578125 0.3974609375 0.39599609375 0.3896484375 0.35888671875 0.404296875 0.33203125 0.408203125 0.3017578125 0.4150390625 0.26220703125 0.4248046875 0.22802734375 0.435546875 0.216796875 0.4375 0.205078125 0.4404296875 0.16162109375 0.44921875 0.1435546875 0.45703125 0.12109375 0.4697265625 0.08154296875 0.48046875 0.0 0.49609375
2 0.99951171875 0.0 0.6103515625 0.0 0.4521484375 0.2919921875 0.43603515625 0.26953125 0.43603515625 0.2666015625 0.43798828125 0.265625 0.43701171875 0.2626953125 0.42236328125 0.2392578125 0.421875 0.234375 0.42138671875 0.2333984375 0.42236328125 0.2294921875 0.421875 0.224609375 0.41748046875 0.2177734375 0.41650390625 0.2119140625 0.40966796875 0.2001953125 0.40966796875 0.1650390625 0.39892578125 0.1396484375 0.37353515625 0.1435546875 0.37109375 0.1435546875 0.373046875 0.1396484375 0.373046875 0.1318359375 0.36962890625 0.1279296875 0.3681640625 0.1298828125 0.3681640625 0.1259765625 0.3662109375 0.1240234375 0.365234375 0.1240234375 0.365234375 0.1220703125 0.3583984375 0.1220703125 0.3564453125 0.1240234375 0.35498046875 0.0 0.0 0.0 0.0 0.44140625 0.29541015625 0.4052734375 0.3173828125 0.4013671875 0.31787109375 0.4091796875 0.3408203125 0.4072265625 0.3955078125 0.400390625 0.41357421875 0.400390625 0.416015625 0.396484375 0.4423828125 0.3974609375 0.61865234375 0.4013671875 0.677734375 0.41796875 0.71875 0.4267578125 0.765625 0.4384765625 0.8134765625 0.439453125 0.923828125 0.4267578125 0.99951171875 0.4794921875
5 0.25927734375 0.3916015625 0.2626953125 0.3876953125 0.265625 0.3857421875 0.2685546875 0.3857421875 0.27587890625 0.3876953125 0.2802734375 0.3916015625 0.28076171875 0.4150390625 0.2763671875 0.41796875 0.27197265625 0.4189453125 0.26513671875 0.41015625
5 0.24853515625 0.3935546875 0.25048828125 0.390625 0.26220703125 0.390625 0.265625 0.392578125 0.267578125 0.3974609375 0.26953125 0.400390625 0.2705078125 0.40234375 0.27197265625 0.40625 0.2724609375 0.4091796875 0.2724609375 0.416015625 0.27197265625 0.419921875 0.2705078125 0.421875 0.26611328125 0.423828125 0.26416015625 0.42578125 0.26318359375 0.4267578125 0.26171875 0.4267578125 0.259765625 0.4267578125 0.255859375 0.423828125 0.25048828125 0.4208984375
5 0.43896484375 0.392578125 0.44189453125 0.3798828125 0.4423828125 0.3798828125 0.44287109375 0.373046875 0.4453125 0.3701171875 0.4521484375 0.3701171875 0.45703125 0.380859375 0.45751953125 0.392578125
5 0.130859375 0.4033203125 0.13623046875 0.390625 0.140625 0.3857421875 0.1591796875 0.3876953125 0.1669921875 0.388671875 0.1728515625 0.3955078125 0.17626953125 0.404296875 0.18115234375 0.439453125 0.17919921875 0.443359375 0.17626953125 0.4453125 0.17236328125 0.4443359375 0.16748046875 0.44140625 0.162109375 0.4423828125 0.16064453125 0.4482421875 0.158203125 0.451171875 0.15625 0.4501953125 0.1533203125 0.447265625 0.14404296875 0.447265625 0.13037109375 0.4189453125
5 0.10107421875 0.41015625 0.10693359375 0.3974609375 0.111328125 0.3935546875 0.123046875 0.3935546875 0.13330078125 0.396484375 0.140625 0.40234375 0.14404296875 0.412109375 0.14697265625 0.4130859375 0.14892578125 0.4208984375 0.150390625 0.4326171875 0.1494140625 0.439453125 0.14794921875 0.4404296875 0.14697265625 0.451171875 0.14306640625 0.4541015625 0.140625 0.4521484375 0.13818359375 0.44921875 0.13330078125 0.44921875 0.12939453125 0.44921875 0.12890625 0.453125 0.12841796875 0.455078125 0.126953125 0.4560546875 0.125 0.4560546875 0.12255859375 0.4521484375 0.12158203125 0.4501953125 0.10498046875 0.4501953125
5 0.05029296875 0.419921875 0.05322265625 0.40625 0.05859375 0.396484375 0.06396484375 0.392578125 0.07177734375 0.392578125 0.08447265625 0.392578125 0.09326171875 0.39453125 0.0986328125 0.3974609375 0.10498046875 0.4052734375 0.10791015625 0.4150390625 0.1083984375 0.4296875 0.10888671875 0.4365234375 0.10888671875 0.4501953125 0.1083984375 0.4560546875 0.107421875 0.4609375 0.1064453125 0.4619140625 0.1015625 0.4619140625 0.099609375 0.455078125 0.087890625 0.458984375 0.0869140625 0.4638671875 0.0849609375 0.4658203125 0.0810546875 0.4658203125 0.07861328125 0.4658203125 0.07763671875 0.462890625 0.07568359375 0.4560546875 0.072265625 0.4619140625 0.072265625 0.4658203125 0.06689453125 0.4638671875 0.06494140625 0.4560546875 0.05419921875 0.4560546875
5 0.04541015625 0.4033203125 0.052734375 0.4130859375 0.0546875 0.4189453125 0.05517578125 0.42578125 0.0556640625 0.43359375 0.0576171875 0.439453125 0.05859375 0.4443359375 0.05859375 0.453125 0.05859375 0.45703125 0.05810546875 0.4658203125 0.05615234375 0.4697265625 0.05517578125 0.4716796875 0.04833984375 0.4697265625 0.00244140625 0.46875 0.00244140625 0.4736328125 0.001953125 0.474609375 0.0 0.474609375 0.0 0.4091796875 0.00537109375 0.40234375 0.01220703125 0.3974609375
3 0.00830078125 0.4990234375 0.04052734375 0.48828125 0.044921875 0.4296875 0.06982421875 0.427734375 0.0712890625 0.4814453125 0.076171875 0.4814453125 0.07373046875 0.4267578125 0.0966796875 0.4248046875 0.0986328125 0.4765625 0.10205078125 0.474609375 0.1005859375 0.4189453125 0.119140625 0.416015625 0.12060546875 0.4697265625 0.12451171875 0.4697265625 0.12353515625 0.412109375 0.140625 0.41015625 0.14208984375 0.4609375 0.14501953125 0.458984375 0.14404296875 0.41015625 0.1591796875 0.4072265625 0.16064453125 0.453125 0.1640625 0.4521484375 0.162109375 0.40625 0.18994140625 0.4033203125 0.19091796875 0.443359375 0.19384765625 0.443359375 0.19384765625 0.40234375 0.20361328125 0.40234375 0.205078125 0.439453125 0.20751953125 0.439453125 0.20703125 0.40234375 0.216796875 0.40234375 0.2177734375 0.4384765625 0.21923828125 0.4384765625 0.21875 0.40234375 0.23779296875 0.4013671875 0.25927734375 0.3994140625 0.25927734375 0.4296875 0.2607421875 0.4296875 0.2607421875 0.3994140625 0.26806640625 0.3974609375 0.2685546875 0.427734375 0.27001953125 0.4267578125 0.26953125 0.3974609375 0.2763671875 0.3994140625 0.27734375 0.4267578125 0.27880859375 0.42578125 0.27880859375 0.3994140625 0.2919921875 0.3974609375 0.29248046875 0.421875 0.2939453125 0.4208984375 0.2939453125 0.396484375 0.298828125 0.396484375 0.29931640625 0.419921875 0.30126953125 0.419921875 0.30126953125 0.396484375 0.3056640625 0.3955078125 0.3056640625 0.4189453125 0.3076171875 0.4189453125 0.3076171875 0.3955078125 0.3115234375 0.3955078125 0.3115234375 0.41796875 0.3134765625 0.41796875 0.3134765625 0.3955078125 0.3173828125 0.39453125 0.3173828125 0.4169921875 0.31982421875 0.4169921875 0.3193359375 0.39453125 0.32275390625 0.39453125 0.3232421875 0.416015625 0.3251953125 0.416015625 0.32470703125 0.39453125 0.328125 0.3935546875 0.328125 0.4150390625 0.32958984375 0.4140625 0.32958984375 0.3935546875 0.3330078125 0.3935546875 0.33349609375 0.4140625 0.33447265625 0.4140625 0.333984375 0.392578125 0.337890625 0.392578125 0.33837890625 0.4130859375 0.33935546875 0.4130859375 0.33935546875 0.3935546875 0.341796875 0.392578125 0.3427734375 0.41015625 0.34423828125 0.41015625 0.34423828125 0.3916015625 0.35595703125 0.392578125 0.35888671875 0.41015625 0.3564453125 0.380859375 0.28466796875 0.384765625 0.20458984375 0.38671875 0.12060546875 0.392578125 0.119140625 0.3974609375 0.09619140625 0.396484375 0.09619140625 0.4013671875 0.0478515625 0.404296875 0.0 0.4052734375 0.0 0.4375 0.00341796875 0.4375 0.0048828125 0.4912109375
2 0.2177734375 0.32421875 0.248046875 0.3232421875 0.25048828125 0.3232421875 0.2666015625 0.3291015625 0.26806640625 0.33203125 0.2666015625 0.3359375 0.25634765625 0.3359375 0.25634765625 0.41015625 0.25634765625 0.4296875 0.25146484375 0.43359375 0.2392578125 0.435546875 0.234375 0.4375 0.22265625 0.4375 0.2216796875 0.43359375 0.220703125 0.3349609375 0.2177734375 0.3291015625
4 0.46923828125 0.3701171875 0.46142578125 0.373046875 0.45751953125 0.3740234375 0.44873046875 0.369140625 0.44482421875 0.3681640625 0.4404296875 0.3662109375 0.4404296875 0.3642578125 0.43701171875 0.3603515625 0.4345703125 0.3564453125 0.4326171875 0.3525390625 0.4306640625 0.349609375 0.4306640625 0.34765625 0.43408203125 0.345703125 0.43310546875 0.3427734375 0.4326171875 0.33984375 0.431640625 0.3359375 0.4326171875 0.3330078125 0.43310546875 0.32421875 0.43408203125 0.3203125 0.43505859375 0.3154296875 0.4365234375 0.314453125 0.43603515625 0.310546875 0.4345703125 0.3046875 0.43603515625 0.302734375 0.4384765625 0.3017578125 0.43994140625 0.298828125 0.43798828125 0.294921875 0.43798828125 0.2880859375 0.43603515625 0.283203125 0.43408203125 0.28125 0.4345703125 0.26953125 0.43798828125 0.26953125 0.43994140625 0.2666015625 0.4423828125 0.2666015625 0.4404296875 0.263671875 0.43896484375 0.26171875 0.4384765625 0.2529296875 0.43896484375 0.25 0.44091796875 0.2509765625 0.44189453125 0.25390625 0.4453125 0.25390625 0.44677734375 0.2548828125 0.44677734375 0.2587890625 0.44873046875 0.2568359375 0.453125 0.2568359375 0.453125 0.2509765625 0.451171875 0.25 0.4501953125 0.2451171875 0.44677734375 0.2412109375 0.4443359375 0.23828125 0.44482421875 0.228515625 0.44287109375 0.2265625 0.44091796875 0.22265625 0.4443359375 0.2060546875 0.4423828125 0.2041015625 0.4404296875 0.205078125 0.4384765625 0.208984375 0.4365234375 0.2080078125 0.43505859375 0.2060546875 0.43505859375 0.201171875 0.4345703125 0.197265625 0.4326171875 0.1982421875 0.43017578125 0.1962890625 0.43017578125 0.1923828125 0.431640625 0.1875 0.4296875 0.18359375 0.43017578125 0.177734375 0.43408203125 0.1767578125 0.43701171875 0.1748046875 0.43505859375 0.1728515625 0.43310546875 0.16796875 0.4345703125 0.1591796875 0.43896484375 0.15234375 0.44189453125 0.15234375 0.44189453125 0.146484375 0.43994140625 0.146484375 0.43603515625 0.138671875 0.4345703125 0.130859375 0.4365234375 0.1201171875 0.43896484375 0.1181640625 0.44287109375 0.1162109375 0.447265625 0.119140625 0.45068359375 0.1220703125 0.453125 0.115234375 0.4521484375 0.111328125 0.45263671875 0.1064453125 0.45556640625 0.09765625 0.458984375 0.095703125 0.4638671875 0.09375 0.4677734375 0.0908203125 0.47119140625 0.09765625 0.47265625 0.0947265625 0.47509765625 0.08984375 0.47802734375 0.08984375 0.48291015625 0.0830078125 0.4814453125 0.0791015625 0.48583984375 0.0771484375 0.490234375 0.0693359375 0.48974609375 0.06640625 0.48828125 0.0654296875 0.48779296875 0.0625 0.48828125 0.056640625 0.49169921875 0.0537109375 0.49169921875 0.0498046875 0.49755859375 0.044921875 0.50390625 0.0478515625 0.50537109375 0.0439453125 0.50634765625 0.0419921875 0.50830078125 0.0419921875 0.509765625 0.044921875 0.5107421875 0.041015625 0.51171875 0.0341796875 0.51611328125 0.029296875 0.51904296875 0.025390625 0.5205078125 0.0234375 0.5244140625 0.033203125 0.5302734375 0.03125 0.5341796875 0.0234375 0.53857421875 0.01953125 0.53759765625 0.013671875 0.53759765625 0.0 0.615234375 0.0 0.61474609375 0.015625 0.6142578125 0.01953125 0.6142578125 0.064453125 0.61474609375 0.109375 0.6064453125 0.134765625 0.60693359375 0.1513671875 0.6064453125 0.1640625 0.60791015625 0.16796875 0.60400390625 0.1806640625 0.60107421875 0.1884765625 0.60107421875 0.2177734375 0.6044921875 0.2216796875 0.60595703125 0.23828125 0.60400390625 0.2470703125 0.59912109375 0.2470703125 0.59912109375 0.2900390625 0.60009765625 0.291015625 0.6025390625 0.291015625 0.60205078125 0.2978515625 0.60107421875 0.3037109375 0.5966796875 0.3046875 0.58837890625 0.3076171875 0.58740234375 0.3046875 0.58642578125 0.2939453125 0.58251953125 0.294921875 0.57958984375 0.287109375 0.5771484375 0.2880859375 0.57568359375 0.2841796875 0.5732421875 0.287109375 0.5771484375 0.2919921875 0.57568359375 0.2958984375 0.56689453125 0.2939453125 0.56103515625 0.294921875 0.5556640625 0.2998046875 0.55126953125 0.302734375 0.54248046875 0.2998046875 0.53955078125 0.302734375 0.53662109375 0.30859375 0.5341796875 0.3154296875 0.5166015625 0.3232421875 0.51025390625 0.3291015625 0.50439453125 0.3271484375 0.49462890625 0.3251953125 0.49365234375 0.3291015625 0.48974609375 0.3291015625 0.48828125 0.3271484375 0.48583984375 0.3271484375 0.48388671875 0.322265625 0.484375 0.3193359375 0.48291015625 0.31640625 0.47705078125 0.3115234375 0.4755859375 0.3115234375 0.47265625 0.314453125 0.4716796875 0.322265625 0.4736328125 0.32421875 0.47607421875 0.34765625 0.47607421875 0.3720703125
3 0.462890625 0.3818359375 0.45166015625 0.3837890625 0.44970703125 0.3837890625 0.4482421875 0.3837890625 0.44482421875 0.384765625 0.44384765625 0.384765625 0.44189453125 0.3857421875 0.43994140625 0.3857421875 0.4365234375 0.3857421875 0.42919921875 0.3876953125 0.419921875 0.3876953125 0.4208984375 0.40234375 0.4228515625 0.486328125 0.42529296875 0.486328125 0.423828125 0.4150390625 0.42822265625 0.4140625 0.42919921875 0.4716796875 0.4296875 0.4755859375 0.43310546875 0.474609375 0.43212890625 0.4130859375 0.435546875 0.412109375 0.43603515625 0.4697265625 0.439453125 0.4697265625 0.4384765625 0.4091796875 0.4384765625 0.408203125 0.44091796875 0.4072265625 0.44189453125 0.4609375 0.4423828125 0.4609375 0.44482421875 0.4599609375 0.44384765625 0.40625 0.44580078125 0.40625 0.4462890625 0.455078125 0.44873046875 0.455078125 0.44775390625 0.4033203125 0.44970703125 0.4033203125 0.4501953125 0.44921875 0.45166015625 0.44921875 0.4521484375 0.416015625 0.45263671875 0.4482421875 0.45458984375 0.4482421875 0.45361328125 0.4013671875 0.45458984375 0.4013671875 0.455078125 0.4443359375 0.45703125 0.4443359375 0.45751953125 0.44140625 0.45947265625 0.4365234375 0.4609375 0.431640625 0.462890625 0.4296875 0.4638671875 0.427734375 0.466796875 0.423828125
5 0.61865234375 0.3759765625 0.63330078125 0.3662109375 0.65625 0.365234375 0.6591796875 0.369140625 0.658203125 0.4140625 0.6591796875 0.4189453125 0.6591796875 0.4345703125 0.6572265625 0.43359375 0.6435546875 0.43359375 0.6416015625 0.44140625
5 0.52001953125 0.314453125 0.56298828125 0.310546875 0.56396484375 0.310546875 0.56494140625 0.2939453125 0.56591796875 0.26953125 0.5673828125 0.2666015625 0.56787109375 0.279296875 0.5673828125 0.2900390625 0.5673828125 0.2958984375 0.5673828125 0.30859375 0.568359375 0.3115234375 0.58740234375 0.3125 0.6103515625 0.318359375 0.615234375 0.3203125 0.619140625 0.32421875 0.62451171875 0.3408203125 0.63134765625 0.3720703125 0.63720703125 0.400390625 0.64208984375 0.4169921875 0.64306640625 0.4267578125 0.6435546875 0.439453125 0.6435546875 0.447265625 0.64501953125 0.458984375 0.64697265625 0.4765625 0.6474609375 0.486328125 0.64697265625 0.5068359375 0.6455078125 0.5234375 0.64599609375 0.5458984375 0.6455078125 0.572265625 0.64501953125 0.5869140625 0.64111328125 0.595703125 0.638671875 0.5986328125 0.62451171875 0.5986328125 0.62255859375 0.59375 0.62060546875 0.5830078125 0.62060546875 0.568359375 0.61474609375 0.568359375 0.60693359375 0.564453125 0.6005859375 0.5546875 0.5732421875 0.55859375 0.53759765625 0.55859375 0.5341796875 0.5625 0.52685546875 0.5625 0.52294921875 0.5615234375 0.51806640625 0.56640625 0.5126953125 0.568359375 0.50830078125 0.56640625 0.5078125 0.5830078125 0.505859375 0.59375 0.50341796875 0.59765625 0.48974609375 0.595703125 0.486328125 0.5908203125 0.4853515625 0.5869140625 0.48583984375 0.5126953125 0.4853515625 0.5048828125 0.48388671875 0.474609375 0.484375 0.4638671875 0.48583984375 0.443359375 0.486328125 0.4423828125 0.4853515625 0.4384765625 0.484375 0.4296875 0.48583984375 0.4267578125 0.4873046875 0.4267578125 0.48779296875 0.41796875 0.48828125 0.4169921875 0.48828125 0.4140625 0.48291015625 0.4130859375 0.47998046875 0.4091796875 0.4794921875 0.39453125 0.4833984375 0.392578125 0.4892578125 0.388671875 0.4921875 0.388671875 0.4931640625 0.390625 0.4931640625 0.3935546875 0.50341796875 0.3515625 0.5107421875 0.3232421875 0.513671875 0.31640625
5 0.99951171875 0.3251953125 0.99951171875 0.6181640625 0.951171875 0.595703125 0.9501953125 0.6103515625 0.947265625 0.6201171875 0.943359375 0.6279296875 0.9248046875 0.626953125 0.91748046875 0.623046875 0.91357421875 0.6142578125 0.9091796875 0.58984375 0.90625 0.5654296875 0.90576171875 0.5517578125 0.90234375 0.513671875 0.90234375 0.4921875 0.9033203125 0.4794921875 0.9091796875 0.451171875 0.91943359375 0.44140625 0.92626953125 0.43359375 0.9365234375 0.41796875 0.93701171875 0.4072265625 0.94287109375 0.4013671875 0.9501953125 0.39453125 0.95263671875 0.3984375 0.95263671875 0.4013671875 0.970703125 0.365234375 0.98583984375 0.3427734375
