0 0.0 0.396484375 0.42626953125 0.353515625 0.58740234375 0.3515625 0.99951171875 0.365234375 0.99951171875 0.9990234375 0.0 0.9990234375
1 0.99951171875 0.59765625 0.76416015625 0.5791015625 0.74365234375 0.5771484375 0.7431640625 0.5751953125 0.72119140625 0.5732421875 0.69921875 0.56640625 0.68896484375 0.564453125 0.6591796875 0.544921875 0.65185546875 0.533203125 0.64892578125 0.5322265625 0.64697265625 0.529296875 0.640625 0.5244140625 0.63525390625 0.517578125 0.62939453125 0.5107421875 0.62158203125 0.50390625 0.60888671875 0.48828125 0.587890625 0.466796875 0.58154296875 0.458984375 0.576171875 0.451171875 0.56396484375 0.4306640625 0.5595703125 0.41796875 0.55078125 0.4111328125 0.5654296875 0.392578125 0.59912109375 0.3837890625 0.99951171875 0.451171875
1 0.12255859375 0.533203125 0.1748046875 0.517578125 0.2998046875 0.478515625 0.3212890625 0.470703125 0.33447265625 0.431640625 0.28857421875 0.40234375 0.09619140625 0.4306640625
5 0.4501953125 0.3798828125 0.451171875 0.4248046875 0.45751953125 0.435546875 0.46337890625 0.435546875 0.46875 0.4345703125 0.46875 0.431640625 0.46875 0.4267578125 0.46875 0.4248046875 0.46923828125 0.4169921875 0.46923828125 0.4140625 0.46923828125 0.4111328125 0.46728515625 0.41015625 0.46728515625 0.388671875
5 0.46435546875 0.4033203125 0.46484375 0.416015625 0.46533203125 0.4208984375 0.46484375 0.4267578125 0.46484375 0.43359375 0.46484375 0.435546875 0.46337890625 0.435546875 0.45751953125 0.435546875 0.451171875 0.4248046875 0.4501953125 0.3798828125 0.46728515625 0.388671875 0.46728515625 0.396484375 0.46435546875 0.4033203125
4 0.123046875 0.51171875 0.17431640625 0.4970703125 0.22265625 0.482421875 0.28271484375 0.4658203125 0.29736328125 0.4658203125 0.3251953125 0.4541015625 0.390625 0.41796875 0.44091796875 0.421875 0.4462890625 0.4375 0.44921875 0.439453125 0.455078125 0.4423828125 0.462890625 0.4423828125 0.4638671875 0.4384765625 0.462890625 0.435546875 0.46240234375 0.4228515625 0.46044921875 0.4150390625 0.45654296875 0.4150390625 0.45556640625 0.4189453125 0.45458984375 0.4189453125 0.453125 0.4169921875 0.45263671875 0.392578125 0.45458984375 0.388671875 0.46044921875 0.388671875 0.462890625 0.390625 0.4658203125 0.41015625 0.4677734375 0.41015625 0.46923828125 0.412109375 0.46923828125 0.4150390625 0.46826171875 0.4169921875 0.4677734375 0.4248046875 0.46875 0.427734375 0.47607421875 0.4296875 0.47900390625 0.4306640625 0.484375 0.4267578125 0.494140625 0.421875 0.49658203125 0.421875 0.50537109375 0.4208984375 0.51220703125 0.4169921875 0.52490234375 0.4150390625 0.5283203125 0.4130859375 0.53466796875 0.4111328125 0.53466796875 0.41015625 0.541015625 0.41015625 0.54931640625 0.41015625 0.55517578125 0.42578125 0.55322265625 0.427734375 0.5546875 0.4306640625 0.5615234375 0.431640625 0.56787109375 0.4296875 0.6552734375 0.4111328125 0.6796875 0.40625 0.73388671875 0.40625 0.76220703125 0.26171875 0.7587890625 0.0 0.0 0.0 0.0 0.6650390625 0.09375 0.6220703125 0.10205078125 0.6201171875 0.15478515625 0.58984375 0.158203125 0.5830078125 0.15576171875 0.57421875 0.14697265625 0.5673828125 0.1396484375 0.5576171875 0.138671875 0.5478515625 0.1416015625 0.5283203125 0.140625 0.525390625 0.1328125 0.5205078125 0.126953125 0.5205078125 0.12158203125 0.5322265625 0.12255859375 0.521484375
5 0.47705078125 0.4013671875 0.48193359375 0.4013671875 0.48388671875 0.40625 0.4853515625 0.41796875 0.484375 0.42578125 0.4833984375 0.42578125 0.4814453125 0.4228515625 0.4794921875 0.4189453125 0.47900390625 0.41796875 0.4775390625 0.40625
5 0.5166015625 0.404296875 0.513671875 0.404296875 0.51171875 0.40625 0.5107421875 0.4091796875 0.509765625 0.4091796875 0.5087890625 0.4111328125 0.509765625 0.4140625 0.5107421875 0.4169921875 0.51220703125 0.4169921875 0.51904296875 0.4169921875 0.52001953125 0.4140625 0.52001953125 0.41015625 0.51904296875 0.4091796875 0.5185546875 0.4091796875 0.5185546875 0.40625 0.51806640625 0.4052734375
5 0.5478515625 0.3984375 0.54443359375 0.3984375 0.54248046875 0.400390625 0.53955078125 0.4013671875 0.5390625 0.40234375 0.53857421875 0.4072265625 0.53857421875 0.421875 0.53955078125 0.4228515625 0.541015625 0.4228515625 0.54443359375 0.4228515625 0.54638671875 0.4140625
5 0.55810546875 0.396484375 0.5478515625 0.396484375 0.544921875 0.3974609375 0.54443359375 0.4052734375 0.54345703125 0.41015625 0.54296875 0.41796875 0.54345703125 0.42578125 0.54443359375 0.4267578125 0.5478515625 0.4267578125 0.552734375 0.4052734375 0.55908203125 0.4013671875
5 0.5576171875 0.400390625 0.55078125 0.400390625 0.548828125 0.40234375 0.54736328125 0.4091796875 0.546875 0.4150390625 0.546875 0.4248046875 0.546875 0.4296875 0.5478515625 0.4306640625 0.5498046875 0.4296875 0.5498046875 0.4267578125 0.55126953125 0.4248046875 0.5556640625 0.4248046875 0.556640625 0.41796875 0.55712890625 0.41015625
5 0.58154296875 0.396484375 0.57177734375 0.396484375 0.56787109375 0.400390625 0.56689453125 0.404296875 0.56494140625 0.4111328125 0.5615234375 0.4111328125 0.56103515625 0.4140625 0.56103515625 0.4169921875 0.56201171875 0.41796875 0.56396484375 0.41796875 0.56201171875 0.427734375 0.5615234375 0.4384765625 0.56298828125 0.447265625 0.56396484375 0.4501953125 0.568359375 0.451171875 0.578125 0.42578125
5 0.60791015625 0.4091796875 0.6005859375 0.390625 0.59814453125 0.3896484375 0.5771484375 0.392578125 0.5751953125 0.39453125 0.5732421875 0.4052734375 0.57177734375 0.4130859375 0.5703125 0.4150390625 0.5693359375 0.4111328125 0.5673828125 0.41015625 0.56591796875 0.4130859375 0.56689453125 0.41796875 0.56787109375 0.4228515625 0.5673828125 0.42578125 0.5673828125 0.431640625 0.568359375 0.4501953125 0.568359375 0.455078125 0.5693359375 0.458984375 0.5712890625 0.4599609375 0.572265625 0.4619140625 0.576171875 0.4619140625 0.5771484375 0.4599609375 0.5771484375 0.455078125 0.57958984375 0.4521484375 0.58349609375 0.451171875 0.59423828125 0.4501953125
5 0.595703125 0.443359375 0.583984375 0.443359375 0.58349609375 0.443359375 0.58349609375 0.435546875 0.5966796875 0.435546875
2 0.6796875 0.0 0.6796875 0.01171875 0.67626953125 0.0205078125 0.65966796875 0.060546875 0.65625 0.0693359375 0.65576171875 0.0751953125 0.65234375 0.08984375 0.65185546875 0.0947265625 0.65087890625 0.1015625 0.6533203125 0.10546875 0.6533203125 0.1572265625 0.65234375 0.1669921875 0.65234375 0.171875 0.654296875 0.1728515625 0.654296875 0.2451171875 0.6552734375 0.31640625 0.6591796875 0.318359375 0.66552734375 0.322265625 0.66796875 0.3251953125 0.67138671875 0.32421875 0.6806640625 0.3203125 0.6806640625 0.3154296875 0.68310546875 0.3125 0.68505859375 0.3125 0.6865234375 0.306640625 0.68896484375 0.2958984375 0.69873046875 0.2958984375 0.69873046875 0.2822265625 0.70263671875 0.279296875 0.703125 0.283203125 0.703125 0.3330078125 0.70458984375 0.3388671875 0.70654296875 0.3388671875 0.70703125 0.36328125 0.70458984375 0.3720703125 0.70458984375 0.3896484375 0.69189453125 0.3896484375 0.67041015625 0.396484375 0.65380859375 0.40625 0.662109375 0.451171875 0.68994140625 0.4541015625 0.69091796875 0.4580078125 0.70556640625 0.4580078125 0.71728515625 0.4580078125 0.72265625 0.4599609375 0.74755859375 0.4599609375 0.81103515625 0.466796875 0.92578125 0.4833984375 0.99951171875 0.4951171875 0.99951171875 0.0 0.75 0.0
4 0.74658203125 0.482421875 0.7841796875 0.4794921875 0.79443359375 0.474609375 0.806640625 0.4755859375 0.8095703125 0.484375 0.8427734375 0.486328125 0.85498046875 0.4921875 0.8994140625 0.4912109375 0.91796875 0.486328125 0.92138671875 0.474609375 0.919921875 0.470703125 0.91357421875 0.4658203125 0.916015625 0.458984375 0.91259765625 0.447265625 0.90576171875 0.4384765625 0.89990234375 0.44140625 0.89892578125 0.4453125 0.8916015625 0.439453125 0.89111328125 0.4228515625 0.89794921875 0.4052734375 0.8974609375 0.373046875 0.89501953125 0.3662109375 0.87744140625 0.380859375 0.87353515625 0.38671875 0.8681640625 0.384765625 0.86279296875 0.380859375 0.8603515625 0.36328125 0.85498046875 0.359375 0.83251953125 0.3564453125 0.8232421875 0.3515625 0.8193359375 0.3486328125 0.81591796875 0.349609375 0.81396484375 0.34375 0.8173828125 0.3349609375 0.81591796875 0.3291015625 0.8115234375 0.328125 0.8046875 0.3232421875 0.796875 0.3203125 0.79443359375 0.3037109375 0.783203125 0.298828125 0.7705078125 0.2978515625 0.7607421875 0.302734375 0.7578125 0.310546875 0.7568359375 0.318359375 0.76025390625 0.3232421875 0.7685546875 0.32421875 0.7666015625 0.3291015625 0.759765625 0.3349609375 0.751953125 0.3291015625 0.74462890625 0.3310546875 0.74365234375 0.3359375 0.7333984375 0.3369140625 0.73291015625 0.349609375 0.73974609375 0.36328125 0.74853515625 0.365234375 0.751953125 0.373046875 0.755859375 0.41015625 0.75048828125 0.4072265625 0.74658203125 0.404296875 0.748046875 0.41796875 0.74462890625 0.4189453125 0.7412109375 0.4140625 0.73583984375 0.4072265625 0.73095703125 0.4150390625 0.734375 0.4306640625 0.7353515625 0.4453125 0.7421875 0.4580078125 0.74365234375 0.4658203125 0.74365234375 0.470703125 0.7431640625 0.478515625
4 0.96923828125 0.521484375 0.98779296875 0.517578125 0.990234375 0.5068359375 0.98974609375 0.4892578125 0.98828125 0.4765625 0.986328125 0.4541015625 0.9921875 0.4521484375 0.99560546875 0.4296875 0.99951171875 0.4208984375 0.99951171875 0.373046875 0.990234375 0.3857421875 0.98583984375 0.376953125 0.9873046875 0.3525390625 0.98828125 0.3408203125 0.99951171875 0.33203125 0.99951171875 0.0 0.86328125 0.0 0.8642578125 0.0322265625 0.8583984375 0.0380859375 0.859375 0.044921875 0.8662109375 0.0537109375 0.8603515625 0.0625 0.85693359375 0.0703125 0.8603515625 0.072265625 0.87158203125 0.0703125 0.87353515625 0.08203125 0.86962890625 0.0927734375 0.8642578125 0.095703125 0.8564453125 0.0908203125 0.84765625 0.060546875 0.83984375 0.048828125 0.83447265625 0.041015625 0.82763671875 0.0322265625 0.82177734375 0.0234375 0.8173828125 0.02734375 0.81787109375 0.0546875 0.8134765625 0.0625 0.81201171875 0.0732421875 0.8154296875 0.08203125 0.8134765625 0.0888671875 0.80810546875 0.08984375 0.80517578125 0.0947265625 0.81201171875 0.109375 0.8154296875 0.1240234375 0.81396484375 0.140625 0.818359375 0.1513671875 0.82177734375 0.1630859375 0.8173828125 0.1630859375 0.8115234375 0.1552734375 0.79736328125 0.126953125 0.78662109375 0.11328125 0.78076171875 0.1103515625 0.77099609375 0.09765625 0.7646484375 0.099609375 0.77001953125 0.1103515625 0.77197265625 0.1181640625 0.7724609375 0.1240234375 0.77294921875 0.1318359375 0.77197265625 0.134765625 0.7626953125 0.1298828125 0.759765625 0.1279296875 0.76025390625 0.1337890625 0.7724609375 0.15234375 0.79296875 0.1796875 0.779296875 0.19140625 0.7705078125 0.1962890625 0.75048828125 0.1875 0.751953125 0.1962890625 0.7626953125 0.2138671875 0.76806640625 0.2158203125 0.77197265625 0.21875 0.77001953125 0.2255859375 0.77197265625 0.232421875 0.77490234375 0.236328125 0.7783203125 0.2412109375 0.798828125 0.2451171875 0.7978515625 0.2509765625 0.79248046875 0.2548828125 0.79248046875 0.265625 0.7978515625 0.2666015625 0.8154296875 0.2626953125 0.8203125 0.25390625 0.8271484375 0.2333984375 0.84765625 0.22265625 0.86328125 0.2265625 0.87451171875 0.2451171875 0.87841796875 0.2568359375 0.89208984375 0.265625 0.89794921875 0.275390625 0.89990234375 0.283203125 0.90576171875 0.283203125 0.92822265625 0.2861328125 0.9365234375 0.2880859375 0.93798828125 0.306640625 0.93798828125 0.322265625 0.93798828125 0.3310546875 0.93212890625 0.3310546875 0.9296875 0.3369140625 0.92822265625 0.3486328125 0.92626953125 0.35546875 0.9296875 0.365234375 0.9404296875 0.3759765625 0.93798828125 0.39453125 0.93701171875 0.4013671875 0.92626953125 0.3974609375 0.9248046875 0.404296875 0.9287109375 0.4150390625 0.93408203125 0.4228515625 0.9345703125 0.43359375 0.94189453125 0.4423828125 0.94873046875 0.4501953125 0.95751953125 0.458984375 0.96240234375 0.482421875 0.9658203125 0.4970703125 0.966796875 0.513671875
5 0.61279296875 0.390625 0.62353515625 0.3896484375 0.6328125 0.388671875 0.6455078125 0.38671875 0.6455078125 0.384765625 0.64599609375 0.3837890625 0.64990234375 0.3837890625 0.654296875 0.390625 0.66357421875 0.4150390625 0.66455078125 0.4208984375 0.666015625 0.4248046875 0.66748046875 0.43359375 0.66845703125 0.447265625 0.66943359375 0.4560546875 0.669921875 0.486328125 0.66943359375 0.4951171875 0.66796875 0.49609375 0.6611328125 0.49609375 0.6591796875 0.49609375 0.658203125 0.4892578125 0.658203125 0.486328125 0.65771484375 0.486328125 0.6572265625 0.48828125 0.65234375 0.48828125 0.64892578125 0.48828125 0.6474609375 0.486328125 0.63134765625 0.4873046875 0.62841796875 0.4873046875 0.61279296875 0.4892578125 0.611328125 0.4912109375 0.61083984375 0.4990234375 0.6103515625 0.5048828125 0.6083984375 0.5068359375 0.6025390625 0.5048828125 0.60009765625 0.50390625 0.59912109375 0.5 0.59912109375 0.49609375 0.595703125 0.49609375 0.59375 0.4951171875 0.5927734375 0.4931640625 0.591796875 0.4560546875 0.591796875 0.4501953125 0.59228515625 0.4453125 0.59375 0.4375 0.59375 0.435546875 0.58984375 0.4345703125 0.58837890625 0.43359375 0.58837890625 0.427734375 0.58984375 0.42578125 0.595703125 0.42578125 0.5966796875 0.42578125 0.6005859375 0.4072265625 0.60498046875 0.3935546875 0.60791015625 0.390625 0.609375 0.3896484375 0.61083984375 0.3896484375
5 0.380859375 0.390625 0.375 0.388671875 0.34423828125 0.3857421875 0.33837890625 0.38671875 0.33447265625 0.3896484375 0.32763671875 0.4072265625 0.326171875 0.4091796875 0.32177734375 0.4091796875 0.3212890625 0.4130859375 0.32177734375 0.4150390625 0.3232421875 0.4150390625 0.318359375 0.4267578125 0.31689453125 0.431640625 0.31591796875 0.4482421875 0.31689453125 0.4658203125 0.3173828125 0.474609375 0.31982421875 0.48046875 0.32421875 0.48046875 0.326171875 0.478515625 0.32763671875 0.4716796875 0.35302734375 0.47265625
5 0.39404296875 0.384765625 0.38720703125 0.3837890625 0.3818359375 0.384765625 0.37744140625 0.38671875 0.3662109375 0.4091796875 0.36328125 0.4091796875 0.359375 0.4111328125 0.35888671875 0.4169921875 0.35888671875 0.4208984375 0.35400390625 0.4267578125 0.35107421875 0.4345703125 0.35009765625 0.4521484375 0.3505859375 0.46875 0.35205078125 0.482421875 0.35498046875 0.48828125 0.35791015625 0.4921875 0.361328125 0.4921875 0.36474609375 0.486328125 0.3662109375 0.4794921875 0.37109375 0.4794921875 0.37109375 0.4765625 0.38330078125 0.4765625 0.38525390625 0.4833984375 0.3876953125 0.4873046875 0.39111328125 0.4873046875 0.3935546875 0.48046875 0.39404296875 0.478515625 0.3994140625 0.478515625 0.4013671875 0.4833984375 0.40380859375 0.48828125 0.408203125 0.48828125 0.41162109375 0.4873046875 0.41357421875 0.486328125 0.41455078125 0.4765625 0.41455078125 0.4716796875 0.427734375 0.470703125 0.4287109375 0.4765625 0.43017578125 0.48046875 0.43505859375 0.48046875 0.43798828125 0.48046875 0.43994140625 0.474609375 0.4404296875 0.4677734375 0.4404296875 0.4541015625 0.44091796875 0.4482421875 0.44091796875 0.443359375 0.4404296875 0.427734375 0.4384765625 0.4150390625 0.43310546875 0.40234375 0.4306640625 0.390625 0.42822265625 0.3857421875 0.42236328125 0.3818359375 0.4140625 0.380859375 0.41162109375 0.3837890625 0.3974609375 0.3837890625
