0 0.0849609375 0.291015625 0.65966796875 0.3017578125 1.0 0.36328125 1.0 1.0 0.0 1.0 0.0 0.4921875
1 0.24853515625 0.7001953125 0.48388671875 0.6015625 0.55126953125 0.5771484375 0.63671875 0.5390625 0.66748046875 0.521484375 0.66748046875 0.5126953125 0.65966796875 0.513671875 0.6455078125 0.5078125 0.61328125 0.50390625 0.494140625 0.5244140625 0.23681640625 0.57421875 0.0 0.6220703125 0.0 0.79296875
1 0.9990234375 0.7705078125 0.896484375 0.705078125 0.83984375 0.6689453125 0.78759765625 0.62890625 0.7587890625 0.5048828125 0.86376953125 0.5283203125 0.9462890625 0.537109375 1.0 0.5732421875 1.0 0.7734375
4 0.6484375 0.1025390625 0.6328125 0.0927734375 0.62744140625 0.09375 0.61669921875 0.0986328125 0.619140625 0.0830078125 0.62744140625 0.0595703125 0.6220703125 0.0390625 0.611328125 0.04296875 0.60009765625 0.0458984375 0.59765625 0.029296875 0.6142578125 0.021484375 0.60498046875 0.0 0.544921875 0.0 0.53369140625 0.0029296875 0.52734375 0.0302734375 0.52880859375 0.0673828125 0.548828125 0.1005859375 0.5625 0.173828125 0.55908203125 0.2412109375 0.55517578125 0.3291015625 0.5537109375 0.4228515625 0.55419921875 0.4716796875 0.56005859375 0.517578125 0.5693359375 0.5224609375 0.5869140625 0.5205078125 0.587890625 0.537109375 0.5986328125 0.53125 0.60302734375 0.5302734375 0.6064453125 0.509765625 0.646484375 0.509765625 0.6484375 0.498046875 0.66259765625 0.494140625 0.67822265625 0.494140625 0.6923828125 0.501953125 0.7138671875 0.5029296875 0.7333984375 0.5087890625 0.7529296875 0.5166015625 0.822265625 0.552734375 0.884765625 0.5712890625 0.90576171875 0.5859375 0.94775390625 0.5869140625 0.98095703125 0.626953125 1.0 0.6533203125 1.0 0.0 0.65673828125 0.0 0.6591796875 0.0068359375 0.6689453125 0.021484375 0.67236328125 0.03125 0.6826171875 0.046875 0.67431640625 0.0712890625 0.66796875 0.091796875 0.6650390625 0.1015625 0.65673828125 0.123046875 0.64794921875 0.1298828125 0.642578125 0.1240234375
2 0.58349609375 0.453125 0.58740234375 0.1591796875 0.5830078125 0.0849609375 0.5625 0.0849609375 0.56201171875 0.076171875 0.5517578125 0.0732421875 0.5537109375 0.0556640625 0.52978515625 0.048828125 0.52734375 0.017578125 0.4599609375 0.0185546875 0.4423828125 0.0 0.0 0.0 0.0 0.7294921875 0.25439453125 0.58203125 0.47265625 0.5400390625 0.5810546875 0.49609375
4 0.57373046875 0.4443359375 0.59619140625 0.4443359375 0.60498046875 0.4482421875 0.6103515625 0.4833984375 0.60986328125 0.517578125 0.60693359375 0.521484375 0.599609375 0.5263671875 0.59912109375 0.533203125 0.58984375 0.5361328125 0.56689453125 0.5
4 0.45068359375 0.4814453125 0.44384765625 0.466796875 0.4404296875 0.447265625 0.43798828125 0.4248046875 0.427734375 0.427734375 0.42822265625 0.40234375 0.4208984375 0.400390625 0.412109375 0.4130859375 0.40576171875 0.4140625 0.400390625 0.404296875 0.39794921875 0.41796875 0.39453125 0.4345703125 0.390625 0.5048828125 0.40185546875 0.5126953125 0.4091796875 0.5078125 0.4072265625 0.5166015625 0.42138671875 0.5283203125 0.4599609375 0.521484375
3 0.25634765625 0.6142578125 0.4736328125 0.5634765625 0.4580078125 0.49609375 0.4462890625 0.4853515625 0.39892578125 0.47265625 0.39794921875 0.5078125 0.431640625 0.515625 0.2548828125 0.5400390625 0.2431640625 0.56640625
5 0.07666015625 0.427734375 0.0498046875 0.4443359375 0.02099609375 0.478515625 0.0 0.5166015625 0.0 0.7451171875 0.0068359375 0.7646484375 0.03515625 0.7705078125 0.07275390625 0.7734375 0.07666015625 0.7880859375 0.0927734375 0.8046875 0.1123046875 0.798828125 0.123046875 0.7841796875 0.13037109375 0.7451171875 0.21923828125 0.7001953125 0.22314453125 0.724609375 0.23095703125 0.7314453125 0.2451171875 0.7265625 0.25146484375 0.708984375 0.25390625 0.669921875 0.25732421875 0.6552734375 0.26171875 0.6142578125 0.26220703125 0.560546875 0.25439453125 0.5126953125 0.24267578125 0.46875 0.22998046875 0.4482421875 0.197265625 0.4345703125 0.16015625 0.423828125 0.1220703125 0.4228515625 0.0908203125 0.4228515625
3 0.63525390625 0.48828125 0.6103515625 0.486328125 0.60986328125 0.5146484375 0.63427734375 0.517578125 0.64697265625 0.5107421875 0.64501953125 0.4833984375
5 0.7236328125 0.478515625 0.71923828125 0.49609375 0.71728515625 0.513671875 0.71630859375 0.5380859375 0.71630859375 0.55078125 0.716796875 0.5654296875 0.71728515625 0.572265625 0.72021484375 0.5751953125 0.72412109375 0.576171875 0.7265625 0.57421875 0.72802734375 0.5703125 0.728515625 0.5654296875 0.7392578125 0.5625 0.7548828125 0.5400390625 0.77001953125 0.50390625 0.771484375 0.48828125 0.76953125 0.4775390625 0.76123046875 0.470703125 0.73974609375 0.470703125 0.7275390625 0.4736328125
5 0.57080078125 0.474609375 0.583984375 0.48046875 0.5888671875 0.484375 0.59765625 0.505859375 0.60107421875 0.521484375 0.6015625 0.5419921875 0.6015625 0.560546875 0.6005859375 0.568359375 0.59521484375 0.568359375 0.59228515625 0.568359375 0.5908203125 0.5634765625 0.5888671875 0.5615234375 0.5859375 0.564453125 0.5859375 0.5703125 0.58349609375 0.572265625 0.57666015625 0.5732421875 0.57470703125 0.572265625 0.5703125 0.5693359375 0.56787109375 0.5654296875 0.56005859375 0.564453125 0.5537109375 0.5595703125 0.556640625 0.5107421875
5 0.8642578125 0.4453125 0.8359375 0.4423828125 0.80712890625 0.443359375 0.783203125 0.4482421875 0.7705078125 0.458984375 0.76171875 0.4736328125 0.7509765625 0.50390625 0.74609375 0.5068359375 0.74365234375 0.5146484375 0.744140625 0.52734375 0.7373046875 0.5537109375 0.73583984375 0.5849609375 0.73681640625 0.6142578125 0.73828125 0.6376953125 0.7412109375 0.6484375 0.7470703125 0.650390625 0.75390625 0.650390625 0.7548828125 0.6435546875 0.75634765625 0.6337890625 0.775390625 0.6435546875 0.77490234375 0.658203125 0.77783203125 0.671875 0.783203125 0.6796875 0.7880859375 0.6796875 0.79150390625 0.6787109375 0.79443359375 0.671875 0.79638671875 0.6650390625 0.7978515625 0.65625 0.79833984375 0.6484375 0.85595703125 0.6455078125 0.87255859375 0.646484375 0.8779296875 0.650390625 0.884765625 0.650390625 0.89013671875 0.6513671875 0.89306640625 0.6708984375 0.90087890625 0.6787109375 0.908203125 0.677734375 0.912109375 0.66796875 0.9150390625 0.6376953125 0.91650390625 0.59765625 0.91552734375 0.564453125 0.91064453125 0.548828125 0.90869140625 0.5390625 0.908203125 0.5185546875 0.89501953125 0.4921875 0.88232421875 0.4580078125 0.875 0.4501953125 0.8671875 0.4462890625
5 0.6923828125 0.46484375 0.6923828125 0.5146484375 0.6923828125 0.521484375 0.6884765625 0.5224609375 0.68701171875 0.5224609375 0.6865234375 0.517578125 0.67333984375 0.5185546875 0.67236328125 0.521484375 0.6708984375 0.521484375 0.6689453125 0.517578125 0.66650390625 0.5166015625 0.666015625 0.5185546875 0.66455078125 0.5205078125 0.66162109375 0.5205078125 0.6611328125 0.498046875 0.66259765625 0.4775390625 0.66455078125 0.4609375 0.67138671875 0.4599609375 0.685546875 0.4609375 0.6904296875 0.4619140625
