0 0.1943359375 0.453125 0.3603515625 0.466796875 0.50341796875 0.427734375 0.53466796875 0.423828125 0.55908203125 0.4228515625 0.607421875 0.443359375 0.7001953125 0.453125 0.8310546875 0.4384765625 1.0 0.54296875 1.0 1.0 0.0 1.0 0.0 0.52734375
4 0.47705078125 0.2998046875 0.4794921875 0.30078125 0.482421875 0.3017578125 0.48583984375 0.3037109375 0.486328125 0.3017578125 0.486328125 0.2978515625 0.48779296875 0.29296875 0.490234375 0.2890625 0.49072265625 0.2890625 0.494140625 0.2890625 0.49560546875 0.291015625 0.49755859375 0.29296875 0.50048828125 0.291015625 0.50244140625 0.291015625 0.5068359375 0.291015625 0.51025390625 0.291015625 0.5126953125 0.29296875 0.51611328125 0.29296875 0.51611328125 0.2998046875 0.5146484375 0.3037109375 0.517578125 0.3076171875 0.51904296875 0.3173828125 0.5205078125 0.3232421875 0.5224609375 0.3291015625 0.52587890625 0.34375 0.52880859375 0.349609375 0.5322265625 0.3583984375 0.533203125 0.36328125 0.53466796875 0.3642578125 0.5361328125 0.365234375 0.53759765625 0.3681640625 0.53466796875 0.3779296875 0.53564453125 0.3828125 0.537109375 0.38671875 0.5390625 0.3935546875 0.54150390625 0.3984375 0.5439453125 0.3935546875 0.5458984375 0.396484375 0.5478515625 0.3974609375 0.54736328125 0.384765625 0.544921875 0.37890625 0.5458984375 0.3720703125 0.54833984375 0.361328125 0.54736328125 0.357421875 0.54833984375 0.3515625 0.54931640625 0.349609375 0.54833984375 0.341796875 0.55078125 0.33984375 0.5556640625 0.33203125 0.55517578125 0.3251953125 0.55322265625 0.3173828125 0.5576171875 0.3076171875 0.56103515625 0.302734375 0.5654296875 0.30078125 0.57080078125 0.302734375 0.57080078125 0.302734375 0.5712890625 0.30078125 0.57421875 0.2978515625 0.578125 0.2978515625 0.58056640625 0.3037109375 0.583984375 0.3056640625 0.591796875 0.3134765625 0.59326171875 0.328125 0.5966796875 0.3603515625 0.59033203125 0.421875 0.548828125 0.423828125 0.52001953125 0.42578125 0.48046875 0.4345703125
1 0.4248046875 0.4404296875 0.49658203125 0.4296875 0.498046875 0.4443359375 0.462890625 0.4658203125 0.439453125 0.4765625 0.4033203125 0.4794921875 0.33251953125 0.4873046875 0.2802734375 0.4912109375 0.22607421875 0.4931640625 0.2265625 0.466796875 0.36083984375 0.458984375 0.4208984375 0.443359375
1 0.6083984375 0.421875 0.67236328125 0.4296875 0.80322265625 0.4208984375 0.7783203125 0.4638671875 0.7265625 0.466796875 0.66748046875 0.46484375 0.64208984375 0.46484375 0.623046875 0.4599609375
1 0.72119140625 0.478515625 0.81298828125 0.4716796875 1.0 0.494140625 1.0 0.6767578125 0.92041015625 0.6376953125 0.8388671875 0.5908203125 0.77685546875 0.5595703125 0.7265625 0.529296875 0.68798828125 0.5068359375 0.68115234375 0.4990234375 0.6826171875 0.4921875 0.69140625 0.484375 0.7001953125 0.4814453125 0.7158203125 0.4794921875
2 0.583984375 0.328125 0.59130859375 0.3115234375 0.607421875 0.3076171875 0.6123046875 0.3388671875 0.58740234375 0.3701171875 0.5869140625 0.353515625 0.5859375 0.34375
4 0.59521484375 0.42578125 0.58837890625 0.4111328125 0.58447265625 0.4013671875 0.58251953125 0.392578125 0.58203125 0.3818359375 0.58251953125 0.3720703125 0.5830078125 0.357421875 0.58544921875 0.3447265625 0.5888671875 0.337890625 0.59130859375 0.3330078125 0.59423828125 0.3291015625 0.59814453125 0.3173828125 0.60009765625 0.3125 0.6025390625 0.3017578125 0.60546875 0.2919921875 0.60888671875 0.27734375 0.60888671875 0.2734375 0.61083984375 0.271484375 0.615234375 0.271484375 0.61962890625 0.2607421875 0.623046875 0.287109375 0.62158203125 0.4345703125
2 0.61669921875 0.2109375 0.6552734375 0.2099609375 0.65380859375 0.2060546875 0.654296875 0.2001953125 0.65673828125 0.1962890625 0.66064453125 0.1962890625 0.66357421875 0.2001953125 0.6640625 0.2080078125 0.6640625 0.2099609375 0.666015625 0.2109375 0.6650390625 0.1611328125 0.66650390625 0.1611328125 0.66650390625 0.1162109375 0.66796875 0.1162109375 0.6689453125 0.16015625 0.67236328125 0.16015625 0.67236328125 0.126953125 0.6708984375 0.125 0.67578125 0.0439453125 0.6787109375 0.0 0.76806640625 0.0 0.798828125 0.1962890625 0.79345703125 0.4482421875 0.7734375 0.4482421875 0.72802734375 0.455078125 0.6923828125 0.455078125 0.66650390625 0.4501953125 0.6357421875 0.4404296875 0.63525390625 0.4384765625 0.6162109375 0.43359375 0.6083984375 0.421875 0.60986328125 0.384765625 0.61669921875 0.384765625 0.615234375 0.265625 0.6123046875 0.263671875
2 0.748046875 0.0 0.99951171875 0.0009765625 0.99951171875 0.5126953125 0.9228515625 0.5009765625 0.88720703125 0.4892578125 0.861328125 0.486328125 0.8310546875 0.48046875 0.787109375 0.4765625 0.78369140625 0.294921875 0.7802734375 0.2958984375 0.77783203125 0.2919921875 0.7724609375 0.287109375 0.765625 0.2861328125 0.75732421875 0.2880859375 0.75732421875 0.2802734375 0.75439453125 0.2734375 0.75390625 0.263671875 0.748046875 0.2607421875 0.74658203125 0.251953125 0.75146484375 0.2490234375 0.75146484375 0.2158203125 0.74951171875 0.2138671875 0.74853515625 0.2060546875 0.7529296875 0.1982421875 0.751953125 0.078125 0.74853515625 0.060546875 0.74951171875 0.0419921875
2 0.41748046875 0.2060546875 0.42822265625 0.21484375 0.43505859375 0.22265625 0.43505859375 0.2138671875 0.4384765625 0.2158203125 0.43896484375 0.2294921875 0.44189453125 0.236328125 0.45556640625 0.2412109375 0.4560546875 0.2412109375 0.45703125 0.2451171875 0.45751953125 0.251953125 0.45654296875 0.2548828125 0.4677734375 0.2548828125 0.47021484375 0.2607421875 0.47021484375 0.2802734375 0.478515625 0.2939453125 0.4775390625 0.3173828125 0.48779296875 0.318359375 0.4873046875 0.3349609375 0.482421875 0.3349609375 0.482421875 0.345703125 0.490234375 0.3642578125 0.4912109375 0.4287109375 0.490234375 0.4365234375 0.47802734375 0.4404296875 0.4541015625 0.44140625 0.4189453125 0.4404296875
5 0.44873046875 0.41796875 0.453125 0.4228515625 0.4560546875 0.42578125 0.45751953125 0.431640625 0.45751953125 0.44140625 0.45458984375 0.443359375 0.45166015625 0.447265625 0.44970703125 0.4453125 0.44873046875 0.443359375 0.4384765625 0.4443359375 0.43701171875 0.4462890625 0.4345703125 0.4462890625 0.431640625 0.4453125 0.43017578125 0.4208984375 0.43505859375 0.41796875 0.4404296875 0.41796875 0.44482421875 0.41796875
4 0.470703125 0.4169921875 0.474609375 0.4169921875 0.47900390625 0.4267578125 0.4814453125 0.427734375 0.484375 0.4267578125 0.48681640625 0.4296875 0.4873046875 0.43359375 0.484375 0.4384765625 0.48193359375 0.44140625 0.47705078125 0.443359375 0.47314453125 0.4462890625 0.47021484375 0.4453125 0.4677734375 0.4443359375 0.46630859375 0.4423828125 0.46728515625 0.43359375 0.4677734375 0.427734375 0.46923828125 0.423828125
2 0.208984375 0.001953125 0.36767578125 0.001953125 0.39990234375 0.0830078125 0.416015625 0.1279296875 0.416015625 0.1357421875 0.41796875 0.1416015625 0.41845703125 0.1416015625 0.41748046875 0.146484375 0.4169921875 0.1494140625 0.41259765625 0.1552734375 0.41259765625 0.1806640625 0.4140625 0.18359375 0.41455078125 0.1865234375 0.41748046875 0.19140625 0.4169921875 0.1767578125 0.419921875 0.177734375 0.42041015625 0.1884765625 0.42578125 0.1904296875 0.42626953125 0.197265625 0.4287109375 0.197265625 0.42919921875 0.2177734375 0.435546875 0.2265625 0.43115234375 0.236328125 0.4326171875 0.3212890625 0.43505859375 0.44921875 0.40087890625 0.462890625 0.3623046875 0.474609375 0.2587890625 0.4794921875 0.25732421875 0.478515625 0.208984375 0.4853515625
1 0.232421875 0.501953125 0.28369140625 0.5009765625 0.3388671875 0.5 0.365234375 0.5009765625 0.37890625 0.5029296875 0.38232421875 0.5048828125 0.38330078125 0.5068359375 0.30517578125 0.5546875 0.22705078125 0.6005859375 0.099609375 0.6689453125 0.0 0.72265625 0.0009765625 0.53515625
5 0.56982421875 0.408203125 0.583984375 0.4052734375 0.60693359375 0.4052734375 0.61767578125 0.4169921875 0.62744140625 0.431640625 0.6318359375 0.4404296875 0.63134765625 0.4619140625 0.62890625 0.4677734375 0.62646484375 0.46875 0.62158203125 0.4677734375 0.61962890625 0.462890625 0.61474609375 0.4638671875 0.60693359375 0.462890625 0.60546875 0.4677734375 0.6044921875 0.4697265625 0.59912109375 0.4697265625 0.59716796875 0.46875 0.59619140625 0.462890625 0.5947265625 0.46875 0.591796875 0.46875 0.5888671875 0.4658203125 0.58740234375 0.4638671875 0.58740234375 0.4638671875 0.578125 0.4619140625 0.5732421875 0.462890625 0.5712890625 0.4677734375 0.5654296875 0.4677734375 0.5634765625 0.4638671875 0.56103515625 0.453125 0.5625 0.4287109375 0.56494140625 0.416015625
2 0.22412109375 0.0 0.23291015625 0.5087890625 0.1923828125 0.517578125 0.17041015625 0.5205078125 0.1689453125 0.525390625 0.1494140625 0.525390625 0.111328125 0.5380859375 0.09423828125 0.54296875 0.078125 0.537109375 0.0 0.51953125 0.0 0.0009765625
4 0.07861328125 0.3525390625 0.08544921875 0.357421875 0.09033203125 0.375 0.09130859375 0.390625 0.091796875 0.408203125 0.091796875 0.4423828125 0.09326171875 0.458984375 0.09375 0.4736328125 0.0947265625 0.482421875 0.095703125 0.494140625 0.0947265625 0.5107421875 0.09326171875 0.5205078125 0.044921875 0.53125 0.0 0.5380859375 0.0 0.3505859375 0.01025390625 0.3515625 0.01953125 0.3525390625 0.02880859375 0.3505859375 0.03662109375 0.3505859375 0.04736328125 0.34765625 0.05078125 0.34765625 0.0576171875 0.34765625 0.064453125 0.3515625 0.06884765625 0.3525390625 0.0751953125 0.3515625
