0 1.0009765625 0.421875 0.63720703125 0.4052734375 0.46044921875 0.3994140625 0.2294921875 0.390625 0.0 0.390625 0.0 1.0 1.0 1.0
4 0.4169921875 0.341796875 0.421875 0.33203125 0.42431640625 0.3134765625 0.443359375 0.3125 0.44384765625 0.330078125 0.45068359375 0.33984375 0.45361328125 0.3447265625 0.45556640625 0.3447265625 0.46728515625 0.35546875 0.47314453125 0.3525390625 0.4755859375 0.3388671875 0.478515625 0.3369140625 0.48046875 0.3447265625 0.4892578125 0.345703125 0.49072265625 0.35546875 0.4921875 0.34765625 0.494140625 0.349609375 0.49853515625 0.34375 0.5 0.345703125 0.5029296875 0.337890625 0.50244140625 0.33203125 0.5048828125 0.3310546875 0.5078125 0.328125 0.5048828125 0.3193359375 0.50537109375 0.294921875 0.58837890625 0.30078125 0.5966796875 0.3798828125 0.58447265625 0.431640625 0.53955078125 0.4453125 0.51708984375 0.44140625 0.45849609375 0.4453125 0.42724609375 0.4482421875 0.40869140625 0.3486328125
2 0.2451171875 0.4462890625 0.158203125 0.4423828125 0.1513671875 0.4072265625 0.15087890625 0.337890625 0.158203125 0.3251953125 0.28564453125 0.3134765625 0.3916015625 0.31640625 0.39404296875 0.3330078125 0.40234375 0.3330078125 0.40771484375 0.337890625 0.41357421875 0.337890625 0.41552734375 0.3447265625 0.41845703125 0.3544921875 0.41552734375 0.443359375 0.359375 0.447265625
2 0.5791015625 0.298828125 0.5791015625 0.3251953125 0.578125 0.3359375 0.5810546875 0.3427734375 0.58251953125 0.3505859375 0.5849609375 0.349609375 0.58544921875 0.369140625 0.5810546875 0.3701171875 0.57763671875 0.380859375 0.57958984375 0.4189453125 0.5908203125 0.451171875 0.64306640625 0.455078125 0.68896484375 0.455078125 0.798828125 0.4521484375 0.8037109375 0.2958984375
4 1.0 0.2333984375 0.85498046875 0.255859375 0.8232421875 0.3232421875 0.82666015625 0.4443359375 1.0 0.455078125
2 0.0498046875 0.3291015625 0.02001953125 0.3056640625 0.0 0.3056640625 0.0 0.439453125 0.0439453125 0.44140625
1 0.2421875 0.455078125 0.20166015625 0.44921875 0.1533203125 0.451171875 0.08935546875 0.44921875 0.03955078125 0.4501953125 0.0 0.447265625 0.00048828125 0.435546875 0.0400390625 0.4375 0.10693359375 0.4384765625 0.1669921875 0.4384765625 0.21240234375 0.439453125 0.24853515625 0.4375
5 0.021484375 0.42578125 0.01123046875 0.41796875 0.00341796875 0.4150390625 0.0 0.416015625 0.0 0.4423828125 0.0224609375 0.4423828125 0.0234375 0.43359375
1 0.19189453125 0.4697265625 0.130859375 0.4833984375 0.0 0.5087890625 0.00048828125 0.4619140625 0.02734375 0.4599609375 0.06005859375 0.4599609375 0.1103515625 0.458984375 0.15869140625 0.462890625 0.18310546875 0.46484375 0.234375 0.462890625
1 0.2490234375 0.5498046875 0.1318359375 0.6123046875 0.0 0.6884765625 0.00048828125 0.5654296875 0.10986328125 0.5341796875 0.21875 0.4990234375 0.24755859375 0.4873046875
1 0.67919921875 0.4658203125 0.62890625 0.4638671875 0.59716796875 0.4609375 0.58740234375 0.4599609375 0.53759765625 0.4482421875 0.5244140625 0.4453125 0.525390625 0.443359375 0.5419921875 0.44140625 0.58935546875 0.44140625 0.6328125 0.4423828125 0.64306640625 0.439453125 0.6904296875 0.4423828125
5 0.64111328125 0.421875 0.6328125 0.4287109375 0.6318359375 0.439453125 0.6337890625 0.4462890625 0.63720703125 0.44921875 0.6416015625 0.4462890625
5 0.51611328125 0.412109375 0.501953125 0.412109375 0.4921875 0.4130859375 0.50439453125 0.447265625 0.51123046875 0.447265625 0.5146484375 0.4521484375 0.51953125 0.453125 0.5234375 0.4501953125 0.52685546875 0.4462890625 0.5322265625 0.4443359375 0.533203125 0.439453125 0.53076171875 0.4228515625 0.52392578125 0.4130859375 0.52099609375 0.412109375
4 0.23388671875 0.4169921875 0.21435546875 0.41796875 0.212890625 0.4140625 0.16064453125 0.4150390625 0.16064453125 0.4375 0.1953125 0.4384765625 0.21484375 0.4384765625 0.23486328125 0.4375
4 0.06298828125 0.37890625 0.06884765625 0.3720703125 0.06640625 0.3623046875 0.06689453125 0.3525390625 0.07080078125 0.3544921875 0.0673828125 0.3359375 0.07421875 0.3388671875 0.06982421875 0.3193359375 0.0615234375 0.314453125 0.056640625 0.318359375 0.05419921875 0.3095703125 0.0498046875 0.30859375 0.04736328125 0.3125 0.04248046875 0.30859375 0.03662109375 0.3125 0.029296875 0.31640625 0.0224609375 0.3193359375 0.01708984375 0.3193359375 0.015625 0.3115234375 0.009765625 0.3125 0.00732421875 0.3134765625 0.0087890625 0.306640625 0.00390625 0.302734375 0.0 0.302734375 0.0 0.0 0.00146484375 0.0048828125 0.001953125 0.0185546875 0.005859375 0.0126953125 0.00732421875 0.0234375 0.0107421875 0.0302734375 0.005859375 0.0400390625 0.01025390625 0.0400390625 0.0126953125 0.03515625 0.0166015625 0.046875 0.0146484375 0.0546875 0.02685546875 0.0517578125 0.03564453125 0.0400390625 0.03564453125 0.056640625 0.02734375 0.0634765625 0.03662109375 0.072265625 0.0380859375 0.078125 0.02734375 0.0751953125 0.02490234375 0.083984375 0.029296875 0.0927734375 0.0263671875 0.1044921875 0.02978515625 0.111328125 0.03466796875 0.111328125 0.0419921875 0.10546875 0.0419921875 0.1142578125 0.0400390625 0.1259765625 0.0322265625 0.134765625 0.04052734375 0.1328125 0.037109375 0.1396484375 0.0439453125 0.1455078125 0.0478515625 0.1259765625 0.05224609375 0.1484375 0.0556640625 0.1455078125 0.0546875 0.138671875 0.06005859375 0.1337890625 0.05859375 0.12109375 0.0625 0.109375 0.0634765625 0.095703125 0.07373046875 0.0966796875 0.08349609375 0.0771484375 0.08447265625 0.0966796875 0.08935546875 0.111328125 0.09033203125 0.1181640625 0.09521484375 0.1083984375 0.1015625 0.111328125 0.10546875 0.1220703125 0.107421875 0.130859375 0.109375 0.13671875 0.10791015625 0.1484375 0.111328125 0.1552734375 0.1240234375 0.1494140625 0.12890625 0.150390625 0.13525390625 0.1650390625 0.1357421875 0.1728515625 0.1298828125 0.185546875 0.13525390625 0.1943359375 0.13037109375 0.1982421875 0.13037109375 0.2080078125 0.13427734375 0.212890625 0.142578125 0.2314453125 0.14013671875 0.240234375 0.14404296875 0.2509765625 0.134765625 0.2646484375 0.13623046875 0.279296875 0.1396484375 0.2919921875 0.14453125 0.2890625 0.1474609375 0.29296875 0.1435546875 0.298828125 0.1455078125 0.3076171875 0.1396484375 0.310546875 0.1328125 0.3056640625 0.1181640625 0.3125 0.10400390625 0.3203125 0.0966796875 0.3203125 0.0908203125 0.3056640625 0.0849609375 0.3203125 0.08056640625 0.326171875 0.08056640625 0.3544921875 0.0791015625 0.451171875 0.080078125 0.466796875 0.0751953125 0.4658203125 0.07373046875 0.43359375 0.0751953125 0.4091796875 0.07421875 0.3974609375 0.068359375 0.3916015625 0.0654296875 0.384765625
2 0.23388671875 0.33203125 0.23388671875 0.33984375 0.2421875 0.3447265625 0.2421875 0.451171875 0.23876953125 0.453125 0.2392578125 0.4677734375 0.240234375 0.470703125 0.240234375 0.4912109375 0.23876953125 0.5029296875 0.2421875 0.5029296875 0.27783203125 0.5009765625 0.32763671875 0.3466796875 0.3193359375 0.3349609375 0.30322265625 0.337890625 0.29541015625 0.333984375
1 0.88232421875 0.4765625 0.8095703125 0.4716796875 0.8056640625 0.4638671875 0.81591796875 0.462890625 0.8486328125 0.4599609375 1.0 0.4638671875 0.99560546875 0.4794921875 0.95947265625 0.4794921875 0.9375 0.478515625
3 0.8134765625 0.43359375 0.81298828125 0.4658203125 0.84912109375 0.4658203125 0.88671875 0.466796875 0.98974609375 0.4736328125 0.9970703125 0.4736328125 0.9970703125 0.435546875 0.9384765625 0.4345703125 0.875 0.4326171875
1 1.0 0.6845703125 0.88916015625 0.626953125 0.81494140625 0.587890625 0.7822265625 0.576171875 0.8115234375 0.48046875 0.837890625 0.4814453125 0.880859375 0.4853515625 1.0 0.49609375
4 0.89306640625 0.4228515625 0.89599609375 0.412109375 0.8984375 0.4091796875 0.9013671875 0.38671875 0.9208984375 0.3740234375 0.93115234375 0.404296875 0.93115234375 0.421875 0.935546875 0.421875 0.93505859375 0.4326171875 0.9306640625 0.4345703125 0.9306640625 0.44140625 0.93505859375 0.439453125 0.93505859375 0.44921875 0.92919921875 0.455078125 0.93896484375 0.455078125 0.939453125 0.4619140625 0.9287109375 0.466796875 0.9189453125 0.4853515625 0.88037109375 0.4814453125 0.88232421875 0.4716796875 0.8857421875 0.4716796875 0.88330078125 0.455078125 0.88330078125 0.4443359375 0.888671875 0.4384765625 0.89111328125 0.44140625 0.892578125 0.4345703125
5 0.50732421875 0.453125 0.50634765625 0.439453125 0.5048828125 0.4345703125 0.5068359375 0.4345703125 0.5078125 0.43359375 0.5087890625 0.4306640625 0.5078125 0.427734375 0.50439453125 0.4267578125 0.50341796875 0.4287109375 0.49951171875 0.4130859375 0.4970703125 0.4091796875 0.4951171875 0.4072265625 0.482421875 0.40625 0.4716796875 0.40625 0.47021484375 0.404296875 0.46923828125 0.4052734375 0.46826171875 0.408203125 0.46630859375 0.4111328125 0.46337890625 0.4228515625 0.46142578125 0.4296875 0.45849609375 0.4287109375 0.4560546875 0.431640625 0.4560546875 0.435546875 0.45703125 0.4375 0.45947265625 0.439453125 0.45849609375 0.4521484375 0.4580078125 0.4814453125 0.45947265625 0.486328125 0.4658203125 0.486328125 0.46630859375 0.482421875 0.466796875 0.4765625 0.484375 0.4765625 0.49951171875 0.4775390625 0.49951171875 0.4853515625 0.50146484375 0.4873046875 0.50537109375 0.486328125 0.5068359375 0.4833984375 0.5068359375 0.4638671875
5 0.591796875 0.4677734375 0.59130859375 0.453125 0.58837890625 0.4384765625 0.5888671875 0.43359375 0.587890625 0.4306640625 0.58544921875 0.4296875 0.5830078125 0.4208984375 0.5810546875 0.4150390625 0.578125 0.412109375 0.56396484375 0.41015625 0.55078125 0.4111328125 0.54736328125 0.4140625 0.54345703125 0.4228515625 0.541015625 0.4296875 0.5390625 0.4296875 0.5361328125 0.4306640625 0.53564453125 0.43359375 0.53564453125 0.435546875 0.53857421875 0.4375 0.53955078125 0.4375 0.5380859375 0.4453125 0.53759765625 0.4638671875 0.53759765625 0.4765625 0.5380859375 0.4814453125 0.5390625 0.4833984375 0.54150390625 0.4833984375 0.54248046875 0.486328125 0.54443359375 0.4873046875 0.5478515625 0.4873046875 0.548828125 0.484375 0.548828125 0.4794921875 0.56298828125 0.4775390625 0.5771484375 0.4794921875 0.5771484375 0.4833984375 0.580078125 0.486328125 0.58349609375 0.4853515625 0.5849609375 0.48828125 0.5908203125 0.48828125 0.591796875 0.4794921875
5 0.4189453125 0.3486328125 0.380859375 0.3486328125 0.37841796875 0.3505859375 0.3779296875 0.3544921875 0.3740234375 0.396484375 0.37353515625 0.4189453125 0.37353515625 0.4267578125 0.3740234375 0.4306640625 0.37353515625 0.453125 0.37353515625 0.466796875 0.3740234375 0.47265625 0.375 0.484375 0.3759765625 0.490234375 0.37744140625 0.4912109375 0.38037109375 0.490234375 0.38134765625 0.4873046875 0.38134765625 0.4794921875 0.38330078125 0.4794921875 0.38427734375 0.4833984375 0.388671875 0.482421875 0.388671875 0.478515625 0.4169921875 0.4775390625 0.421875 0.4775390625 0.4228515625 0.486328125 0.42431640625 0.4892578125 0.4287109375 0.48828125 0.42919921875 0.4833984375 0.4326171875 0.4814453125 0.43310546875 0.4638671875 0.4326171875 0.45703125 0.4326171875 0.4443359375 0.43212890625 0.4287109375 0.43408203125 0.4248046875 0.43310546875 0.4208984375 0.4306640625 0.4189453125 0.42919921875 0.39453125 0.42529296875 0.3603515625 0.42333984375 0.3544921875
5 0.27197265625 0.345703125 0.263671875 0.34765625 0.2587890625 0.3515625 0.2548828125 0.3603515625 0.25146484375 0.37890625 0.24658203125 0.4169921875 0.244140625 0.4560546875 0.2431640625 0.48046875 0.2421875 0.5068359375 0.2431640625 0.5205078125 0.2451171875 0.533203125 0.2451171875 0.5556640625 0.24560546875 0.5673828125 0.248046875 0.5791015625 0.2490234375 0.580078125 0.25927734375 0.578125 0.2626953125 0.5703125 0.26416015625 0.544921875 0.2734375 0.546875 0.27490234375 0.544921875 0.275390625 0.5419921875 0.2783203125 0.54296875 0.27978515625 0.5517578125 0.28125 0.5576171875 0.2900390625 0.5576171875 0.29248046875 0.552734375 0.29345703125 0.541015625 0.31689453125 0.541015625 0.33203125 0.5400390625 0.3330078125 0.5439453125 0.33984375 0.544921875 0.34033203125 0.564453125 0.34228515625 0.57421875 0.3447265625 0.5751953125 0.35400390625 0.57421875 0.35546875 0.564453125 0.35546875 0.537109375 0.35888671875 0.5380859375 0.359375 0.552734375 0.36083984375 0.5556640625 0.37109375 0.5546875 0.3720703125 0.541015625 0.3720703125 0.509765625 0.3720703125 0.4892578125 0.37109375 0.4677734375 0.3671875 0.44921875 0.37060546875 0.447265625 0.37451171875 0.4453125 0.37548828125 0.44140625 0.37451171875 0.4375 0.375 0.43359375 0.3740234375 0.4267578125 0.37158203125 0.4248046875 0.3662109375 0.4267578125 0.36474609375 0.4296875 0.3642578125 0.435546875 0.361328125 0.4189453125 0.35498046875 0.3896484375 0.3505859375 0.373046875 0.3466796875 0.365234375 0.33544921875 0.349609375 0.32666015625 0.3447265625
4 0.6416015625 0.1220703125 0.63671875 0.1240234375 0.6357421875 0.109375 0.63232421875 0.11328125 0.630859375 0.1015625 0.62890625 0.095703125 0.63037109375 0.091796875 0.63427734375 0.099609375 0.63232421875 0.0859375 0.63720703125 0.080078125 0.64599609375 0.08203125 0.64208984375 0.0693359375 0.634765625 0.0390625 0.65087890625 0.0361328125 0.65380859375 0.0419921875 0.65673828125 0.037109375 0.66015625 0.03515625 0.66162109375 0.02734375 0.6640625 0.01953125 0.6669921875 0.02734375 0.669921875 0.03125 0.67724609375 0.0341796875 0.67822265625 0.0244140625 0.673828125 0.0166015625 0.6748046875 0.0078125 0.67431640625 0.0 1.0 0.0009765625 1.0 0.1640625 0.9951171875 0.1845703125 0.9873046875 0.1904296875 0.974609375 0.1884765625 0.9609375 0.177734375 0.96044921875 0.1630859375 0.95703125 0.1611328125 0.9541015625 0.1669921875 0.931640625 0.1689453125 0.93115234375 0.2119140625 0.9326171875 0.259765625 0.9384765625 0.2763671875 0.93212890625 0.30078125 0.93212890625 0.349609375 0.9306640625 0.44140625 0.92919921875 0.5205078125 0.9365234375 0.515625 0.9423828125 0.513671875 0.9443359375 0.51953125 0.93896484375 0.53515625 0.935546875 0.546875 0.93798828125 0.5625 0.9267578125 0.564453125 0.91455078125 0.5595703125 0.91796875 0.458984375 0.91943359375 0.361328125 0.91845703125 0.3359375 0.9072265625 0.30078125 0.90576171875 0.2822265625 0.9052734375 0.259765625 0.91162109375 0.2451171875 0.91552734375 0.2275390625 0.919921875 0.216796875 0.921875 0.2138671875 0.92236328125 0.1669921875 0.908203125 0.162109375 0.904296875 0.171875 0.8955078125 0.16796875 0.8896484375 0.1787109375 0.89013671875 0.1845703125 0.89697265625 0.1806640625 0.90283203125 0.181640625 0.8994140625 0.2021484375 0.8916015625 0.2138671875 0.89599609375 0.240234375 0.8759765625 0.2421875 0.85400390625 0.24609375 0.8310546875 0.2373046875 0.82666015625 0.2216796875 0.83349609375 0.2099609375 0.82275390625 0.216796875 0.81201171875 0.2275390625 0.8095703125 0.2119140625 0.79052734375 0.220703125 0.7880859375 0.21484375 0.787109375 0.224609375 0.78857421875 0.2353515625 0.78759765625 0.2587890625 0.787109375 0.2802734375 0.79248046875 0.2734375 0.798828125 0.2763671875 0.79736328125 0.29296875 0.78857421875 0.314453125 0.78857421875 0.3388671875 0.78466796875 0.3603515625 0.78515625 0.3759765625 0.78466796875 0.392578125 0.7822265625 0.404296875 0.77978515625 0.4208984375 0.77294921875 0.4189453125 0.77294921875 0.400390625 0.7724609375 0.376953125 0.77392578125 0.357421875 0.7685546875 0.34375 0.76708984375 0.337890625 0.759765625 0.3076171875 0.755859375 0.2890625 0.7431640625 0.27734375 0.74462890625 0.255859375 0.7333984375 0.2529296875 0.72509765625 0.25390625 0.71826171875 0.271484375 0.72119140625 0.2861328125 0.734375 0.2919921875 0.74169921875 0.298828125 0.724609375 0.318359375 0.71044921875 0.3173828125 0.7021484375 0.3251953125 0.70361328125 0.345703125 0.70751953125 0.349609375 0.7099609375 0.365234375 0.70751953125 0.3818359375 0.70703125 0.40234375 0.7041015625 0.4267578125 0.6962890625 0.4189453125 0.69677734375 0.40625 0.6953125 0.37109375 0.6796875 0.3212890625 0.68798828125 0.330078125 0.689453125 0.3154296875 0.68408203125 0.298828125 0.65869140625 0.28125 0.66357421875 0.2685546875 0.65576171875 0.259765625 0.65625 0.2509765625 0.640625 0.224609375 0.63671875 0.208984375 0.6376953125 0.1962890625 0.63525390625 0.1845703125 0.64111328125 0.1708984375 0.63427734375 0.1484375 0.6376953125 0.134765625
5 0.73388671875 0.3955078125 0.71533203125 0.3974609375 0.69140625 0.4072265625 0.68994140625 0.4140625 0.68994140625 0.41796875 0.68408203125 0.439453125 0.6767578125 0.4599609375 0.67333984375 0.4501953125 0.666015625 0.4462890625 0.662109375 0.4541015625 0.662109375 0.4580078125 0.66357421875 0.46484375 0.66796875 0.4677734375 0.6708984375 0.4677734375 0.6630859375 0.484375 0.65966796875 0.4970703125 0.6591796875 0.5166015625 0.6591796875 0.521484375 0.65869140625 0.5458984375 0.65966796875 0.5654296875 0.66162109375 0.5791015625 0.6630859375 0.580078125 0.67333984375 0.5810546875 0.6767578125 0.57421875 0.6767578125 0.568359375 0.6796875 0.5654296875 0.68701171875 0.5712890625 0.68896484375 0.58984375 0.69140625 0.6005859375 0.69482421875 0.6064453125 0.703125 0.6083984375 0.70751953125 0.6044921875 0.7099609375 0.59375 0.7119140625 0.5751953125 0.734375 0.5732421875 0.75390625 0.576171875 0.75927734375 0.5830078125 0.76416015625 0.5830078125 0.7685546875 0.5771484375 0.78857421875 0.578125 0.791015625 0.5869140625 0.79345703125 0.5908203125 0.79736328125 0.60546875 0.80078125 0.6083984375 0.80810546875 0.609375 0.81396484375 0.60546875 0.81787109375 0.58984375 0.81884765625 0.564453125 0.818359375 0.5419921875 0.818359375 0.515625 0.81689453125 0.509765625 0.8134765625 0.4873046875 0.81103515625 0.4697265625 0.80322265625 0.4560546875 0.79541015625 0.4248046875 0.7900390625 0.4091796875 0.77392578125 0.400390625 0.75146484375 0.396484375
