0 0.0 0.6474609375 0.41552734375 0.4755859375 0.50830078125 0.427734375 0.5380859375 0.4287109375 0.65576171875 0.4794921875 0.86083984375 0.5634765625 0.9404296875 0.5986328125 1.0 0.6318359375 0.99951171875 1.0 0.0 1.0
4 0.49658203125 0.37890625 0.49755859375 0.3671875 0.4990234375 0.361328125 0.5009765625 0.361328125 0.5048828125 0.359375 0.50537109375 0.359375 0.5087890625 0.3603515625 0.5126953125 0.3583984375 0.515625 0.3544921875 0.51953125 0.3505859375 0.5224609375 0.3505859375 0.52685546875 0.3505859375 0.53076171875 0.3515625 0.5390625 0.353515625 0.5517578125 0.3720703125 0.5537109375 0.42578125 0.498046875 0.4189453125
2 0.5302734375 0.39453125 0.53076171875 0.43359375 0.509765625 0.43359375 0.49951171875 0.4384765625 0.4921875 0.4384765625 0.4755859375 0.4443359375 0.4609375 0.4443359375 0.451171875 0.4453125 0.447265625 0.2646484375 0.44921875 0.2646484375 0.45556640625 0.263671875 0.4560546875 0.29296875 0.45947265625 0.29296875 0.46044921875 0.2734375 0.46240234375 0.2744140625 0.46337890625 0.2978515625 0.4716796875 0.2978515625 0.47265625 0.3017578125 0.4755859375 0.3046875 0.4755859375 0.314453125 0.48486328125 0.3330078125 0.48486328125 0.3349609375 0.484375 0.3349609375 0.484375 0.34375 0.4892578125 0.3525390625 0.48974609375 0.3515625 0.4931640625 0.3515625 0.4931640625 0.3623046875 0.49951171875 0.3720703125 0.517578125 0.3720703125
4 0.4609375 0.33203125 0.46875 0.326171875 0.46875 0.3359375 0.4697265625 0.3447265625 0.4716796875 0.3544921875 0.4736328125 0.3583984375 0.47607421875 0.369140625 0.4775390625 0.3798828125 0.48095703125 0.384765625 0.48291015625 0.39453125 0.48291015625 0.404296875 0.48193359375 0.4091796875 0.47802734375 0.4091796875 0.474609375 0.4150390625 0.4716796875 0.4208984375 0.4697265625 0.42578125 0.466796875 0.42578125 0.46533203125 0.4248046875 0.4658203125 0.4453125 0.46484375 0.4453125 0.4638671875 0.4228515625 0.4609375 0.41796875 0.45654296875 0.4111328125 0.4521484375 0.4091796875 0.44970703125 0.4033203125 0.44921875 0.3916015625 0.44921875 0.380859375 0.44775390625 0.3720703125 0.44921875 0.3642578125 0.44921875 0.3583984375 0.44970703125 0.3515625 0.45556640625 0.33984375 0.45703125 0.33203125
2 0.404296875 0.201171875 0.4189453125 0.228515625 0.4404296875 0.255859375 0.451171875 0.27734375 0.45458984375 0.4443359375 0.43896484375 0.4482421875 0.416015625 0.4521484375 0.384765625 0.4501953125 0.39404296875 0.1845703125
4 0.400390625 0.3447265625 0.4052734375 0.3388671875 0.40673828125 0.33203125 0.40869140625 0.326171875 0.41259765625 0.322265625 0.41748046875 0.3212890625 0.42138671875 0.3212890625 0.42724609375 0.3271484375 0.42919921875 0.3359375 0.43017578125 0.345703125 0.43017578125 0.3564453125 0.431640625 0.36328125 0.43212890625 0.3720703125 0.43115234375 0.3828125 0.4296875 0.3955078125 0.4287109375 0.4072265625 0.4267578125 0.416015625 0.42626953125 0.431640625 0.42431640625 0.455078125 0.41259765625 0.45703125 0.3955078125 0.453125
2 0.0009765625 0.0009765625 0.14892578125 0.0 0.150390625 0.0185546875 0.1533203125 0.0107421875 0.2177734375 0.015625 0.2177734375 0.0 0.22802734375 0.0 0.22802734375 0.0166015625 0.23779296875 0.001953125 0.31298828125 0.0029296875 0.3603515625 0.095703125 0.36962890625 0.1162109375 0.37939453125 0.1318359375 0.3798828125 0.1455078125 0.40576171875 0.1943359375 0.40625 0.2294921875 0.40625 0.23828125 0.404296875 0.24609375 0.404296875 0.2705078125 0.4052734375 0.2705078125 0.40576171875 0.384765625 0.40625 0.40625 0.39990234375 0.408203125 0.39892578125 0.45703125 0.3916015625 0.4619140625 0.3818359375 0.46484375 0.36328125 0.470703125 0.3525390625 0.4736328125 0.32666015625 0.4814453125 0.1875 0.4931640625 0.12109375 0.5 0.02734375 0.4658203125 0.0 0.451171875
4 0.16455078125 0.2646484375 0.1630859375 0.2548828125 0.1630859375 0.2470703125 0.16259765625 0.2412109375 0.16162109375 0.2353515625 0.162109375 0.23046875 0.1650390625 0.2265625 0.166015625 0.220703125 0.166015625 0.2138671875 0.16796875 0.2080078125 0.16796875 0.2021484375 0.16748046875 0.1923828125 0.16943359375 0.1826171875 0.1708984375 0.1748046875 0.17529296875 0.1689453125 0.18310546875 0.173828125 0.18408203125 0.1943359375 0.18603515625 0.2080078125 0.189453125 0.2119140625 0.18994140625 0.2314453125 0.19384765625 0.236328125 0.19482421875 0.2412109375 0.19287109375 0.2509765625 0.1923828125 0.2568359375 0.19287109375 0.26953125 0.19482421875 0.2841796875 0.19384765625 0.3017578125 0.193359375 0.3125 0.19580078125 0.32421875 0.197265625 0.341796875 0.1982421875 0.35546875 0.2001953125 0.369140625 0.19970703125 0.3876953125 0.203125 0.3984375 0.2060546875 0.4052734375 0.2109375 0.4091796875 0.2158203125 0.4091796875 0.21826171875 0.416015625 0.224609375 0.4296875 0.228515625 0.443359375 0.228515625 0.46484375 0.12451171875 0.4765625 0.1279296875 0.435546875 0.1318359375 0.400390625 0.1357421875 0.384765625 0.14111328125 0.361328125 0.14306640625 0.3310546875 0.1455078125 0.31640625 0.15185546875 0.3037109375 0.15625 0.296875 0.15673828125 0.28515625 0.15869140625 0.2783203125 0.16064453125 0.2763671875 0.16162109375 0.2734375
3 0.16796875 0.43359375 0.22314453125 0.4296875 0.27197265625 0.431640625 0.2724609375 0.421875 0.27392578125 0.421875 0.27392578125 0.431640625 0.30029296875 0.4306640625 0.30126953125 0.46875 0.2734375 0.48046875 0.220703125 0.4794921875 0.16748046875 0.484375
3 0.111328125 0.4306640625 0.1533203125 0.43359375 0.15380859375 0.4921875 0.123046875 0.4931640625
4 0.10595703125 0.353515625 0.10693359375 0.361328125 0.10986328125 0.3740234375 0.1142578125 0.38671875 0.1162109375 0.3994140625 0.11669921875 0.4189453125 0.1005859375 0.4375 0.0791015625 0.4287109375 0.07763671875 0.4140625 0.07861328125 0.396484375 0.080078125 0.3876953125 0.083984375 0.3818359375 0.08740234375 0.3740234375 0.08935546875 0.369140625 0.09326171875 0.361328125 0.09765625 0.35546875 0.10107421875 0.3515625 0.10205078125 0.3505859375
5 0.00732421875 0.3779296875 0.0234375 0.37890625 0.0302734375 0.3759765625 0.04541015625 0.373046875 0.0712890625 0.375 0.0849609375 0.380859375 0.09130859375 0.3876953125 0.0966796875 0.3955078125 0.10400390625 0.40234375 0.10986328125 0.4150390625 0.1162109375 0.4365234375 0.12353515625 0.45703125 0.12646484375 0.4677734375 0.1298828125 0.4755859375 0.1337890625 0.505859375 0.1337890625 0.5439453125 0.1328125 0.564453125 0.12841796875 0.58203125 0.12255859375 0.59765625 0.12109375 0.61328125 0.11962890625 0.6240234375 0.1181640625 0.634765625 0.1142578125 0.6455078125 0.10986328125 0.65234375 0.09423828125 0.6552734375 0.0859375 0.6435546875 0.08349609375 0.62890625 0.08056640625 0.623046875 0.0576171875 0.63671875 0.046875 0.6416015625 0.0302734375 0.65234375 0.01904296875 0.6572265625 0.01318359375 0.66015625 0.00927734375 0.6630859375 0.00390625 0.6650390625 0.0 0.6650390625 0.0 0.376953125 0.0009765625 0.3779296875 0.0048828125 0.3779296875
2 0.55029296875 0.34375 0.55615234375 0.337890625 0.56201171875 0.3369140625 0.56103515625 0.3115234375 0.56787109375 0.2978515625 0.57373046875 0.283203125 0.576171875 0.271484375 0.5791015625 0.25390625 0.5859375 0.2431640625 0.5859375 0.2197265625 0.58837890625 0.208984375 0.59033203125 0.1689453125 0.64990234375 0.1669921875 0.6513671875 0.166015625 0.65087890625 0.123046875 0.6728515625 0.099609375 0.6796875 0.09765625 0.67919921875 0.07421875 0.68017578125 0.0654296875 0.68359375 0.0654296875 0.68505859375 0.07421875 0.6884765625 0.07421875 0.68896484375 0.09375 0.6982421875 0.087890625 0.69775390625 0.005859375 0.69970703125 0.00390625 0.71533203125 0.00390625 0.71533203125 0.0595703125 0.72998046875 0.0341796875 0.74267578125 0.0126953125 0.75537109375 0.0 1.0 0.0029296875 1.0 0.646484375 0.84375 0.5712890625 0.625 0.4892578125 0.56787109375 0.453125 0.54443359375 0.4375
4 0.53369140625 0.4326171875 0.52880859375 0.42578125 0.52783203125 0.416015625 0.5263671875 0.4111328125 0.52734375 0.3994140625 0.533203125 0.373046875 0.537109375 0.3642578125 0.53857421875 0.3603515625 0.53857421875 0.3544921875 0.53759765625 0.34375 0.5400390625 0.3369140625 0.54345703125 0.3310546875 0.54443359375 0.322265625 0.54443359375 0.31640625 0.54638671875 0.310546875 0.5498046875 0.3076171875 0.5537109375 0.3076171875 0.55615234375 0.30859375 0.55712890625 0.31640625 0.5595703125 0.3251953125 0.56005859375 0.330078125 0.5615234375 0.337890625 0.56396484375 0.3447265625 0.56640625 0.349609375 0.5693359375 0.3564453125 0.5703125 0.36328125 0.5703125 0.3759765625 0.5703125 0.3818359375 0.56787109375 0.3857421875 0.56494140625 0.388671875 0.5615234375 0.3916015625 0.55859375 0.392578125 0.5556640625 0.390625 0.5517578125 0.3916015625 0.55078125 0.39453125 0.55078125 0.4375
4 0.58740234375 0.3193359375 0.58203125 0.322265625 0.576171875 0.3193359375 0.5693359375 0.31640625 0.56787109375 0.3134765625 0.5673828125 0.302734375 0.56494140625 0.2900390625 0.5634765625 0.2822265625 0.564453125 0.2724609375 0.564453125 0.2626953125 0.56396484375 0.244140625 0.56787109375 0.2421875 0.57275390625 0.2412109375 0.57568359375 0.2265625 0.57763671875 0.216796875 0.57470703125 0.203125 0.57421875 0.1982421875 0.5771484375 0.193359375 0.58056640625 0.1875 0.5859375 0.181640625 0.59033203125 0.18359375 0.5986328125 0.189453125 0.6044921875 0.1904296875 0.6171875 0.2001953125 0.62548828125 0.21875 0.62353515625 0.2509765625 0.62841796875 0.2568359375 0.626953125 0.26953125 0.6240234375 0.271484375 0.6142578125 0.27734375 0.6240234375 0.2822265625 0.625 0.2822265625 0.625 0.2939453125 0.62109375 0.2978515625 0.61474609375 0.2998046875 0.6181640625 0.306640625 0.62060546875 0.306640625 0.6240234375 0.306640625 0.623046875 0.314453125 0.62158203125 0.3173828125 0.61865234375 0.322265625 0.61083984375 0.3251953125 0.60595703125 0.3212890625 0.595703125 0.3193359375 0.5908203125 0.3173828125 0.5908203125 0.341796875 0.5908203125 0.39453125 0.58740234375 0.390625 0.587890625 0.3349609375 0.58740234375 0.328125
5 0.5634765625 0.41015625 0.56787109375 0.40234375 0.576171875 0.400390625 0.58349609375 0.400390625 0.583984375 0.458984375 0.5693359375 0.46875 0.5615234375 0.46875 0.55908203125 0.46484375 0.56103515625 0.44140625 0.56201171875 0.42578125 0.56298828125 0.4150390625
5 0.56982421875 0.427734375 0.57177734375 0.4228515625 0.57763671875 0.41796875 0.5810546875 0.416015625 0.578125 0.470703125 0.57275390625 0.4716796875 0.56640625 0.470703125 0.56494140625 0.462890625 0.56396484375 0.4521484375 0.56689453125 0.4345703125
5 0.58056640625 0.3955078125 0.5830078125 0.3876953125 0.58837890625 0.380859375 0.59375 0.37890625 0.623046875 0.376953125 0.625 0.3818359375 0.62744140625 0.3837890625 0.62841796875 0.384765625 0.62939453125 0.390625 0.63134765625 0.4091796875 0.5986328125 0.4775390625 0.59033203125 0.4794921875 0.59033203125 0.4853515625 0.58837890625 0.4921875 0.58349609375 0.490234375 0.5810546875 0.4873046875 0.57763671875 0.484375 0.57568359375 0.4794921875 0.57421875 0.4462890625 0.57568359375 0.431640625 0.5771484375 0.4208984375 0.57666015625 0.4130859375 0.578125 0.4111328125 0.5791015625 0.4013671875
4 0.6337890625 0.2578125 0.6318359375 0.2529296875 0.6259765625 0.24609375 0.61962890625 0.240234375 0.61083984375 0.2353515625 0.5947265625 0.21484375 0.595703125 0.201171875 0.60107421875 0.185546875 0.60595703125 0.181640625 0.60693359375 0.1748046875 0.6044921875 0.169921875 0.6005859375 0.1640625 0.59912109375 0.15625 0.603515625 0.1474609375 0.6044921875 0.1376953125 0.6025390625 0.125 0.60400390625 0.1123046875 0.60205078125 0.0986328125 0.60302734375 0.087890625 0.60595703125 0.0859375 0.611328125 0.0849609375 0.611328125 0.076171875 0.61083984375 0.06640625 0.6103515625 0.0576171875 0.6083984375 0.048828125 0.611328125 0.03515625 0.61376953125 0.0263671875 0.6142578125 0.017578125 0.61328125 0.0068359375 0.6171875 0.005859375 0.62060546875 0.001953125 0.63232421875 0.0 0.6435546875 0.0 0.64111328125 0.0048828125 0.642578125 0.0205078125 0.64501953125 0.029296875 0.64990234375 0.033203125 0.65234375 0.03515625 0.65576171875 0.037109375 0.65771484375 0.04296875 0.65771484375 0.0517578125 0.66064453125 0.0595703125 0.66015625 0.0673828125 0.65673828125 0.0830078125 0.65576171875 0.0908203125 0.6591796875 0.095703125 0.66455078125 0.09765625 0.66845703125 0.091796875 0.673828125 0.0869140625 0.67724609375 0.087890625 0.67919921875 0.099609375 0.68505859375 0.111328125 0.68603515625 0.1171875 0.68701171875 0.12890625 0.68505859375 0.1416015625 0.67919921875 0.1494140625 0.67919921875 0.1572265625 0.68017578125 0.1650390625 0.68798828125 0.1689453125 0.69384765625 0.171875 0.6962890625 0.1787109375 0.6982421875 0.1875 0.6923828125 0.1923828125 0.69189453125 0.1953125 0.69189453125 0.197265625 0.6943359375 0.201171875 0.697265625 0.203125 0.7021484375 0.203125 0.7060546875 0.197265625 0.70947265625 0.1923828125 0.71630859375 0.20703125 0.712890625 0.2294921875 0.7099609375 0.2392578125 0.70556640625 0.255859375 0.70068359375 0.2646484375 0.70263671875 0.2734375 0.70263671875 0.2783203125 0.693359375 0.2890625 0.6884765625 0.291015625 0.67431640625 0.2978515625 0.66943359375 0.298828125 0.66259765625 0.29296875 0.65673828125 0.291015625 0.65283203125 0.291015625 0.650390625 0.28125 0.64599609375 0.2783203125 0.64404296875 0.27734375 0.64208984375 0.2685546875 0.64013671875 0.263671875 0.6357421875 0.2607421875 0.6357421875 0.3037109375 0.63525390625 0.3974609375 0.63134765625 0.404296875 0.63232421875 0.3310546875 0.63232421875 0.2734375
5 0.60107421875 0.41796875 0.6044921875 0.412109375 0.60888671875 0.408203125 0.61865234375 0.404296875 0.6328125 0.400390625 0.62158203125 0.490234375 0.61328125 0.49609375 0.59912109375 0.4970703125 0.5927734375 0.4931640625 0.591796875 0.4853515625 0.591796875 0.4609375 0.59326171875 0.4462890625 0.5966796875 0.4326171875 0.59814453125 0.42578125
5 0.62255859375 0.4189453125 0.62939453125 0.3984375 0.63671875 0.3828125 0.64013671875 0.37890625 0.64599609375 0.3798828125 0.6484375 0.3818359375 0.6650390625 0.3798828125 0.67529296875 0.3779296875 0.67919921875 0.375 0.685546875 0.3759765625 0.68701171875 0.3798828125 0.6884765625 0.380859375 0.69189453125 0.384765625 0.69580078125 0.3955078125 0.697265625 0.4150390625 0.646484375 0.5263671875 0.63818359375 0.533203125 0.62939453125 0.5302734375 0.62841796875 0.525390625 0.62744140625 0.5185546875 0.62646484375 0.5166015625 0.6240234375 0.51953125 0.619140625 0.5185546875 0.615234375 0.515625 0.61328125 0.5009765625 0.61279296875 0.4951171875 0.61279296875 0.4736328125 0.61328125 0.462890625 0.61865234375 0.4443359375 0.61328125 0.44140625 0.611328125 0.4404296875 0.611328125 0.4375 0.61181640625 0.4326171875 0.6171875 0.4306640625 0.62060546875 0.4306640625
5 0.6533203125 0.4228515625 0.658203125 0.412109375 0.66650390625 0.4052734375 0.68701171875 0.3994140625 0.70556640625 0.3984375 0.712890625 0.40234375 0.70849609375 0.48046875 0.6708984375 0.5625 0.66357421875 0.5625 0.658203125 0.560546875 0.6572265625 0.5458984375 0.6572265625 0.5341796875 0.65673828125 0.533203125 0.65185546875 0.53125 0.65234375 0.537109375 0.65087890625 0.546875 0.64501953125 0.546875 0.6416015625 0.54296875 0.64013671875 0.529296875 0.6396484375 0.513671875 0.6396484375 0.4970703125 0.63916015625 0.48046875 0.63916015625 0.47265625 0.64306640625 0.4609375 0.64404296875 0.45703125 0.63818359375 0.453125 0.63720703125 0.453125 0.6376953125 0.4462890625 0.638671875 0.4423828125 0.64599609375 0.44140625 0.64697265625 0.44921875 0.6484375 0.4404296875 0.65234375 0.4296875
5 0.7119140625 0.390625 0.71826171875 0.376953125 0.72021484375 0.376953125 0.73095703125 0.3740234375 0.74072265625 0.3759765625 0.74462890625 0.3798828125 0.748046875 0.3837890625 0.76708984375 0.3837890625 0.78564453125 0.3837890625 0.7958984375 0.376953125 0.80126953125 0.3740234375 0.81005859375 0.373046875 0.8203125 0.373046875 0.828125 0.376953125 0.8330078125 0.3837890625 0.8359375 0.3896484375 0.8544921875 0.4296875 0.86474609375 0.48046875 0.84619140625 0.6181640625 0.8408203125 0.615234375 0.83447265625 0.6044921875 0.83154296875 0.5927734375 0.8251953125 0.5869140625 0.7978515625 0.5830078125 0.78125 0.5830078125 0.77294921875 0.5888671875 0.76220703125 0.591796875 0.751953125 0.591796875 0.74755859375 0.591796875 0.73779296875 0.5908203125 0.7373046875 0.599609375 0.73291015625 0.6220703125 0.724609375 0.623046875 0.712890625 0.6181640625 0.7099609375 0.611328125 0.70654296875 0.5888671875 0.7060546875 0.58203125 0.70556640625 0.580078125 0.69775390625 0.5732421875 0.689453125 0.568359375 0.6884765625 0.5751953125 0.6884765625 0.5830078125 0.68603515625 0.587890625 0.68017578125 0.5888671875 0.67333984375 0.5869140625 0.67138671875 0.580078125 0.669921875 0.556640625 0.66943359375 0.5322265625 0.66796875 0.513671875 0.66845703125 0.49609375 0.669921875 0.486328125 0.6767578125 0.4755859375 0.68310546875 0.466796875 0.677734375 0.462890625 0.67919921875 0.4482421875 0.68408203125 0.4443359375 0.6884765625 0.443359375 0.6982421875 0.4189453125 0.70849609375 0.3974609375
4 0.94189453125 0.37109375 0.94287109375 0.3583984375 0.943359375 0.349609375 0.94140625 0.3486328125 0.9375 0.3447265625 0.93896484375 0.337890625 0.9423828125 0.3310546875 0.9423828125 0.326171875 0.94189453125 0.32421875 0.9375 0.3203125 0.93115234375 0.3203125 0.927734375 0.31640625 0.92333984375 0.3134765625 0.92333984375 0.3056640625 0.919921875 0.3037109375 0.91650390625 0.3046875 0.91552734375 0.298828125 0.9169921875 0.2900390625 0.91748046875 0.27734375 0.921875 0.2734375 0.921875 0.267578125 0.919921875 0.2626953125 0.92333984375 0.25 0.923828125 0.23828125 0.923828125 0.2265625 0.9228515625 0.2021484375 0.92333984375 0.19140625 0.92236328125 0.185546875 0.9228515625 0.17578125 0.92236328125 0.1689453125 0.92041015625 0.1611328125 0.92431640625 0.154296875 0.9326171875 0.15234375 0.9365234375 0.150390625 0.93896484375 0.1416015625 0.93994140625 0.1328125 0.93994140625 0.123046875 0.93798828125 0.119140625 0.93896484375 0.1103515625 0.93701171875 0.1005859375 0.94140625 0.1015625 0.94580078125 0.095703125 0.94384765625 0.0849609375 0.94140625 0.0771484375 0.9423828125 0.0751953125 0.9482421875 0.0712890625 0.94873046875 0.0654296875 0.951171875 0.060546875 0.9560546875 0.0546875 0.96240234375 0.0517578125 0.96435546875 0.056640625 0.96875 0.060546875 0.96923828125 0.0546875 0.9697265625 0.048828125 0.9697265625 0.0390625 0.96923828125 0.0302734375 0.9736328125 0.0244140625 0.9765625 0.0126953125 0.97802734375 0.0068359375 0.97802734375 0.001953125 0.9794921875 0.0 1.0 0.0 1.0 0.3798828125
4 0.86474609375 0.0048828125 0.865234375 0.3173828125 0.86767578125 0.509765625 0.86279296875 0.5810546875 0.853515625 0.6005859375 0.85205078125 0.541015625 0.8515625 0.384765625 0.8525390625 0.330078125 0.85205078125 0.228515625 0.85205078125 0.103515625 0.85400390625 0.0068359375 0.853515625 0.0
5 0.51220703125 0.4404296875 0.5126953125 0.435546875 0.513671875 0.4287109375 0.5146484375 0.42578125 0.5166015625 0.4248046875 0.52197265625 0.423828125 0.52392578125 0.42578125 0.52587890625 0.43359375 0.52587890625 0.4453125 0.525390625 0.447265625 0.5244140625 0.447265625 0.52392578125 0.4462890625 0.5234375 0.4453125 0.51513671875 0.4443359375 0.51416015625 0.447265625 0.5126953125 0.4453125
5 0.9130859375 0.4140625 0.92626953125 0.3876953125 0.9453125 0.3583984375 0.9765625 0.33203125 0.99267578125 0.322265625 0.9970703125 0.3193359375 1.0 0.31640625 1.0 0.841796875 0.98193359375 0.8291015625 0.9521484375 0.80859375 0.9306640625 0.796875 0.91015625 0.77734375 0.9033203125 0.7744140625 0.89111328125 0.7666015625 0.888671875 0.7900390625 0.88134765625 0.7978515625 0.86865234375 0.802734375 0.85693359375 0.796875 0.85107421875 0.791015625 0.84326171875 0.763671875 0.83740234375 0.708984375 0.83544921875 0.6552734375 0.83984375 0.6064453125 0.8427734375 0.580078125 0.85107421875 0.55859375 0.857421875 0.54296875 0.865234375 0.52734375 0.861328125 0.5205078125 0.8564453125 0.5146484375 0.8544921875 0.5068359375 0.85498046875 0.4931640625 0.85791015625 0.4853515625 0.8681640625 0.4765625 0.8779296875 0.4716796875 0.8837890625 0.4716796875 0.88720703125 0.48046875 0.8955078125 0.4609375 0.9072265625 0.43359375
