2 0.44873046875 0.1064453125 0.4521484375 0.1025390625 0.4541015625 0.1005859375 0.4560546875 0.0947265625 0.46630859375 0.07421875 0.47119140625 0.0615234375 0.4736328125 0.0546875 0.4775390625 0.0458984375 0.48046875 0.0390625 0.48291015625 0.03515625 0.48583984375 0.0263671875 0.48828125 0.01953125 0.49072265625 0.0126953125 0.49267578125 0.0068359375 0.4951171875 0.0 0.90625 0.0 0.9072265625 0.0029296875 0.9033203125 0.2802734375 0.89404296875 0.447265625 0.888671875 0.447265625 0.8486328125 0.44921875 0.80517578125 0.44921875 0.7568359375 0.451171875 0.67431640625 0.451171875 0.45556640625 0.43359375 0.45947265625 0.3515625 0.4580078125 0.2255859375 0.45703125 0.224609375 0.4541015625 0.2236328125 0.45458984375 0.220703125 0.45703125 0.212890625 0.4580078125 0.2099609375 0.45654296875 0.1669921875 0.45068359375 0.15625
0 0.7958984375 0.509765625 0.8955078125 0.4794921875 0.8955078125 0.453125 0.88623046875 0.451171875 0.75341796875 0.453125 0.73388671875 0.44921875 0.7392578125 0.490234375 0.74267578125 0.5107421875
4 0.38671875 0.2509765625 0.38623046875 0.255859375 0.38623046875 0.2568359375 0.38623046875 0.2568359375 0.384765625 0.259765625 0.3828125 0.265625 0.3828125 0.2666015625 0.3798828125 0.2724609375 0.37939453125 0.27734375 0.3798828125 0.2802734375 0.3798828125 0.283203125 0.38037109375 0.2861328125 0.38134765625 0.2890625 0.38232421875 0.291015625 0.38525390625 0.298828125 0.38623046875 0.3017578125 0.38720703125 0.3017578125 0.39208984375 0.302734375 0.390625 0.2685546875 0.39013671875 0.25
0 0.37158203125 0.40234375 0.39794921875 0.400390625 0.78662109375 0.5068359375 1.0 0.6337890625 1.0 1.0 0.0 1.0 0.0 0.5810546875
2 0.404296875 0.0517578125 0.4453125 0.017578125 0.44921875 0.01171875 0.45361328125 0.0087890625 0.45947265625 0.0087890625 0.4619140625 0.0087890625 0.462890625 0.0 0.498046875 0.0 0.49658203125 0.0087890625 0.46240234375 0.1328125 0.4716796875 0.3603515625 0.439453125 0.4306640625 0.3955078125 0.423828125 0.39599609375 0.158203125 0.40185546875 0.158203125
1 0.01953125 0.9296875 0.1513671875 0.78125 0.224609375 0.7080078125 0.3173828125 0.6064453125 0.3701171875 0.5390625 0.37451171875 0.5283203125 0.375 0.525390625 0.3828125 0.5107421875 0.38427734375 0.5068359375 0.423828125 0.5029296875 0.3837890625 0.71875 0.32275390625 0.822265625 0.23779296875 0.9775390625 0.2255859375 1.0 0.0 1.0 0.0 0.9482421875 0.00146484375 0.947265625
1 0.38623046875 0.4912109375 0.3837890625 0.484375 0.38134765625 0.4794921875 0.37744140625 0.4736328125 0.380859375 0.4716796875 0.40283203125 0.4697265625 0.4072265625 0.4697265625 0.4111328125 0.470703125 0.40234375 0.4921875
1 0.75341796875 0.458984375 0.78076171875 0.4609375 0.80224609375 0.4609375 0.8779296875 0.4599609375 0.884765625 0.4599609375 0.890625 0.4599609375 0.89453125 0.458984375 0.88916015625 0.4462890625 0.8359375 0.4482421875 0.74658203125 0.44921875 0.73681640625 0.451171875 0.73681640625 0.4638671875 0.74169921875 0.4716796875 0.74609375 0.462890625 0.74951171875 0.4619140625
1 0.7685546875 0.5400390625 0.7890625 0.552734375 0.7978515625 0.5615234375 0.82861328125 0.5751953125 0.9287109375 0.6298828125 0.99267578125 0.66796875 1.0 0.671875 1.0 0.5478515625 0.99609375 0.5478515625 0.98291015625 0.5400390625 0.91748046875 0.5126953125 0.8916015625 0.513671875 0.89013671875 0.4814453125 0.87646484375 0.4833984375 0.84228515625 0.482421875 0.814453125 0.482421875 0.79541015625 0.482421875 0.76708984375 0.4814453125 0.744140625 0.48046875 0.74755859375 0.52734375 0.75537109375 0.5380859375
2 0.89892578125 0.0712890625 0.89892578125 0.0771484375 0.89892578125 0.0791015625 0.89892578125 0.0830078125 0.8984375 0.0849609375 0.89501953125 0.0869140625 0.8955078125 0.099609375 0.89599609375 0.1201171875 0.896484375 0.1259765625 0.89697265625 0.1318359375 0.896484375 0.1357421875 0.89599609375 0.1396484375 0.89599609375 0.1416015625 0.89599609375 0.14453125 0.8955078125 0.1484375 0.8955078125 0.15234375 0.89501953125 0.158203125 0.89501953125 0.1611328125 0.89111328125 0.1650390625 0.8896484375 0.1650390625 0.88916015625 0.1591796875 0.88916015625 0.158203125 0.88671875 0.158203125 0.880859375 0.1572265625 0.87939453125 0.1591796875 0.87890625 0.1640625 0.87939453125 0.1748046875 0.8798828125 0.181640625 0.88037109375 0.185546875 0.8828125 0.185546875 0.88671875 0.18359375 0.88916015625 0.1826171875 0.89013671875 0.177734375 0.89306640625 0.1767578125 0.8955078125 0.177734375 0.89697265625 0.2177734375 0.89599609375 0.2568359375 0.8974609375 0.263671875 0.89599609375 0.2724609375 0.89453125 0.275390625 0.89306640625 0.2802734375 0.89208984375 0.2841796875 0.89111328125 0.2861328125 0.890625 0.326171875 0.89013671875 0.3271484375 0.89013671875 0.4677734375 0.89013671875 0.47265625 0.88916015625 0.4794921875 0.89013671875 0.5146484375 0.9111328125 0.517578125 0.98291015625 0.5400390625 0.99951171875 0.5517578125 1.0 0.5537109375 1.0 0.0 0.90283203125 0.0 0.9033203125 0.0048828125 0.90380859375 0.0146484375 0.90283203125 0.01953125 0.90283203125 0.025390625 0.90283203125 0.03125 0.90283203125 0.033203125 0.90185546875 0.0361328125 0.90185546875 0.0390625 0.90185546875 0.041015625 0.90283203125 0.046875 0.90234375 0.0478515625 0.90185546875 0.05078125 0.90087890625 0.052734375 0.89990234375 0.0537109375 0.89892578125 0.0556640625 0.89794921875 0.05859375 0.8974609375 0.064453125 0.89794921875 0.0673828125
5 0.77978515625 0.9541015625 0.78515625 0.9404296875 0.78662109375 0.9287109375 0.7900390625 0.888671875 0.7900390625 0.87109375 0.791015625 0.8603515625 0.791015625 0.8515625 0.79150390625 0.83984375 0.79296875 0.8076171875 0.794921875 0.7734375 0.7958984375 0.7548828125 0.794921875 0.7353515625 0.79443359375 0.7197265625 0.7939453125 0.67578125 0.7900390625 0.6533203125 0.78759765625 0.638671875 0.783203125 0.619140625 0.779296875 0.6005859375 0.76611328125 0.529296875 0.7431640625 0.447265625 0.72900390625 0.392578125 0.70751953125 0.345703125 0.705078125 0.3388671875 0.7001953125 0.3349609375 0.69384765625 0.33203125 0.6728515625 0.328125 0.6552734375 0.3251953125 0.62841796875 0.3232421875 0.58642578125 0.3193359375 0.55712890625 0.318359375 0.5166015625 0.322265625 0.490234375 0.3251953125 0.482421875 0.3251953125 0.478515625 0.32421875 0.47314453125 0.328125 0.462890625 0.349609375 0.4501953125 0.3798828125 0.42822265625 0.4638671875 0.421875 0.466796875 0.41259765625 0.4716796875 0.40478515625 0.486328125 0.404296875 0.4921875 0.41064453125 0.5009765625 0.416015625 0.509765625 0.41064453125 0.541015625 0.40869140625 0.5419921875 0.40625 0.5419921875 0.40380859375 0.5439453125 0.4033203125 0.548828125 0.4033203125 0.5498046875 0.4052734375 0.55859375 0.40185546875 0.576171875 0.39208984375 0.611328125 0.38623046875 0.638671875 0.38427734375 0.7197265625 0.38671875 0.7783203125 0.38818359375 0.810546875 0.3876953125 0.8818359375 0.3876953125 0.912109375 0.38916015625 0.9306640625 0.39453125 0.94921875 0.44140625 0.943359375 0.44482421875 0.9248046875 0.4462890625 0.908203125 0.44677734375 0.8974609375 0.45166015625 0.9013671875 0.45361328125 0.90625 0.4619140625 0.9111328125 0.47509765625 0.9130859375 0.6123046875 0.9052734375 0.6494140625 0.908203125 0.7021484375 0.9033203125 0.71728515625 0.8984375 0.72314453125 0.896484375 0.724609375 0.919921875 0.72607421875 0.9365234375 0.72802734375 0.9462890625 0.7314453125 0.9560546875 0.74365234375 0.9619140625 0.75390625 0.96484375 0.765625 0.9638671875 0.775390625 0.958984375
