0 1.0 0.345703125 0.33544921875 0.369140625 0.00048828125 0.3681640625 0.0 1.0 1.0 1.0 1.0 0.3447265625
2 0.2900390625 0.125 0.25634765625 0.0947265625 0.23828125 0.0771484375 0.23828125 0.0595703125 0.236328125 0.0595703125 0.23583984375 0.0498046875 0.23388671875 0.044921875 0.2275390625 0.0341796875 0.22607421875 0.02734375 0.2236328125 0.0234375 0.22314453125 0.029296875 0.21923828125 0.01953125 0.212890625 0.0146484375 0.21240234375 0.0087890625 0.2119140625 0.005859375 0.2119140625 0.0 0.0 0.0009765625 0.0 0.484375 0.07763671875 0.4794921875 0.14892578125 0.474609375 0.1826171875 0.4697265625 0.30419921875 0.4560546875 0.361328125 0.451171875 0.380859375 0.447265625 0.40625 0.4462890625 0.4189453125 0.4453125 0.41552734375 0.33984375 0.34619140625 0.322265625 0.33642578125 0.318359375 0.33056640625 0.3193359375 0.32958984375 0.28515625 0.32763671875 0.154296875
1 0.0439453125 0.48828125 0.0 0.4921875 0.0 0.478515625 0.0986328125 0.4736328125 0.12841796875 0.4716796875 0.15576171875 0.4697265625 0.185546875 0.4609375 0.28662109375 0.455078125 0.30322265625 0.45703125 0.3193359375 0.455078125 0.32177734375 0.4560546875 0.27978515625 0.4609375 0.23388671875 0.46484375 0.171875 0.47265625 0.125 0.4775390625 0.07666015625 0.484375
4 0.07421875 0.466796875 0.07373046875 0.4326171875 0.07861328125 0.427734375 0.08056640625 0.416015625 0.0791015625 0.4072265625 0.07958984375 0.396484375 0.07763671875 0.3876953125 0.07470703125 0.3828125 0.0712890625 0.384765625 0.0693359375 0.388671875 0.06884765625 0.4052734375 0.068359375 0.4130859375 0.06787109375 0.419921875 0.068359375 0.4267578125 0.07177734375 0.431640625 0.0732421875 0.46875 0.07373046875 0.47265625
4 0.05322265625 0.4736328125 0.052734375 0.4443359375 0.052734375 0.431640625 0.05908203125 0.4287109375 0.0625 0.412109375 0.06298828125 0.3955078125 0.06005859375 0.38671875 0.0537109375 0.3837890625 0.05029296875 0.3798828125 0.04736328125 0.375 0.04296875 0.3759765625 0.03955078125 0.3798828125 0.0380859375 0.380859375 0.04052734375 0.3740234375 0.0419921875 0.37109375 0.0419921875 0.365234375 0.03857421875 0.3642578125 0.041015625 0.3515625 0.046875 0.349609375 0.05029296875 0.3486328125 0.05126953125 0.3408203125 0.04833984375 0.3388671875 0.0478515625 0.33203125 0.044921875 0.310546875 0.04052734375 0.3037109375 0.0380859375 0.3095703125 0.03564453125 0.3046875 0.0361328125 0.2978515625 0.03271484375 0.29296875 0.02490234375 0.3017578125 0.02197265625 0.28515625 0.017578125 0.2841796875 0.01806640625 0.2705078125 0.01318359375 0.2744140625 0.0107421875 0.263671875 0.00830078125 0.2568359375 0.0068359375 0.2529296875 0.0078125 0.2470703125 0.009765625 0.236328125 0.00927734375 0.2275390625 0.0078125 0.22265625 0.005859375 0.2275390625 0.0029296875 0.2294921875 0.00048828125 0.216796875 0.0 0.2119140625 0.0 0.44140625 0.00341796875 0.4423828125 0.0078125 0.4462890625 0.00830078125 0.474609375 0.00927734375 0.474609375 0.0087890625 0.447265625 0.01123046875 0.439453125 0.01318359375 0.43359375 0.01416015625 0.474609375 0.01513671875 0.474609375 0.0146484375 0.4365234375 0.01806640625 0.4306640625 0.021484375 0.4287109375 0.02734375 0.43359375 0.02978515625 0.4462890625 0.02880859375 0.474609375 0.0302734375 0.474609375 0.03173828125 0.453125 0.03173828125 0.4423828125 0.033203125 0.43359375 0.03759765625 0.4189453125 0.041015625 0.4306640625 0.0439453125 0.4345703125 0.04833984375 0.4345703125 0.05029296875 0.4365234375 0.05224609375 0.4716796875
3 0.12353515625 0.4443359375 0.12353515625 0.4775390625 0.22607421875 0.4658203125 0.30419921875 0.4580078125 0.32177734375 0.4560546875 0.32177734375 0.4384765625 0.26904296875 0.4365234375 0.18994140625 0.439453125
1 0.02880859375 0.505859375 0.03466796875 0.5 0.0751953125 0.494140625 0.11572265625 0.486328125 0.15380859375 0.482421875 0.18408203125 0.4775390625 0.18798828125 0.4765625 0.20263671875 0.4736328125 0.21240234375 0.4736328125 0.22021484375 0.478515625 0.18603515625 0.4853515625 0.1298828125 0.4951171875 0.05615234375 0.505859375 0.0390625 0.5068359375
1 0.24169921875 0.4755859375 0.24267578125 0.4736328125 0.2900390625 0.4658203125 0.30712890625 0.462890625 0.318359375 0.4619140625 0.3310546875 0.4638671875 0.33251953125 0.46875 0.3134765625 0.4736328125 0.2919921875 0.474609375 0.24169921875 0.4775390625
1 0.0810546875 0.56640625 0.02685546875 0.5673828125 0.0 0.568359375 0.0 0.5478515625 0.0556640625 0.5390625 0.09765625 0.5341796875 0.126953125 0.533203125 0.140625 0.537109375 0.146484375 0.541015625 0.1474609375 0.544921875
1 0.19091796875 0.494140625 0.1904296875 0.5 0.23046875 0.4970703125 0.2607421875 0.4921875 0.24365234375 0.4873046875 0.2197265625 0.4892578125 0.208984375 0.490234375 0.19580078125 0.4931640625
4 0.34228515625 0.3154296875 0.33837890625 0.3193359375 0.33447265625 0.3173828125 0.330078125 0.3125 0.33056640625 0.361328125 0.33447265625 0.361328125 0.33642578125 0.36328125 0.33984375 0.36328125 0.34033203125 0.392578125 0.33740234375 0.3955078125 0.33642578125 0.4013671875 0.337890625 0.4091796875 0.34326171875 0.412109375 0.3447265625 0.4189453125 0.34375 0.42578125 0.345703125 0.4296875 0.34521484375 0.435546875 0.341796875 0.4375 0.337890625 0.4384765625 0.3359375 0.44140625 0.33447265625 0.4609375 0.359375 0.4501953125 0.361328125 0.4423828125 0.35986328125 0.435546875 0.35302734375 0.43359375 0.35205078125 0.431640625 0.3564453125 0.4248046875 0.3623046875 0.4208984375 0.36865234375 0.4140625 0.369140625 0.40625 0.369140625 0.390625 0.37060546875 0.3798828125 0.373046875 0.361328125 0.365234375 0.3349609375 0.359375 0.3271484375 0.35546875 0.322265625 0.3505859375 0.31640625 0.34619140625 0.31640625 0.3427734375 0.3134765625
3 0.3583984375 0.4375 0.3515625 0.4423828125 0.337890625 0.4423828125 0.328125 0.4462890625 0.32861328125 0.470703125 0.35400390625 0.4658203125 0.35888671875 0.4609375
5 0.49365234375 0.453125 0.494140625 0.4443359375 0.49267578125 0.435546875 0.49072265625 0.431640625 0.48291015625 0.4326171875 0.48046875 0.44140625 0.48046875 0.453125 0.48291015625 0.453125 0.48291015625 0.451171875 0.49169921875 0.4501953125 0.49169921875 0.453125
4 0.65380859375 0.2158203125 0.65185546875 0.216796875 0.6494140625 0.2177734375 0.64794921875 0.2216796875 0.650390625 0.22265625 0.64990234375 0.228515625 0.64892578125 0.2314453125 0.6484375 0.234375 0.6474609375 0.23828125 0.6455078125 0.2421875 0.6435546875 0.2548828125 0.658203125 0.2412109375 0.65625 0.216796875
1 0.697265625 0.4697265625 0.65478515625 0.470703125 0.60302734375 0.47265625 0.55810546875 0.47265625 0.5341796875 0.4765625 0.51806640625 0.474609375 0.513671875 0.4677734375 0.5 0.4462890625 0.5068359375 0.4423828125 0.51171875 0.44140625 0.568359375 0.4306640625 0.70703125 0.43359375 0.7080078125 0.447265625 0.705078125 0.46484375
1 0.7060546875 0.4677734375 0.68310546875 0.4736328125 0.65234375 0.4765625 0.6142578125 0.478515625 0.58984375 0.48046875 0.57373046875 0.48046875 0.53662109375 0.490234375 0.5380859375 0.4970703125 0.54931640625 0.51171875 0.58984375 0.5517578125 0.654296875 0.619140625 0.87353515625 0.8291015625 1.0 0.8603515625 1.0 0.4794921875
2 0.697265625 0.462890625 0.62890625 0.462890625 0.6171875 0.4609375 0.5908203125 0.4521484375 0.5703125 0.4462890625 0.5537109375 0.4453125 0.54052734375 0.40625 0.53857421875 0.3837890625 0.5947265625 0.2998046875 0.603515625 0.291015625 0.60693359375 0.28125 0.62109375 0.2705078125 0.62841796875 0.2607421875 0.63330078125 0.2587890625 0.65478515625 0.234375 0.6552734375 0.228515625 0.65380859375 0.2294921875 0.65283203125 0.171875 0.65234375 0.1259765625 0.64990234375 0.125 0.6494140625 0.1171875 0.65966796875 0.07421875 0.6787109375 0.0712890625 0.69580078125 0.064453125 0.69580078125 0.03125 0.6953125 0.0 1.0 0.0 1.0 0.52734375 0.94189453125 0.5185546875 0.8583984375 0.5009765625 0.8076171875 0.494140625 0.73388671875 0.4794921875 0.70068359375 0.4716796875
4 0.63232421875 0.458984375 0.6298828125 0.458984375 0.6259765625 0.458984375 0.62451171875 0.455078125 0.62451171875 0.4501953125 0.62451171875 0.44921875 0.62353515625 0.4482421875 0.62109375 0.44140625 0.62109375 0.4375 0.625 0.4375 0.625 0.431640625 0.62646484375 0.431640625 0.62890625 0.431640625 0.630859375 0.431640625 0.63232421875 0.431640625 0.63330078125 0.4384765625 0.63525390625 0.4384765625 0.6357421875 0.439453125 0.63623046875 0.4453125 0.63818359375 0.4453125 0.63818359375 0.4521484375 0.63916015625 0.453125 0.6376953125 0.45703125 0.63623046875 0.45703125
4 0.615234375 0.3623046875 0.61328125 0.35546875 0.609375 0.3564453125 0.60693359375 0.3515625 0.60546875 0.333984375 0.60400390625 0.3232421875 0.60595703125 0.31640625 0.60302734375 0.310546875 0.60205078125 0.2958984375 0.6025390625 0.287109375 0.60546875 0.279296875 0.6083984375 0.26953125 0.61181640625 0.263671875 0.6298828125 0.2451171875 0.646484375 0.24609375 0.650390625 0.25 0.6552734375 0.251953125 0.6611328125 0.2451171875 0.66357421875 0.24609375 0.666015625 0.25 0.66845703125 0.248046875 0.6728515625 0.2548828125 0.67822265625 0.2607421875 0.68017578125 0.2646484375 0.67919921875 0.2734375 0.68115234375 0.2783203125 0.6875 0.294921875 0.6875 0.3046875 0.6865234375 0.314453125 0.68896484375 0.3310546875 0.6904296875 0.3388671875 0.68603515625 0.3466796875 0.6845703125 0.3544921875 0.68408203125 0.359375 0.6787109375 0.3642578125 0.67333984375 0.3583984375 0.6689453125 0.3583984375 0.6669921875 0.3671875 0.6669921875 0.375 0.662109375 0.37109375 0.6552734375 0.365234375 0.65283203125 0.365234375 0.65234375 0.3720703125 0.6552734375 0.3759765625 0.658203125 0.3798828125 0.6611328125 0.3779296875 0.6640625 0.3779296875 0.6650390625 0.3837890625 0.6591796875 0.390625 0.65234375 0.3857421875 0.65380859375 0.404296875 0.65380859375 0.412109375 0.65234375 0.427734375 0.6533203125 0.4423828125 0.654296875 0.45703125 0.64453125 0.455078125 0.63916015625 0.3798828125 0.634765625 0.3720703125 0.6328125 0.3701171875 0.6318359375 0.361328125 0.63037109375 0.357421875 0.62744140625 0.361328125 0.62353515625 0.3564453125 0.62109375 0.361328125 0.61865234375 0.36328125
4 0.259765625 0.2548828125 0.25390625 0.2197265625 0.25830078125 0.1904296875 0.2646484375 0.1845703125 0.26904296875 0.173828125 0.26171875 0.1650390625 0.2578125 0.15625 0.25830078125 0.1484375 0.263671875 0.1396484375 0.2646484375 0.1259765625 0.26806640625 0.119140625 0.263671875 0.1083984375 0.259765625 0.0966796875 0.26318359375 0.0966796875 0.271484375 0.099609375 0.271484375 0.0947265625 0.27001953125 0.0888671875 0.2705078125 0.0869140625 0.27294921875 0.083984375 0.26904296875 0.05859375 0.27099609375 0.0498046875 0.28125 0.0556640625 0.287109375 0.0498046875 0.28515625 0.0478515625 0.287109375 0.0302734375 0.28369140625 0.0185546875 0.28662109375 0.01171875 0.29052734375 0.0146484375 0.29931640625 0.0009765625 0.3046875 0.005859375 0.3076171875 0.0126953125 0.30712890625 0.01953125 0.31103515625 0.0224609375 0.3125 0.029296875 0.31689453125 0.013671875 0.32421875 0.0234375 0.32666015625 0.033203125 0.32421875 0.041015625 0.3291015625 0.044921875 0.3349609375 0.04296875 0.34326171875 0.03125 0.3466796875 0.03515625 0.357421875 0.02734375 0.36181640625 0.0205078125 0.3671875 0.0126953125 0.376953125 0.009765625 0.37939453125 0.0166015625 0.37841796875 0.0244140625 0.39501953125 0.0400390625 0.39013671875 0.0595703125 0.3876953125 0.0732421875 0.3955078125 0.0703125 0.39453125 0.060546875 0.39892578125 0.052734375 0.40576171875 0.0498046875 0.4091796875 0.0390625 0.41357421875 0.0380859375 0.41845703125 0.052734375 0.4169921875 0.0615234375 0.42041015625 0.078125 0.43896484375 0.0810546875 0.4404296875 0.0869140625 0.4384765625 0.1015625 0.4423828125 0.1005859375 0.4521484375 0.1083984375 0.45556640625 0.1015625 0.45849609375 0.1015625 0.458984375 0.1259765625 0.4736328125 0.1015625 0.4755859375 0.107421875 0.47509765625 0.115234375 0.48095703125 0.1337890625 0.47802734375 0.1416015625 0.484375 0.142578125 0.486328125 0.1484375 0.48583984375 0.1572265625 0.48193359375 0.15234375 0.47802734375 0.1611328125 0.478515625 0.1669921875 0.48193359375 0.166015625 0.486328125 0.173828125 0.486328125 0.162109375 0.48876953125 0.158203125 0.4912109375 0.1650390625 0.49658203125 0.16796875 0.49951171875 0.173828125 0.5009765625 0.171875 0.49951171875 0.166015625 0.49462890625 0.1494140625 0.4990234375 0.1484375 0.498046875 0.138671875 0.5087890625 0.1123046875 0.5146484375 0.115234375 0.5185546875 0.1201171875 0.521484375 0.115234375 0.52099609375 0.1083984375 0.5244140625 0.09765625 0.52294921875 0.09375 0.52587890625 0.08203125 0.529296875 0.0771484375 0.5341796875 0.080078125 0.54248046875 0.0703125 0.54443359375 0.078125 0.5419921875 0.095703125 0.5498046875 0.1083984375 0.54833984375 0.1142578125 0.55322265625 0.12890625 0.5556640625 0.111328125 0.55810546875 0.1162109375 0.56103515625 0.1259765625 0.56591796875 0.125 0.56982421875 0.13671875 0.57373046875 0.138671875 0.5751953125 0.1474609375 0.5751953125 0.158203125 0.576171875 0.1611328125 0.5791015625 0.15625 0.58056640625 0.1494140625 0.5888671875 0.162109375 0.587890625 0.169921875 0.59130859375 0.171875 0.59130859375 0.1787109375 0.591796875 0.185546875 0.59521484375 0.1875 0.59619140625 0.18359375 0.599609375 0.185546875 0.60009765625 0.197265625 0.59814453125 0.20703125 0.5927734375 0.2158203125 0.5947265625 0.2294921875 0.595703125 0.2353515625 0.6015625 0.240234375 0.603515625 0.248046875 0.60205078125 0.2548828125 0.5966796875 0.26171875 0.603515625 0.26171875 0.60546875 0.2802734375 0.60498046875 0.291015625 0.6064453125 0.3154296875 0.60546875 0.349609375 0.6015625 0.3515625 0.60009765625 0.35546875 0.6015625 0.359375 0.5966796875 0.359375 0.591796875 0.3603515625 0.5908203125 0.3642578125 0.5947265625 0.369140625 0.59326171875 0.3779296875 0.58984375 0.3818359375 0.5859375 0.390625 0.5751953125 0.3974609375 0.5712890625 0.3916015625 0.56689453125 0.38671875 0.5634765625 0.388671875 0.5634765625 0.3916015625 0.56591796875 0.39453125 0.5703125 0.3955078125 0.5673828125 0.4013671875 0.5625 0.3984375 0.56103515625 0.3955078125 0.5595703125 0.3916015625 0.556640625 0.39453125 0.5576171875 0.404296875 0.56494140625 0.4052734375 0.56591796875 0.4072265625 0.55859375 0.4111328125 0.5517578125 0.4091796875 0.548828125 0.4091796875 0.54931640625 0.4228515625 0.556640625 0.4345703125 0.56396484375 0.435546875 0.5673828125 0.431640625 0.5712890625 0.4296875 0.57421875 0.4345703125 0.5791015625 0.435546875 0.58154296875 0.4345703125 0.58837890625 0.439453125 0.587890625 0.447265625 0.5751953125 0.451171875 0.55078125 0.4521484375 0.517578125 0.4150390625 0.4990234375 0.4130859375 0.49169921875 0.4169921875 0.48974609375 0.4306640625 0.48876953125 0.4306640625 0.48779296875 0.416015625 0.48583984375 0.4150390625 0.484375 0.4169921875 0.484375 0.4326171875 0.48291015625 0.4326171875 0.4833984375 0.41796875 0.47900390625 0.4208984375 0.478515625 0.4443359375 0.4765625 0.4443359375 0.4765625 0.41796875 0.470703125 0.4189453125 0.447265625 0.4228515625 0.43408203125 0.4501953125 0.43310546875 0.4375 0.43310546875 0.4248046875 0.4296875 0.423828125 0.4296875 0.4443359375 0.4296875 0.451171875 0.4150390625 0.4521484375 0.4130859375 0.4599609375 0.4091796875 0.4609375 0.408203125 0.4580078125 0.39990234375 0.45703125 0.390625 0.4521484375 0.38818359375 0.4169921875 0.3837890625 0.40625 0.3779296875 0.39453125 0.37841796875 0.435546875 0.38037109375 0.4580078125 0.36962890625 0.4619140625 0.36572265625 0.455078125 0.36669921875 0.4345703125 0.36669921875 0.4169921875 0.36865234375 0.3828125 0.36376953125 0.365234375 0.357421875 0.345703125 0.3525390625 0.337890625 0.34716796875 0.32421875 0.34326171875 0.318359375 0.3369140625 0.3125 0.3359375 0.306640625 0.3310546875 0.2958984375 0.32861328125 0.2900390625 0.3212890625 0.2880859375 0.3173828125 0.2841796875 0.31103515625 0.28515625 0.30322265625 0.2880859375 0.29736328125 0.2939453125 0.29736328125 0.2822265625 0.29833984375 0.2744140625 0.29541015625 0.2705078125 0.29150390625 0.2734375 0.28564453125 0.2705078125 0.27880859375 0.2744140625 0.2763671875 0.2666015625 0.2744140625 0.2626953125 0.26708984375 0.267578125 0.26318359375 0.265625 0.265625 0.259765625
1 0.0 0.5693359375 0.0732421875 0.5625 0.083984375 0.5634765625 0.0 0.6005859375
4 0.6787109375 0.455078125 0.6767578125 0.451171875 0.67431640625 0.451171875 0.673828125 0.4501953125 0.673828125 0.447265625 0.67333984375 0.4384765625 0.67333984375 0.4375 0.673828125 0.4306640625 0.67529296875 0.4296875 0.67822265625 0.4267578125 0.67919921875 0.42578125 0.6796875 0.423828125 0.68310546875 0.4208984375 0.6845703125 0.4208984375 0.685546875 0.4208984375 0.68701171875 0.4208984375 0.68798828125 0.423828125 0.689453125 0.4248046875 0.68994140625 0.42578125 0.68994140625 0.4326171875 0.6904296875 0.43359375 0.69189453125 0.44140625 0.69091796875 0.443359375 0.689453125 0.44921875 0.68701171875 0.451171875 0.6845703125 0.4521484375 0.6806640625 0.45703125
