0 0.0 0.865234375 0.091796875 0.7607421875 0.13134765625 0.7109375 0.1650390625 0.65234375 0.189453125 0.5927734375 0.18017578125 0.5859375 0.16357421875 0.5830078125 0.15625 0.58203125 0.14501953125 0.5771484375 0.13916015625 0.568359375 0.12890625 0.5615234375 0.12646484375 0.546875 0.1455078125 0.537109375 0.2109375 0.541015625 0.38330078125 0.546875 0.59130859375 0.5576171875 0.673828125 0.5732421875 0.701171875 0.615234375 0.79443359375 0.791015625 0.95263671875 0.9013671875 1.0 0.9619140625 1.0 1.0 0.0 1.0
2 0.46435546875 0.0751953125 0.49658203125 0.0693359375 0.54833984375 0.0 0.43798828125 0.0 0.43994140625 0.0 0.45068359375 0.0361328125
1 0.14892578125 0.548828125 0.232421875 0.5595703125 0.3037109375 0.5615234375 0.404296875 0.556640625 0.54541015625 0.580078125 0.587890625 0.5888671875 0.60888671875 0.5986328125 0.6171875 0.6142578125 0.623046875 0.6435546875 0.638671875 0.6767578125 0.6787109375 0.7333984375 0.8759765625 1.0 1.0 1.0 1.0 0.75390625 1.0 0.6376953125 0.90869140625 0.58984375 0.8515625 0.5556640625 0.8359375 0.5439453125 0.142578125 0.515625 0.1298828125 0.513671875 0.12548828125 0.51953125 0.12646484375 0.5341796875 0.13232421875 0.5517578125 0.13525390625 0.544921875 0.138671875 0.5478515625
2 0.48388671875 0.0673828125 0.5224609375 0.0048828125 0.53369140625 0.0 0.85107421875 0.0 0.84326171875 0.0947265625 0.83642578125 0.5537109375 0.66748046875 0.544921875 0.40673828125 0.5400390625 0.21435546875 0.53515625 0.140625 0.53515625 0.13427734375 0.52734375 0.13134765625 0.0 0.4423828125 0.0 0.453125 0.0 0.4521484375 0.017578125 0.4619140625 0.064453125 0.46240234375 0.0693359375
4 0.73486328125 0.2763671875 0.751953125 0.3056640625 0.765625 0.3369140625 0.77587890625 0.3740234375 0.78466796875 0.4140625 0.78662109375 0.4443359375 0.78759765625 0.4697265625 0.7763671875 0.474609375 0.74609375 0.4697265625 0.71435546875 0.466796875 0.6982421875 0.4658203125 0.7021484375 0.4072265625 0.70849609375 0.3544921875 0.72021484375 0.30859375
4 0.71728515625 0.001953125 0.71435546875 0.0029296875 0.712890625 0.0107421875 0.71337890625 0.013671875 0.71337890625 0.0146484375 0.712890625 0.0205078125 0.712890625 0.0234375 0.7158203125 0.0234375 0.71435546875 0.0283203125 0.71337890625 0.0380859375 0.71435546875 0.041015625 0.716796875 0.0458984375 0.716796875 0.052734375 0.71630859375 0.0576171875 0.71484375 0.0654296875 0.71435546875 0.0703125 0.71435546875 0.076171875 0.716796875 0.0859375 0.83740234375 0.091796875 0.8427734375 0.08984375 0.84326171875 0.0 0.71533203125 0.0
3 0.3740234375 0.4013671875 0.3740234375 0.5107421875 0.48779296875 0.5126953125 0.4912109375 0.4033203125 0.46435546875 0.4013671875 0.46435546875 0.37109375 0.45751953125 0.3720703125 0.45703125 0.345703125 0.44921875 0.3427734375 0.44873046875 0.37109375 0.4404296875 0.37109375 0.4404296875 0.3984375 0.423828125 0.3984375 0.42431640625 0.373046875 0.4248046875 0.37109375 0.41796875 0.3720703125 0.41796875 0.341796875 0.41064453125 0.341796875 0.40771484375 0.34375 0.408203125 0.37109375 0.40234375 0.369140625 0.40087890625 0.3701171875 0.400390625 0.396484375 0.37646484375 0.39453125 0.37353515625 0.3955078125
3 0.53466796875 0.4033203125 0.5732421875 0.40234375 0.591796875 0.404296875 0.59521484375 0.40625 0.59326171875 0.5068359375 0.59375 0.5166015625 0.591796875 0.517578125 0.5361328125 0.51171875 0.5361328125 0.51171875 0.53466796875 0.4091796875
3 0.63330078125 0.4111328125 0.634765625 0.51953125 0.634765625 0.5244140625 0.6416015625 0.5263671875 0.6494140625 0.52734375 0.65283203125 0.5234375 0.654296875 0.416015625 0.654296875 0.4111328125 0.65380859375 0.4072265625 0.65283203125 0.4052734375 0.65087890625 0.4033203125 0.63427734375 0.4033203125
1 0.03173828125 0.9990234375 0.056640625 0.962890625 0.0751953125 0.9375 0.08935546875 0.9189453125 0.099609375 0.9033203125 0.11474609375 0.8798828125 0.1328125 0.8525390625 0.17236328125 0.763671875 0.18505859375 0.73046875 0.201171875 0.701171875 0.2099609375 0.685546875 0.22607421875 0.6357421875 0.236328125 0.5908203125 0.2353515625 0.5849609375 0.2314453125 0.5791015625 0.22314453125 0.572265625 0.203125 0.564453125 0.18017578125 0.5634765625 0.15478515625 0.5595703125 0.14208984375 0.5556640625 0.1318359375 0.53515625 0.1142578125 0.5400390625 0.0 0.568359375 0.0 1.0 0.01806640625 1.0
2 0.14599609375 0.12109375 0.1396484375 0.5498046875 0.04296875 0.5830078125 0.0 0.5927734375 0.00048828125 0.0 0.1494140625 0.0
2 0.84033203125 0.080078125 0.837890625 0.4189453125 0.833984375 0.431640625 0.83203125 0.439453125 0.83154296875 0.46484375 0.83349609375 0.51953125 0.84130859375 0.662109375 0.8486328125 0.662109375 0.85791015625 0.6669921875 1.0 0.7568359375 1.0 0.7578125 1.0 0.0634765625 0.99951171875 0.0 0.841796875 0.0
