0 0.52001953125 0.41015625 0.6728515625 0.4208984375 0.73291015625 0.4306640625 1.0 0.5205078125 1.0 1.0 0.00048828125 1.0 0.00048828125 0.470703125
1 0.58740234375 0.4111328125 0.7265625 0.421875 0.72802734375 0.4453125 0.7177734375 0.451171875 0.65966796875 0.453125 0.65966796875 0.44921875 0.67822265625 0.4375 0.66552734375 0.4326171875 0.58837890625 0.42578125
2 0.53076171875 0.1708984375 0.556640625 0.1767578125 0.55615234375 0.1552734375 0.5615234375 0.1484375 0.587890625 0.1494140625 0.587890625 0.158203125 0.59033203125 0.1591796875 0.59130859375 0.1640625 0.60107421875 0.1650390625 0.60107421875 0.1767578125 0.61474609375 0.1787109375 0.62841796875 0.208984375 0.66552734375 0.236328125 0.6640625 0.42578125 0.626953125 0.4208984375 0.587890625 0.4169921875 0.517578125 0.4150390625 0.52001953125 0.2255859375 0.51708984375 0.1708984375
4 0.63134765625 0.2900390625 0.63525390625 0.2802734375 0.642578125 0.2763671875 0.65478515625 0.2763671875 0.6611328125 0.291015625 0.6591796875 0.373046875 0.6474609375 0.3818359375 0.6455078125 0.384765625 0.64453125 0.421875 0.6435546875 0.4228515625 0.64208984375 0.3798828125 0.63232421875 0.380859375 0.62548828125 0.37890625 0.61962890625 0.369140625 0.61669921875 0.345703125 0.6162109375 0.330078125 0.6162109375 0.3203125 0.61962890625 0.314453125 0.6240234375 0.30859375 0.6279296875 0.3017578125
2 0.65869140625 0.1171875 0.66552734375 0.0986328125 0.67626953125 0.072265625 0.70947265625 0.0498046875 0.72705078125 0.0576171875 0.724609375 0.43359375 0.6826171875 0.427734375 0.65771484375 0.421875 0.6611328125 0.21484375 0.6591796875 0.1416015625
4 0.69189453125 0.28125 0.6806640625 0.2802734375 0.67333984375 0.2890625 0.662109375 0.291015625 0.65283203125 0.291015625 0.64404296875 0.2861328125 0.638671875 0.27734375 0.638671875 0.2666015625 0.63818359375 0.263671875 0.63232421875 0.26171875 0.62841796875 0.2607421875 0.623046875 0.259765625 0.61865234375 0.25390625 0.6103515625 0.2568359375 0.6083984375 0.2529296875 0.60498046875 0.2421875 0.60693359375 0.2353515625 0.611328125 0.2236328125 0.61181640625 0.208984375 0.6142578125 0.2060546875 0.62158203125 0.203125 0.625 0.2001953125 0.62548828125 0.1923828125 0.62451171875 0.1865234375 0.61962890625 0.1845703125 0.6181640625 0.1826171875 0.61083984375 0.181640625 0.60498046875 0.1796875 0.60400390625 0.1748046875 0.60498046875 0.169921875 0.60693359375 0.158203125 0.60791015625 0.14453125 0.60791015625 0.13671875 0.6083984375 0.1318359375 0.61279296875 0.1279296875 0.615234375 0.12109375 0.60888671875 0.1162109375 0.60302734375 0.1220703125 0.599609375 0.1201171875 0.60009765625 0.1123046875 0.6025390625 0.1015625 0.60107421875 0.0908203125 0.60009765625 0.0869140625 0.6025390625 0.083984375 0.60693359375 0.076171875 0.60595703125 0.0654296875 0.6064453125 0.0556640625 0.6123046875 0.0498046875 0.6181640625 0.0498046875 0.6220703125 0.0517578125 0.625 0.048828125 0.6259765625 0.0439453125 0.63427734375 0.044921875 0.63427734375 0.037109375 0.6328125 0.033203125 0.6357421875 0.0224609375 0.6396484375 0.0283203125 0.64404296875 0.0341796875 0.65087890625 0.037109375 0.65283203125 0.037109375 0.650390625 0.03125 0.6513671875 0.025390625 0.65185546875 0.0205078125 0.65283203125 0.0205078125 0.65576171875 0.02734375 0.65869140625 0.0341796875 0.6611328125 0.0439453125 0.662109375 0.046875 0.66064453125 0.0595703125 0.6630859375 0.0556640625 0.66650390625 0.0537109375 0.669921875 0.0576171875 0.6748046875 0.0546875 0.6748046875 0.0380859375 0.67529296875 0.033203125 0.68115234375 0.0224609375 0.68603515625 0.0126953125 0.68359375 0.005859375 0.6826171875 0.0029296875 0.68115234375 0.0 0.7333984375 0.0 0.7353515625 0.1640625 0.705078125 0.2744140625
4 0.564453125 0.3076171875 0.56982421875 0.3203125 0.57373046875 0.3291015625 0.57666015625 0.3408203125 0.57763671875 0.361328125 0.5771484375 0.37890625 0.5498046875 0.375 0.5498046875 0.357421875 0.548828125 0.34375 0.5498046875 0.330078125 0.5546875 0.318359375 0.55810546875 0.3115234375
1 0.640625 0.4677734375 0.66845703125 0.4697265625 0.697265625 0.4658203125 0.736328125 0.4599609375 0.81201171875 0.4716796875 1.0 0.5341796875 1.0 0.689453125 0.8818359375 0.6337890625 0.7802734375 0.5859375 0.75390625 0.572265625 0.712890625 0.5537109375 0.654296875 0.51953125 0.63037109375 0.494140625 0.62744140625 0.4794921875 0.6318359375 0.4677734375
2 0.72119140625 0.0947265625 0.72021484375 0.0615234375 0.72021484375 0.021484375 0.720703125 0.005859375 0.72119140625 0.0 1.0 0.0 1.0 0.5625 0.93603515625 0.546875 0.84814453125 0.5166015625 0.78125 0.498046875 0.728515625 0.478515625 0.7197265625 0.4580078125 0.7197265625 0.3515625 0.7001953125 0.3544921875 0.69921875 0.1689453125 0.70654296875 0.1416015625 0.71728515625 0.10546875
1 0.03466796875 0.45703125 0.26708984375 0.4306640625 0.50537109375 0.431640625 0.53125 0.4326171875 0.54052734375 0.4326171875 0.56591796875 0.4345703125 0.56591796875 0.4375 0.5341796875 0.443359375 0.50439453125 0.4443359375 0.45654296875 0.453125 0.35302734375 0.470703125 0.2216796875 0.5048828125 0.1318359375 0.537109375 0.05419921875 0.5673828125 0.0 0.587890625 0.0 0.4599609375 0.01416015625 0.4599609375
2 0.0 0.0 0.5439453125 0.0 0.5361328125 0.0126953125 0.5537109375 0.0166015625 0.55322265625 0.04296875 0.53857421875 0.060546875 0.5390625 0.08203125 0.5537109375 0.0830078125 0.552734375 0.1083984375 0.5400390625 0.1259765625 0.53857421875 0.146484375 0.552734375 0.1474609375 0.552734375 0.173828125 0.53955078125 0.1845703125 0.5400390625 0.2119140625 0.55224609375 0.208984375 0.5517578125 0.236328125 0.53857421875 0.25 0.53955078125 0.2734375 0.5537109375 0.2734375 0.55224609375 0.302734375 0.5400390625 0.3095703125 0.53857421875 0.4345703125 0.52880859375 0.4365234375 0.52978515625 0.259765625 0.52734375 0.259765625 0.5263671875 0.4345703125 0.50634765625 0.4345703125 0.4287109375 0.4375 0.341796875 0.44140625 0.28271484375 0.4443359375 0.1650390625 0.4560546875 0.083984375 0.466796875 0.02490234375 0.4794921875 0.00048828125 0.4833984375
5 0.47509765625 0.3740234375 0.5087890625 0.3759765625 0.51025390625 0.3876953125 0.51123046875 0.419921875 0.509765625 0.4326171875 0.5029296875 0.4326171875 0.49853515625 0.4375 0.4970703125 0.443359375 0.4931640625 0.443359375 0.49267578125 0.439453125 0.48681640625 0.439453125 0.48291015625 0.443359375 0.47119140625 0.44140625 0.4677734375 0.42578125 0.46923828125 0.3994140625
