0 0.38623046875 0.4169921875 0.63916015625 0.40234375 0.61279296875 0.533203125 0.75341796875 0.7939453125 0.80908203125 0.884765625 0.87255859375 0.9990234375 0.0 0.9990234375 0.0 0.7177734375 0.2900390625 0.5068359375 0.37353515625 0.4638671875
1 0.6376953125 0.4345703125 0.63623046875 0.451171875 0.57666015625 0.455078125 0.53662109375 0.45703125 0.4560546875 0.45703125 0.39306640625 0.455078125 0.39111328125 0.439453125
1 0.41064453125 0.4609375 0.4189453125 0.4658203125 0.43994140625 0.4658203125 0.46044921875 0.4658203125 0.482421875 0.4697265625 0.48974609375 0.470703125 0.49609375 0.47265625 0.49755859375 0.4755859375 0.48486328125 0.482421875 0.45849609375 0.4892578125 0.42919921875 0.49609375 0.40185546875 0.501953125 0.35986328125 0.5205078125 0.30712890625 0.548828125 0.26171875 0.5791015625 0.208984375 0.6171875 0.1435546875 0.6611328125 0.07666015625 0.70703125 0.0 0.7587890625 0.0 0.51953125 0.34228515625 0.46875 0.388671875 0.4599609375
1 0.53662109375 0.5107421875 0.5439453125 0.494140625 0.5615234375 0.478515625 0.6171875 0.4580078125 0.64111328125 0.4501953125 1.0 0.5673828125 1.0 1.0 0.80126953125 1.0 0.755859375 0.9482421875 0.66845703125 0.7841796875 0.58642578125 0.6298828125 0.55078125 0.5615234375 0.537109375 0.5341796875 0.53466796875 0.521484375 0.53564453125 0.515625
2 0.3720703125 0.013671875 0.41650390625 0.0 0.64453125 0.0 0.6435546875 0.439453125 0.6103515625 0.4482421875 0.591796875 0.44921875 0.5498046875 0.44921875 0.48291015625 0.4501953125 0.43212890625 0.4501953125 0.4111328125 0.4501953125 0.39404296875 0.4501953125
2 0.0 0.0 0.37841796875 0.0 0.3779296875 0.0263671875 0.3916015625 0.0517578125 0.3857421875 0.0576171875 0.39208984375 0.291015625 0.396484375 0.4287109375 0.396484375 0.4697265625 0.3798828125 0.470703125 0.36328125 0.474609375 0.35498046875 0.4765625 0.35498046875 0.4814453125 0.33544921875 0.4873046875 0.33056640625 0.4912109375 0.31005859375 0.4921875 0.2978515625 0.490234375 0.28564453125 0.4951171875 0.2734375 0.5068359375 0.2451171875 0.5126953125 0.24169921875 0.5009765625 0.22314453125 0.50390625 0.22314453125 0.5322265625 0.20166015625 0.5341796875 0.1865234375 0.51171875 0.17041015625 0.5146484375 0.15478515625 0.5205078125 0.15625 0.5517578125 0.12890625 0.560546875 0.10693359375 0.5322265625 0.03955078125 0.5458984375 0.03955078125 0.59375 0.017578125 0.6005859375 0.0 0.6044921875
2 0.63720703125 0.384765625 0.62451171875 0.369140625 0.59130859375 0.314453125 0.63427734375 0.3017578125
4 0.4521484375 0.2373046875 0.4580078125 0.232421875 0.4619140625 0.23046875 0.46728515625 0.22265625 0.46923828125 0.2119140625 0.43896484375 0.091796875 0.41748046875 0.08203125 0.4130859375 0.076171875 0.41162109375 0.0712890625 0.40869140625 0.0634765625 0.40869140625 0.0595703125 0.40869140625 0.056640625 0.41015625 0.044921875 0.4091796875 0.04296875 0.4072265625 0.041015625 0.40673828125 0.0361328125 0.404296875 0.02734375 0.40087890625 0.029296875 0.3984375 0.0341796875 0.3935546875 0.029296875 0.392578125 0.0224609375 0.3935546875 0.017578125 0.3955078125 0.0146484375 0.396484375 0.01171875 0.39794921875 0.0068359375 0.4013671875 0.0 0.63671875 0.0 0.63525390625 0.33984375 0.62939453125 0.3330078125 0.626953125 0.3291015625 0.625 0.3212890625 0.62255859375 0.3173828125 0.6181640625 0.3154296875 0.61181640625 0.3203125 0.607421875 0.3251953125 0.607421875 0.33203125 0.60888671875 0.3388671875 0.6064453125 0.3486328125 0.6025390625 0.345703125 0.60009765625 0.3408203125 0.5986328125 0.3349609375 0.59130859375 0.3173828125 0.58544921875 0.3173828125 0.5830078125 0.3173828125 0.57470703125 0.3251953125 0.56982421875 0.318359375 0.56689453125 0.30859375 0.56396484375 0.30078125 0.56103515625 0.294921875 0.55712890625 0.29296875 0.5556640625 0.294921875 0.552734375 0.3017578125 0.55126953125 0.30078125 0.5478515625 0.3037109375 0.5439453125 0.306640625 0.5419921875 0.3056640625 0.53955078125 0.3037109375 0.5419921875 0.2978515625 0.54345703125 0.294921875 0.544921875 0.2919921875 0.544921875 0.28515625 0.5439453125 0.2802734375 0.53955078125 0.283203125 0.537109375 0.28515625 0.53466796875 0.2841796875 0.53173828125 0.2802734375 0.52880859375 0.279296875 0.52783203125 0.2822265625 0.52734375 0.291015625 0.52734375 0.296875 0.5234375 0.2998046875 0.51953125 0.3046875 0.515625 0.3017578125 0.51025390625 0.302734375 0.50390625 0.3076171875 0.4921875 0.3134765625 0.48974609375 0.3134765625 0.48974609375 0.310546875 0.49658203125 0.3037109375 0.50048828125 0.298828125 0.49658203125 0.2958984375 0.494140625 0.29296875 0.48876953125 0.28515625 0.48876953125 0.271484375 0.4873046875 0.2626953125 0.484375 0.2587890625 0.4765625 0.2607421875 0.4716796875 0.2626953125 0.46826171875 0.2607421875 0.4658203125 0.2568359375 0.462890625 0.2548828125 0.46142578125 0.251953125 0.46142578125 0.2490234375 0.4599609375 0.24609375 0.45361328125 0.24609375 0.45068359375 0.2431640625
2 0.61669921875 0.06640625 0.61669921875 0.0 0.99951171875 0.0 0.99951171875 0.6064453125 0.984375 0.6015625 0.97802734375 0.6015625 0.88037109375 0.57421875 0.7685546875 0.5283203125 0.75390625 0.529296875 0.69921875 0.5078125 0.6982421875 0.5048828125 0.67236328125 0.4970703125 0.66552734375 0.4970703125 0.66162109375 0.494140625 0.6611328125 0.4931640625 0.6435546875 0.4853515625 0.63427734375 0.4833984375 0.6337890625 0.375 0.6298828125 0.3759765625 0.62841796875 0.314453125 0.62841796875 0.2783203125 0.62158203125 0.275390625 0.6181640625 0.181640625 0.6298828125 0.1630859375 0.62744140625 0.0625
4 0.4052734375 0.4111328125 0.40869140625 0.4150390625 0.41064453125 0.416015625 0.41259765625 0.4140625 0.416015625 0.4140625 0.41748046875 0.416015625 0.419921875 0.421875 0.42041015625 0.4326171875 0.419921875 0.4375 0.41552734375 0.44921875 0.4130859375 0.4541015625 0.4111328125 0.4580078125 0.40185546875 0.4638671875 0.396484375 0.46484375 0.3955078125 0.4384765625 0.3955078125 0.4248046875 0.400390625 0.41796875 0.40234375 0.4130859375
4 0.373046875 0.4130859375 0.37841796875 0.4130859375 0.38427734375 0.41796875 0.38818359375 0.4228515625 0.3896484375 0.4375 0.3896484375 0.439453125 0.3876953125 0.44921875 0.38525390625 0.455078125 0.36767578125 0.453125 0.3662109375 0.4453125 0.36376953125 0.439453125 0.35888671875 0.4345703125 0.3564453125 0.43359375 0.35595703125 0.427734375 0.3603515625 0.4189453125 0.361328125 0.4150390625 0.365234375 0.4140625 0.3681640625 0.4130859375
