0 0.3603515625 0.3779296875 0.62255859375 0.3818359375 0.92431640625 0.453125 1.0 0.5048828125 1.0 1.0 0.0 1.0 0.0 0.3935546875 0.27001953125 0.37890625
2 0.13134765625 0.3251953125 0.2841796875 0.314453125 0.283203125 0.3740234375 0.2734375 0.3994140625 0.150390625 0.416015625 0.12744140625 0.4052734375
2 0.50634765625 0.16015625 0.56640625 0.15625 0.5625 0.1962890625 0.50341796875 0.2236328125 0.50390625 0.162109375
4 0.275390625 0.2578125 0.28466796875 0.234375 0.31103515625 0.21875 0.326171875 0.228515625 0.33251953125 0.216796875 0.33349609375 0.212890625 0.33984375 0.20703125 0.3515625 0.201171875 0.35791015625 0.201171875 0.365234375 0.2001953125 0.36865234375 0.2001953125 0.375 0.1982421875 0.37939453125 0.193359375 0.3798828125 0.19140625 0.3876953125 0.1806640625 0.39404296875 0.1728515625 0.3984375 0.1689453125 0.4091796875 0.1640625 0.40966796875 0.1552734375 0.41162109375 0.1435546875 0.41552734375 0.140625 0.41650390625 0.140625 0.4287109375 0.13671875 0.431640625 0.1337890625 0.4658203125 0.1328125 0.47607421875 0.130859375 0.48779296875 0.1328125 0.49462890625 0.1279296875 0.49755859375 0.1328125 0.49853515625 0.14453125 0.49755859375 0.154296875 0.49560546875 0.16015625 0.50732421875 0.16015625 0.515625 0.16015625 0.51708984375 0.162109375 0.52294921875 0.1689453125 0.5283203125 0.1748046875 0.53271484375 0.17578125 0.53759765625 0.17578125 0.54248046875 0.1640625 0.5478515625 0.15234375 0.5517578125 0.142578125 0.55908203125 0.1357421875 0.564453125 0.130859375 0.56787109375 0.126953125 0.57763671875 0.1318359375 0.5830078125 0.13671875 0.59228515625 0.123046875 0.5966796875 0.115234375 0.60498046875 0.1220703125 0.60888671875 0.125 0.61279296875 0.125 0.61767578125 0.1171875 0.61767578125 0.107421875 0.6181640625 0.0849609375 0.6181640625 0.072265625 0.6181640625 0.068359375 0.6240234375 0.0888671875 0.62939453125 0.10546875 0.6337890625 0.11328125 0.634765625 0.1123046875 0.6357421875 0.1025390625 0.6357421875 0.08984375 0.64599609375 0.0947265625 0.654296875 0.0654296875 0.6669921875 0.0615234375 0.67919921875 0.1181640625 0.68994140625 0.1279296875 0.701171875 0.111328125 0.72021484375 0.1083984375 0.7236328125 0.07421875 0.7333984375 0.041015625 0.7001953125 0.044921875 0.69091796875 0.03515625 0.6796875 0.03515625 0.68115234375 0.0205078125 0.65673828125 0.017578125 0.63037109375 0.0263671875 0.6181640625 0.0107421875 0.58935546875 0.025390625 0.5673828125 0.0 1.0 0.0 1.0 0.53125 0.60791015625 0.4521484375 0.60693359375 0.4189453125 0.51318359375 0.4111328125 0.4306640625 0.4208984375 0.388671875 0.419921875 0.33056640625 0.41796875 0.3017578125 0.421875 0.208984375 0.423828125 0.115234375 0.42578125 0.10400390625 0.384765625 0.1142578125 0.3203125 0.12548828125 0.3095703125 0.12744140625 0.3173828125 0.13623046875 0.3369140625 0.1484375 0.337890625 0.1533203125 0.3212890625 0.15771484375 0.3095703125 0.1591796875 0.3046875 0.16650390625 0.29296875 0.1689453125 0.2880859375 0.17333984375 0.279296875 0.1748046875 0.27734375 0.18017578125 0.28515625 0.18896484375 0.294921875 0.1943359375 0.302734375 0.1982421875 0.3115234375 0.20068359375 0.322265625 0.20166015625 0.341796875 0.20166015625 0.353515625 0.2109375 0.359375 0.21533203125 0.3486328125 0.21826171875 0.3427734375 0.23486328125 0.310546875 0.25146484375 0.302734375 0.2548828125 0.29296875 0.25244140625 0.2744140625 0.25439453125 0.271484375 0.26025390625 0.2744140625 0.27001953125 0.26953125 0.2734375 0.2578125
1 0.2978515625 0.4296875 0.34228515625 0.42578125 0.3671875 0.4306640625 0.40283203125 0.421875 0.48779296875 0.4248046875 0.55126953125 0.4208984375 0.6015625 0.421875 0.6005859375 0.4150390625 0.5546875 0.416015625 0.5146484375 0.416015625 0.4921875 0.4189453125 0.47265625 0.4169921875 0.404296875 0.4189453125 0.3955078125 0.419921875 0.3837890625 0.4169921875 0.33203125 0.41796875 0.31787109375 0.419921875 0.29443359375 0.419921875 0.2685546875 0.4208984375 0.2822265625 0.4287109375
1 0.1171875 0.4384765625 0.138671875 0.4375 0.20068359375 0.4345703125 0.19873046875 0.4306640625 0.1416015625 0.43359375 0.12451171875 0.431640625 0.11474609375 0.431640625 0.11376953125 0.4384765625
1 0.12646484375 0.451171875 0.220703125 0.4453125 0.21484375 0.439453125 0.19970703125 0.439453125 0.193359375 0.4384765625 0.130859375 0.4423828125 0.115234375 0.44140625 0.11376953125 0.451171875
1 0.06884765625 0.5185546875 0.10791015625 0.5068359375 0.19921875 0.4794921875 0.2578125 0.4658203125 0.25927734375 0.458984375 0.2529296875 0.4521484375 0.20751953125 0.45703125 0.1171875 0.4619140625 0.0791015625 0.4541015625 0.0 0.4541015625 0.0 0.5302734375
2 0.11669921875 0.462890625 0.11572265625 0.392578125 0.11865234375 0.3876953125 0.1181640625 0.337890625 0.111328125 0.0107421875 0.1123046875 0.0068359375 0.1064453125 0.0 0.0 0.0 0.0 0.47265625 0.0634765625 0.4677734375 0.08154296875 0.462890625 0.10986328125 0.4599609375
4 0.23388671875 0.427734375 0.232421875 0.375 0.2197265625 0.369140625 0.22265625 0.34375 0.2197265625 0.3232421875 0.21923828125 0.30078125 0.2197265625 0.279296875 0.21923828125 0.255859375 0.21875 0.22265625 0.22314453125 0.2021484375 0.224609375 0.1865234375 0.22900390625 0.169921875 0.2392578125 0.169921875 0.2412109375 0.17578125 0.24560546875 0.18359375 0.24560546875 0.1953125 0.244140625 0.205078125 0.244140625 0.2138671875 0.24462890625 0.224609375 0.24560546875 0.2314453125 0.24560546875 0.240234375 0.24560546875 0.2421875 0.25146484375 0.240234375 0.25439453125 0.2353515625 0.25439453125 0.234375 0.25537109375 0.2294921875 0.25830078125 0.236328125 0.2587890625 0.2373046875 0.25537109375 0.24609375 0.25146484375 0.2490234375 0.24658203125 0.25390625 0.24462890625 0.2578125 0.24462890625 0.267578125 0.2470703125 0.2890625 0.24755859375 0.3115234375 0.24951171875 0.34375 0.25146484375 0.3564453125 0.25 0.3662109375 0.2412109375 0.375 0.23828125 0.3818359375 0.23583984375 0.3876953125 0.2373046875 0.458984375 0.23486328125 0.4580078125 0.23486328125 0.4375
5 0.2392578125 0.4287109375 0.25830078125 0.431640625 0.2587890625 0.412109375 0.25341796875 0.4033203125 0.2412109375 0.4033203125 0.2392578125 0.4150390625 0.2392578125 0.42578125
3 0.5009765625 0.3994140625 0.59765625 0.3955078125 0.59716796875 0.4150390625 0.494140625 0.41796875 0.47998046875 0.41796875 0.47998046875 0.3984375
1 0.52880859375 0.4462890625 0.53955078125 0.4423828125 0.599609375 0.4404296875 0.673828125 0.4638671875 0.8056640625 0.517578125 1.0 0.61328125 1.0 0.9599609375 0.8330078125 0.7666015625 0.7431640625 0.662109375 0.6533203125 0.5537109375 0.62109375 0.515625 0.59228515625 0.4814453125 0.5654296875 0.4677734375 0.537109375 0.455078125
2 0.70703125 0.318359375 1.0 0.310546875 1.0 0.4404296875 0.7001953125 0.4375 0.69921875 0.37109375
4 0.755859375 0.3974609375 0.76806640625 0.3955078125 0.787109375 0.392578125 0.79052734375 0.3857421875 0.79541015625 0.3798828125 0.8125 0.3671875 0.81884765625 0.36328125 0.82421875 0.365234375 0.8359375 0.36328125 0.8505859375 0.361328125 0.8662109375 0.3583984375 0.87353515625 0.357421875 0.88525390625 0.3623046875 0.896484375 0.361328125 0.90185546875 0.3603515625 0.91015625 0.361328125 0.93505859375 0.3603515625 0.9501953125 0.3564453125 0.958984375 0.353515625 0.96728515625 0.3525390625 0.9716796875 0.3349609375 0.9775390625 0.3271484375 0.9853515625 0.3310546875 1.0 0.3271484375 1.0 0.4677734375 0.87060546875 0.4794921875 0.79638671875 0.4599609375 0.78369140625 0.4716796875 0.77294921875 0.47265625 0.7646484375 0.4736328125 0.7587890625 0.4697265625 0.75439453125 0.4658203125 0.75244140625 0.462890625 0.75048828125 0.4580078125 0.74755859375 0.443359375 0.74755859375 0.43359375 0.7490234375 0.40625
3 0.75634765625 0.4052734375 0.80126953125 0.4169921875 0.79443359375 0.48046875 0.775390625 0.4755859375 0.77587890625 0.4521484375 0.763671875 0.4482421875 0.763671875 0.4716796875 0.76123046875 0.46875 0.76171875 0.447265625 0.7509765625 0.4443359375 0.75146484375 0.470703125 0.74951171875 0.4716796875 0.74951171875 0.404296875
4 0.64111328125 0.4208984375 0.6396484375 0.419921875 0.63671875 0.4208984375 0.63525390625 0.4228515625 0.6337890625 0.42578125 0.6318359375 0.427734375 0.62939453125 0.4306640625 0.62451171875 0.4345703125 0.6240234375 0.4345703125 0.62255859375 0.439453125 0.62158203125 0.4462890625 0.62109375 0.44921875 0.623046875 0.458984375 0.62744140625 0.4599609375 0.62939453125 0.4609375 0.63525390625 0.462890625 0.64111328125 0.462890625 0.64306640625 0.4638671875 0.6474609375 0.4658203125 0.65087890625 0.458984375 0.65380859375 0.455078125 0.6591796875 0.4541015625 0.66162109375 0.4541015625 0.6650390625 0.455078125 0.6767578125 0.4560546875 0.68310546875 0.45703125 0.697265625 0.4599609375 0.70361328125 0.458984375 0.70849609375 0.455078125 0.71044921875 0.447265625 0.7109375 0.4375 0.71142578125 0.423828125 0.71044921875 0.4111328125 0.70947265625 0.3994140625 0.70751953125 0.388671875 0.705078125 0.384765625 0.70166015625 0.37890625 0.69921875 0.3759765625 0.69677734375 0.376953125 0.6943359375 0.3798828125 0.69091796875 0.3828125 0.68701171875 0.3818359375 0.68212890625 0.375 0.67529296875 0.3740234375 0.6708984375 0.3740234375 0.6669921875 0.375 0.6640625 0.3759765625 0.6572265625 0.380859375 0.6552734375 0.380859375 0.6513671875 0.3857421875 0.6474609375 0.3935546875 0.64599609375 0.396484375 0.64501953125 0.4033203125 0.6416015625 0.4111328125 0.642578125 0.4140625 0.642578125 0.4189453125 0.6455078125 0.419921875
4 0.60302734375 0.357421875 0.60791015625 0.3486328125 0.61572265625 0.337890625 0.6162109375 0.337890625 0.61865234375 0.345703125 0.62158203125 0.35546875 0.62548828125 0.361328125 0.62939453125 0.361328125 0.63330078125 0.353515625 0.63623046875 0.3427734375 0.6396484375 0.341796875 0.6494140625 0.3388671875 0.65234375 0.341796875 0.65673828125 0.3466796875 0.66552734375 0.3388671875 0.66796875 0.3369140625 0.673828125 0.34375 0.6787109375 0.353515625 0.68603515625 0.35546875 0.69873046875 0.330078125 0.70263671875 0.3076171875 0.703125 0.287109375 0.6845703125 0.1826171875 0.6728515625 0.169921875 0.65869140625 0.162109375 0.64599609375 0.16796875 0.63818359375 0.1787109375 0.63330078125 0.1982421875 0.623046875 0.2197265625 0.61279296875 0.248046875 0.60693359375 0.267578125 0.6044921875 0.28125 0.60205078125 0.2890625 0.59521484375 0.306640625 0.59521484375 0.310546875 0.59521484375 0.318359375 0.5966796875 0.3271484375 0.5966796875 0.3330078125 0.59716796875 0.3388671875 0.5966796875 0.3486328125 0.5986328125 0.361328125
4 0.76171875 0.4931640625 0.763671875 0.474609375 0.76611328125 0.46484375 0.7685546875 0.4599609375 0.775390625 0.4541015625 0.775390625 0.4541015625 0.77685546875 0.453125 0.7841796875 0.451171875 0.787109375 0.4501953125 0.79296875 0.44140625 0.8017578125 0.4345703125 0.806640625 0.4267578125 0.814453125 0.4208984375 0.81884765625 0.4208984375 0.82958984375 0.4228515625 0.83349609375 0.4287109375 0.8408203125 0.431640625 0.8505859375 0.43359375 0.8564453125 0.435546875 0.86181640625 0.4365234375 0.86669921875 0.4384765625 0.8759765625 0.4365234375 0.88134765625 0.4365234375 0.88525390625 0.4384765625 0.888671875 0.4404296875 0.8955078125 0.4404296875 0.9033203125 0.4384765625 0.91162109375 0.4384765625 0.9228515625 0.4365234375 0.9365234375 0.431640625 0.94384765625 0.4296875 0.9521484375 0.4267578125 0.9599609375 0.423828125 0.97412109375 0.421875 0.9814453125 0.4189453125 0.99072265625 0.4189453125 1.0 0.421875 1.0 0.6142578125 0.99658203125 0.609375 0.99365234375 0.607421875 0.98779296875 0.60546875 0.9755859375 0.6044921875 0.966796875 0.6103515625 0.96044921875 0.611328125 0.94189453125 0.609375 0.9375 0.6103515625 0.92822265625 0.615234375 0.9189453125 0.61328125 0.908203125 0.603515625 0.9013671875 0.5947265625 0.8994140625 0.5927734375 0.90087890625 0.587890625 0.908203125 0.580078125 0.90966796875 0.576171875 0.91357421875 0.5673828125 0.9091796875 0.5673828125 0.8974609375 0.564453125 0.8955078125 0.5546875 0.89013671875 0.556640625 0.88720703125 0.5537109375 0.880859375 0.548828125 0.87060546875 0.5478515625 0.8544921875 0.5439453125 0.83642578125 0.53515625 0.83056640625 0.5244140625 0.8203125 0.5244140625 0.81396484375 0.525390625 0.80712890625 0.5234375 0.80322265625 0.521484375 0.7978515625 0.521484375 0.7939453125 0.5263671875 0.7919921875 0.5283203125 0.78955078125 0.5302734375 0.78564453125 0.53125 0.78076171875 0.52734375 0.775390625 0.5224609375 0.76953125 0.5166015625 0.76611328125 0.5107421875
