0 0.0166015625 0.2841796875 1.0 0.3935546875 1.0 1.0 0.0 1.0 0.0 0.2861328125
1 0.5498046875 0.48828125 0.58349609375 0.5283203125 0.64013671875 0.5908203125 0.75830078125 0.724609375 1.0 1.0 1.0 0.4697265625 0.7275390625 0.4599609375 0.54248046875 0.443359375 0.5390625 0.4482421875
2 0.77490234375 0.439453125 0.77294921875 0.4208984375 0.7734375 0.4072265625 0.77392578125 0.388671875 0.7646484375 0.373046875 0.759765625 0.36328125 0.74267578125 0.3662109375 0.73779296875 0.306640625 0.74267578125 0.2900390625 0.77197265625 0.279296875 0.75732421875 0.25 0.76953125 0.2265625 0.794921875 0.2265625 0.8291015625 0.197265625 0.85888671875 0.2021484375 0.8828125 0.205078125 1.0 0.203125 1.0 0.4970703125 0.8740234375 0.4853515625
2 0.67822265625 0.3466796875 0.677734375 0.4404296875 0.68115234375 0.4404296875 0.70751953125 0.431640625 0.71630859375 0.41015625 0.7158203125 0.3623046875
1 0.078125 0.5908203125 0.24951171875 0.52734375 0.3115234375 0.5205078125 0.3564453125 0.509765625 0.38525390625 0.505859375 0.4111328125 0.494140625 0.43310546875 0.4794921875 0.44970703125 0.46875 0.46826171875 0.458984375 0.5029296875 0.439453125 0.4814453125 0.4365234375 0.37744140625 0.4365234375 0.20947265625 0.4453125 0.150390625 0.455078125 0.04931640625 0.482421875 0.04345703125 0.5419921875
4 0.31494140625 0.4482421875 0.3291015625 0.447265625 0.337890625 0.4443359375 0.33837890625 0.46484375 0.31884765625 0.4638671875
2 0.08203125 0.2353515625 0.080078125 0.013671875 0.08056640625 0.0087890625 0.0849609375 0.0048828125 0.08984375 0.0 0.0 0.0 0.0 0.44921875 0.0791015625 0.515625 0.08935546875 0.5126953125 0.10498046875 0.515625 0.1181640625 0.509765625 0.12890625 0.505859375 0.17626953125 0.494140625 0.17529296875 0.4892578125 0.17431640625 0.4482421875 0.31201171875 0.4599609375 0.33251953125 0.4560546875 0.375 0.451171875 0.39599609375 0.447265625 0.41796875 0.439453125 0.42041015625 0.4130859375 0.41796875 0.380859375 0.40966796875 0.2978515625 0.39892578125 0.2822265625 0.3935546875 0.28125 0.3935546875 0.234375 0.3994140625 0.228515625 0.3740234375 0.2109375 0.31396484375 0.2109375 0.2900390625 0.1875 0.25 0.1982421875 0.1826171875 0.3017578125 0.16552734375 0.271484375
4 0.169921875 0.302734375 0.169921875 0.3447265625 0.20703125 0.3408203125 0.2041015625 0.3134765625
5 0.3623046875 0.427734375 0.36865234375 0.427734375 0.3740234375 0.4365234375 0.38232421875 0.4453125 0.390625 0.44921875 0.39404296875 0.4560546875 0.39404296875 0.4658203125 0.392578125 0.470703125 0.388671875 0.47265625 0.3876953125 0.47265625 0.3857421875 0.4765625 0.37548828125 0.4736328125 0.3701171875 0.4716796875 0.36279296875 0.4697265625
4 0.00439453125 0.373046875 0.00537109375 0.36328125 0.00830078125 0.3447265625 0.0107421875 0.3330078125 0.00830078125 0.3203125 0.0087890625 0.3115234375 0.0068359375 0.302734375 0.0 0.2919921875 0.0 0.3740234375 0.0078125 0.3857421875
4 0.05859375 0.306640625 0.0537109375 0.3115234375 0.04931640625 0.3095703125 0.04248046875 0.306640625 0.03955078125 0.3125 0.0380859375 0.3154296875 0.03515625 0.31640625 0.03369140625 0.322265625 0.03369140625 0.3310546875 0.0302734375 0.341796875 0.033203125 0.353515625 0.03369140625 0.361328125 0.037109375 0.3642578125 0.0400390625 0.3681640625 0.0400390625 0.3798828125 0.04248046875 0.3994140625 0.0478515625 0.408203125 0.05126953125 0.40234375 0.0546875 0.392578125 0.05615234375 0.384765625 0.060546875 0.3779296875 0.06689453125 0.3720703125 0.0732421875 0.3671875 0.07568359375 0.3544921875 0.0751953125 0.345703125 0.072265625 0.33984375 0.07275390625 0.3310546875 0.072265625 0.3193359375 0.06982421875 0.3212890625 0.0634765625 0.322265625 0.06201171875 0.3193359375 0.06103515625 0.3056640625
5 0.05908203125 0.4072265625 0.07421875 0.4560546875 0.080078125 0.49609375 0.08203125 0.5185546875 0.08349609375 0.5283203125 0.08251953125 0.5634765625 0.08349609375 0.5908203125 0.08349609375 0.6083984375 0.08203125 0.6142578125 0.078125 0.6162109375 0.07666015625 0.6376953125 0.07080078125 0.658203125 0.0615234375 0.6640625 0.0478515625 0.666015625 0.04248046875 0.6630859375 0.03857421875 0.6513671875 0.03564453125 0.6298828125 0.0234375 0.6298828125 0.0 0.642578125 0.0 0.3671875 0.0087890625 0.3701171875 0.0234375 0.3720703125 0.041015625 0.3798828125 0.05029296875 0.384765625 0.0556640625 0.3935546875
5 0.216796875 0.3994140625 0.21337890625 0.40625 0.21728515625 0.4208984375 0.23681640625 0.4208984375 0.259765625 0.4228515625 0.25830078125 0.40234375 0.23583984375 0.3994140625 0.21923828125 0.3994140625
5 0.3271484375 0.421875 0.3369140625 0.4228515625 0.337890625 0.4443359375 0.3330078125 0.4453125 0.32763671875 0.4462890625 0.32421875 0.4462890625 0.3212890625 0.4453125 0.3193359375 0.4423828125 0.31787109375 0.4375 0.318359375 0.4306640625 0.3193359375 0.42578125 0.32177734375 0.421875 0.32470703125 0.421875
4 0.38232421875 0.3193359375 0.3759765625 0.3056640625 0.37353515625 0.294921875 0.3759765625 0.28125 0.373046875 0.2705078125 0.37353515625 0.2529296875 0.37890625 0.2373046875 0.37841796875 0.2236328125 0.375 0.2119140625 0.3740234375 0.1982421875 0.365234375 0.171875 0.3583984375 0.17578125 0.35888671875 0.1650390625 0.353515625 0.15234375 0.3515625 0.1474609375 0.34814453125 0.1533203125 0.34765625 0.1435546875 0.3486328125 0.142578125 0.35009765625 0.1337890625 0.34814453125 0.1279296875 0.34521484375 0.1376953125 0.34228515625 0.1337890625 0.34375 0.1298828125 0.34423828125 0.1220703125 0.34375 0.1181640625 0.34912109375 0.10546875 0.34912109375 0.0869140625 0.34814453125 0.07421875 0.337890625 0.0693359375 0.33544921875 0.080078125 0.33544921875 0.0888671875 0.333984375 0.080078125 0.3291015625 0.0830078125 0.32763671875 0.0908203125 0.32568359375 0.0849609375 0.3232421875 0.0732421875 0.31787109375 0.0712890625 0.314453125 0.0595703125 0.3115234375 0.0498046875 0.3095703125 0.0556640625 0.3076171875 0.052734375 0.31005859375 0.044921875 0.31005859375 0.03125 0.3046875 0.0166015625 0.302734375 0.0126953125 0.3046875 0.0 0.19287109375 0.0 0.19140625 0.0048828125 0.19140625 0.0146484375 0.193359375 0.0185546875 0.18896484375 0.021484375 0.18505859375 0.025390625 0.18603515625 0.0419921875 0.1875 0.05078125 0.1845703125 0.0537109375 0.181640625 0.0478515625 0.18115234375 0.0361328125 0.17626953125 0.0263671875 0.17431640625 0.0361328125 0.171875 0.0419921875 0.1689453125 0.0361328125 0.166015625 0.0390625 0.1611328125 0.0419921875 0.1591796875 0.04296875 0.1533203125 0.0537109375 0.1494140625 0.0537109375 0.1484375 0.0673828125 0.14892578125 0.107421875 0.14599609375 0.1123046875 0.14404296875 0.1142578125 0.1318359375 0.1044921875 0.130859375 0.1083984375 0.12939453125 0.1162109375 0.1220703125 0.1181640625 0.11865234375 0.1259765625 0.11962890625 0.138671875 0.123046875 0.1533203125 0.1259765625 0.16015625 0.123046875 0.1689453125 0.12353515625 0.1767578125 0.126953125 0.1796875 0.125 0.1865234375 0.12158203125 0.19140625 0.12158203125 0.2021484375 0.1240234375 0.205078125 0.1318359375 0.19921875 0.1396484375 0.1982421875 0.142578125 0.2060546875 0.13720703125 0.2158203125 0.13037109375 0.22265625 0.12255859375 0.2275390625 0.11962890625 0.2294921875 0.11328125 0.2373046875 0.109375 0.248046875 0.11669921875 0.251953125 0.13623046875 0.26171875 0.13916015625 0.259765625 0.142578125 0.251953125 0.15234375 0.2529296875 0.15576171875 0.2568359375 0.15234375 0.2646484375 0.15283203125 0.2685546875 0.16552734375 0.2724609375 0.1650390625 0.33203125 0.18212890625 0.3203125 0.19775390625 0.3232421875 0.20361328125 0.349609375 0.2138671875 0.3505859375 0.21337890625 0.27734375 0.22607421875 0.2783203125 0.2314453125 0.2822265625 0.23583984375 0.283203125 0.2353515625 0.287109375 0.228515625 0.2900390625 0.22607421875 0.29296875 0.228515625 0.29296875 0.23583984375 0.291015625 0.2392578125 0.2890625 0.2431640625 0.3154296875 0.25 0.361328125 0.255859375 0.3974609375 0.25830078125 0.412109375 0.25634765625 0.4150390625 0.25244140625 0.416015625 0.24853515625 0.4150390625 0.24462890625 0.4091796875 0.2392578125 0.4052734375 0.23486328125 0.4091796875 0.22998046875 0.4111328125 0.22705078125 0.408203125 0.22314453125 0.4072265625 0.22265625 0.4169921875 0.22021484375 0.419921875 0.21875 0.4111328125 0.216796875 0.4072265625 0.2119140625 0.4033203125 0.20556640625 0.3994140625 0.20166015625 0.39453125 0.20263671875 0.384765625 0.20458984375 0.373046875 0.205078125 0.359375 0.201171875 0.3388671875 0.19921875 0.3310546875 0.19140625 0.3251953125 0.1806640625 0.322265625 0.15771484375 0.3388671875 0.15673828125 0.3447265625 0.15234375 0.3515625 0.14990234375 0.365234375 0.15185546875 0.37890625 0.154296875 0.388671875 0.1630859375 0.396484375 0.16357421875 0.3974609375 0.16357421875 0.4267578125 0.1533203125 0.412109375 0.14208984375 0.4072265625 0.13623046875 0.4111328125 0.1337890625 0.416015625 0.13134765625 0.421875 0.1220703125 0.419921875 0.12353515625 0.39453125 0.1279296875 0.3740234375 0.13427734375 0.3701171875 0.1376953125 0.3681640625 0.146484375 0.3603515625 0.14208984375 0.359375 0.14306640625 0.3525390625 0.1435546875 0.3408203125 0.140625 0.3408203125 0.13818359375 0.341796875 0.13720703125 0.33203125 0.13134765625 0.3251953125 0.12890625 0.330078125 0.12548828125 0.337890625 0.12158203125 0.3388671875 0.1201171875 0.33203125 0.1171875 0.3359375 0.11181640625 0.3408203125 0.10546875 0.330078125 0.1044921875 0.3359375 0.1064453125 0.34765625 0.10888671875 0.3515625 0.10595703125 0.35546875 0.1025390625 0.3515625 0.1064453125 0.3583984375 0.11328125 0.3681640625 0.10986328125 0.3701171875 0.109375 0.3740234375 0.1123046875 0.376953125 0.115234375 0.3759765625 0.1181640625 0.384765625 0.11865234375 0.3984375 0.11767578125 0.4189453125 0.1142578125 0.4111328125 0.111328125 0.404296875 0.10546875 0.40234375 0.09814453125 0.40234375 0.09423828125 0.40625 0.0966796875 0.4208984375 0.09521484375 0.4267578125 0.087890625 0.4306640625 0.08935546875 0.4404296875 0.09033203125 0.4521484375 0.09228515625 0.4560546875 0.09375 0.4638671875 0.09619140625 0.46875 0.1005859375 0.4697265625 0.107421875 0.47265625 0.11328125 0.482421875 0.11767578125 0.4833984375 0.1171875 0.5068359375 0.1220703125 0.505859375 0.12255859375 0.482421875 0.12451171875 0.486328125 0.12939453125 0.4921875 0.13525390625 0.494140625 0.142578125 0.4921875 0.154296875 0.4921875 0.162109375 0.4892578125 0.16845703125 0.4892578125 0.17431640625 0.4892578125 0.17578125 0.4931640625 0.177734375 0.4921875 0.18115234375 0.4921875 0.1904296875 0.490234375 0.19482421875 0.4873046875 0.20703125 0.484375 0.22607421875 0.484375 0.2490234375 0.486328125 0.263671875 0.484375 0.28662109375 0.478515625 0.302734375 0.4765625 0.32177734375 0.474609375 0.3251953125 0.47265625 0.31982421875 0.447265625 0.31298828125 0.4345703125 0.3076171875 0.423828125 0.3017578125 0.431640625 0.29931640625 0.4248046875 0.298828125 0.4072265625 0.29736328125 0.392578125 0.298828125 0.3779296875 0.3037109375 0.3779296875 0.30810546875 0.37890625 0.3203125 0.3798828125 0.32763671875 0.3837890625 0.32861328125 0.390625 0.3330078125 0.392578125 0.33740234375 0.39453125 0.3369140625 0.4970703125 0.34033203125 0.4970703125 0.3408203125 0.3916015625 0.345703125 0.3828125 0.34521484375 0.4765625 0.34716796875 0.4775390625 0.34912109375 0.4033203125 0.3564453125 0.39453125 0.36181640625 0.3935546875 0.369140625 0.392578125 0.37060546875 0.4736328125 0.37158203125 0.4736328125 0.37109375 0.3935546875 0.37353515625 0.396484375 0.3798828125 0.40234375 0.3798828125 0.4072265625 0.38232421875 0.4072265625 0.38720703125 0.4111328125 0.392578125 0.4111328125 0.39794921875 0.412109375 0.40234375 0.416015625 0.408203125 0.419921875 0.4140625 0.4189453125 0.41650390625 0.4189453125 0.416015625 0.4599609375 0.41796875 0.44921875 0.44775390625 0.4462890625 0.44921875 0.4453125 0.45654296875 0.4501953125 0.5078125 0.4404296875 0.5439453125 0.4453125 0.5703125 0.4453125 0.59765625 0.46484375 0.61767578125 0.4775390625 0.63525390625 0.4189453125 0.62109375 0.4248046875 0.62158203125 0.3955078125 0.62451171875 0.3935546875 0.62939453125 0.390625 0.6328125 0.384765625 0.63623046875 0.3798828125 0.63916015625 0.37109375 0.67578125 0.369140625 0.67578125 0.4541015625 0.6787109375 0.4541015625 0.67919921875 0.369140625 0.6796875 0.3623046875 0.6826171875 0.3583984375 0.68603515625 0.3603515625 0.689453125 0.3759765625 0.693359375 0.3798828125 0.69775390625 0.3779296875 0.70263671875 0.375 0.7060546875 0.3701171875 0.7109375 0.3740234375 0.71240234375 0.3837890625 0.712890625 0.4033203125 0.71337890625 0.416015625 0.72216796875 0.42578125 0.72216796875 0.40625 0.77392578125 0.40625 0.77392578125 0.388671875 0.76123046875 0.36328125 0.74365234375 0.36328125 0.744140625 0.2939453125 0.7705078125 0.2802734375 0.771484375 0.3056640625 0.77392578125 0.306640625 0.775390625 0.275390625 0.7744140625 0.2705078125 0.771484375 0.26953125 0.76953125 0.265625 0.76708984375 0.2626953125 0.76318359375 0.259765625 0.755859375 0.251953125 0.75146484375 0.2421875 0.75146484375 0.2353515625 0.755859375 0.2314453125 0.75927734375 0.224609375 0.75244140625 0.2216796875 0.75732421875 0.212890625 0.76025390625 0.203125 0.7578125 0.197265625 0.75146484375 0.1875 0.75634765625 0.18359375 0.7578125 0.189453125 0.7607421875 0.19140625 0.763671875 0.1865234375 0.76904296875 0.189453125 0.7724609375 0.1865234375 0.7705078125 0.1953125 0.767578125 0.2041015625 0.76708984375 0.2138671875 0.767578125 0.224609375 0.767578125 0.2353515625 0.7685546875 0.2431640625 0.7744140625 0.244140625 0.77880859375 0.2421875 0.783203125 0.2451171875 0.78173828125 0.2578125 0.78369140625 0.263671875 0.7880859375 0.25390625 0.7919921875 0.24609375 0.79541015625 0.2431640625 0.79736328125 0.25 0.80224609375 0.25 0.8076171875 0.24609375 0.8134765625 0.2431640625 0.8212890625 0.2412109375 0.826171875 0.234375 0.82861328125 0.2255859375 0.83203125 0.2060546875 0.83642578125 0.201171875 0.861328125 0.2138671875 0.8662109375 0.228515625 0.8642578125 0.236328125 0.85888671875 0.236328125 0.85546875 0.228515625 0.8505859375 0.2197265625 0.84423828125 0.216796875 0.83837890625 0.2197265625 0.8408203125 0.232421875 0.84326171875 0.2431640625 0.8486328125 0.2490234375 0.85302734375 0.2529296875 0.85498046875 0.24609375 0.86279296875 0.2431640625 0.8671875 0.244140625 0.86669921875 0.5869140625 0.87841796875 0.587890625 0.876953125 0.2470703125 0.87890625 0.244140625 0.88232421875 0.24609375 0.88525390625 0.2412109375 0.88720703125 0.234375 0.8935546875 0.228515625 0.89794921875 0.2216796875 0.89990234375 0.2275390625 0.90283203125 0.2373046875 0.90380859375 0.2373046875 0.90771484375 0.232421875 0.91162109375 0.228515625 0.91259765625 0.2216796875 0.9189453125 0.2119140625 0.9248046875 0.2119140625 0.9267578125 0.2197265625 0.92578125 0.23046875 0.92529296875 0.240234375 0.93017578125 0.2255859375 0.93310546875 0.234375 0.93603515625 0.244140625 0.93896484375 0.25 0.94140625 0.26171875 0.943359375 0.265625 0.947265625 0.2646484375 0.953125 0.2626953125 0.95556640625 0.2666015625 0.95654296875 0.2724609375 0.9580078125 0.2783203125 0.95947265625 0.2744140625 0.96142578125 0.26171875 0.96142578125 0.255859375 0.96240234375 0.2470703125 0.9658203125 0.2412109375 0.9697265625 0.2392578125 0.970703125 0.24609375 0.970703125 0.25 0.9736328125 0.255859375 0.97705078125 0.251953125 0.9775390625 0.24609375 0.9794921875 0.248046875 0.9814453125 0.2607421875 0.982421875 0.26171875 0.98583984375 0.255859375 0.98681640625 0.2490234375 0.9892578125 0.2412109375 0.9873046875 0.2255859375 0.98974609375 0.228515625 0.9921875 0.2373046875 0.99755859375 0.25 1.0 0.25390625 1.0 0.0 0.7275390625 0.0 0.7333984375 0.0048828125 0.7333984375 0.0078125 0.73486328125 0.0126953125 0.73681640625 0.013671875 0.73974609375 0.0048828125 0.740234375 0.0107421875 0.7392578125 0.021484375 0.73388671875 0.021484375 0.73388671875 0.0244140625 0.73828125 0.0263671875 0.74169921875 0.033203125 0.74755859375 0.037109375 0.7490234375 0.04296875 0.74609375 0.04296875 0.73876953125 0.0361328125 0.740234375 0.05078125 0.73876953125 0.0546875 0.73583984375 0.0595703125 0.73828125 0.0849609375 0.744140625 0.099609375 0.74560546875 0.1064453125 0.74169921875 0.107421875 0.73876953125 0.1025390625 0.73583984375 0.1025390625 0.72998046875 0.0927734375 0.72900390625 0.1015625 0.73291015625 0.11328125 0.734375 0.1220703125 0.73876953125 0.1279296875 0.7392578125 0.1328125 0.73486328125 0.134765625 0.7333984375 0.1376953125 0.73486328125 0.1435546875 0.740234375 0.1484375 0.74365234375 0.15625 0.73974609375 0.1591796875 0.73193359375 0.1591796875 0.72705078125 0.1572265625 0.72509765625 0.15234375 0.7216796875 0.1591796875 0.71826171875 0.16015625 0.71435546875 0.146484375 0.70654296875 0.1376953125 0.69921875 0.1142578125 0.69287109375 0.0986328125 0.6884765625 0.087890625 0.685546875 0.0693359375 0.6826171875 0.0654296875 0.677734375 0.0673828125 0.6728515625 0.0830078125 0.6689453125 0.0986328125 0.66552734375 0.1162109375 0.6630859375 0.1337890625 0.65966796875 0.1318359375 0.658203125 0.138671875 0.65673828125 0.142578125 0.6572265625 0.1552734375 0.6591796875 0.1669921875 0.6494140625 0.1533203125 0.6474609375 0.158203125 0.6455078125 0.1328125 0.640625 0.1416015625 0.64013671875 0.150390625 0.6396484375 0.1552734375 0.6376953125 0.15625 0.63818359375 0.169921875 0.63916015625 0.1748046875 0.63818359375 0.1806640625 0.63525390625 0.1748046875 0.634765625 0.162109375 0.6328125 0.162109375 0.6328125 0.17578125 0.6318359375 0.1826171875 0.63134765625 0.1845703125 0.63525390625 0.1923828125 0.63720703125 0.2021484375 0.63525390625 0.2099609375 0.63330078125 0.2197265625 0.6328125 0.2236328125 0.62744140625 0.2099609375 0.6279296875 0.224609375 0.626953125 0.232421875 0.62548828125 0.2275390625 0.623046875 0.21875 0.6201171875 0.216796875 0.61962890625 0.208984375 0.61767578125 0.2060546875 0.615234375 0.2158203125 0.61328125 0.212890625 0.61181640625 0.197265625 0.60888671875 0.2109375 0.6083984375 0.21875 0.60546875 0.21875 0.60400390625 0.212890625 0.60205078125 0.208984375 0.6015625 0.1962890625 0.59912109375 0.203125 0.5986328125 0.21875 0.595703125 0.2265625 0.59521484375 0.2392578125 0.5927734375 0.244140625 0.59130859375 0.244140625 0.59326171875 0.2646484375 0.591796875 0.26171875 0.59033203125 0.2490234375 0.5869140625 0.2392578125 0.58349609375 0.25390625 0.580078125 0.2548828125 0.57958984375 0.240234375 0.57666015625 0.2412109375 0.56689453125 0.24609375 0.56298828125 0.2548828125 0.56005859375 0.2724609375 0.5576171875 0.2724609375 0.55322265625 0.2685546875 0.55224609375 0.2744140625 0.5498046875 0.2666015625 0.54541015625 0.263671875 0.54638671875 0.2587890625 0.54345703125 0.2509765625 0.5361328125 0.2412109375 0.53271484375 0.248046875 0.52685546875 0.251953125 0.521484375 0.2548828125 0.5166015625 0.2607421875 0.5126953125 0.2685546875 0.51220703125 0.27734375 0.5087890625 0.2880859375 0.5087890625 0.2939453125 0.5087890625 0.3037109375 0.5078125 0.3125 0.50634765625 0.318359375 0.50244140625 0.31640625 0.49951171875 0.310546875 0.49609375 0.2998046875 0.494140625 0.28515625 0.48828125 0.2607421875 0.48388671875 0.25 0.4677734375 0.2294921875 0.45263671875 0.2265625 0.4462890625 0.2392578125 0.4345703125 0.24609375 0.42919921875 0.2509765625 0.4208984375 0.2626953125 0.41455078125 0.2666015625 0.408203125 0.2587890625 0.4013671875 0.2587890625 0.3974609375 0.27734375 0.39794921875 0.294921875 0.39208984375 0.3037109375 0.38671875 0.3125
5 0.49755859375 0.4306640625 0.49169921875 0.4306640625 0.4912109375 0.4384765625 0.49267578125 0.44140625 0.49560546875 0.4423828125
5 0.5810546875 0.4306640625 0.572265625 0.4248046875 0.5556640625 0.42578125 0.55224609375 0.4267578125 0.54638671875 0.443359375 0.5458984375 0.4580078125 0.55029296875 0.4609375 0.55517578125 0.4619140625 0.57861328125 0.455078125 0.5830078125 0.44921875
5 0.5390625 0.4248046875 0.51953125 0.4208984375 0.5048828125 0.4208984375 0.50341796875 0.4169921875 0.50146484375 0.4189453125 0.4990234375 0.423828125 0.49609375 0.431640625 0.48974609375 0.4521484375 0.48486328125 0.4501953125 0.48291015625 0.4541015625 0.48291015625 0.4580078125 0.484375 0.4599609375 0.486328125 0.4609375 0.48583984375 0.474609375 0.48583984375 0.4951171875 0.4853515625 0.5234375 0.4853515625 0.5283203125 0.48828125 0.5322265625 0.49072265625 0.533203125 0.494140625 0.53125 0.4951171875 0.5205078125 0.5107421875 0.51953125 0.51318359375 0.5234375 0.5146484375 0.5205078125 0.51953125 0.521484375 0.5224609375 0.5185546875 0.52392578125 0.51953125 0.541015625 0.521484375 0.541015625 0.525390625 0.54345703125 0.53515625 0.5458984375 0.5380859375 0.55029296875 0.537109375 0.5517578125 0.53515625 0.55224609375 0.51171875 0.5537109375 0.4892578125 0.552734375 0.470703125 0.55224609375 0.4658203125 0.55615234375 0.4658203125 0.55712890625 0.4619140625 0.556640625 0.45703125 0.552734375 0.455078125 0.54931640625 0.455078125 0.5458984375 0.4384765625 0.54296875 0.4248046875 0.5400390625 0.419921875 0.53857421875 0.419921875
2 0.6259765625 0.3818359375 0.61962890625 0.400390625 0.619140625 0.4287109375 0.626953125 0.4609375 0.62939453125 0.48828125 0.63134765625 0.490234375 0.63232421875 0.5009765625 0.634765625 0.5009765625 0.63623046875 0.4892578125 0.6396484375 0.4892578125 0.64013671875 0.5087890625 0.64111328125 0.5087890625 0.6416015625 0.490234375 0.6572265625 0.490234375 0.65771484375 0.5078125 0.65966796875 0.5068359375 0.66015625 0.4912109375 0.67431640625 0.490234375 0.677734375 0.466796875 0.67626953125 0.4541015625 0.67626953125 0.3681640625 0.63720703125 0.369140625 0.62451171875 0.376953125 0.62451171875 0.380859375
4 0.70654296875 0.416015625 0.70556640625 0.4052734375 0.7080078125 0.3974609375 0.70703125 0.388671875 0.70458984375 0.3857421875 0.701171875 0.3837890625 0.69873046875 0.384765625 0.6953125 0.3837890625 0.69287109375 0.388671875 0.6904296875 0.3916015625 0.68896484375 0.3984375 0.68896484375 0.4111328125 0.69140625 0.419921875
4 0.91552734375 0.43359375 0.916015625 0.47265625 0.90869140625 0.4931640625 0.865234375 0.4990234375 0.8046875 0.5068359375 0.77294921875 0.505859375 0.7587890625 0.501953125 0.75732421875 0.4716796875 0.75537109375 0.4453125 0.7578125 0.4306640625 0.759765625 0.4248046875 0.7626953125 0.419921875 0.7705078125 0.4169921875 0.775390625 0.4150390625 0.7861328125 0.412109375 0.7939453125 0.412109375 0.80322265625 0.412109375 0.81005859375 0.41015625 0.8193359375 0.4091796875 0.82177734375 0.4169921875 0.82763671875 0.4111328125 0.833984375 0.3984375 0.8369140625 0.3984375 0.841796875 0.4091796875 0.8466796875 0.416015625 0.849609375 0.4189453125 0.85498046875 0.416015625 0.85888671875 0.4130859375 0.8623046875 0.4169921875 0.86572265625 0.41015625 0.87158203125 0.408203125 0.87646484375 0.4072265625 0.880859375 0.4140625 0.88720703125 0.41015625 0.89306640625 0.40234375 0.89990234375 0.40625 0.90283203125 0.4140625 0.9072265625 0.423828125 0.91455078125 0.4287109375
5 0.70947265625 0.41015625 0.69580078125 0.4091796875 0.6865234375 0.412109375 0.6787109375 0.4296875 0.6748046875 0.4453125 0.67431640625 0.44140625 0.66845703125 0.4404296875 0.66796875 0.4453125 0.6689453125 0.4501953125 0.671875 0.4521484375 0.66650390625 0.4697265625 0.66650390625 0.4951171875 0.66748046875 0.5166015625 0.6689453125 0.5205078125 0.669921875 0.521484375 0.67333984375 0.5224609375 0.6767578125 0.521484375 0.6806640625 0.5224609375 0.68359375 0.5263671875 0.68603515625 0.529296875 0.68994140625 0.5283203125 0.693359375 0.5263671875 0.6953125 0.5146484375 0.72900390625 0.515625 0.736328125 0.5166015625 0.7373046875 0.5263671875 0.74169921875 0.529296875 0.7451171875 0.5283203125 0.74658203125 0.515625 0.74755859375 0.494140625 0.748046875 0.48046875 0.74609375 0.4609375 0.74169921875 0.4365234375 0.73486328125 0.4130859375 0.72607421875 0.4091796875 0.71484375 0.408203125
