4 0.40283203125 0.0 0.15673828125 0.0 0.31591796875 0.4716796875 0.48779296875 0.466796875 0.5234375 0.4697265625 0.578125 0.4541015625 0.61279296875 0.4462890625 0.6103515625 0.0205078125 0.603515625 0.0205078125 0.59912109375 0.0302734375 0.59521484375 0.03515625 0.59228515625 0.02734375 0.59521484375 0.0244140625 0.5947265625 0.01171875 0.59033203125 0.017578125 0.5869140625 0.0126953125 0.5869140625 0.009765625 0.58447265625 0.0087890625 0.58056640625 0.015625 0.58349609375 0.0205078125 0.583984375 0.03125 0.58056640625 0.03125 0.5849609375 0.0419921875 0.576171875 0.046875 0.57568359375 0.0537109375 0.57958984375 0.056640625 0.57666015625 0.06640625 0.57275390625 0.060546875 0.5712890625 0.0673828125 0.56298828125 0.060546875 0.556640625 0.05078125 0.54736328125 0.052734375 0.5439453125 0.05859375 0.54443359375 0.0712890625 0.54248046875 0.072265625 0.53564453125 0.0703125 0.53173828125 0.0625 0.52734375 0.0556640625 0.52685546875 0.048828125 0.5302734375 0.0458984375 0.52978515625 0.03125 0.537109375 0.03515625 0.53857421875 0.033203125 0.5400390625 0.021484375 0.5322265625 0.015625 0.5283203125 0.0087890625 0.53173828125 0.0068359375 0.53369140625 0.0
2 0.49169921875 0.3017578125 0.48388671875 0.3310546875 0.48291015625 0.416015625 0.4892578125 0.427734375 0.49658203125 0.427734375 0.5078125 0.4306640625 0.50830078125 0.3291015625 0.51220703125 0.3134765625 0.505859375 0.2880859375 0.49609375 0.296875
2 0.4306640625 0.251953125 0.4091796875 0.25390625 0.4091796875 0.2783203125 0.400390625 0.30078125 0.388671875 0.3037109375 0.388671875 0.3203125 0.39990234375 0.333984375 0.4072265625 0.353515625 0.40869140625 0.392578125 0.45068359375 0.4111328125 0.46875 0.4130859375 0.4765625 0.4140625 0.4775390625 0.3857421875 0.4765625 0.3388671875 0.4697265625 0.3203125 0.45654296875 0.291015625 0.44384765625 0.2890625 0.43701171875 0.283203125
0 0.73681640625 0.591796875 0.5537109375 0.48828125 0.556640625 0.4794921875 0.55517578125 0.470703125 0.517578125 0.46875 0.49462890625 0.466796875 0.451171875 0.4638671875 0.0 0.6416015625 0.00048828125 1.0 1.0 1.0 0.99951171875 0.7333984375
5 0.52294921875 0.455078125 0.5185546875 0.4638671875 0.51953125 0.474609375 0.5244140625 0.4765625 0.533203125 0.4775390625 0.5576171875 0.4794921875 0.568359375 0.4677734375 0.564453125 0.4375 0.55810546875 0.4384765625 0.54736328125 0.439453125 0.541015625 0.443359375 0.533203125 0.44921875
4 0.58447265625 0.3955078125 0.572265625 0.404296875 0.5654296875 0.40625 0.56591796875 0.4150390625 0.56005859375 0.42578125 0.5576171875 0.447265625 0.5595703125 0.46875 0.55615234375 0.4794921875 0.55712890625 0.4931640625 0.7275390625 0.5693359375 0.73291015625 0.4892578125 0.693359375 0.4716796875 0.6171875 0.439453125 0.6044921875 0.3935546875
5 0.50146484375 0.455078125 0.494140625 0.439453125 0.49072265625 0.4384765625 0.4677734375 0.4365234375 0.458984375 0.4384765625 0.45166015625 0.4462890625 0.447265625 0.4658203125 0.4599609375 0.47265625 0.47998046875 0.47265625 0.48193359375 0.4775390625 0.4873046875 0.4765625 0.48974609375 0.4736328125 0.4921875 0.4716796875 0.49853515625 0.46875 0.50146484375 0.46484375
5 0.4599609375 0.4921875 0.4599609375 0.47265625 0.4580078125 0.4541015625 0.4599609375 0.4521484375 0.4599609375 0.44921875 0.45849609375 0.4482421875 0.4560546875 0.4482421875 0.4541015625 0.4453125 0.44775390625 0.4423828125 0.45361328125 0.4931640625
1 0.5185546875 0.484375 0.52392578125 0.4814453125 0.55712890625 0.4794921875 0.5859375 0.4892578125 0.58935546875 0.494140625 0.61279296875 0.5009765625 0.6162109375 0.50390625 0.6435546875 0.5087890625 0.63720703125 0.51171875 0.65576171875 0.51953125 0.67236328125 0.5224609375 0.68994140625 0.521484375 0.6865234375 0.53125 0.68212890625 0.533203125 0.69287109375 0.5380859375 0.71875 0.546875 0.7275390625 0.5517578125 0.7275390625 0.658203125 0.71923828125 0.64453125 0.5830078125 0.5302734375 0.57861328125 0.5234375 0.55419921875 0.505859375 0.533203125 0.4912109375
2 0.32275390625 0.220703125 0.3095703125 0.1962890625 0.2998046875 0.181640625 0.24853515625 0.0810546875 0.24609375 0.0537109375 0.23046875 0.052734375 0.21435546875 0.0205078125 0.21142578125 0.0234375 0.19482421875 0.0 0.0 0.0 0.0 0.490234375 0.322265625 0.451171875 0.32080078125 0.3203125 0.31982421875 0.236328125
4 0.22314453125 0.234375 0.2333984375 0.2353515625 0.2431640625 0.224609375 0.24560546875 0.21484375 0.25341796875 0.212890625 0.26416015625 0.2216796875 0.26220703125 0.193359375 0.27294921875 0.1923828125 0.2763671875 0.171875 0.283203125 0.201171875 0.296875 0.1865234375 0.28955078125 0.212890625 0.29638671875 0.2255859375 0.3076171875 0.2138671875 0.31494140625 0.19921875 0.31884765625 0.19140625 0.333984375 0.19921875 0.33203125 0.2080078125 0.32763671875 0.22265625 0.3330078125 0.23046875 0.3388671875 0.2353515625 0.3505859375 0.267578125 0.35107421875 0.2861328125 0.34716796875 0.3037109375 0.34326171875 0.3271484375 0.3486328125 0.353515625 0.3505859375 0.3671875 0.3408203125 0.3740234375 0.333984375 0.3720703125 0.32568359375 0.3779296875 0.32080078125 0.38671875 0.31982421875 0.4013671875 0.22021484375 0.4091796875 0.1787109375 0.3603515625 0.17822265625 0.2900390625 0.1845703125 0.283203125 0.18212890625 0.2568359375 0.1884765625 0.2626953125 0.1865234375 0.25 0.19189453125 0.2431640625 0.19921875 0.2255859375 0.2119140625 0.2353515625 0.21826171875 0.244140625 0.21826171875 0.255859375 0.2197265625 0.259765625 0.2197265625 0.26953125 0.2265625 0.27734375 0.234375 0.2802734375 0.234375 0.2880859375 0.23193359375 0.3017578125 0.2392578125 0.306640625 0.24365234375 0.3037109375 0.23974609375 0.2880859375 0.25 0.27734375 0.23779296875 0.26953125 0.2275390625 0.2490234375 0.224609375 0.244140625
5 0.36767578125 0.4404296875 0.37158203125 0.4404296875 0.37255859375 0.443359375 0.373046875 0.4541015625 0.3759765625 0.4501953125 0.37841796875 0.4267578125 0.38037109375 0.4140625 0.38427734375 0.40234375 0.38818359375 0.3984375 0.3896484375 0.3935546875 0.39404296875 0.392578125 0.3974609375 0.3955078125 0.41259765625 0.392578125 0.43310546875 0.3935546875 0.43408203125 0.390625 0.43505859375 0.388671875 0.43603515625 0.388671875 0.4375 0.392578125 0.43896484375 0.3935546875 0.4443359375 0.4072265625 0.44873046875 0.4306640625 0.4521484375 0.4326171875 0.45458984375 0.4365234375 0.455078125 0.44921875 0.451171875 0.451171875 0.45263671875 0.4794921875 0.453125 0.5146484375 0.45361328125 0.5263671875 0.45166015625 0.529296875 0.44921875 0.5322265625 0.44873046875 0.5380859375 0.4453125 0.541015625 0.43994140625 0.5380859375 0.4365234375 0.525390625 0.43310546875 0.5244140625 0.41357421875 0.52734375 0.39013671875 0.5283203125 0.3642578125 0.4716796875 0.3671875 0.4453125
4 0.0068359375 0.3779296875 0.0 0.3779296875 0.00048828125 0.1435546875 0.00927734375 0.1484375 0.0146484375 0.1640625 0.01171875 0.1845703125 0.00830078125 0.1982421875 0.00439453125 0.23046875 0.01708984375 0.22265625 0.02685546875 0.2314453125 0.0380859375 0.220703125 0.04296875 0.2041015625 0.05712890625 0.203125 0.0615234375 0.21484375 0.0546875 0.2353515625 0.06298828125 0.2421875 0.05419921875 0.2666015625 0.06005859375 0.291015625 0.07080078125 0.2978515625 0.0703125 0.3037109375 0.05615234375 0.3076171875 0.04931640625 0.3232421875 0.06298828125 0.3310546875 0.0625 0.3369140625 0.04833984375 0.3544921875
5 0.09912109375 0.3427734375 0.06396484375 0.3427734375 0.02685546875 0.34765625 0.0087890625 0.3515625 0.0 0.357421875 0.0 0.849609375 0.06005859375 0.8349609375 0.0908203125 0.82421875 0.09130859375 0.849609375 0.0947265625 0.8662109375 0.099609375 0.8740234375 0.12255859375 0.8701171875 0.13232421875 0.8642578125 0.1416015625 0.841796875 0.1513671875 0.8037109375 0.15576171875 0.7607421875 0.22412109375 0.703125 0.2265625 0.7236328125 0.23193359375 0.740234375 0.23486328125 0.7421875 0.25146484375 0.740234375 0.2587890625 0.736328125 0.26171875 0.7275390625 0.26611328125 0.7041015625 0.26806640625 0.671875 0.26708984375 0.63671875 0.26953125 0.607421875 0.26953125 0.583984375 0.26708984375 0.552734375 0.2666015625 0.521484375 0.263671875 0.4892578125 0.25537109375 0.455078125 0.24609375 0.4228515625 0.23291015625 0.388671875 0.22119140625 0.373046875 0.19970703125 0.3603515625 0.17626953125 0.353515625 0.140625 0.3466796875
2 0.5830078125 0.12109375 0.583984375 0.08203125 0.59423828125 0.0576171875 0.6025390625 0.0576171875 0.6025390625 0.0380859375 0.60546875 0.029296875 0.603515625 0.0 0.99951171875 0.0 1.0 0.4990234375 0.7236328125 0.5048828125 0.72021484375 0.50390625 0.71435546875 0.5068359375 0.712890625 0.5146484375 0.70654296875 0.5185546875 0.6962890625 0.5166015625 0.69091796875 0.517578125 0.68896484375 0.5068359375 0.685546875 0.5029296875 0.67626953125 0.5009765625 0.66943359375 0.4931640625 0.66015625 0.494140625 0.65673828125 0.4873046875 0.658203125 0.4775390625 0.65966796875 0.482421875 0.6611328125 0.4833984375 0.662109375 0.4794921875 0.65673828125 0.466796875 0.65380859375 0.4765625 0.64453125 0.47265625 0.64306640625 0.46875 0.63916015625 0.4716796875 0.62939453125 0.4677734375 0.60302734375 0.4677734375 0.6025390625 0.4052734375 0.58251953125 0.404296875 0.5830078125 0.3701171875 0.59423828125 0.365234375 0.60107421875 0.3642578125 0.60302734375 0.361328125 0.60302734375 0.310546875 0.58544921875 0.3115234375 0.5830078125 0.306640625 0.5830078125 0.2744140625 0.59423828125 0.26171875 0.6015625 0.2626953125 0.6015625 0.2548828125 0.6044921875 0.25 0.603515625 0.2158203125 0.583984375 0.2138671875 0.58349609375 0.1796875 0.59423828125 0.16015625 0.60205078125 0.1611328125 0.60009765625 0.1220703125
4 0.89794921875 0.3388671875 0.9052734375 0.3154296875 0.9140625 0.310546875 0.91943359375 0.3125 0.9306640625 0.3037109375 0.94189453125 0.296875 0.9453125 0.302734375 0.9521484375 0.298828125 0.9482421875 0.275390625 0.951171875 0.2626953125 0.95068359375 0.25390625 0.93798828125 0.263671875 0.93359375 0.2470703125 0.92724609375 0.2548828125 0.92919921875 0.2666015625 0.9287109375 0.26953125 0.91162109375 0.271484375 0.9033203125 0.2607421875 0.8984375 0.2763671875 0.89990234375 0.283203125 0.8984375 0.2861328125 0.89501953125 0.283203125 0.88818359375 0.2939453125 0.88134765625 0.3037109375 0.86328125 0.3134765625 0.86181640625 0.3095703125 0.86083984375 0.296875 0.85595703125 0.28515625 0.85302734375 0.2568359375 0.845703125 0.2451171875 0.83544921875 0.2783203125 0.83349609375 0.2763671875 0.833984375 0.259765625 0.8212890625 0.2724609375 0.8212890625 0.263671875 0.82861328125 0.2421875 0.81396484375 0.25 0.7978515625 0.2490234375 0.77880859375 0.24609375 0.7626953125 0.2373046875 0.75244140625 0.2587890625 0.7412109375 0.251953125 0.734375 0.263671875 0.72314453125 0.2587890625 0.728515625 0.2373046875 0.73095703125 0.2041015625 0.72314453125 0.2099609375 0.71826171875 0.2294921875 0.71728515625 0.25 0.712890625 0.25390625 0.70654296875 0.267578125 0.697265625 0.2744140625 0.6923828125 0.275390625 0.6953125 0.2529296875 0.69970703125 0.2353515625 0.69921875 0.2109375 0.69921875 0.203125 0.6923828125 0.2109375 0.69140625 0.2060546875 0.68603515625 0.2001953125 0.67919921875 0.19140625 0.67626953125 0.1875 0.67236328125 0.197265625 0.6748046875 0.2060546875 0.67333984375 0.212890625 0.6669921875 0.197265625 0.66552734375 0.1845703125 0.6689453125 0.16796875 0.66650390625 0.15234375 0.67138671875 0.134765625 0.6689453125 0.1220703125 0.66357421875 0.1298828125 0.6552734375 0.150390625 0.6552734375 0.140625 0.66259765625 0.115234375 0.66650390625 0.1044921875 0.66796875 0.0771484375 0.66796875 0.0625 0.67041015625 0.0537109375 0.67138671875 0.0283203125 0.66552734375 0.0478515625 0.6611328125 0.0341796875 0.6572265625 0.0263671875 0.64697265625 0.025390625 0.64697265625 0.0390625 0.64453125 0.056640625 0.6455078125 0.0732421875 0.64013671875 0.0859375 0.63427734375 0.09375 0.625 0.1015625 0.6171875 0.1025390625 0.6240234375 0.087890625 0.6240234375 0.0712890625 0.6279296875 0.05859375 0.62548828125 0.0341796875 0.6259765625 0.025390625 0.62353515625 0.0146484375 0.62109375 0.0068359375 0.61962890625 0.0 0.99951171875 0.0 1.0 0.203125 0.9931640625 0.1806640625 0.9921875 0.1552734375 0.998046875 0.12890625 0.98291015625 0.1259765625 0.97021484375 0.1357421875 0.97021484375 0.1611328125 0.978515625 0.1884765625 0.9853515625 0.22265625 0.98583984375 0.236328125 0.98291015625 0.248046875 0.984375 0.2705078125 0.98388671875 0.2978515625 0.98486328125 0.3134765625 0.98876953125 0.3154296875 0.9931640625 0.3134765625 0.9951171875 0.3203125 1.0 0.3212890625 1.0 0.39453125
5 0.83056640625 0.3271484375 0.82373046875 0.318359375 0.81396484375 0.3154296875 0.78515625 0.32421875 0.76708984375 0.3359375 0.7607421875 0.3427734375 0.75927734375 0.349609375 0.7509765625 0.3583984375 0.740234375 0.390625 0.7275390625 0.462890625 0.72216796875 0.513671875 0.72021484375 0.564453125 0.71923828125 0.6083984375 0.7197265625 0.64453125 0.7197265625 0.662109375 0.720703125 0.69921875 0.72314453125 0.732421875 0.7255859375 0.7470703125 0.73291015625 0.755859375 0.74169921875 0.7568359375 0.7490234375 0.7568359375 0.7548828125 0.7509765625 0.75927734375 0.7421875 0.76123046875 0.72265625 0.8271484375 0.7919921875 0.83154296875 0.8330078125 0.8369140625 0.869140625 0.8427734375 0.8896484375 0.8505859375 0.8984375 0.86865234375 0.9033203125 0.88037109375 0.8984375 0.8896484375 0.87890625 0.892578125 0.849609375 0.93310546875 0.8671875 0.974609375 0.876953125 1.0 0.8818359375 1.0 0.3310546875 0.990234375 0.32421875 0.9658203125 0.322265625 0.9296875 0.3291015625 0.87841796875 0.326171875 0.83251953125 0.3291015625
