0 0.306640625 0.4091796875 0.54443359375 0.421875 0.68994140625 0.5595703125 0.93896484375 0.6962890625 1.0 0.7333984375 1.0 1.0 0.0 1.0 0.0 0.591796875
2 0.29736328125 0.0517578125 0.3076171875 0.0537109375 0.30908203125 0.0009765625 0.310546875 0.0009765625 0.31298828125 0.0693359375 0.31640625 0.076171875 0.3154296875 0.083984375 0.31396484375 0.087890625 0.31396484375 0.1015625 0.31396484375 0.103515625 0.33056640625 0.1103515625 0.33154296875 0.115234375 0.33447265625 0.115234375 0.3349609375 0.1376953125 0.34130859375 0.1416015625 0.34375 0.14453125 0.34521484375 0.1630859375 0.34765625 0.1669921875 0.34912109375 0.177734375 0.349609375 0.224609375 0.349609375 0.3115234375 0.412109375 0.3203125 0.4169921875 0.3193359375 0.41455078125 0.416015625 0.318359375 0.4169921875 0.2939453125 0.0986328125
1 0.32421875 0.416015625 0.3818359375 0.41796875 0.3828125 0.42578125 0.35888671875 0.4267578125 0.32470703125 0.42578125 0.32080078125 0.419921875
4 0.4033203125 0.40234375 0.39990234375 0.3974609375 0.3974609375 0.3896484375 0.3955078125 0.384765625 0.39453125 0.3798828125 0.39599609375 0.3720703125 0.392578125 0.36328125 0.3916015625 0.3583984375 0.39599609375 0.3505859375 0.41162109375 0.33984375 0.4150390625 0.3447265625 0.41162109375 0.4189453125
4 0.3935546875 0.1962890625 0.40869140625 0.23828125 0.4130859375 0.2802734375 0.41357421875 0.3330078125 0.40869140625 0.3447265625 0.40576171875 0.3544921875 0.40185546875 0.3583984375 0.3955078125 0.3662109375 0.39111328125 0.3681640625 0.38720703125 0.3701171875 0.38623046875 0.376953125 0.38232421875 0.41796875 0.3818359375 0.412109375 0.37939453125 0.39453125 0.37890625 0.3818359375 0.37646484375 0.3828125 0.37548828125 0.392578125 0.375 0.421875 0.37353515625 0.423828125 0.37353515625 0.3994140625 0.3720703125 0.3935546875 0.37060546875 0.38671875 0.369140625 0.3828125 0.3671875 0.376953125 0.36474609375 0.4208984375 0.36181640625 0.419921875 0.36181640625 0.3720703125 0.36083984375 0.3671875 0.35888671875 0.36328125 0.357421875 0.3662109375 0.353515625 0.3720703125 0.3525390625 0.3720703125 0.35009765625 0.3720703125 0.3486328125 0.3720703125 0.34716796875 0.373046875 0.34521484375 0.3779296875 0.33935546875 0.37890625 0.337890625 0.3759765625 0.33642578125 0.4306640625 0.33544921875 0.4306640625 0.33447265625 0.375 0.33447265625 0.369140625 0.330078125 0.3662109375 0.31982421875 0.34765625 0.318359375 0.26171875 0.318359375 0.1650390625 0.32177734375 0.1650390625 0.328125 0.1591796875 0.33349609375 0.16015625 0.33984375 0.1630859375 0.34228515625 0.1640625 0.34521484375 0.166015625 0.34765625 0.169921875 0.34814453125 0.1767578125 0.3515625 0.177734375 0.35595703125 0.171875 0.35888671875 0.1669921875 0.3662109375 0.1640625 0.369140625 0.1591796875 0.37255859375 0.1494140625 0.37744140625 0.1494140625 0.384765625 0.1513671875 0.392578125 0.158203125 0.396484375 0.1669921875 0.39697265625 0.1806640625 0.39453125 0.19140625
2 0.40966796875 0.1064453125 0.53759765625 0.1064453125 0.5341796875 0.427734375 0.443359375 0.42578125 0.4111328125 0.40625 0.41064453125 0.353515625 0.408203125 0.349609375 0.40869140625 0.263671875 0.40869140625 0.125
5 0.4052734375 0.3974609375 0.4111328125 0.404296875 0.41552734375 0.4072265625 0.41796875 0.4091796875 0.42333984375 0.4111328125 0.4248046875 0.4150390625 0.4248046875 0.4228515625 0.42431640625 0.42578125 0.41162109375 0.427734375 0.400390625 0.4287109375 0.3955078125 0.4267578125 0.38525390625 0.4267578125 0.384765625 0.4296875 0.3798828125 0.4296875 0.37939453125 0.4267578125 0.37548828125 0.42578125 0.3740234375 0.419921875 0.37353515625 0.4072265625 0.37939453125 0.40625 0.38330078125 0.4013671875 0.388671875 0.3974609375 0.39892578125 0.3974609375 0.40283203125 0.396484375
5 0.45556640625 0.390625 0.46533203125 0.3916015625 0.474609375 0.39453125 0.4794921875 0.400390625 0.47509765625 0.412109375 0.44921875 0.40625 0.44921875 0.3994140625 0.45166015625 0.39453125
5 0.44384765625 0.412109375 0.44677734375 0.40234375 0.45068359375 0.3994140625 0.458984375 0.3984375 0.4697265625 0.3994140625 0.47900390625 0.40234375 0.4775390625 0.43359375 0.453125 0.4326171875 0.4462890625 0.4296875 0.4423828125 0.423828125
5 0.51025390625 0.412109375 0.51611328125 0.4091796875 0.52392578125 0.4013671875 0.53466796875 0.3994140625 0.53076171875 0.4306640625 0.51513671875 0.4326171875 0.50927734375 0.4287109375 0.50732421875 0.4169921875
1 0.3173828125 0.4228515625 0.33447265625 0.4306640625 0.345703125 0.4326171875 0.35546875 0.43359375 0.361328125 0.435546875 0.3623046875 0.439453125 0.33984375 0.44140625 0.322265625 0.443359375 0.302734375 0.443359375 0.23486328125 0.451171875 0.193359375 0.44921875 0.18896484375 0.4384765625 0.24072265625 0.42578125 0.2939453125 0.419921875
1 0.2001953125 0.439453125 0.23291015625 0.4501953125 0.275390625 0.453125 0.29150390625 0.4619140625 0.2958984375 0.46484375 0.29931640625 0.46875 0.283203125 0.4697265625 0.26708984375 0.4794921875 0.2470703125 0.4931640625 0.220703125 0.517578125 0.1806640625 0.546875 0.1357421875 0.58203125 0.09375 0.6181640625 0.06201171875 0.6455078125 0.03125 0.6669921875 0.0185546875 0.67578125 0.0048828125 0.6826171875 0.0 0.6884765625 0.0 0.5
2 0.0 0.0 0.20166015625 0.0 0.25244140625 0.0 0.28466796875 0.0 0.296875 0.041015625 0.30615234375 0.052734375 0.30712890625 0.0 0.3125 0.0 0.3173828125 0.078125 0.318359375 0.0986328125 0.3359375 0.1123046875 0.33544921875 0.1513671875 0.32470703125 0.154296875 0.32421875 0.36328125 0.3232421875 0.4326171875 0.31787109375 0.4306640625 0.30078125 0.4326171875 0.236328125 0.439453125 0.22265625 0.443359375 0.19921875 0.4453125 0.19482421875 0.4677734375 0.18115234375 0.4716796875 0.1591796875 0.482421875 0.14111328125 0.48046875 0.1318359375 0.484375 0.13134765625 0.4931640625 0.1181640625 0.4931640625 0.10546875 0.4892578125 0.095703125 0.4931640625 0.09423828125 0.50390625 0.07958984375 0.5029296875 0.072265625 0.5029296875 0.046875 0.5087890625 0.044921875 0.517578125 0.02392578125 0.5185546875 0.013671875 0.51953125 0.0 0.5205078125
4 0.45068359375 0.435546875 0.45654296875 0.4111328125 0.46044921875 0.3701171875 0.4599609375 0.3544921875 0.45703125 0.3583984375 0.45166015625 0.3583984375 0.44921875 0.3505859375 0.447265625 0.3486328125 0.4453125 0.3447265625 0.4443359375 0.34375 0.4443359375 0.341796875 0.44482421875 0.3349609375 0.44482421875 0.330078125 0.44482421875 0.3232421875 0.44140625 0.3251953125 0.43798828125 0.328125 0.435546875 0.326171875 0.431640625 0.3251953125 0.42822265625 0.3173828125 0.42529296875 0.3134765625 0.421875 0.306640625 0.42138671875 0.30078125 0.421875 0.294921875 0.41943359375 0.2880859375 0.416015625 0.2880859375 0.40966796875 0.2890625 0.4052734375 0.2890625 0.3955078125 0.2900390625 0.39013671875 0.2841796875 0.384765625 0.271484375 0.3798828125 0.26171875 0.37744140625 0.2451171875 0.375 0.2275390625 0.375 0.2158203125 0.376953125 0.2041015625 0.3818359375 0.19140625 0.38720703125 0.1826171875 0.39013671875 0.1728515625 0.39013671875 0.1669921875 0.3857421875 0.1552734375 0.380859375 0.1455078125 0.3759765625 0.138671875 0.37353515625 0.12890625 0.373046875 0.123046875 0.375 0.1162109375 0.376953125 0.1123046875 0.37939453125 0.099609375 0.380859375 0.0888671875 0.380859375 0.080078125 0.38037109375 0.07421875 0.3798828125 0.060546875 0.3818359375 0.0517578125 0.38525390625 0.046875 0.390625 0.041015625 0.3994140625 0.0322265625 0.40185546875 0.0224609375 0.4033203125 0.0205078125 0.4072265625 0.0166015625 0.4111328125 0.0126953125 0.41455078125 0.0068359375 0.41552734375 0.013671875 0.41552734375 0.02734375 0.41796875 0.03125 0.421875 0.0361328125 0.4228515625 0.044921875 0.42578125 0.052734375 0.42724609375 0.052734375 0.4287109375 0.046875 0.43017578125 0.0419921875 0.4296875 0.0322265625 0.43212890625 0.025390625 0.43603515625 0.0205078125 0.44091796875 0.0126953125 0.4443359375 0.0087890625 0.44677734375 0.0068359375 0.44775390625 0.0 0.4541015625 0.0 0.513671875 0.0 0.51708984375 0.0078125 0.51611328125 0.01171875 0.50830078125 0.0185546875 0.5068359375 0.0185546875 0.5078125 0.0234375 0.50927734375 0.025390625 0.50732421875 0.029296875 0.50439453125 0.0361328125 0.5048828125 0.0390625 0.5087890625 0.0380859375 0.5146484375 0.0302734375 0.51611328125 0.0283203125 0.51904296875 0.0263671875 0.5185546875 0.033203125 0.52392578125 0.033203125 0.52685546875 0.0322265625 0.5302734375 0.0302734375 0.5302734375 0.0341796875 0.53515625 0.0439453125 0.53955078125 0.0546875 0.54541015625 0.091796875 0.53369140625 0.3115234375 0.52880859375 0.3154296875 0.5234375 0.3203125 0.517578125 0.3232421875 0.51171875 0.3251953125 0.50830078125 0.3271484375 0.50830078125 0.3310546875 0.50634765625 0.3330078125 0.50341796875 0.3359375 0.5029296875 0.3388671875 0.5 0.34375 0.49658203125 0.3466796875 0.49365234375 0.349609375 0.4892578125 0.3515625 0.48681640625 0.3798828125 0.48681640625 0.3984375 0.4833984375 0.439453125 0.4833984375 0.443359375 0.47607421875 0.4443359375 0.4755859375 0.4326171875 0.47607421875 0.4169921875 0.47607421875 0.3984375 0.47509765625 0.390625 0.47412109375 0.376953125 0.4765625 0.36328125 0.4765625 0.3544921875 0.47607421875 0.34765625 0.47021484375 0.3447265625 0.4697265625 0.3466796875 0.466796875 0.3740234375 0.46533203125 0.40234375 0.46728515625 0.43359375 0.462890625 0.43359375 0.45556640625 0.435546875
5 0.26904296875 0.3935546875 0.2802734375 0.390625 0.291015625 0.392578125 0.29736328125 0.3955078125 0.2998046875 0.3984375 0.30419921875 0.4072265625 0.3095703125 0.412109375 0.3125 0.4189453125 0.31201171875 0.4423828125 0.3095703125 0.4453125 0.30615234375 0.453125 0.3017578125 0.4541015625 0.29736328125 0.451171875 0.296875 0.4482421875 0.287109375 0.4482421875 0.28564453125 0.453125 0.28076171875 0.455078125 0.27734375 0.453125 0.27490234375 0.447265625 0.271484375 0.4482421875 0.2666015625 0.4541015625 0.26025390625 0.453125 0.25830078125 0.44921875 0.23583984375 0.44921875 0.23291015625 0.44140625 0.23291015625 0.4296875 0.23583984375 0.4208984375 0.24853515625 0.4150390625 0.25537109375 0.4072265625 0.26123046875 0.3984375 0.265625 0.3955078125
4 0.3837890625 0.185546875 0.390625 0.1953125 0.39208984375 0.2138671875 0.390625 0.2353515625 0.388671875 0.25 0.388671875 0.2666015625 0.39208984375 0.2626953125 0.39453125 0.2705078125 0.39794921875 0.2841796875 0.39990234375 0.2880859375 0.3994140625 0.3017578125 0.3916015625 0.3193359375 0.37548828125 0.3349609375 0.369140625 0.3388671875 0.361328125 0.3447265625 0.3564453125 0.3466796875 0.35595703125 0.384765625 0.3544921875 0.416015625 0.3544921875 0.453125 0.3515625 0.453125 0.35205078125 0.3828125 0.353515625 0.349609375 0.35009765625 0.34375 0.341796875 0.3408203125 0.3359375 0.337890625 0.3291015625 0.3291015625 0.3232421875 0.31640625 0.322265625 0.3046875 0.3212890625 0.2861328125 0.3212890625 0.2724609375 0.3212890625 0.2568359375 0.32080078125 0.2353515625 0.3232421875 0.2314453125 0.3232421875 0.22265625 0.3271484375 0.2119140625 0.33056640625 0.20703125 0.3359375 0.2041015625 0.3388671875 0.1982421875 0.34228515625 0.1953125 0.35107421875 0.19140625 0.35791015625 0.1865234375 0.369140625 0.1787109375 0.37353515625 0.177734375 0.380859375 0.1796875
1 0.48193359375 0.4619140625 0.537109375 0.4619140625 0.7548828125 0.4814453125 0.89892578125 0.4931640625 1.0 0.5009765625 1.0 0.791015625 0.75732421875 0.646484375 0.62744140625 0.5732421875 0.6025390625 0.560546875 0.56103515625 0.52734375 0.53515625 0.5078125 0.5126953125 0.490234375 0.48291015625 0.47265625 0.4775390625 0.4677734375 0.47802734375 0.46484375
2 0.53369140625 0.0 0.99951171875 0.0 1.0 0.662109375 0.8134765625 0.587890625 0.7880859375 0.5849609375 0.787109375 0.5810546875 0.66259765625 0.53125 0.64892578125 0.52734375 0.62890625 0.5146484375 0.6181640625 0.51171875 0.58740234375 0.4931640625 0.58740234375 0.478515625 0.5283203125 0.4609375 0.52880859375 0.3076171875 0.52685546875 0.306640625 0.52587890625 0.2900390625 0.51708984375 0.2890625 0.505859375 0.2958984375 0.49267578125 0.291015625 0.515625 0.26953125 0.53271484375 0.2490234375 0.53125 0.220703125 0.52978515625 0.2138671875 0.52978515625 0.201171875 0.53076171875 0.189453125 0.533203125 0.181640625
