0 0.29541015625 0.44140625 0.62890625 0.4326171875 0.7509765625 0.4453125 1.0 0.4482421875 1.0 1.0 0.00048828125 1.0 0.0 0.5224609375
1 0.40869140625 0.4541015625 0.380859375 0.5732421875 0.3681640625 0.580078125 0.32958984375 0.5947265625 0.24462890625 0.61328125 0.10400390625 0.6337890625 0.06005859375 0.6494140625 0.0 0.662109375 0.0 0.537109375 0.291015625 0.4658203125 0.3935546875 0.4541015625
1 0.65185546875 0.4443359375 0.7529296875 0.4560546875 0.88037109375 0.4892578125 0.958984375 0.505859375 1.0 0.51171875 1.0 0.60546875 0.93994140625 0.6005859375 0.85888671875 0.5859375 0.81689453125 0.5732421875 0.73193359375 0.529296875 0.65185546875 0.4794921875 0.6455078125 0.46484375
2 0.630859375 0.0009765625 0.63525390625 0.4423828125 0.5625 0.44921875 0.5361328125 0.44921875 0.4150390625 0.4248046875 0.40625 0.0
4 0.43798828125 0.140625 0.4365234375 0.1240234375 0.42919921875 0.1220703125 0.4267578125 0.115234375 0.42724609375 0.107421875 0.42724609375 0.099609375 0.42724609375 0.08203125 0.42724609375 0.0703125 0.4306640625 0.0576171875 0.43310546875 0.052734375 0.4384765625 0.048828125 0.44091796875 0.0556640625 0.4453125 0.07421875 0.447265625 0.076171875 0.4423828125 0.126953125 0.44970703125 0.1611328125 0.45263671875 0.1884765625 0.46142578125 0.1865234375 0.47216796875 0.19140625 0.4775390625 0.1826171875 0.4716796875 0.1708984375 0.46435546875 0.1416015625 0.462890625 0.1279296875 0.46337890625 0.119140625 0.4619140625 0.0869140625 0.4697265625 0.06640625 0.46728515625 0.0244140625 0.4736328125 0.0205078125 0.4833984375 0.0 0.63525390625 0.0 0.6298828125 0.3310546875 0.61328125 0.33984375 0.60693359375 0.33984375 0.6025390625 0.33984375 0.5947265625 0.3525390625 0.58984375 0.3525390625 0.587890625 0.33984375 0.5830078125 0.3310546875 0.57763671875 0.3369140625 0.5732421875 0.3388671875 0.4580078125 0.3466796875 0.45458984375 0.3447265625 0.45166015625 0.3349609375 0.44970703125 0.3203125 0.4453125 0.31640625 0.4443359375 0.310546875 0.44384765625 0.3046875 0.43994140625 0.298828125 0.43115234375 0.298828125 0.4296875 0.28125 0.42919921875 0.2587890625 0.4287109375 0.25 0.4287109375 0.2392578125 0.427734375 0.22265625 0.4287109375 0.20703125 0.42724609375 0.197265625 0.42724609375 0.193359375 0.43017578125 0.1884765625 0.43603515625 0.181640625 0.4365234375 0.1728515625 0.43310546875 0.1611328125 0.4306640625 0.1669921875 0.42626953125 0.1669921875 0.42333984375 0.1513671875 0.427734375 0.1455078125
2 0.0009765625 0.001953125 0.42822265625 0.0 0.4326171875 0.3154296875 0.42626953125 0.3251953125 0.4248046875 0.3779296875 0.37353515625 0.47265625 0.380859375 0.447265625 0.33154296875 0.455078125 0.32666015625 0.4765625 0.30322265625 0.474609375 0.283203125 0.478515625 0.2626953125 0.4794921875 0.25048828125 0.4794921875 0.2509765625 0.4931640625 0.2431640625 0.4931640625 0.1650390625 0.5126953125 0.11572265625 0.5205078125 0.115234375 0.5283203125 0.0224609375 0.560546875 0.0 0.5625
2 0.4765625 0.2939453125 0.5048828125 0.2900390625 0.5048828125 0.27734375 0.5126953125 0.27734375 0.515625 0.279296875 0.51708984375 0.2744140625 0.5244140625 0.2734375 0.52880859375 0.27734375 0.53466796875 0.2763671875 0.55078125 0.2900390625 0.55615234375 0.2919921875 0.56005859375 0.291015625 0.56103515625 0.322265625 0.55908203125 0.328125 0.5625 0.3271484375 0.578125 0.3369140625 0.57958984375 0.3408203125 0.57861328125 0.3447265625 0.57080078125 0.3505859375 0.560546875 0.3525390625 0.55908203125 0.4091796875 0.55908203125 0.453125 0.5458984375 0.4599609375 0.4775390625 0.373046875 0.4755859375 0.35546875 0.4658203125 0.3525390625 0.4599609375 0.345703125 0.45703125 0.341796875 0.4609375 0.333984375 0.47705078125 0.3310546875
2 0.6201171875 0.0 1.0 0.0009765625 1.0 0.5244140625 0.955078125 0.529296875 0.92919921875 0.521484375 0.888671875 0.5078125 0.875 0.505859375 0.8564453125 0.5 0.84814453125 0.5 0.8251953125 0.494140625 0.78759765625 0.484375 0.78125 0.4814453125 0.76708984375 0.4833984375 0.76025390625 0.4794921875 0.74365234375 0.470703125 0.73095703125 0.4599609375 0.66748046875 0.4560546875 0.65478515625 0.4716796875 0.6484375 0.46875 0.62548828125 0.4462890625 0.625 0.419921875 0.62353515625 0.349609375 0.62158203125 0.3447265625 0.62109375 0.05078125 0.62109375 0.029296875
4 0.08984375 0.0322265625 0.09130859375 0.0380859375 0.09423828125 0.046875 0.09814453125 0.0537109375 0.10009765625 0.0625 0.0986328125 0.0703125 0.09716796875 0.0712890625 0.09130859375 0.07421875 0.087890625 0.07421875 0.0859375 0.083984375 0.087890625 0.0869140625 0.0908203125 0.0927734375 0.09375 0.0966796875 0.09375 0.1025390625 0.095703125 0.1083984375 0.0986328125 0.111328125 0.09912109375 0.1162109375 0.09765625 0.1240234375 0.0947265625 0.126953125 0.0908203125 0.126953125 0.0859375 0.1259765625 0.08203125 0.1318359375 0.08154296875 0.1376953125 0.07666015625 0.1416015625 0.0712890625 0.1396484375 0.07080078125 0.1376953125 0.0654296875 0.13671875 0.06396484375 0.130859375 0.06396484375 0.12109375 0.06396484375 0.115234375 0.05859375 0.1162109375 0.0556640625 0.1220703125 0.0498046875 0.123046875 0.044921875 0.1220703125 0.0439453125 0.115234375 0.0419921875 0.1064453125 0.037109375 0.1015625 0.0302734375 0.1044921875 0.0244140625 0.1005859375 0.02001953125 0.0947265625 0.0146484375 0.1015625 0.0107421875 0.09765625 0.0087890625 0.0859375 0.0 0.0673828125 0.0 0.0 0.10791015625 0.0 0.095703125 0.0068359375 0.08642578125 0.013671875 0.080078125 0.01171875 0.07275390625 0.01171875 0.0654296875 0.013671875 0.0625 0.0244140625 0.06396484375 0.0302734375 0.0712890625 0.03515625 0.07470703125 0.0400390625 0.0751953125 0.0341796875 0.08203125 0.0341796875 0.0849609375 0.03515625 0.08642578125 0.0341796875
5 0.375 0.4306640625 0.38525390625 0.4267578125 0.3720703125 0.4833984375 0.36474609375 0.4853515625 0.361328125 0.474609375 0.35693359375 0.466796875 0.3544921875 0.4599609375 0.3544921875 0.4521484375 0.3544921875 0.4443359375 0.36083984375 0.43359375 0.37109375 0.4296875
5 0.49462890625 0.37890625 0.51025390625 0.3779296875 0.52685546875 0.3779296875 0.5341796875 0.3798828125 0.5400390625 0.3984375 0.54931640625 0.4248046875 0.55078125 0.42578125 0.55126953125 0.4208984375 0.55712890625 0.4208984375 0.56103515625 0.42578125 0.56201171875 0.4365234375 0.5595703125 0.4384765625 0.55224609375 0.44140625 0.55517578125 0.4765625 0.5576171875 0.484375 0.55810546875 0.5048828125 0.5576171875 0.5341796875 0.5546875 0.548828125 0.548828125 0.5537109375 0.54150390625 0.552734375 0.53759765625 0.544921875 0.537109375 0.5390625 0.51953125 0.5361328125 0.5107421875 0.498046875 0.49755859375 0.4052734375
5 0.4013671875 0.3779296875 0.4150390625 0.375 0.44775390625 0.37109375 0.47412109375 0.37109375 0.4892578125 0.3720703125 0.5009765625 0.3896484375 0.50830078125 0.408203125 0.5126953125 0.419921875 0.515625 0.4365234375 0.51708984375 0.44140625 0.5185546875 0.4404296875 0.51904296875 0.431640625 0.52294921875 0.427734375 0.52978515625 0.427734375 0.53173828125 0.4306640625 0.5322265625 0.4365234375 0.5302734375 0.443359375 0.5263671875 0.4462890625 0.52001953125 0.44921875 0.521484375 0.4560546875 0.525390625 0.47265625 0.52587890625 0.4951171875 0.52587890625 0.5263671875 0.52734375 0.548828125 0.52734375 0.5625 0.52392578125 0.568359375 0.51708984375 0.568359375 0.51513671875 0.56640625 0.51416015625 0.5673828125 0.51416015625 0.583984375 0.5107421875 0.5986328125 0.505859375 0.6015625 0.49365234375 0.5986328125 0.49072265625 0.5927734375 0.49072265625 0.57421875 0.47607421875 0.57421875 0.4658203125 0.57421875 0.4482421875 0.5751953125 0.4345703125 0.57421875 0.427734375 0.57421875 0.4189453125 0.57421875 0.416015625 0.57421875 0.41357421875 0.57421875 0.412109375 0.5712890625 0.408203125 0.5712890625 0.3955078125 0.5712890625 0.3955078125 0.583984375 0.39306640625 0.6005859375 0.38720703125 0.6015625 0.376953125 0.6015625 0.37255859375 0.5888671875 0.37060546875 0.5615234375 0.36962890625 0.541015625 0.36767578125 0.521484375 0.36767578125 0.5087890625 0.37060546875 0.48828125 0.37158203125 0.45703125 0.37841796875 0.4287109375 0.39306640625 0.388671875
4 0.1650390625 0.3779296875 0.1669921875 0.3818359375 0.1708984375 0.3828125 0.1767578125 0.3828125 0.18310546875 0.3828125 0.1875 0.3876953125 0.19140625 0.3955078125 0.1943359375 0.4052734375 0.1962890625 0.419921875 0.1962890625 0.4345703125 0.19775390625 0.4501953125 0.20068359375 0.4521484375 0.2060546875 0.453125 0.20849609375 0.453125 0.2109375 0.451171875 0.216796875 0.4501953125 0.21728515625 0.4365234375 0.21826171875 0.42578125 0.224609375 0.4189453125 0.2314453125 0.4140625 0.236328125 0.412109375 0.240234375 0.40625 0.2470703125 0.404296875 0.24853515625 0.40625 0.25048828125 0.416015625 0.251953125 0.4248046875 0.2509765625 0.4375 0.2509765625 0.447265625 0.25244140625 0.453125 0.251953125 0.45703125 0.2451171875 0.4658203125 0.24267578125 0.4765625 0.23583984375 0.4814453125 0.22900390625 0.4833984375 0.21435546875 0.486328125 0.2138671875 0.490234375 0.2138671875 0.498046875 0.21240234375 0.50390625 0.2080078125 0.5068359375 0.20263671875 0.5078125 0.19970703125 0.5078125 0.19873046875 0.5 0.19580078125 0.4912109375 0.1884765625 0.490234375 0.18798828125 0.4873046875 0.18701171875 0.48046875 0.17919921875 0.48046875 0.17236328125 0.4794921875 0.15869140625 0.4794921875 0.158203125 0.47265625 0.15771484375 0.4560546875 0.15673828125 0.447265625 0.15234375 0.4404296875 0.150390625 0.4248046875 0.15087890625 0.4072265625 0.15087890625 0.3955078125 0.1552734375 0.3818359375 0.16064453125 0.3779296875
