0 1.0009765625 0.443359375 0.416015625 0.3974609375 0.0 0.4423828125 0.0 1.0 1.0 1.0
4 0.138671875 0.1435546875 0.14453125 0.1298828125 0.14990234375 0.1259765625 0.15576171875 0.126953125 0.15869140625 0.115234375 0.16845703125 0.109375 0.169921875 0.109375 0.17431640625 0.1162109375 0.1806640625 0.1083984375 0.1923828125 0.1083984375 0.203125 0.115234375 0.2080078125 0.1279296875 0.2158203125 0.146484375 0.216796875 0.162109375 0.21923828125 0.1669921875 0.21630859375 0.1767578125 0.21923828125 0.177734375 0.2197265625 0.1689453125 0.22412109375 0.158203125 0.2255859375 0.1630859375 0.23291015625 0.1611328125 0.2353515625 0.1552734375 0.240234375 0.158203125 0.24267578125 0.1650390625 0.24658203125 0.16015625 0.2568359375 0.15625 0.26025390625 0.1611328125 0.26513671875 0.16015625 0.26904296875 0.1650390625 0.267578125 0.169921875 0.2724609375 0.1728515625 0.27587890625 0.1689453125 0.27978515625 0.1689453125 0.28564453125 0.16015625 0.28857421875 0.1640625 0.2919921875 0.1728515625 0.296875 0.1689453125 0.3037109375 0.1552734375 0.3076171875 0.1572265625 0.31005859375 0.162109375 0.310546875 0.1708984375 0.31396484375 0.1748046875 0.3173828125 0.17578125 0.32275390625 0.169921875 0.3271484375 0.162109375 0.3330078125 0.171875 0.33447265625 0.1884765625 0.337890625 0.1826171875 0.337890625 0.189453125 0.333984375 0.2080078125 0.33447265625 0.2080078125 0.34130859375 0.2001953125 0.34130859375 0.2080078125 0.34375 0.208984375 0.34521484375 0.21875 0.345703125 0.2236328125 0.34228515625 0.2392578125 0.341796875 0.25 0.34814453125 0.2421875 0.34814453125 0.248046875 0.3447265625 0.2529296875 0.3447265625 0.259765625 0.349609375 0.2568359375 0.34716796875 0.2724609375 0.3505859375 0.2724609375 0.353515625 0.2685546875 0.353515625 0.2744140625 0.361328125 0.259765625 0.37451171875 0.2568359375 0.37451171875 0.248046875 0.376953125 0.2236328125 0.38623046875 0.234375 0.38671875 0.2177734375 0.39306640625 0.2236328125 0.39404296875 0.232421875 0.39990234375 0.224609375 0.41064453125 0.2109375 0.40673828125 0.197265625 0.40869140625 0.17578125 0.39599609375 0.1640625 0.39453125 0.14453125 0.40234375 0.1416015625 0.3955078125 0.1025390625 0.396484375 0.0908203125 0.40087890625 0.083984375 0.40087890625 0.0693359375 0.4052734375 0.0703125 0.4091796875 0.0673828125 0.41259765625 0.0703125 0.419921875 0.06640625 0.41748046875 0.0400390625 0.41552734375 0.0244140625 0.41796875 0.01953125 0.416015625 0.009765625 0.416015625 0.0 0.99951171875 0.0009765625 1.0 0.5556640625 0.49169921875 0.4755859375 0.48974609375 0.4423828125 0.4892578125 0.4384765625 0.4248046875 0.44140625 0.34228515625 0.4453125 0.26123046875 0.4501953125 0.20703125 0.453125
1 0.435546875 0.4443359375 0.3837890625 0.4482421875 0.34228515625 0.44921875 0.34814453125 0.4423828125 0.3681640625 0.4423828125 0.40234375 0.4404296875 0.4404296875 0.439453125
1 0.4365234375 0.4501953125 0.40625 0.453125 0.38232421875 0.45703125 0.3740234375 0.4599609375 0.34814453125 0.4609375 0.34228515625 0.4560546875 0.3427734375 0.451171875 0.34521484375 0.44921875 0.3681640625 0.4482421875 0.40869140625 0.4462890625 0.4384765625 0.4443359375
5 0.43359375 0.42578125 0.4306640625 0.435546875 0.43017578125 0.443359375 0.43798828125 0.4423828125 0.4404296875 0.4248046875
5 0.4111328125 0.4248046875 0.40234375 0.42578125 0.396484375 0.4365234375 0.3955078125 0.447265625 0.41552734375 0.4462890625 0.416015625 0.4375 0.41357421875 0.427734375
5 0.3515625 0.4248046875 0.34423828125 0.43359375 0.34130859375 0.439453125 0.34619140625 0.44921875 0.3681640625 0.4462890625 0.3681640625 0.439453125 0.36572265625 0.42578125 0.36376953125 0.4248046875 0.35546875 0.4228515625
2 0.255859375 0.232421875 0.21630859375 0.2197265625 0.21484375 0.2197265625 0.2314453125 0.2255859375 0.24609375 0.2490234375 0.25634765625 0.26953125 0.2587890625 0.2841796875 0.25732421875 0.29296875 0.26025390625 0.302734375 0.2490234375 0.3173828125 0.2578125 0.322265625 0.26318359375 0.333984375 0.2626953125 0.3583984375 0.26318359375 0.384765625 0.259765625 0.3955078125 0.2421875 0.4033203125 0.2333984375 0.3984375 0.232421875 0.41015625 0.234375 0.439453125 0.24755859375 0.4501953125 0.27197265625 0.4501953125 0.2685546875 0.3662109375 0.26953125 0.3349609375 0.27392578125 0.3056640625 0.27685546875 0.2685546875
2 0.158203125 0.1494140625 0.13916015625 0.1416015625 0.138671875 0.12890625 0.1298828125 0.1279296875 0.1298828125 0.13671875 0.1044921875 0.1220703125 0.103515625 0.1044921875 0.0947265625 0.1015625 0.076171875 0.1083984375 0.05029296875 0.095703125 0.01318359375 0.2412109375 0.18994140625 0.455078125 0.2216796875 0.451171875 0.220703125 0.3095703125 0.21630859375 0.2666015625 0.224609375 0.26171875 0.224609375 0.2568359375 0.2080078125 0.236328125 0.15966796875 0.150390625
1 0.2734375 0.4521484375 0.24658203125 0.455078125 0.21533203125 0.4599609375 0.1884765625 0.4609375 0.1884765625 0.4521484375 0.22021484375 0.4501953125 0.259765625 0.447265625 0.27490234375 0.447265625
5 0.240234375 0.427734375 0.22607421875 0.427734375 0.22021484375 0.4375 0.216796875 0.453125 0.21728515625 0.4638671875 0.21875 0.466796875 0.22021484375 0.466796875 0.22119140625 0.462890625 0.2275390625 0.462890625 0.2275390625 0.4658203125 0.23193359375 0.4658203125 0.232421875 0.4638671875 0.24462890625 0.4638671875 0.24560546875 0.4658203125 0.25 0.4658203125 0.25 0.4560546875 0.24951171875 0.447265625 0.24658203125 0.4423828125
5 0.32080078125 0.42578125 0.30517578125 0.42578125 0.30419921875 0.4599609375 0.33154296875 0.4599609375 0.33447265625 0.46484375 0.34130859375 0.4638671875 0.34130859375 0.4619140625 0.34619140625 0.4599609375 0.34765625 0.4482421875 0.3408203125 0.4404296875 0.3349609375 0.4384765625 0.32666015625 0.4287109375
1 0.322265625 0.4697265625 0.3125 0.4658203125 0.27001953125 0.4716796875 0.25927734375 0.4765625 0.166015625 0.53515625 0.14306640625 0.5576171875 0.142578125 0.5693359375 0.00048828125 0.6708984375 0.0 1.0 0.04931640625 1.0 0.1591796875 0.841796875 0.2236328125 0.744140625 0.2685546875 0.6689453125 0.30078125 0.6064453125 0.310546875 0.58203125 0.31494140625 0.55078125 0.32275390625 0.4755859375
2 0.30712890625 0.4873046875 0.30712890625 0.474609375 0.30810546875 0.4736328125 0.3076171875 0.337890625 0.30078125 0.3291015625 0.2822265625 0.3505859375 0.2685546875 0.3662109375 0.26806640625 0.3828125 0.2734375 0.384765625 0.2744140625 0.47265625 0.27783203125 0.4755859375 0.27783203125 0.4873046875 0.2802734375 0.4873046875 0.28076171875 0.4736328125 0.2861328125 0.4755859375 0.287109375 0.486328125 0.29345703125 0.4873046875 0.2939453125 0.47265625 0.30029296875 0.4736328125 0.30029296875 0.48828125
4 0.07470703125 0.2041015625 0.0673828125 0.1826171875 0.072265625 0.1455078125 0.07568359375 0.07421875 0.07958984375 0.0341796875 0.08740234375 0.0068359375 0.0859375 0.0 0.0 0.0009765625 0.00048828125 0.2783203125 0.0478515625 0.2705078125 0.05419921875 0.2490234375 0.05859375 0.2236328125 0.04931640625 0.22265625 0.05029296875 0.1953125 0.06396484375 0.201171875
1 0.44580078125 0.48046875 0.4296875 0.4716796875 0.44091796875 0.4609375 0.486328125 0.4501953125 0.48974609375 0.451171875 0.49365234375 0.4560546875 0.5048828125 0.46484375 0.517578125 0.46875 0.5322265625 0.4716796875 0.548828125 0.4677734375 0.5654296875 0.470703125 0.61376953125 0.4775390625 0.76025390625 0.4794921875 0.787109375 0.486328125 1.0 0.5478515625 1.0 0.6025390625 0.953125 0.6025390625 0.8720703125 0.56640625 0.6767578125 0.5283203125 0.646484375 0.525390625 0.58056640625 0.5517578125 0.54248046875 0.525390625 0.50830078125 0.5048828125 0.49853515625 0.4970703125 0.470703125 0.4892578125
5 0.48095703125 0.3798828125 0.462890625 0.3798828125 0.4482421875 0.3818359375 0.44091796875 0.3857421875 0.439453125 0.392578125 0.43896484375 0.4150390625 0.43408203125 0.4169921875 0.43310546875 0.421875 0.43310546875 0.4248046875 0.4365234375 0.4248046875 0.43505859375 0.4365234375 0.43505859375 0.453125 0.4365234375 0.4560546875 0.43701171875 0.46875 0.4375 0.470703125 0.4423828125 0.470703125 0.44287109375 0.46484375 0.44384765625 0.46484375 0.4443359375 0.4736328125 0.4501953125 0.47265625 0.4501953125 0.462890625 0.4619140625 0.462890625 0.4638671875 0.4658203125 0.46875 0.4658203125 0.46923828125 0.470703125 0.47412109375 0.4697265625 0.474609375 0.4658203125 0.47607421875 0.4609375 0.47802734375 0.462890625 0.47802734375 0.4716796875 0.48388671875 0.4697265625 0.484375 0.462890625 0.48583984375 0.453125 0.4853515625 0.41796875 0.48291015625 0.390625
5 0.7060546875 0.35546875 0.6884765625 0.3544921875 0.66064453125 0.3583984375 0.65625 0.35546875 0.64697265625 0.35546875 0.63818359375 0.3623046875 0.63330078125 0.3720703125 0.63037109375 0.3779296875 0.61865234375 0.4169921875 0.61669921875 0.4296875 0.61279296875 0.4287109375 0.60498046875 0.4296875 0.6044921875 0.435546875 0.60498046875 0.439453125 0.61376953125 0.4443359375 0.6142578125 0.453125 0.611328125 0.4775390625 0.6103515625 0.490234375 0.61083984375 0.5087890625 0.611328125 0.5283203125 0.61279296875 0.548828125 0.6142578125 0.5546875 0.6259765625 0.5546875 0.626953125 0.5478515625 0.626953125 0.537109375 0.63720703125 0.5419921875 0.638671875 0.5615234375 0.6396484375 0.5712890625 0.6435546875 0.5771484375 0.65576171875 0.576171875 0.65869140625 0.5654296875 0.658203125 0.5458984375 0.67236328125 0.541015625 0.71337890625 0.537109375 0.73388671875 0.5341796875 0.7353515625 0.5478515625 0.7373046875 0.5673828125 0.7421875 0.5703125 0.748046875 0.568359375 0.751953125 0.5625 0.75244140625 0.5439453125 0.751953125 0.5283203125 0.75537109375 0.5146484375 0.755859375 0.5009765625 0.75439453125 0.46484375 0.75244140625 0.4423828125 0.74853515625 0.4296875 0.736328125 0.3818359375 0.72900390625 0.3583984375 0.7265625 0.353515625 0.72021484375 0.34765625 0.71240234375 0.3486328125
5 0.9072265625 0.3466796875 0.9013671875 0.3447265625 0.8837890625 0.33984375 0.8623046875 0.341796875 0.84033203125 0.3544921875 0.8310546875 0.369140625 0.82177734375 0.37890625 0.81005859375 0.3994140625 0.78759765625 0.4638671875 0.787109375 0.451171875 0.7802734375 0.447265625 0.7724609375 0.4501953125 0.7646484375 0.4619140625 0.765625 0.4716796875 0.76708984375 0.478515625 0.7744140625 0.48046875 0.78369140625 0.4794921875 0.771484375 0.5068359375 0.76513671875 0.5283203125 0.76171875 0.5517578125 0.7607421875 0.591796875 0.76318359375 0.6376953125 0.76611328125 0.6552734375 0.7685546875 0.6650390625 0.7734375 0.6708984375 0.7822265625 0.6728515625 0.7880859375 0.6708984375 0.79296875 0.6630859375 0.79296875 0.65234375 0.82763671875 0.6845703125 0.83056640625 0.7265625 0.833984375 0.7421875 0.8408203125 0.7578125 0.84765625 0.763671875 0.85986328125 0.76171875 0.8662109375 0.755859375 0.8701171875 0.736328125 0.87158203125 0.716796875 0.9052734375 0.7255859375 0.99951171875 0.7314453125 1.0 0.7314453125 1.0 0.3291015625 0.98388671875 0.330078125 0.966796875 0.33984375
