0 0.49658203125 0.42578125 0.52978515625 0.42578125 1.0 0.552734375 1.0 1.0 0.0 1.0 0.0009765625 0.5908203125 0.0 0.5244140625 0.3193359375 0.4384765625 0.4716796875 0.43359375
1 0.0009765625 0.4951171875 0.43603515625 0.42578125 0.45654296875 0.4541015625 0.43701171875 0.4658203125 0.38427734375 0.494140625 0.36865234375 0.5 0.2109375 0.5849609375 0.17529296875 0.607421875 0.13525390625 0.6279296875 0.09423828125 0.63671875 0.0625 0.63671875 0.052734375 0.638671875 0.03955078125 0.6435546875 0.00732421875 0.65625 0.0 0.66015625
4 0.49658203125 0.390625 0.498046875 0.380859375 0.5 0.37890625 0.5029296875 0.37890625 0.50732421875 0.3828125 0.5087890625 0.3876953125 0.5107421875 0.3955078125 0.5126953125 0.40234375 0.515625 0.4111328125 0.51708984375 0.41796875 0.517578125 0.4208984375 0.517578125 0.4248046875 0.51220703125 0.42578125 0.509765625 0.4267578125 0.5048828125 0.423828125 0.5009765625 0.42578125 0.49853515625 0.421875 0.49658203125 0.4140625 0.49609375 0.4072265625 0.4951171875 0.396484375
2 0.486328125 0.35546875 0.49755859375 0.3837890625 0.49853515625 0.3955078125 0.501953125 0.3974609375 0.501953125 0.400390625 0.49853515625 0.40234375 0.498046875 0.42578125 0.484375 0.427734375
4 0.48388671875 0.361328125 0.4873046875 0.35546875 0.4892578125 0.35546875 0.4931640625 0.353515625 0.49658203125 0.349609375 0.49951171875 0.3486328125 0.49560546875 0.365234375 0.498046875 0.365234375 0.501953125 0.3671875 0.49951171875 0.3798828125 0.49755859375 0.380859375 0.490234375 0.3857421875 0.484375 0.38671875
2 0.48828125 0.294921875 0.48779296875 0.4267578125 0.46240234375 0.4365234375 0.38134765625 0.4560546875 0.36572265625 0.458984375 0.2802734375 0.4765625 0.29541015625 0.0 0.3701171875 0.0 0.3740234375 0.0244140625 0.39501953125 0.0263671875 0.3955078125 0.0205078125 0.40185546875 0.01953125 0.40625 0.1328125 0.42236328125 0.1318359375 0.42236328125 0.115234375 0.42333984375 0.115234375 0.42822265625 0.1220703125 0.43212890625 0.1953125 0.44580078125 0.2333984375 0.44287109375 0.2392578125 0.44384765625 0.2587890625 0.4501953125 0.275390625 0.4521484375 0.275390625 0.45361328125 0.2841796875 0.4580078125 0.2958984375 0.466796875 0.2958984375 0.46533203125 0.26171875 0.46630859375 0.2587890625 0.470703125 0.1650390625 0.47607421875 0.2607421875 0.47705078125 0.26171875 0.47802734375 0.296875
4 0.48291015625 0.328125 0.48876953125 0.3291015625 0.49072265625 0.337890625 0.4912109375 0.3466796875 0.48779296875 0.3564453125 0.4814453125 0.349609375 0.48095703125 0.3427734375 0.48046875 0.3359375
4 0.3115234375 0.0419921875 0.31591796875 0.0 0.36279296875 0.0 0.36474609375 0.0068359375 0.36572265625 0.01171875 0.3671875 0.0087890625 0.36865234375 0.0078125 0.37353515625 0.0087890625 0.3740234375 0.0205078125 0.37890625 0.03125 0.3837890625 0.0205078125 0.38916015625 0.02734375 0.38427734375 0.05078125 0.38330078125 0.060546875 0.3857421875 0.0634765625 0.3876953125 0.072265625 0.39208984375 0.0830078125 0.39599609375 0.0849609375 0.4033203125 0.0849609375 0.4072265625 0.09765625 0.41162109375 0.1064453125 0.40966796875 0.123046875 0.4052734375 0.140625 0.4072265625 0.1474609375 0.4091796875 0.15625 0.4111328125 0.16796875 0.4169921875 0.171875 0.4208984375 0.169921875 0.4248046875 0.171875 0.4287109375 0.1875 0.427734375 0.203125 0.423828125 0.2236328125 0.4189453125 0.2392578125 0.41162109375 0.2490234375 0.40576171875 0.2626953125 0.40283203125 0.2705078125 0.40673828125 0.2900390625 0.40185546875 0.296875 0.3955078125 0.3125 0.3955078125 0.3212890625 0.3818359375 0.34375 0.373046875 0.3447265625 0.361328125 0.3466796875 0.35693359375 0.337890625 0.3515625 0.333984375 0.345703125 0.3310546875 0.3447265625 0.3291015625 0.34375 0.3173828125 0.34375 0.3115234375 0.3388671875 0.310546875 0.3330078125 0.3125 0.32763671875 0.3046875 0.3271484375 0.37109375 0.32666015625 0.4228515625 0.3193359375 0.3779296875 0.3193359375 0.3564453125 0.3193359375 0.3095703125 0.31201171875 0.109375 0.3115234375 0.0751953125
5 0.43798828125 0.40625 0.44677734375 0.404296875 0.46142578125 0.404296875 0.462890625 0.416015625 0.4638671875 0.4365234375 0.4638671875 0.4521484375 0.46337890625 0.4619140625 0.46142578125 0.46484375 0.45751953125 0.4638671875 0.4560546875 0.45703125 0.451171875 0.4580078125 0.4482421875 0.462890625 0.44482421875 0.4638671875 0.44287109375 0.4599609375 0.44140625 0.4599609375 0.43603515625 0.451171875 0.43310546875 0.4384765625 0.4326171875 0.423828125 0.4345703125 0.4130859375
5 0.421875 0.419921875 0.43212890625 0.4189453125 0.4375 0.4287109375 0.44091796875 0.4453125 0.44287109375 0.46484375 0.44287109375 0.474609375 0.44287109375 0.4794921875 0.44189453125 0.482421875 0.4326171875 0.486328125 0.42578125 0.482421875 0.42236328125 0.4609375 0.419921875 0.4375
5 0.38916015625 0.412109375 0.39990234375 0.408203125 0.41943359375 0.4072265625 0.4248046875 0.416015625 0.42822265625 0.4306640625 0.4326171875 0.431640625 0.4326171875 0.4365234375 0.43115234375 0.4384765625 0.42919921875 0.443359375 0.4306640625 0.45703125 0.4326171875 0.48046875 0.431640625 0.4873046875 0.4287109375 0.4912109375 0.423828125 0.4931640625 0.42041015625 0.4931640625 0.4189453125 0.4853515625 0.41357421875 0.4873046875 0.40625 0.4892578125 0.404296875 0.4892578125 0.3984375 0.490234375 0.39599609375 0.490234375 0.39501953125 0.490234375 0.39306640625 0.490234375 0.392578125 0.490234375 0.39013671875 0.4912109375 0.388671875 0.4970703125 0.38671875 0.498046875 0.3837890625 0.498046875 0.38232421875 0.494140625 0.3818359375 0.4541015625 0.3818359375 0.447265625 0.37890625 0.4443359375 0.37841796875 0.4365234375 0.38134765625 0.4365234375 0.38232421875 0.4365234375 0.3837890625 0.431640625 0.38623046875 0.421875
5 0.32470703125 0.4306640625 0.330078125 0.4169921875 0.33935546875 0.4140625 0.3515625 0.416015625 0.35546875 0.4189453125 0.361328125 0.4287109375 0.3671875 0.447265625 0.37255859375 0.48046875 0.373046875 0.49609375 0.373046875 0.5146484375 0.37255859375 0.529296875 0.37158203125 0.5341796875 0.3662109375 0.5341796875 0.3642578125 0.5341796875 0.36279296875 0.52734375 0.36181640625 0.521484375 0.35986328125 0.521484375 0.35888671875 0.521484375 0.35791015625 0.5283203125 0.35791015625 0.5361328125 0.357421875 0.5419921875 0.35546875 0.54296875 0.3505859375 0.544921875 0.34814453125 0.544921875 0.34521484375 0.537109375 0.3427734375 0.5302734375 0.3408203125 0.529296875 0.330078125 0.5244140625 0.326171875 0.501953125 0.3251953125 0.4619140625
2 0.30078125 0.0 0.3037109375 0.2900390625 0.30078125 0.306640625 0.30126953125 0.3876953125 0.20458984375 0.5107421875 0.1318359375 0.5263671875 0.07958984375 0.541015625 0.0205078125 0.5576171875 0.0 0.56640625 0.0 0.0
5 0.24072265625 0.3828125 0.27587890625 0.3759765625 0.302734375 0.373046875 0.3134765625 0.373046875 0.3173828125 0.373046875 0.32275390625 0.3779296875 0.32958984375 0.4189453125 0.333984375 0.45703125 0.33544921875 0.4970703125 0.33544921875 0.5166015625 0.33642578125 0.53125 0.3369140625 0.5419921875 0.33642578125 0.552734375 0.3330078125 0.5615234375 0.32568359375 0.5615234375 0.32470703125 0.55859375 0.32373046875 0.5537109375 0.3212890625 0.541015625 0.32080078125 0.5400390625 0.31640625 0.5390625 0.310546875 0.54296875 0.310546875 0.5546875 0.31005859375 0.5703125 0.3076171875 0.5791015625 0.29833984375 0.5830078125 0.29443359375 0.57421875 0.2919921875 0.560546875 0.283203125 0.560546875 0.26171875 0.56640625 0.2578125 0.5751953125 0.25244140625 0.583984375 0.24755859375 0.5830078125 0.24365234375 0.5712890625 0.23974609375 0.56640625 0.23486328125 0.56640625 0.23291015625 0.56640625 0.232421875 0.56640625 0.22900390625 0.56640625 0.22705078125 0.56640625 0.2255859375 0.568359375 0.224609375 0.5751953125 0.22412109375 0.5859375 0.2216796875 0.591796875 0.2158203125 0.59765625 0.21240234375 0.5986328125 0.208984375 0.5908203125 0.20654296875 0.5751953125 0.20458984375 0.55078125 0.205078125 0.509765625 0.20654296875 0.49609375 0.2109375 0.4765625 0.21533203125 0.466796875 0.21044921875 0.466796875 0.20556640625 0.46484375 0.20458984375 0.4580078125 0.2041015625 0.451171875 0.20751953125 0.4501953125 0.21533203125 0.4501953125 0.2177734375 0.4580078125 0.22509765625 0.4228515625 0.2265625 0.4150390625 0.22802734375 0.408203125 0.23046875 0.40234375 0.232421875 0.396484375 0.2333984375 0.392578125 0.23486328125 0.3896484375 0.23876953125 0.3837890625
1 0.8046875 0.443359375 1.0 0.4931640625 1.0 0.5732421875 0.99951171875 0.615234375 0.99951171875 0.701171875 0.81640625 0.587890625 0.6044921875 0.4765625 0.583984375 0.4609375 0.5869140625 0.4443359375 0.72412109375 0.4365234375
1 0.5654296875 0.4375 0.5859375 0.4580078125 0.57861328125 0.4716796875 0.5703125 0.4814453125 0.5625 0.4794921875 0.55078125 0.4599609375 0.55126953125 0.451171875 0.55712890625 0.44140625
2 0.548828125 0.3203125 0.59423828125 0.185546875 0.62060546875 0.0556640625 0.625 0.0 1.0 0.0 1.0 0.5166015625 0.96533203125 0.513671875 0.8984375 0.501953125 0.87646484375 0.49609375 0.8359375 0.490234375 0.55126953125 0.43359375 0.5498046875 0.361328125 0.548828125 0.3359375 0.548828125 0.3310546875
4 0.5029296875 0.353515625 0.50146484375 0.3486328125 0.49755859375 0.34375 0.498046875 0.3291015625 0.49560546875 0.3251953125 0.49072265625 0.3232421875 0.48828125 0.3154296875 0.48828125 0.2978515625 0.4873046875 0.27734375 0.486328125 0.265625 0.486328125 0.265625 0.490234375 0.265625 0.49609375 0.2666015625 0.5107421875 0.271484375 0.52783203125 0.275390625 0.546875 0.296875 0.54638671875 0.330078125 0.5458984375 0.375 0.546875 0.3876953125 0.546875 0.4130859375 0.53173828125 0.43359375 0.52294921875 0.42578125 0.52099609375 0.421875 0.51953125 0.4189453125 0.5185546875 0.412109375 0.51953125 0.40625 0.51904296875 0.3984375 0.51611328125 0.3955078125 0.5107421875 0.3896484375 0.5107421875 0.384765625 0.5068359375 0.37890625 0.5068359375 0.3720703125 0.50634765625 0.369140625 0.505859375 0.3642578125 0.50537109375 0.3603515625 0.50390625 0.3583984375
4 0.54541015625 0.419921875 0.546875 0.3681640625 0.546875 0.3486328125 0.5439453125 0.3408203125 0.54052734375 0.3349609375 0.53466796875 0.328125 0.52783203125 0.3212890625 0.51611328125 0.3095703125 0.509765625 0.2939453125 0.50537109375 0.27734375 0.505859375 0.265625 0.505859375 0.2568359375 0.501953125 0.2509765625 0.49658203125 0.2421875 0.49365234375 0.234375 0.4931640625 0.22265625 0.48583984375 0.2265625 0.48193359375 0.228515625 0.4755859375 0.2236328125 0.47802734375 0.212890625 0.478515625 0.2080078125 0.4765625 0.2001953125 0.47607421875 0.1884765625 0.47119140625 0.1806640625 0.470703125 0.1630859375 0.47119140625 0.158203125 0.47119140625 0.150390625 0.470703125 0.1396484375 0.4775390625 0.1298828125 0.48486328125 0.1279296875 0.486328125 0.1279296875 0.4912109375 0.12890625 0.49951171875 0.1240234375 0.52978515625 0.099609375 0.58447265625 0.1201171875 0.595703125 0.1796875 0.6025390625 0.220703125 0.60888671875 0.2421875 0.611328125 0.265625 0.61279296875 0.2841796875 0.61279296875 0.2978515625 0.60888671875 0.3125 0.60986328125 0.3349609375 0.609375 0.341796875 0.6044921875 0.365234375 0.59912109375 0.365234375 0.59033203125 0.359375 0.58349609375 0.35546875 0.57421875 0.357421875 0.56787109375 0.34765625 0.56494140625 0.341796875 0.564453125 0.357421875 0.56396484375 0.376953125 0.56396484375 0.3974609375 0.56396484375 0.416015625 0.55908203125 0.41015625 0.55810546875 0.373046875 0.556640625 0.3798828125 0.5556640625 0.388671875 0.55517578125 0.4326171875
5 0.5380859375 0.4208984375 0.546875 0.4169921875 0.55126953125 0.4296875 0.54150390625 0.4462890625 0.5361328125 0.4423828125 0.53564453125 0.439453125 0.537109375 0.42578125
4 0.5576171875 0.4248046875 0.55078125 0.4501953125 0.5439453125 0.4521484375 0.541015625 0.44921875 0.53759765625 0.443359375 0.5380859375 0.4384765625 0.53955078125 0.4326171875 0.54296875 0.4287109375 0.5478515625 0.423828125 0.552734375 0.4228515625
4 0.56884765625 0.361328125 0.56884765625 0.330078125 0.56787109375 0.3017578125 0.56396484375 0.275390625 0.55908203125 0.2509765625 0.55517578125 0.2392578125 0.5458984375 0.232421875 0.53564453125 0.2255859375 0.52392578125 0.208984375 0.5126953125 0.2080078125 0.49853515625 0.18359375 0.498046875 0.1630859375 0.49951171875 0.1416015625 0.49951171875 0.1201171875 0.49365234375 0.10546875 0.49462890625 0.0888671875 0.5009765625 0.072265625 0.50439453125 0.0556640625 0.50634765625 0.044921875 0.50634765625 0.0400390625 0.5048828125 0.033203125 0.5048828125 0.025390625 0.51123046875 0.029296875 0.51416015625 0.01953125 0.51416015625 0.0 0.515625 0.0 0.59326171875 0.0 0.59765625 0.0 0.59912109375 0.0107421875 0.6015625 0.01953125 0.6044921875 0.03125 0.60888671875 0.0390625 0.61083984375 0.0380859375 0.61181640625 0.0234375 0.61474609375 0.0205078125 0.62060546875 0.02734375 0.62109375 0.0439453125 0.62158203125 0.060546875 0.6240234375 0.0615234375 0.63037109375 0.060546875 0.634765625 0.0615234375 0.63427734375 0.0654296875 0.630859375 0.07421875 0.6279296875 0.0869140625 0.6318359375 0.1005859375 0.634765625 0.1142578125 0.6357421875 0.130859375 0.63720703125 0.154296875 0.63623046875 0.162109375 0.62646484375 0.17578125 0.6220703125 0.1865234375 0.61962890625 0.203125 0.62353515625 0.208984375 0.62744140625 0.2158203125 0.62158203125 0.234375 0.61669921875 0.23828125 0.6181640625 0.2529296875 0.619140625 0.265625 0.62109375 0.2802734375 0.6181640625 0.2880859375 0.609375 0.3037109375 0.60546875 0.31640625 0.6005859375 0.3173828125 0.5908203125 0.3203125 0.58349609375 0.3154296875 0.5791015625 0.3115234375 0.5732421875 0.306640625 0.57666015625 0.4111328125 0.5771484375 0.4384765625 0.5673828125 0.4580078125 0.5595703125 0.462890625 0.55517578125 0.462890625 0.55029296875 0.458984375 0.5498046875 0.453125 0.5498046875 0.443359375 0.55224609375 0.4306640625 0.55859375 0.421875 0.56396484375 0.421875 0.56982421875 0.421875 0.56982421875 0.4091796875 0.5693359375 0.3798828125
5 0.58544921875 0.4140625 0.6005859375 0.4130859375 0.59716796875 0.4794921875 0.59033203125 0.482421875 0.580078125 0.4833984375 0.580078125 0.4892578125 0.5771484375 0.4931640625 0.5703125 0.4912109375 0.56884765625 0.4814453125 0.56884765625 0.4658203125 0.5693359375 0.44921875 0.56689453125 0.4482421875 0.56689453125 0.4384765625 0.57080078125 0.4345703125 0.576171875 0.4208984375 0.5771484375 0.4189453125 0.5810546875 0.4150390625
5 0.61669921875 0.375 0.638671875 0.3720703125 0.65185546875 0.37109375 0.65771484375 0.373046875 0.66064453125 0.375 0.66552734375 0.39453125 0.6689453125 0.4169921875 0.6298828125 0.5029296875 0.62353515625 0.5029296875 0.6181640625 0.50390625 0.61572265625 0.5068359375 0.60888671875 0.5068359375 0.60888671875 0.5146484375 0.60546875 0.5205078125 0.6015625 0.5205078125 0.59814453125 0.5166015625 0.59619140625 0.509765625 0.59228515625 0.5087890625 0.59130859375 0.4853515625 0.59130859375 0.4658203125 0.59033203125 0.4521484375 0.59033203125 0.4404296875 0.59130859375 0.423828125 0.5927734375 0.419921875 0.595703125 0.4150390625 0.6005859375 0.396484375 0.6025390625 0.384765625 0.611328125 0.3701171875
5 0.642578125 0.4111328125 0.646484375 0.4013671875 0.65478515625 0.392578125 0.66064453125 0.392578125 0.66552734375 0.3955078125 0.66748046875 0.396484375 0.67236328125 0.3974609375 0.68115234375 0.3974609375 0.6904296875 0.396484375 0.703125 0.3955078125 0.7138671875 0.400390625 0.673828125 0.5419921875 0.66748046875 0.541015625 0.65771484375 0.5419921875 0.65673828125 0.55078125 0.654296875 0.5625 0.650390625 0.5625 0.64453125 0.560546875 0.642578125 0.5537109375 0.64208984375 0.5390625 0.64208984375 0.53515625 0.6416015625 0.5341796875 0.638671875 0.5322265625 0.63623046875 0.541015625 0.63525390625 0.5439453125 0.63134765625 0.544921875 0.625 0.541015625 0.62451171875 0.5302734375 0.62353515625 0.5087890625 0.623046875 0.494140625 0.623046875 0.4794921875 0.625 0.4697265625 0.63134765625 0.4580078125 0.62646484375 0.4580078125 0.6259765625 0.453125 0.6259765625 0.4482421875 0.6259765625 0.4462890625 0.6279296875 0.44140625 0.63525390625 0.4365234375 0.63623046875 0.44140625 0.63818359375 0.431640625 0.6396484375 0.419921875
5 0.6884765625 0.42578125 0.69384765625 0.4111328125 0.69921875 0.3984375 0.708984375 0.3896484375 0.73193359375 0.3818359375 0.767578125 0.380859375 0.79052734375 0.37890625 0.8037109375 0.3828125 0.81884765625 0.41015625 0.83544921875 0.4443359375 0.84716796875 0.4599609375 0.8525390625 0.4736328125 0.85498046875 0.51953125 0.85693359375 0.5498046875 0.85107421875 0.5693359375 0.84814453125 0.57421875 0.8466796875 0.578125 0.84619140625 0.5888671875 0.8408203125 0.615234375 0.82763671875 0.615234375 0.8173828125 0.6025390625 0.814453125 0.5888671875 0.802734375 0.587890625 0.7890625 0.5859375 0.78173828125 0.5869140625 0.763671875 0.587890625 0.7509765625 0.5869140625 0.73583984375 0.591796875 0.7236328125 0.58984375 0.7216796875 0.59765625 0.720703125 0.6103515625 0.71826171875 0.6220703125 0.71484375 0.623046875 0.70556640625 0.6240234375 0.70166015625 0.619140625 0.6982421875 0.607421875 0.6962890625 0.587890625 0.69580078125 0.5791015625 0.6953125 0.576171875 0.69482421875 0.57421875 0.68896484375 0.568359375 0.6865234375 0.5771484375 0.68603515625 0.5859375 0.685546875 0.591796875 0.67919921875 0.5888671875 0.67236328125 0.5849609375 0.66845703125 0.576171875 0.66748046875 0.5341796875 0.66845703125 0.5166015625 0.66845703125 0.4921875 0.67041015625 0.4814453125 0.673828125 0.46875 0.66943359375 0.4638671875 0.66845703125 0.4599609375 0.67041015625 0.4482421875 0.67529296875 0.4482421875 0.68408203125 0.4443359375 0.68408203125 0.4423828125 0.685546875 0.4345703125
