0 0.54541015625 0.408203125 0.6083984375 0.3720703125 0.67919921875 0.3720703125 1.0 0.6494140625 1.0 1.0 0.0 1.0 0.0 0.6015625 0.4462890625 0.4658203125 0.5302734375 0.4296875 0.54345703125 0.4111328125
2 0.5361328125 0.1953125 0.4912109375 0.1962890625 0.49072265625 0.2080078125 0.47802734375 0.203125 0.47802734375 0.197265625 0.4716796875 0.1982421875 0.46923828125 0.203125 0.4599609375 0.2099609375 0.4599609375 0.19921875 0.45263671875 0.197265625 0.45166015625 0.220703125 0.4443359375 0.2109375 0.43603515625 0.2001953125 0.43408203125 0.1708984375 0.42919921875 0.1689453125 0.42919921875 0.158203125 0.421875 0.15625 0.40771484375 0.142578125 0.4072265625 0.1181640625 0.4052734375 0.109375 0.4033203125 0.078125 0.400390625 0.078125 0.40234375 0.1044921875 0.39892578125 0.1162109375 0.3984375 0.1240234375 0.39404296875 0.1142578125 0.39453125 0.080078125 0.3701171875 0.0830078125 0.33984375 0.052734375 0.3291015625 0.021484375 0.328125 0.0 0.0 0.0 0.0 0.583984375 0.4267578125 0.4912109375 0.486328125 0.4580078125 0.51318359375 0.4501953125 0.55712890625 0.431640625 0.6005859375 0.396484375 0.61669921875 0.376953125 0.6162109375 0.3251953125 0.611328125 0.2626953125 0.59521484375 0.2646484375 0.5888671875 0.2587890625 0.58642578125 0.2548828125 0.5859375 0.2421875 0.58056640625 0.2431640625 0.580078125 0.234375 0.57861328125 0.234375 0.5771484375 0.224609375 0.568359375 0.2275390625 0.5703125 0.21484375 0.5537109375 0.2138671875 0.55029296875 0.2021484375 0.54345703125 0.2001953125 0.5380859375 0.1953125
1 0.48779296875 0.466796875 0.4970703125 0.46484375 0.52099609375 0.4560546875 0.56884765625 0.4287109375 0.5849609375 0.4228515625 0.60205078125 0.404296875 0.6162109375 0.3896484375 0.60693359375 0.3896484375 0.595703125 0.3994140625 0.5859375 0.40625 0.55859375 0.427734375 0.5234375 0.443359375 0.50146484375 0.453125 0.48583984375 0.458984375
5 0.4892578125 0.466796875 0.48828125 0.4560546875 0.4775390625 0.4521484375 0.47119140625 0.4560546875 0.47119140625 0.470703125 0.4775390625 0.474609375 0.4853515625 0.470703125
5 0.46337890625 0.4619140625 0.4658203125 0.4560546875 0.4716796875 0.4580078125 0.47705078125 0.4599609375 0.478515625 0.466796875 0.47802734375 0.4755859375 0.47119140625 0.4814453125 0.45947265625 0.48046875 0.45751953125 0.4736328125 0.458984375 0.46484375
3 0.525390625 0.455078125 0.52587890625 0.4404296875 0.53515625 0.4384765625 0.5458984375 0.4326171875 0.5625 0.42578125 0.57666015625 0.419921875 0.5771484375 0.4296875 0.564453125 0.4345703125 0.5517578125 0.443359375 0.54345703125 0.44921875 0.5361328125 0.453125
4 0.65185546875 0.390625 0.63916015625 0.390625 0.63134765625 0.3896484375 0.62744140625 0.388671875 0.6259765625 0.3828125 0.62744140625 0.373046875 0.63134765625 0.3642578125 0.63720703125 0.3583984375 0.6455078125 0.361328125 0.65283203125 0.3876953125
5 0.63916015625 0.3935546875 0.6396484375 0.384765625 0.64404296875 0.384765625 0.64501953125 0.392578125
5 0.630859375 0.3828125 0.63720703125 0.3837890625 0.63671875 0.3955078125 0.62890625 0.39453125 0.6298828125 0.3876953125
5 0.60595703125 0.4189453125 0.60693359375 0.4091796875 0.6044921875 0.3994140625 0.59912109375 0.400390625 0.59765625 0.4033203125 0.59814453125 0.4140625 0.6015625 0.4169921875
5 0.59423828125 0.421875 0.60009765625 0.423828125 0.60205078125 0.4189453125 0.6015625 0.40625 0.5947265625 0.4052734375 0.591796875 0.40625 0.59033203125 0.4130859375 0.5908203125 0.421875
5 0.5810546875 0.4326171875 0.59228515625 0.4326171875 0.59716796875 0.4267578125 0.59375 0.4130859375 0.583984375 0.4140625 0.58056640625 0.4228515625 0.58056640625 0.4306640625
5 0.609375 0.4208984375 0.61962890625 0.4189453125 0.61962890625 0.4111328125 0.6181640625 0.4033203125 0.61083984375 0.4033203125 0.607421875 0.4140625
5 0.6337890625 0.40625 0.634765625 0.412109375 0.63525390625 0.4208984375 0.6337890625 0.423828125 0.6279296875 0.423828125 0.6240234375 0.41796875 0.62451171875 0.412109375 0.62646484375 0.4052734375
5 0.619140625 0.4326171875 0.62939453125 0.4306640625 0.62939453125 0.4248046875 0.62841796875 0.4150390625 0.6220703125 0.4140625 0.61865234375 0.423828125 0.6181640625 0.4287109375
1 0.640625 0.4658203125 0.65625 0.4130859375 0.671875 0.4248046875 0.6640625 0.4951171875 0.6416015625 0.486328125 0.6396484375 0.4736328125 0.64111328125 0.4677734375
3 0.55810546875 0.458984375 0.59228515625 0.4365234375 0.5927734375 0.4482421875 0.5625 0.4755859375 0.55810546875 0.46875
4 0.60009765625 0.20703125 0.59716796875 0.201171875 0.59375 0.193359375 0.59375 0.18359375 0.5947265625 0.1748046875 0.59521484375 0.1650390625 0.60009765625 0.158203125 0.6025390625 0.1484375 0.60595703125 0.1416015625 0.6083984375 0.1337890625 0.611328125 0.1279296875 0.61376953125 0.1220703125 0.615234375 0.1171875 0.61083984375 0.115234375 0.6083984375 0.1171875 0.6044921875 0.1171875 0.60302734375 0.11328125 0.6015625 0.109375 0.60791015625 0.1044921875 0.611328125 0.1044921875 0.61328125 0.1044921875 0.61181640625 0.09765625 0.61376953125 0.091796875 0.61572265625 0.09375 0.6181640625 0.09375 0.623046875 0.0908203125 0.62939453125 0.0888671875 0.62890625 0.0859375 0.62548828125 0.08203125 0.61865234375 0.08203125 0.6142578125 0.0703125 0.61962890625 0.0654296875 0.6162109375 0.056640625 0.61572265625 0.0517578125 0.61767578125 0.0498046875 0.62060546875 0.05078125 0.623046875 0.05078125 0.62548828125 0.05078125 0.62744140625 0.0537109375 0.62890625 0.056640625 0.63525390625 0.0478515625 0.6328125 0.0439453125 0.63134765625 0.044921875 0.6328125 0.0400390625 0.634765625 0.033203125 0.634765625 0.0263671875 0.63330078125 0.01953125 0.6337890625 0.015625 0.63623046875 0.0126953125 0.638671875 0.0087890625 0.63525390625 0.001953125 0.63623046875 0.0 1.0 0.0 1.0 0.4775390625 0.671875 0.478515625 0.658203125 0.4697265625 0.65771484375 0.455078125 0.65771484375 0.4462890625 0.65771484375 0.4384765625 0.658203125 0.4345703125 0.65673828125 0.4306640625 0.65380859375 0.4267578125 0.64990234375 0.4248046875 0.64892578125 0.4228515625 0.64794921875 0.4169921875 0.6474609375 0.4033203125 0.6474609375 0.3916015625 0.6474609375 0.3896484375 0.6474609375 0.384765625 0.64306640625 0.376953125 0.63916015625 0.3740234375 0.63916015625 0.3740234375 0.63720703125 0.3720703125 0.63525390625 0.373046875 0.63330078125 0.3740234375 0.630859375 0.3759765625 0.62890625 0.3798828125 0.6259765625 0.3798828125 0.6142578125 0.3828125 0.60888671875 0.37890625 0.60791015625 0.369140625 0.60693359375 0.36328125 0.6064453125 0.35546875 0.60546875 0.349609375 0.60498046875 0.3447265625 0.60498046875 0.33984375 0.60595703125 0.3330078125 0.60595703125 0.328125 0.5986328125 0.330078125 0.59765625 0.326171875 0.59716796875 0.318359375 0.5986328125 0.30859375 0.6005859375 0.30078125 0.5966796875 0.294921875 0.595703125 0.287109375 0.5927734375 0.2822265625 0.58935546875 0.2783203125 0.58984375 0.2724609375 0.5927734375 0.26171875 0.5947265625 0.25390625 0.5966796875 0.2431640625 0.595703125 0.2373046875 0.59375 0.2412109375 0.591796875 0.251953125 0.58935546875 0.2568359375 0.58740234375 0.255859375 0.5869140625 0.251953125 0.58740234375 0.244140625 0.587890625 0.2373046875 0.58984375 0.232421875 0.58740234375 0.2294921875 0.587890625 0.2236328125 0.5908203125 0.2197265625 0.5927734375 0.2119140625 0.5947265625 0.20703125 0.59716796875 0.205078125
