0 0.04150390625 0.2763671875 0.58056640625 0.3212890625 1.0 0.4404296875 1.0 1.0 0.0 1.0 0.0 0.2802734375
1 0.49560546875 0.3896484375 0.44189453125 0.390625 0.43603515625 0.3740234375 0.44384765625 0.37109375 0.4638671875 0.3681640625 0.47607421875 0.3642578125 0.4931640625 0.361328125 0.50146484375 0.3603515625 0.515625 0.3603515625 0.5185546875 0.3603515625 0.51318359375 0.373046875 0.5048828125 0.38671875 0.5 0.3896484375
1 0.998046875 0.6552734375 0.80078125 0.544921875 0.68115234375 0.4677734375 0.607421875 0.4130859375 0.572265625 0.3623046875 0.57080078125 0.3447265625 0.5751953125 0.3388671875 0.64306640625 0.3662109375 0.740234375 0.3857421875 0.8876953125 0.4013671875 0.98681640625 0.419921875 1.0 0.435546875 1.0 0.6572265625
1 0.486328125 0.4140625 0.45654296875 0.4580078125 0.34814453125 0.58984375 0.2109375 0.736328125 0.09326171875 0.861328125 0.0 0.96875 0.0 0.6669921875 0.33837890625 0.4169921875 0.40234375 0.400390625 0.44189453125 0.4033203125 0.47119140625 0.404296875 0.48388671875 0.40625
4 0.98095703125 0.4677734375 0.939453125 0.470703125 0.8837890625 0.466796875 0.84033203125 0.45703125 0.79052734375 0.4453125 0.744140625 0.4296875 0.708984375 0.41015625 0.68310546875 0.4052734375 0.66552734375 0.3994140625 0.66357421875 0.3955078125 0.65087890625 0.3876953125 0.6396484375 0.3896484375 0.6298828125 0.3857421875 0.623046875 0.380859375 0.615234375 0.3740234375 0.58056640625 0.3642578125 0.57666015625 0.33984375 0.5625 0.3310546875 0.52392578125 0.302734375 0.5205078125 0.2890625 0.52294921875 0.28515625 0.52587890625 0.28125 0.53271484375 0.2783203125 0.53515625 0.28125 0.53662109375 0.2783203125 0.53955078125 0.2744140625 0.54443359375 0.2724609375 0.548828125 0.2763671875 0.55029296875 0.279296875 0.55126953125 0.28515625 0.5546875 0.2783203125 0.56103515625 0.2744140625 0.56494140625 0.2744140625 0.5703125 0.27734375 0.572265625 0.2822265625 0.5751953125 0.2744140625 0.572265625 0.2587890625 0.5703125 0.2509765625 0.578125 0.23828125 0.58642578125 0.2353515625 0.591796875 0.2177734375 0.59912109375 0.2158203125 0.603515625 0.212890625 0.60888671875 0.216796875 0.60888671875 0.2294921875 0.6142578125 0.22265625 0.615234375 0.205078125 0.615234375 0.1884765625 0.62353515625 0.17578125 0.62744140625 0.1796875 0.6298828125 0.173828125 0.62890625 0.1494140625 0.6337890625 0.150390625 0.6259765625 0.1328125 0.63427734375 0.1025390625 0.63671875 0.099609375 0.6396484375 0.1005859375 0.64697265625 0.0673828125 0.65478515625 0.060546875 0.66455078125 0.052734375 0.66796875 0.03125 0.6806640625 0.0185546875 0.68408203125 0.0 1.0 0.0 1.0 0.474609375 0.98828125 0.4716796875
5 0.5634765625 0.3486328125 0.5634765625 0.341796875 0.5654296875 0.33984375 0.56884765625 0.33984375 0.5693359375 0.341796875 0.5693359375 0.345703125 0.5693359375 0.3486328125 0.56787109375 0.3486328125 0.56689453125 0.349609375
5 0.54296875 0.345703125 0.53662109375 0.3447265625 0.53564453125 0.353515625 0.5458984375 0.353515625 0.5458984375 0.3505859375
5 0.5517578125 0.3525390625 0.55126953125 0.34765625 0.54833984375 0.3466796875 0.544921875 0.3486328125 0.544921875 0.35546875 0.5458984375 0.357421875 0.5478515625 0.3583984375 0.55029296875 0.3583984375
5 0.560546875 0.3564453125 0.55908203125 0.3505859375 0.55224609375 0.3505859375 0.54931640625 0.3525390625 0.54638671875 0.357421875 0.546875 0.3681640625 0.546875 0.3720703125 0.548828125 0.3740234375 0.552734375 0.37109375
5 0.56689453125 0.361328125 0.56591796875 0.35546875 0.5537109375 0.35546875 0.55126953125 0.36328125 0.55029296875 0.3720703125 0.5498046875 0.3818359375 0.55078125 0.3837890625 0.552734375 0.3837890625 0.55322265625 0.3828125 0.55322265625 0.3798828125 0.55859375 0.380859375
5 0.576171875 0.37109375 0.57470703125 0.3603515625 0.56591796875 0.359375 0.56103515625 0.3603515625 0.55810546875 0.3681640625 0.55615234375 0.3798828125 0.55615234375 0.3896484375 0.55712890625 0.3935546875 0.55859375 0.39453125 0.56005859375 0.3935546875 0.560546875 0.390625 0.5693359375 0.390625
5 0.56591796875 0.3837890625 0.5693359375 0.373046875 0.57177734375 0.365234375 0.57861328125 0.36328125 0.58544921875 0.36328125 0.58935546875 0.365234375 0.59228515625 0.3701171875 0.58935546875 0.392578125 0.5830078125 0.4052734375 0.57958984375 0.40625 0.57177734375 0.40625 0.57177734375 0.4091796875 0.5703125 0.412109375 0.568359375 0.4111328125 0.56640625 0.4091796875 0.56591796875 0.40625 0.56689453125 0.3935546875 0.56640625 0.3896484375
5 0.59912109375 0.3671875 0.5888671875 0.3671875 0.58544921875 0.3720703125 0.58203125 0.384765625 0.57861328125 0.3837890625 0.57763671875 0.3857421875 0.57763671875 0.3876953125 0.57958984375 0.3896484375 0.5791015625 0.3984375 0.57861328125 0.412109375 0.5791015625 0.4228515625 0.57958984375 0.4287109375 0.5810546875 0.4296875 0.58203125 0.4326171875 0.58544921875 0.43359375 0.5869140625 0.4296875 0.58740234375 0.4248046875 0.6103515625 0.4248046875 0.6103515625 0.4296875 0.6123046875 0.431640625 0.61328125 0.4326171875 0.61572265625 0.43359375 0.61767578125 0.43359375 0.61865234375 0.4306640625 0.619140625 0.42578125 0.61962890625 0.4150390625 0.619140625 0.4052734375 0.6181640625 0.39453125 0.61767578125 0.388671875 0.61474609375 0.3759765625 0.6123046875 0.37109375 0.60693359375 0.3671875 0.6005859375 0.3671875
4 0.37158203125 0.2978515625 0.3896484375 0.3017578125 0.39111328125 0.373046875 0.384765625 0.3720703125 0.384765625 0.3623046875 0.38134765625 0.3466796875 0.37158203125 0.3466796875
5 0.37646484375 0.3623046875 0.3720703125 0.3583984375 0.3603515625 0.3583984375 0.36083984375 0.376953125 0.37451171875 0.384765625 0.37890625 0.37890625 0.3818359375 0.3720703125 0.3818359375 0.3681640625 0.37939453125 0.3642578125
5 0.4072265625 0.373046875 0.412109375 0.373046875 0.419921875 0.376953125 0.4248046875 0.3798828125 0.42578125 0.392578125 0.427734375 0.396484375 0.427734375 0.40234375 0.42626953125 0.4052734375 0.41796875 0.404296875 0.408203125 0.3994140625 0.40478515625 0.3955078125
5 0.41650390625 0.3837890625 0.4111328125 0.37109375 0.39794921875 0.369140625 0.3837890625 0.369140625 0.38232421875 0.375 0.39697265625 0.3955078125 0.404296875 0.4052734375 0.41015625 0.4072265625 0.41162109375 0.40625 0.41357421875 0.40234375 0.41552734375 0.396484375 0.41650390625 0.392578125
5 0.41845703125 0.416015625 0.41748046875 0.3955078125 0.41357421875 0.3916015625 0.40283203125 0.3876953125 0.3916015625 0.369140625 0.38037109375 0.3671875 0.3720703125 0.3681640625 0.3681640625 0.369140625 0.3662109375 0.373046875 0.36767578125 0.38671875 0.37451171875 0.4091796875 0.3798828125 0.4208984375 0.38427734375 0.4267578125 0.38720703125 0.4287109375 0.392578125 0.4287109375 0.3955078125 0.4287109375 0.3974609375 0.4306640625 0.40087890625 0.4326171875 0.41015625 0.4326171875 0.41162109375 0.427734375 0.4130859375 0.42578125 0.41552734375 0.423828125 0.41748046875 0.419921875
5 0.36083984375 0.3740234375 0.37255859375 0.375 0.37744140625 0.376953125 0.38525390625 0.3935546875 0.388671875 0.4130859375 0.38720703125 0.4306640625 0.3857421875 0.431640625 0.38232421875 0.4345703125 0.38037109375 0.4453125 0.37548828125 0.4482421875 0.369140625 0.44921875 0.3662109375 0.4482421875 0.36474609375 0.4453125 0.36376953125 0.443359375 0.3623046875 0.4404296875 0.361328125 0.4384765625
5 0.5283203125 0.349609375 0.5185546875 0.3505859375 0.5166015625 0.357421875 0.51611328125 0.3642578125 0.51513671875 0.3662109375 0.513671875 0.3681640625 0.513671875 0.37109375 0.5146484375 0.373046875 0.51513671875 0.388671875 0.51513671875 0.3974609375 0.51611328125 0.4013671875 0.517578125 0.4013671875 0.51904296875 0.3955078125 0.5234375 0.39453125 0.5283203125 0.39453125 0.533203125 0.39453125 0.53466796875 0.3955078125 0.5361328125 0.400390625 0.5390625 0.400390625 0.53955078125 0.38671875 0.5390625 0.3740234375 0.5400390625 0.373046875 0.5400390625 0.3671875 0.5390625 0.365234375 0.537109375 0.3603515625 0.53662109375 0.3505859375
