0 0.03271484375 0.306640625 1.0 0.3564453125 1.0 1.0 0.0 1.0 0.0 0.2861328125
4 0.0966796875 0.2138671875 0.0947265625 0.3662109375 0.0 0.38671875 0.0 0.0 0.09375 0.0
1 0.44091796875 0.5908203125 0.34619140625 0.580078125 0.2314453125 0.5615234375 0.14306640625 0.537109375 0.04833984375 0.501953125 0.0 0.4921875 0.0 0.4365234375 0.0419921875 0.443359375 0.16064453125 0.462890625 0.8447265625 0.5244140625 1.0 0.50390625 1.0 0.599609375 0.87646484375 0.611328125 0.615234375 0.5966796875 0.50048828125 0.5908203125 0.47216796875 0.5908203125
2 0.8681640625 0.552734375 0.76025390625 0.5478515625 0.08837890625 0.4716796875 0.0771484375 0.0078125 0.08984375 0.0 1.0 0.0 1.0 0.5302734375
5 0.16259765625 0.41796875 0.15185546875 0.416015625 0.1279296875 0.4189453125 0.1162109375 0.421875 0.11083984375 0.4267578125 0.1044921875 0.44921875 0.10009765625 0.447265625 0.09814453125 0.4501953125 0.0986328125 0.4541015625 0.1005859375 0.4560546875 0.1015625 0.458984375 0.09716796875 0.4755859375 0.0966796875 0.4912109375 0.09814453125 0.5087890625 0.10009765625 0.5146484375 0.10302734375 0.515625 0.10498046875 0.515625 0.10693359375 0.513671875 0.10791015625 0.5107421875 0.1083984375 0.5068359375 0.1171875 0.5068359375 0.1171875 0.513671875 0.12060546875 0.51953125 0.125 0.5205078125 0.12744140625 0.5166015625 0.1279296875 0.5078125 0.14404296875 0.5078125 0.14501953125 0.513671875 0.1484375 0.515625 0.150390625 0.513671875 0.1513671875 0.505859375 0.16357421875 0.5048828125 0.1689453125 0.51171875 0.17431640625 0.5087890625 0.17529296875 0.4794921875 0.17333984375 0.453125 0.16845703125 0.4267578125
4 0.16357421875 0.513671875 0.1611328125 0.3369140625 0.1572265625 0.189453125 0.1533203125 0.1826171875 0.15283203125 0.169921875 0.1494140625 0.1611328125 0.14794921875 0.154296875 0.14306640625 0.1513671875 0.138671875 0.1435546875 0.1376953125 0.1533203125 0.134765625 0.1572265625 0.13037109375 0.1533203125 0.1259765625 0.1474609375 0.11767578125 0.14453125 0.1123046875 0.158203125 0.1103515625 0.1669921875 0.1064453125 0.1748046875 0.103515625 0.1787109375 0.095703125 0.18359375 0.091796875 0.1845703125 0.08740234375 0.1806640625 0.08984375 0.177734375 0.0947265625 0.171875 0.10205078125 0.1611328125 0.107421875 0.15234375 0.1064453125 0.1494140625 0.09423828125 0.15625 0.0859375 0.154296875 0.0830078125 0.150390625 0.08251953125 0.142578125 0.083984375 0.138671875 0.09228515625 0.13671875 0.10400390625 0.12890625 0.10595703125 0.1279296875 0.10009765625 0.12109375 0.1005859375 0.1142578125 0.1044921875 0.109375 0.10595703125 0.099609375 0.10595703125 0.0859375 0.0986328125 0.08984375 0.0947265625 0.087890625 0.09033203125 0.0849609375 0.08154296875 0.0869140625 0.08056640625 0.0771484375 0.08056640625 0.0576171875 0.08642578125 0.0625 0.09228515625 0.0634765625 0.09765625 0.0634765625 0.1025390625 0.060546875 0.10791015625 0.064453125 0.10791015625 0.0556640625 0.09814453125 0.0556640625 0.0986328125 0.0498046875 0.0986328125 0.04296875 0.09326171875 0.0390625 0.09375 0.03125 0.095703125 0.02734375 0.0986328125 0.02734375 0.09326171875 0.01953125 0.08837890625 0.0185546875 0.08251953125 0.0205078125 0.08837890625 0.0107421875 0.08984375 0.001953125 0.08984375 0.0 0.21630859375 0.0 0.21728515625 0.0029296875 0.22119140625 0.0078125 0.22412109375 0.005859375 0.2275390625 0.0078125 0.2314453125 0.005859375 0.2353515625 0.0068359375 0.2353515625 0.0107421875 0.22998046875 0.0146484375 0.22705078125 0.017578125 0.21875 0.0166015625 0.21484375 0.015625 0.2138671875 0.0234375 0.2109375 0.029296875 0.2099609375 0.0341796875 0.21044921875 0.0380859375 0.21142578125 0.0400390625 0.20947265625 0.044921875 0.20458984375 0.0458984375 0.197265625 0.046875 0.1943359375 0.0537109375 0.2001953125 0.0615234375 0.20361328125 0.0693359375 0.20751953125 0.0634765625 0.2119140625 0.060546875 0.20947265625 0.076171875 0.21875 0.0859375 0.22412109375 0.0859375 0.224609375 0.0908203125 0.22119140625 0.0927734375 0.208984375 0.0908203125 0.19921875 0.083984375 0.19775390625 0.0888671875 0.20068359375 0.0986328125 0.20654296875 0.11328125 0.20751953125 0.1181640625 0.20556640625 0.119140625 0.20849609375 0.12890625 0.2109375 0.13671875 0.21533203125 0.1435546875 0.22021484375 0.1416015625 0.21923828125 0.150390625 0.21533203125 0.1513671875 0.20947265625 0.15234375 0.20654296875 0.1474609375 0.20263671875 0.1328125 0.19775390625 0.1240234375 0.19482421875 0.119140625 0.18994140625 0.119140625 0.181640625 0.1357421875 0.1806640625 0.140625 0.18701171875 0.138671875 0.19189453125 0.138671875 0.19580078125 0.138671875 0.19775390625 0.1435546875 0.19482421875 0.1455078125 0.18359375 0.1533203125 0.17578125 0.166015625 0.169921875 0.17578125 0.1640625 0.19140625 0.16552734375 0.2763671875 0.16650390625 0.3193359375 0.16845703125 0.3359375 0.16748046875 0.3671875 0.16845703125 0.4248046875 0.16845703125 0.5146484375
2 0.06494140625 0.3681640625 0.01416015625 0.3662109375 0.0068359375 0.3701171875 0.0048828125 0.2802734375 0.0 0.279296875 0.0 0.4453125 0.00634765625 0.4443359375 0.0234375 0.4638671875 0.0888671875 0.47265625 0.08837890625 0.3671875
5 0.03271484375 0.4296875 0.041015625 0.4150390625 0.0625 0.4130859375 0.064453125 0.4326171875 0.033203125 0.435546875
5 0.00439453125 0.419921875 0.02734375 0.419921875 0.033203125 0.4228515625 0.03857421875 0.431640625 0.04150390625 0.451171875 0.04296875 0.474609375 0.04345703125 0.484375 0.041015625 0.4873046875 0.03662109375 0.486328125 0.0361328125 0.48046875 0.03369140625 0.48046875 0.033203125 0.486328125 0.02978515625 0.48828125 0.02685546875 0.486328125 0.02685546875 0.4794921875 0.0068359375 0.4833984375 0.0068359375 0.4853515625 0.00244140625 0.4892578125 0.0 0.4912109375 0.0 0.4228515625 0.00146484375 0.4208984375
1 0.0126953125 0.56640625 0.0 0.5654296875 0.0 0.5380859375 0.0126953125 0.55078125
