0 0.4130859375 0.4833984375 1.0 0.4990234375 1.0 1.0 0.0 1.0 0.0 0.640625 0.267578125 0.48828125 0.3662109375 0.484375
1 0.4111328125 0.4951171875 0.501953125 0.5 0.62646484375 0.548828125 0.63525390625 0.5595703125 0.6376953125 0.568359375 0.6357421875 0.57421875 0.603515625 0.58984375 0.57861328125 0.5966796875 0.5263671875 0.587890625 0.49609375 0.5751953125 0.47998046875 0.56640625 0.47119140625 0.5517578125 0.443359375 0.5380859375 0.41357421875 0.52734375 0.38427734375 0.5185546875 0.3818359375 0.5087890625
1 0.08984375 0.5546875 0.2216796875 0.50390625 0.2255859375 0.5654296875 0.17041015625 0.6015625 0.10498046875 0.6376953125 0.03955078125 0.669921875 0.0 0.685546875 0.0 0.560546875
2 0.4326171875 0.1865234375 0.45263671875 0.169921875 0.46484375 0.494140625 0.416015625 0.4931640625
4 0.43359375 0.2490234375 0.435546875 0.2421875 0.4384765625 0.23828125 0.44384765625 0.2333984375 0.44921875 0.2392578125 0.45556640625 0.265625 0.45263671875 0.33984375 0.4541015625 0.357421875 0.4541015625 0.3701171875 0.4482421875 0.384765625 0.4453125 0.3916015625 0.4453125 0.4658203125 0.443359375 0.47265625 0.44140625 0.3935546875 0.43115234375 0.3583984375 0.42919921875 0.275390625
2 0.0009765625 0.0009765625 0.40869140625 0.0029296875 0.416015625 0.009765625 0.41748046875 0.0234375 0.41748046875 0.0341796875 0.4208984375 0.037109375 0.4208984375 0.0498046875 0.421875 0.0546875 0.42236328125 0.0703125 0.42626953125 0.07421875 0.42626953125 0.0859375 0.4248046875 0.095703125 0.42431640625 0.1171875 0.43505859375 0.123046875 0.43505859375 0.1259765625 0.43408203125 0.126953125 0.43505859375 0.1435546875 0.43603515625 0.1484375 0.43603515625 0.15234375 0.43994140625 0.1552734375 0.44140625 0.1513671875 0.4423828125 0.1513671875 0.44287109375 0.15234375 0.4384765625 0.162109375 0.4365234375 0.169921875 0.43798828125 0.1806640625 0.43701171875 0.193359375 0.4375 0.3212890625 0.4375 0.4072265625 0.4375 0.474609375 0.43408203125 0.509765625 0.37548828125 0.5107421875 0.220703125 0.5234375 0.197265625 0.5302734375 0.19580078125 0.54296875 0.15869140625 0.5537109375 0.14501953125 0.560546875 0.09765625 0.5751953125 0.0537109375 0.57421875 0.01416015625 0.57421875 0.0 0.57421875
4 0.41748046875 0.2880859375 0.42529296875 0.2880859375 0.42919921875 0.291015625 0.43701171875 0.30078125 0.4423828125 0.3154296875 0.447265625 0.3271484375 0.45458984375 0.3310546875 0.45947265625 0.3408203125 0.462890625 0.349609375 0.46435546875 0.3603515625 0.46142578125 0.36328125 0.44921875 0.3779296875 0.44091796875 0.384765625 0.4306640625 0.3974609375 0.42626953125 0.4052734375 0.423828125 0.412109375 0.42236328125 0.4921875 0.4189453125 0.4873046875 0.419921875 0.4130859375 0.416015625 0.40234375 0.40185546875 0.3935546875 0.3955078125 0.392578125 0.3916015625 0.3837890625 0.38720703125 0.3681640625 0.3837890625 0.361328125 0.3818359375 0.353515625 0.38134765625 0.3466796875 0.3857421875 0.3388671875 0.392578125 0.330078125 0.39501953125 0.3251953125 0.3955078125 0.3173828125 0.39794921875 0.3115234375 0.40185546875 0.306640625 0.40576171875 0.2998046875 0.40771484375 0.2939453125 0.41015625 0.291015625
2 0.45068359375 0.1640625 0.45068359375 0.0009765625 0.9990234375 0.001953125 0.99853515625 0.533203125 0.85888671875 0.525390625 0.859375 0.5419921875 0.859375 0.5556640625 0.85107421875 0.5615234375 0.828125 0.56640625 0.7998046875 0.5693359375 0.689453125 0.5751953125 0.63671875 0.5712890625 0.63671875 0.560546875 0.62255859375 0.5634765625 0.59521484375 0.5634765625 0.5849609375 0.5576171875 0.5849609375 0.5556640625 0.578125 0.5537109375 0.5537109375 0.5390625 0.54833984375 0.5390625 0.5419921875 0.5341796875 0.53173828125 0.52734375 0.51953125 0.525390625 0.50830078125 0.5205078125 0.48486328125 0.5068359375 0.44970703125 0.5048828125 0.44921875 0.38671875 0.435546875 0.3828125 0.4345703125 0.376953125 0.44970703125 0.3720703125 0.44921875 0.34375 0.439453125 0.3515625 0.43603515625 0.3349609375 0.44921875 0.318359375 0.45068359375 0.2783203125 0.45068359375 0.22265625
5 0.34521484375 0.4375 0.36376953125 0.435546875 0.3740234375 0.4404296875 0.384765625 0.4560546875 0.392578125 0.4794921875 0.39306640625 0.515625 0.39208984375 0.5234375 0.38818359375 0.5244140625 0.3818359375 0.51953125 0.37255859375 0.5107421875 0.35205078125 0.5166015625 0.3486328125 0.5166015625 0.3466796875 0.5234375 0.34326171875 0.5283203125 0.33642578125 0.525390625 0.33544921875 0.4853515625 0.34033203125 0.4541015625
5 0.38330078125 0.419921875 0.39111328125 0.4189453125 0.3994140625 0.4208984375 0.4091796875 0.4248046875 0.4130859375 0.4306640625 0.41650390625 0.443359375 0.42041015625 0.451171875 0.4228515625 0.458984375 0.423828125 0.4765625 0.42431640625 0.494140625 0.42333984375 0.5205078125 0.421875 0.53515625 0.41796875 0.5361328125 0.41552734375 0.53515625 0.41357421875 0.525390625 0.4130859375 0.5224609375 0.41015625 0.521484375 0.40966796875 0.52734375 0.40869140625 0.5322265625 0.40380859375 0.5341796875 0.40185546875 0.53125 0.4013671875 0.5234375 0.40087890625 0.5224609375 0.3974609375 0.521484375 0.39404296875 0.5205078125 0.39111328125 0.5205078125 0.38330078125 0.5224609375 0.38037109375 0.5224609375 0.3779296875 0.5224609375 0.37548828125 0.5224609375 0.36962890625 0.5234375 0.369140625 0.53125 0.36767578125 0.5390625 0.36376953125 0.541015625 0.36083984375 0.5390625 0.35888671875 0.5322265625 0.357421875 0.5322265625 0.35595703125 0.537109375 0.35205078125 0.5341796875 0.3486328125 0.5244140625 0.34765625 0.505859375 0.34912109375 0.482421875 0.35009765625 0.4755859375 0.3525390625 0.470703125 0.34619140625 0.46875 0.34619140625 0.4619140625 0.35302734375 0.4580078125 0.3544921875 0.458984375 0.35498046875 0.4677734375 0.359375 0.4541015625 0.3623046875 0.44140625 0.36474609375 0.431640625 0.36865234375 0.4248046875 0.37255859375 0.4228515625 0.376953125 0.419921875
5 0.25390625 0.41796875 0.27392578125 0.4169921875 0.30126953125 0.4189453125 0.32080078125 0.421875 0.32373046875 0.42578125 0.32763671875 0.4384765625 0.333984375 0.458984375 0.34033203125 0.462890625 0.34375 0.4658203125 0.34521484375 0.470703125 0.34423828125 0.4775390625 0.33837890625 0.482421875 0.34228515625 0.4931640625 0.34228515625 0.51953125 0.3408203125 0.568359375 0.33837890625 0.5869140625 0.3359375 0.5927734375 0.3330078125 0.6015625 0.32275390625 0.6015625 0.3212890625 0.59375 0.3193359375 0.58203125 0.30224609375 0.580078125 0.287109375 0.580078125 0.2734375 0.5810546875 0.25732421875 0.580078125 0.25146484375 0.58203125 0.248046875 0.58203125 0.2451171875 0.5810546875 0.236328125 0.5810546875 0.234375 0.58984375 0.232421875 0.599609375 0.2255859375 0.599609375 0.21875 0.5966796875 0.21533203125 0.587890625 0.2158203125 0.5341796875 0.21484375 0.5107421875 0.2177734375 0.4990234375 0.22265625 0.4892578125 0.22705078125 0.484375 0.2314453125 0.4833984375 0.23193359375 0.474609375 0.22314453125 0.4716796875 0.22216796875 0.46484375 0.22265625 0.4599609375 0.22607421875 0.45703125 0.22998046875 0.455078125 0.2353515625 0.455078125 0.23828125 0.4560546875 0.2421875 0.4404296875 0.25048828125 0.421875
5 0.9443359375 0.35546875 0.962890625 0.3564453125 0.9912109375 0.3623046875 1.0 0.3720703125 0.99951171875 0.5263671875 0.98974609375 0.5283203125 0.96533203125 0.529296875 0.94287109375 0.5302734375 0.931640625 0.529296875 0.91748046875 0.529296875 0.9130859375 0.529296875 0.908203125 0.5283203125 0.90478515625 0.5263671875 0.90234375 0.5458984375 0.89892578125 0.556640625 0.890625 0.5556640625 0.88427734375 0.5517578125 0.8798828125 0.54296875 0.87646484375 0.525390625 0.8759765625 0.521484375 0.86279296875 0.5166015625 0.85595703125 0.486328125 0.85595703125 0.455078125 0.86669921875 0.416015625 0.8818359375 0.380859375 0.8916015625 0.369140625 0.90576171875 0.3603515625 0.91552734375 0.3583984375 0.92138671875 0.357421875 0.93017578125 0.3564453125
