0 0.44287109375 0.44140625 0.6748046875 0.4345703125 1.0 0.576171875 1.0 1.0 0.0 1.0 0.0 0.5166015625 0.38916015625 0.4404296875
2 0.40576171875 0.330078125 0.49169921875 0.328125 0.49609375 0.4453125 0.38134765625 0.4453125 0.14599609375 0.484375 0.0 0.513671875 0.0 0.0 0.3046875 0.0 0.3056640625 0.01171875 0.31689453125 0.01953125 0.32958984375 0.0478515625 0.32861328125 0.0537109375 0.33447265625 0.0595703125 0.34375 0.0859375 0.3427734375 0.09375 0.3427734375 0.099609375 0.35888671875 0.138671875 0.36474609375 0.1416015625 0.369140625 0.1650390625 0.3681640625 0.1767578125 0.3720703125 0.1806640625 0.37841796875 0.19140625 0.38037109375 0.19140625 0.38232421875 0.2001953125 0.37939453125 0.203125 0.38330078125 0.2138671875 0.38671875 0.224609375 0.384765625 0.2294921875 0.3955078125 0.271484375 0.3916015625 0.271484375 0.39208984375 0.2998046875 0.3974609375 0.30859375 0.39599609375 0.32421875 0.40380859375 0.337890625 0.40185546875 0.34375 0.40185546875 0.375 0.4072265625 0.375
1 0.1337890625 0.5390625 0.23046875 0.51171875 0.16259765625 0.5009765625 0.2314453125 0.4755859375 0.1689453125 0.4619140625 0.16015625 0.470703125 0.13916015625 0.4716796875 0.12548828125 0.5
4 0.43603515625 0.359375 0.45068359375 0.3642578125 0.46875 0.3603515625 0.47509765625 0.33203125 0.482421875 0.3232421875 0.47900390625 0.3212890625 0.478515625 0.2958984375 0.49267578125 0.2568359375 0.4912109375 0.2412109375 0.49755859375 0.228515625 0.49462890625 0.2177734375 0.4970703125 0.189453125 0.5 0.189453125 0.50048828125 0.1611328125 0.50537109375 0.1669921875 0.515625 0.150390625 0.5205078125 0.1337890625 0.51611328125 0.1240234375 0.52001953125 0.1103515625 0.52490234375 0.1181640625 0.52685546875 0.115234375 0.5263671875 0.09765625 0.5322265625 0.0830078125 0.53173828125 0.0419921875 0.546875 0.0263671875 0.54833984375 0.0 1.0 0.0 1.0 0.7734375 0.58203125 0.478515625 0.55126953125 0.451171875 0.5146484375 0.453125 0.484375 0.4541015625 0.4423828125 0.4541015625 0.4228515625 0.439453125 0.4072265625 0.404296875 0.4091796875 0.380859375 0.41943359375 0.3779296875 0.4267578125 0.3779296875 0.4267578125 0.3662109375 0.43115234375 0.3603515625
1 0.6044921875 0.5068359375 0.69580078125 0.623046875 0.9111328125 0.8798828125 1.0 1.0 1.0 0.6220703125 0.806640625 0.5205078125 0.6826171875 0.4814453125 0.60888671875 0.4580078125 0.58544921875 0.4482421875 0.564453125 0.44921875 0.52294921875 0.453125 0.54931640625 0.4580078125 0.58642578125 0.4814453125
4 0.560546875 0.423828125 0.5595703125 0.400390625 0.56103515625 0.388671875 0.5654296875 0.380859375 0.5615234375 0.3837890625 0.55322265625 0.380859375 0.55419921875 0.37109375 0.56103515625 0.369140625 0.5595703125 0.3642578125 0.55126953125 0.3564453125 0.5576171875 0.345703125 0.5576171875 0.345703125 0.55908203125 0.3388671875 0.556640625 0.3310546875 0.54931640625 0.3154296875 0.5458984375 0.234375 0.55712890625 0.2001953125 0.57275390625 0.1962890625 0.6044921875 0.255859375 0.619140625 0.3291015625 0.61376953125 0.36328125 0.5966796875 0.388671875 0.587890625 0.4189453125 0.57958984375 0.4443359375
5 0.408203125 0.4013671875 0.4091796875 0.3955078125 0.4326171875 0.3974609375 0.4345703125 0.4130859375 0.435546875 0.42578125 0.43505859375 0.4423828125 0.43359375 0.45703125 0.4287109375 0.45703125 0.4267578125 0.451171875 0.423828125 0.4541015625 0.41162109375 0.4404296875 0.40673828125 0.4208984375 0.40771484375 0.4052734375
5 0.4111328125 0.419921875 0.419921875 0.421875 0.42236328125 0.4326171875 0.423828125 0.4365234375 0.423828125 0.458984375 0.42138671875 0.4609375 0.41748046875 0.4599609375 0.41748046875 0.4560546875 0.4091796875 0.45703125 0.40283203125 0.45703125 0.40185546875 0.458984375 0.3984375 0.4599609375 0.39794921875 0.443359375 0.3994140625 0.43359375 0.3974609375 0.431640625 0.3974609375 0.4296875 0.3984375 0.4287109375 0.400390625 0.4287109375 0.4033203125 0.419921875
5 0.388671875 0.416015625 0.39404296875 0.4169921875 0.39892578125 0.44140625 0.3994140625 0.4541015625 0.3984375 0.46484375 0.39501953125 0.46484375 0.39501953125 0.458984375 0.3935546875 0.4609375 0.3935546875 0.4658203125 0.39111328125 0.4658203125 0.38525390625 0.4521484375 0.38134765625 0.41796875
5 0.37548828125 0.4150390625 0.3828125 0.4150390625 0.38720703125 0.42578125 0.388671875 0.4287109375 0.39013671875 0.4453125 0.39111328125 0.4609375 0.390625 0.466796875 0.3857421875 0.4677734375 0.384765625 0.4638671875 0.380859375 0.4677734375 0.37646484375 0.4677734375 0.36865234375 0.447265625 0.36865234375 0.4130859375
5 0.35693359375 0.4072265625 0.36767578125 0.4111328125 0.37158203125 0.4228515625 0.37353515625 0.4248046875 0.3740234375 0.427734375 0.373046875 0.4306640625 0.375 0.4384765625 0.3759765625 0.466796875 0.37548828125 0.4677734375 0.37255859375 0.4697265625 0.37060546875 0.46875 0.37109375 0.4619140625 0.3701171875 0.4638671875 0.36962890625 0.466796875 0.3681640625 0.47265625 0.3642578125 0.47265625 0.36376953125 0.46875 0.3583984375 0.466796875 0.3369140625 0.4326171875 0.3466796875 0.41015625
5 0.33056640625 0.4072265625 0.34521484375 0.408203125 0.35009765625 0.40625 0.35302734375 0.4130859375 0.35693359375 0.423828125 0.3583984375 0.4345703125 0.35888671875 0.4560546875 0.3583984375 0.4677734375 0.357421875 0.4736328125 0.3544921875 0.4755859375 0.353515625 0.474609375 0.3515625 0.4677734375 0.3486328125 0.4697265625 0.34716796875 0.474609375 0.3447265625 0.4755859375 0.341796875 0.4736328125 0.341796875 0.4736328125 0.32421875 0.47265625 0.3232421875 0.474609375 0.3193359375 0.4775390625 0.31787109375 0.47265625 0.3125 0.4716796875 0.31201171875 0.4765625 0.30908203125 0.478515625 0.3056640625 0.4736328125 0.3056640625 0.462890625 0.30517578125 0.4482421875 0.30615234375 0.4375 0.310546875 0.431640625 0.30810546875 0.4326171875 0.306640625 0.4287109375 0.3095703125 0.42578125 0.31005859375 0.4296875 0.3125 0.427734375 0.31689453125 0.416015625 0.3203125 0.408203125 0.32568359375 0.40625
5 0.2802734375 0.388671875 0.2861328125 0.390625 0.296875 0.39453125 0.3017578125 0.4091796875 0.30517578125 0.423828125 0.30615234375 0.4423828125 0.306640625 0.45703125 0.3046875 0.484375 0.2998046875 0.490234375 0.29638671875 0.48828125 0.29443359375 0.474609375 0.28857421875 0.4755859375 0.2880859375 0.48828125 0.2841796875 0.4921875 0.27734375 0.4921875 0.275390625 0.48046875 0.265625 0.482421875 0.2568359375 0.482421875 0.24853515625 0.412109375 0.24169921875 0.404296875 0.24462890625 0.39453125 0.25146484375 0.388671875 0.2607421875 0.3857421875 0.26806640625 0.38671875 0.2724609375 0.388671875
5 0.22119140625 0.3974609375 0.23095703125 0.396484375 0.24951171875 0.4013671875 0.25244140625 0.40625 0.2578125 0.4267578125 0.26123046875 0.451171875 0.2607421875 0.466796875 0.2578125 0.478515625 0.2568359375 0.4921875 0.25537109375 0.4970703125 0.24951171875 0.4990234375 0.2470703125 0.49609375 0.24658203125 0.4931640625 0.22998046875 0.4921875 0.22900390625 0.50390625 0.2255859375 0.5087890625 0.2177734375 0.505859375 0.21728515625 0.4951171875 0.2080078125 0.49609375 0.2041015625 0.498046875 0.20263671875 0.5 0.189453125 0.498046875 0.18896484375 0.494140625 0.1767578125 0.4931640625 0.1767578125 0.4990234375 0.1748046875 0.5048828125 0.1708984375 0.505859375 0.16552734375 0.5048828125 0.16259765625 0.501953125 0.16162109375 0.4912109375 0.16015625 0.4833984375 0.1591796875 0.4716796875 0.16064453125 0.458984375 0.1640625 0.4482421875 0.17578125 0.4345703125 0.181640625 0.4189453125 0.19287109375 0.40234375 0.19970703125 0.3974609375
5 0.08349609375 0.3701171875 0.123046875 0.3798828125 0.138671875 0.421875 0.14599609375 0.4755859375 0.1416015625 0.537109375 0.13671875 0.5654296875 0.1201171875 0.568359375 0.11181640625 0.55078125 0.0537109375 0.56640625 0.0478515625 0.5849609375 0.03759765625 0.5947265625 0.021484375 0.59375 0.01708984375 0.5712890625 0.0 0.576171875 0.0 0.37890625
