0 0.115234375 0.3505859375 0.4755859375 0.3681640625 0.63623046875 0.400390625 0.7880859375 0.4091796875 0.88671875 0.4453125 1.0 0.56640625 1.0 1.0 0.0 1.0 0.0 0.3388671875
1 0.99072265625 0.7529296875 0.67431640625 0.48828125 0.65478515625 0.47265625 0.646484375 0.4658203125 0.64013671875 0.462890625 0.62646484375 0.458984375 0.63623046875 0.455078125 0.65673828125 0.458984375 0.67333984375 0.4541015625 0.69482421875 0.4541015625 0.79931640625 0.4814453125 0.85302734375 0.4814453125 0.943359375 0.4931640625 1.0 0.5068359375 1.0 0.759765625
1 0.39404296875 0.583984375 0.0 0.8759765625 0.0 0.564453125 0.388671875 0.4609375 0.41455078125 0.46875 0.41650390625 0.521484375
2 0.32568359375 0.51171875 0.2607421875 0.5244140625 0.158203125 0.5498046875 0.10009765625 0.5654296875 0.0 0.5634765625 0.0 0.0 0.41015625 0.0 0.5068359375 0.21484375 0.55810546875 0.3017578125 0.5810546875 0.33984375 0.60888671875 0.38671875 0.63330078125 0.404296875 0.66015625 0.4091796875 0.671875 0.4169921875 0.7255859375 0.4189453125 0.69091796875 0.4453125 0.60009765625 0.4404296875 0.544921875 0.455078125 0.439453125 0.4833984375 0.3662109375 0.4794921875 0.3623046875 0.4892578125 0.32568359375 0.5
2 0.89599609375 0.5009765625 0.81591796875 0.4912109375 0.7529296875 0.4462890625 0.76220703125 0.400390625 0.76611328125 0.271484375 0.759765625 0.25390625 0.77294921875 0.2451171875 0.77197265625 0.212890625 0.77978515625 0.2001953125 0.93701171875 0.0 1.0 0.0 1.0 0.5126953125
4 0.0087890625 0.275390625 0.02294921875 0.283203125 0.03369140625 0.28515625 0.03173828125 0.29296875 0.0283203125 0.302734375 0.02587890625 0.3203125 0.02783203125 0.333984375 0.03955078125 0.34375 0.0419921875 0.3466796875 0.037109375 0.3681640625 0.03271484375 0.37890625 0.0205078125 0.375 0.02001953125 0.39453125 0.02587890625 0.40234375 0.0341796875 0.4072265625 0.04345703125 0.4091796875 0.0546875 0.404296875 0.06787109375 0.39453125 0.0703125 0.390625 0.07177734375 0.4072265625 0.0732421875 0.4228515625 0.078125 0.4365234375 0.03955078125 0.466796875 0.01416015625 0.4716796875 0.0 0.47265625 0.0 0.2705078125
4 0.2529296875 0.4365234375 0.25146484375 0.4287109375 0.2451171875 0.4189453125 0.2373046875 0.404296875 0.2314453125 0.3916015625 0.22412109375 0.3740234375 0.21923828125 0.35546875 0.21435546875 0.33984375 0.20751953125 0.328125 0.203125 0.32421875 0.1962890625 0.3251953125 0.1904296875 0.330078125 0.18896484375 0.3408203125 0.1884765625 0.3662109375 0.18701171875 0.408203125 0.1865234375 0.4326171875 0.21337890625 0.4765625
3 0.16259765625 0.5283203125 0.16162109375 0.43359375 0.24951171875 0.435546875 0.25048828125 0.509765625
4 0.4287109375 0.4365234375 0.42626953125 0.427734375 0.4189453125 0.4150390625 0.4150390625 0.4013671875 0.41943359375 0.4013671875 0.42431640625 0.3974609375 0.4228515625 0.3916015625 0.41552734375 0.3720703125 0.40966796875 0.35546875 0.4072265625 0.345703125 0.40087890625 0.3408203125 0.39697265625 0.3369140625 0.39111328125 0.3271484375 0.3740234375 0.328125 0.3671875 0.337890625 0.36328125 0.3515625 0.3583984375 0.3642578125 0.3564453125 0.37890625 0.3544921875 0.4658203125 0.36083984375 0.4658203125 0.36572265625 0.4658203125 0.36865234375 0.458984375 0.36962890625 0.44921875 0.37646484375 0.443359375 0.4013671875 0.443359375 0.4072265625 0.4443359375 0.416015625 0.443359375 0.42236328125 0.4443359375
3 0.87109375 0.4150390625 1.0 0.4091796875 1.0 0.51953125 0.8828125 0.4921875
4 0.353515625 0.525390625 0.357421875 0.515625 0.3603515625 0.4228515625 0.3623046875 0.3447265625 0.36279296875 0.251953125 0.3642578125 0.212890625 0.3671875 0.1669921875 0.36083984375 0.1640625 0.35205078125 0.1708984375 0.3505859375 0.1806640625 0.36083984375 0.189453125 0.36376953125 0.189453125 0.36083984375 0.201171875 0.3544921875 0.2021484375 0.34814453125 0.19921875 0.3447265625 0.19140625 0.3466796875 0.2099609375 0.35107421875 0.2197265625 0.357421875 0.2314453125 0.36083984375 0.2412109375 0.3583984375 0.24609375 0.35400390625 0.2490234375 0.3427734375 0.25390625 0.333984375 0.26953125 0.3310546875 0.275390625 0.32568359375 0.26953125 0.32666015625 0.251953125 0.33447265625 0.2412109375 0.337890625 0.2275390625 0.3408203125 0.205078125 0.34228515625 0.1962890625 0.3349609375 0.2041015625 0.32763671875 0.212890625 0.32080078125 0.2236328125 0.3134765625 0.224609375 0.3017578125 0.2177734375 0.29638671875 0.2158203125 0.2880859375 0.2197265625 0.2734375 0.232421875 0.267578125 0.2373046875 0.25439453125 0.236328125 0.248046875 0.2275390625 0.2431640625 0.2119140625 0.23876953125 0.185546875 0.2216796875 0.16796875 0.21875 0.1484375 0.21630859375 0.1220703125 0.212890625 0.109375 0.20458984375 0.109375 0.19775390625 0.099609375 0.19580078125 0.0849609375 0.19287109375 0.3271484375 0.1923828125 0.5625 0.197265625 0.5791015625 0.2021484375 0.5888671875 0.19775390625 0.59375 0.18896484375 0.5986328125 0.1728515625 0.6005859375 0.1630859375 0.6005859375 0.15673828125 0.595703125 0.162109375 0.5791015625 0.16796875 0.521484375 0.1689453125 0.40234375 0.171875 0.216796875 0.17041015625 0.1494140625 0.17333984375 0.1142578125 0.169921875 0.099609375 0.16455078125 0.080078125 0.16357421875 0.1015625 0.16259765625 0.1220703125 0.16259765625 0.1474609375 0.15966796875 0.1630859375 0.1494140625 0.1630859375 0.13623046875 0.16015625 0.13037109375 0.154296875 0.1220703125 0.134765625 0.1201171875 0.1181640625 0.119140625 0.111328125 0.11474609375 0.119140625 0.1064453125 0.123046875 0.09619140625 0.1240234375 0.09423828125 0.146484375 0.08984375 0.1484375 0.08251953125 0.1240234375 0.06640625 0.11328125 0.0556640625 0.107421875 0.0576171875 0.1201171875 0.0595703125 0.130859375 0.04931640625 0.1318359375 0.03955078125 0.130859375 0.033203125 0.11328125 0.0302734375 0.1044921875 0.0234375 0.0986328125 0.01025390625 0.0830078125 0.0 0.07421875 0.0 0.0 0.57861328125 0.0 0.57861328125 0.00390625 0.5791015625 0.017578125 0.580078125 0.0244140625 0.57666015625 0.0263671875 0.5732421875 0.03515625 0.576171875 0.05078125 0.57958984375 0.060546875 0.57275390625 0.068359375 0.568359375 0.083984375 0.56884765625 0.1064453125 0.5712890625 0.09375 0.57373046875 0.0908203125 0.58349609375 0.0927734375 0.583984375 0.1064453125 0.58447265625 0.115234375 0.58935546875 0.1171875 0.59228515625 0.111328125 0.59716796875 0.1220703125 0.60009765625 0.1328125 0.599609375 0.14453125 0.59521484375 0.154296875 0.6015625 0.1669921875 0.6064453125 0.1591796875 0.6123046875 0.16015625 0.61376953125 0.1748046875 0.6171875 0.1875 0.61669921875 0.1923828125 0.61181640625 0.20703125 0.609375 0.2158203125 0.6123046875 0.2197265625 0.611328125 0.2275390625 0.60888671875 0.2392578125 0.609375 0.2451171875 0.6064453125 0.2587890625 0.60546875 0.2705078125 0.60791015625 0.2783203125 0.60986328125 0.2841796875 0.61669921875 0.2880859375 0.623046875 0.2880859375 0.6298828125 0.287109375 0.63330078125 0.28125 0.6435546875 0.298828125 0.64794921875 0.29296875 0.65625 0.298828125 0.654296875 0.2890625 0.6455078125 0.2763671875 0.65380859375 0.271484375 0.658203125 0.26171875 0.6552734375 0.25390625 0.65869140625 0.2421875 0.66064453125 0.23046875 0.6650390625 0.234375 0.67041015625 0.2412109375 0.66845703125 0.2275390625 0.66357421875 0.2216796875 0.6640625 0.2109375 0.66845703125 0.2021484375 0.67138671875 0.201171875 0.6728515625 0.1953125 0.6708984375 0.1806640625 0.67431640625 0.169921875 0.67919921875 0.1650390625 0.6845703125 0.154296875 0.68701171875 0.1337890625 0.69189453125 0.109375 0.689453125 0.0927734375 0.69091796875 0.087890625 0.68994140625 0.0732421875 0.69384765625 0.068359375 0.6953125 0.052734375 0.69921875 0.044921875 0.70166015625 0.037109375 0.7060546875 0.044921875 0.71142578125 0.0341796875 0.71533203125 0.044921875 0.7177734375 0.05078125 0.71923828125 0.0615234375 0.71923828125 0.068359375 0.7216796875 0.0771484375 0.7216796875 0.0888671875 0.72216796875 0.1025390625 0.72509765625 0.1015625 0.728515625 0.1025390625 0.72900390625 0.0732421875 0.73193359375 0.0703125 0.732421875 0.05078125 0.734375 0.0361328125 0.7373046875 0.0302734375 0.740234375 0.0400390625 0.7451171875 0.029296875 0.74609375 0.0205078125 0.74853515625 0.03515625 0.751953125 0.046875 0.7548828125 0.060546875 0.755859375 0.0810546875 0.7568359375 0.091796875 0.759765625 0.091796875 0.76025390625 0.0791015625 0.7568359375 0.0556640625 0.75732421875 0.041015625 0.75927734375 0.033203125 0.763671875 0.0380859375 0.76611328125 0.048828125 0.76708984375 0.0634765625 0.77587890625 0.060546875 0.78173828125 0.0498046875 0.7822265625 0.037109375 0.783203125 0.0263671875 0.78515625 0.017578125 0.779296875 0.0068359375 0.7822265625 0.0 0.95556640625 0.0 0.9580078125 0.0087890625 0.9580078125 0.0224609375 0.955078125 0.03515625 0.9501953125 0.0419921875 0.93798828125 0.056640625 0.93701171875 0.0751953125 0.93798828125 0.083984375 0.93310546875 0.0888671875 0.92529296875 0.0849609375 0.919921875 0.095703125 0.923828125 0.103515625 0.919921875 0.1171875 0.90966796875 0.123046875 0.9111328125 0.1337890625 0.9296875 0.119140625 0.9453125 0.09375 0.95703125 0.08203125 0.95947265625 0.08203125 0.94677734375 0.11328125 0.94091796875 0.1259765625 0.9453125 0.1357421875 0.93798828125 0.1513671875 0.95068359375 0.1513671875 0.9580078125 0.1552734375 0.97119140625 0.1640625 0.9697265625 0.1748046875 0.9541015625 0.1875 0.9462890625 0.1943359375 0.935546875 0.2119140625 0.921875 0.2255859375 0.90771484375 0.23046875 0.90087890625 0.2333984375 0.89501953125 0.228515625 0.8876953125 0.236328125 0.88037109375 0.23828125 0.884765625 0.25 0.89111328125 0.255859375 0.888671875 0.263671875 0.88134765625 0.2587890625 0.8740234375 0.2529296875 0.86376953125 0.2431640625 0.86181640625 0.3994140625 0.85595703125 0.40234375 0.857421875 0.2451171875 0.85595703125 0.2412109375 0.8466796875 0.23828125 0.84033203125 0.23046875 0.8359375 0.2275390625 0.8359375 0.2275390625 0.8271484375 0.23828125 0.82177734375 0.2392578125 0.81201171875 0.236328125 0.80419921875 0.2265625 0.8017578125 0.2265625 0.79296875 0.2265625 0.7861328125 0.224609375 0.78173828125 0.2236328125 0.77685546875 0.2265625 0.7724609375 0.2265625 0.7734375 0.244140625 0.76171875 0.26171875 0.7666015625 0.271484375 0.765625 0.396484375 0.77001953125 0.3671875 0.771484375 0.353515625 0.77783203125 0.330078125 0.77978515625 0.3330078125 0.7880859375 0.361328125 0.7958984375 0.375 0.7978515625 0.3798828125 0.80126953125 0.3544921875 0.8037109375 0.3359375 0.80810546875 0.3134765625 0.810546875 0.2978515625 0.81494140625 0.2841796875 0.818359375 0.28125 0.82177734375 0.28515625 0.82470703125 0.2919921875 0.82958984375 0.310546875 0.833984375 0.337890625 0.83935546875 0.37890625 0.84130859375 0.392578125 0.8232421875 0.4111328125 0.7666015625 0.4365234375 0.73583984375 0.4423828125 0.69384765625 0.4365234375 0.69189453125 0.4287109375 0.689453125 0.423828125 0.6875 0.4208984375 0.6845703125 0.41796875 0.68408203125 0.44921875 0.6826171875 0.458984375 0.681640625 0.4609375 0.6796875 0.451171875 0.6806640625 0.421875 0.68017578125 0.421875 0.677734375 0.4326171875 0.6767578125 0.4384765625 0.6728515625 0.443359375 0.6708984375 0.4375 0.67041015625 0.431640625 0.66552734375 0.4375 0.662109375 0.431640625 0.6591796875 0.4326171875 0.6533203125 0.43359375 0.642578125 0.4365234375 0.63818359375 0.4384765625 0.6181640625 0.4453125 0.60888671875 0.4482421875 0.58837890625 0.4521484375 0.5791015625 0.4482421875 0.57666015625 0.4384765625 0.57568359375 0.4267578125 0.57666015625 0.400390625 0.57666015625 0.384765625 0.572265625 0.3779296875 0.57177734375 0.3779296875 0.56884765625 0.3642578125 0.56494140625 0.3701171875 0.56591796875 0.380859375 0.560546875 0.3798828125 0.55615234375 0.3837890625 0.5556640625 0.3955078125 0.556640625 0.40625 0.5556640625 0.4150390625 0.5517578125 0.423828125 0.544921875 0.4345703125 0.54296875 0.4384765625 0.54052734375 0.439453125 0.53857421875 0.41796875 0.53857421875 0.3984375 0.537109375 0.37890625 0.53564453125 0.3671875 0.5341796875 0.359375 0.53076171875 0.3671875 0.529296875 0.3876953125 0.52783203125 0.4052734375 0.529296875 0.4228515625 0.52685546875 0.4228515625 0.52490234375 0.408203125 0.5234375 0.380859375 0.5234375 0.369140625 0.521484375 0.369140625 0.5185546875 0.3662109375 0.5166015625 0.3642578125 0.513671875 0.373046875 0.5146484375 0.3828125 0.51513671875 0.392578125 0.5146484375 0.4052734375 0.515625 0.416015625 0.47705078125 0.4287109375 0.4638671875 0.412109375 0.4638671875 0.4072265625 0.46826171875 0.3271484375 0.46875 0.31640625 0.46240234375 0.314453125 0.45654296875 0.3154296875 0.45166015625 0.318359375 0.44921875 0.3056640625 0.44775390625 0.2998046875 0.44775390625 0.2919921875 0.4443359375 0.2822265625 0.43896484375 0.267578125 0.43798828125 0.2607421875 0.4365234375 0.25390625 0.4306640625 0.25390625 0.423828125 0.2587890625 0.4169921875 0.2568359375 0.412109375 0.2666015625 0.40673828125 0.2705078125 0.39990234375 0.2724609375 0.3955078125 0.2705078125 0.39111328125 0.2626953125 0.3857421875 0.25390625 0.380859375 0.248046875 0.37646484375 0.2431640625 0.3740234375 0.302734375 0.3701171875 0.4912109375 0.3720703125 0.509765625 0.376953125 0.5244140625 0.37744140625 0.5283203125 0.37109375 0.533203125 0.36181640625 0.5341796875 0.35693359375 0.53125
5 0.71826171875 0.4208984375 0.7119140625 0.412109375 0.70361328125 0.412109375 0.69091796875 0.4169921875 0.6865234375 0.427734375 0.68310546875 0.4453125 0.6806640625 0.462890625 0.6796875 0.4775390625 0.67919921875 0.494140625 0.68017578125 0.51171875 0.68017578125 0.5234375 0.681640625 0.525390625 0.6845703125 0.525390625 0.68701171875 0.525390625 0.68798828125 0.529296875 0.68994140625 0.53125 0.69287109375 0.53125 0.6962890625 0.53125 0.697265625 0.52734375 0.69677734375 0.5224609375 0.69873046875 0.51953125 0.716796875 0.4912109375
5 0.771484375 0.412109375 0.7685546875 0.4052734375 0.76513671875 0.40234375 0.75830078125 0.4013671875 0.74169921875 0.4013671875 0.72216796875 0.40625 0.71337890625 0.41015625 0.7080078125 0.4189453125 0.7060546875 0.435546875 0.7041015625 0.4462890625 0.703125 0.44921875 0.7021484375 0.44921875 0.7001953125 0.447265625 0.69580078125 0.4482421875 0.69287109375 0.451171875 0.6923828125 0.4560546875 0.69384765625 0.458984375 0.69677734375 0.4599609375 0.70068359375 0.4609375 0.701171875 0.4677734375 0.6982421875 0.4794921875 0.69677734375 0.5 0.69775390625 0.521484375 0.69921875 0.53515625 0.701171875 0.5390625 0.7041015625 0.5400390625 0.7060546875 0.5400390625 0.7080078125 0.544921875 0.708984375 0.5478515625 0.71240234375 0.5498046875 0.71533203125 0.5517578125 0.71728515625 0.548828125 0.7177734375 0.541015625 0.71826171875 0.53515625 0.7236328125 0.533203125 0.728515625 0.533203125 0.732421875 0.5322265625 0.736328125 0.529296875 0.74462890625 0.52734375 0.7470703125 0.525390625
5 0.853515625 0.392578125 0.83349609375 0.3916015625 0.80224609375 0.396484375 0.77978515625 0.4013671875 0.76806640625 0.408203125 0.75927734375 0.4228515625 0.7529296875 0.447265625 0.75 0.4619140625 0.7490234375 0.4658203125 0.74609375 0.4658203125 0.7431640625 0.46875 0.74365234375 0.4794921875 0.7451171875 0.486328125 0.74072265625 0.5009765625 0.7392578125 0.5166015625 0.73828125 0.525390625 0.73828125 0.5361328125 0.73974609375 0.5517578125 0.740234375 0.568359375 0.74169921875 0.595703125 0.74560546875 0.603515625 0.75048828125 0.60546875 0.75390625 0.60546875 0.75634765625 0.6015625 0.7568359375 0.5947265625 0.7568359375 0.587890625 0.76171875 0.5859375 0.76513671875 0.587890625 0.765625 0.6044921875 0.767578125 0.6201171875 0.7685546875 0.626953125 0.77685546875 0.6318359375 0.78271484375 0.626953125 0.7841796875 0.6162109375 0.78564453125 0.609375 0.7880859375 0.6015625 0.794921875 0.5966796875 0.81396484375 0.595703125 0.8623046875 0.587890625 0.87158203125 0.591796875 0.87841796875 0.5947265625 0.88134765625 0.5947265625 0.8837890625 0.607421875 0.8857421875 0.61328125 0.89111328125 0.6162109375 0.89501953125 0.6162109375 0.89990234375 0.61328125 0.90185546875 0.6064453125 0.90185546875 0.587890625 0.9013671875 0.56640625 0.9013671875 0.544921875 0.90185546875 0.525390625 0.896484375 0.5 0.89306640625 0.478515625 0.8876953125 0.4482421875 0.880859375 0.42578125 0.87548828125 0.41015625 0.86572265625 0.396484375 0.85888671875 0.3916015625
3 0.0107421875 0.423828125 0.0830078125 0.4267578125 0.0849609375 0.544921875 0.0 0.560546875 0.0 0.4228515625
5 0.56396484375 0.4326171875 0.5673828125 0.4248046875 0.5791015625 0.423828125 0.5810546875 0.4306640625 0.58251953125 0.4404296875 0.583984375 0.4453125 0.58544921875 0.4541015625 0.58544921875 0.46875 0.58544921875 0.4755859375 0.58349609375 0.478515625 0.5810546875 0.4794921875 0.57958984375 0.4794921875 0.5771484375 0.4775390625 0.57373046875 0.4775390625 0.56982421875 0.46484375
5 0.56396484375 0.423828125 0.546875 0.423828125 0.54345703125 0.4248046875 0.5400390625 0.4296875 0.53662109375 0.439453125 0.53564453125 0.4482421875 0.53515625 0.46484375 0.53759765625 0.478515625 0.5400390625 0.486328125 0.54296875 0.48828125 0.548828125 0.4873046875 0.556640625 0.486328125 0.5625 0.4853515625 0.56689453125 0.4853515625 0.568359375 0.4853515625 0.56982421875 0.48828125 0.57177734375 0.4892578125 0.5732421875 0.48828125 0.57470703125 0.4833984375 0.57470703125 0.4765625 0.57373046875 0.462890625 0.572265625 0.44921875 0.57373046875 0.4482421875 0.57373046875 0.4443359375 0.57275390625 0.4423828125 0.57080078125 0.4404296875 0.5703125 0.4365234375 0.568359375 0.4296875 0.5673828125 0.4248046875 0.56689453125 0.423828125
5 0.53076171875 0.416015625 0.521484375 0.416015625 0.5068359375 0.416015625 0.5009765625 0.4169921875 0.49658203125 0.41796875 0.49951171875 0.447265625 0.5078125 0.5 0.509765625 0.5126953125 0.513671875 0.5224609375 0.51904296875 0.5224609375 0.52490234375 0.521484375 0.52978515625 0.51953125 0.53271484375 0.5205078125 0.533203125 0.5263671875 0.53662109375 0.5283203125 0.5400390625 0.52734375 0.541015625 0.5244140625 0.54248046875 0.5224609375 0.54345703125 0.5126953125 0.54345703125 0.50390625 0.5439453125 0.48828125 0.54541015625 0.478515625 0.54541015625 0.4716796875 0.5458984375 0.466796875 0.544921875 0.4619140625 0.5458984375 0.4580078125 0.544921875 0.4541015625 0.541015625 0.4453125 0.5380859375 0.4345703125 0.53759765625 0.4287109375 0.53515625 0.423828125 0.53271484375 0.41796875
5 0.4921875 0.4111328125 0.47119140625 0.4091796875 0.45751953125 0.4091796875 0.4345703125 0.4150390625 0.4248046875 0.41796875 0.41845703125 0.427734375 0.4130859375 0.44140625 0.40869140625 0.4619140625 0.40673828125 0.4599609375 0.40380859375 0.455078125 0.40087890625 0.458984375 0.400390625 0.46484375 0.40283203125 0.4697265625 0.40185546875 0.48046875 0.3994140625 0.48828125 0.39306640625 0.4970703125 0.390625 0.5087890625 0.38916015625 0.52734375 0.38916015625 0.5673828125 0.390625 0.5859375 0.392578125 0.5947265625 0.396484375 0.599609375 0.40185546875 0.6005859375 0.40576171875 0.599609375 0.40966796875 0.595703125 0.41064453125 0.591796875 0.41162109375 0.5869140625 0.42041015625 0.5830078125 0.49560546875 0.5751953125 0.498046875 0.5888671875 0.5 0.591796875 0.50390625 0.5947265625 0.50732421875 0.5947265625 0.50927734375 0.5869140625 0.509765625 0.58203125 0.509765625 0.57421875 0.513671875 0.5732421875 0.52001953125 0.5693359375 0.5205078125 0.5615234375 0.52099609375 0.5390625 0.51806640625 0.521484375 0.52001953125 0.5029296875 0.51904296875 0.490234375 0.51513671875 0.4775390625 0.513671875 0.466796875 0.5107421875 0.4580078125 0.51123046875 0.451171875 0.509765625 0.447265625 0.50732421875 0.4443359375 0.50341796875 0.4306640625 0.49853515625 0.416015625 0.4951171875 0.4111328125
5 0.99560546875 0.630859375 0.9853515625 0.677734375 0.97900390625 0.744140625 0.99169921875 0.8388671875 0.99658203125 0.8896484375 1.0 0.904296875 1.0 0.619140625
