0 0.06103515625 0.4482421875 0.2734375 0.4462890625 0.44580078125 0.4462890625 0.53173828125 0.4580078125 1.0 0.6513671875 1.0 1.0 0.00048828125 1.0 0.0 0.4677734375
2 0.29052734375 0.2177734375 0.29931640625 0.2197265625 0.3017578125 0.21484375 0.3037109375 0.208984375 0.31298828125 0.0 0.3154296875 0.0 0.33251953125 0.2099609375 0.3427734375 0.2099609375 0.3427734375 0.1982421875 0.3525390625 0.1982421875 0.3525390625 0.2099609375 0.38232421875 0.205078125 0.404296875 0.220703125 0.4130859375 0.2255859375 0.4208984375 0.2431640625 0.423828125 0.2431640625 0.42626953125 0.2490234375 0.4287109375 0.2490234375 0.43212890625 0.2470703125 0.43408203125 0.2470703125 0.43408203125 0.26171875 0.4404296875 0.2734375 0.4453125 0.439453125 0.39404296875 0.4482421875 0.2939453125 0.4501953125
1 0.50244140625 0.44921875 0.5732421875 0.4375 0.6845703125 0.4814453125 0.62060546875 0.5146484375 0.5625 0.494140625 0.521484375 0.478515625 0.50341796875 0.4658203125
1 0.21435546875 0.4560546875 0.19921875 0.458984375 0.14990234375 0.4521484375 0.14697265625 0.443359375 0.228515625 0.4443359375
2 0.0869140625 0.05078125 0.14111328125 0.0009765625 0.24462890625 0.00390625 0.2607421875 0.005859375 0.26513671875 0.01171875 0.26806640625 0.0205078125 0.2724609375 0.0283203125 0.2841796875 0.0361328125 0.28369140625 0.068359375 0.29345703125 0.083984375 0.30078125 0.1005859375 0.30078125 0.1044921875 0.29345703125 0.111328125 0.2958984375 0.23828125 0.29833984375 0.421875 0.29736328125 0.453125 0.26708984375 0.458984375 0.20703125 0.4541015625 0.14404296875 0.44921875 0.09423828125 0.447265625 0.05126953125 0.44921875 0.0400390625 0.314453125 0.05419921875 0.1650390625 0.0615234375 0.1015625
5 0.07861328125 0.423828125 0.09130859375 0.423828125 0.10107421875 0.4287109375 0.111328125 0.4375 0.111328125 0.4501953125 0.1005859375 0.4521484375 0.07763671875 0.4501953125 0.07275390625 0.4453125 0.07275390625 0.4345703125 0.076171875 0.42578125
4 0.0595703125 0.4638671875 0.03662109375 0.4658203125 0.00732421875 0.4736328125 0.0 0.474609375 0.0 0.2626953125 0.0126953125 0.2451171875 0.03564453125 0.2431640625 0.05029296875 0.26171875 0.064453125 0.28515625 0.0634765625 0.3515625 0.0634765625 0.392578125 0.06396484375 0.4287109375
4 0.00634765625 0.34375 0.00048828125 0.3447265625 0.0 0.337890625 0.0 0.0009765625 0.23583984375 0.001953125 0.236328125 0.0107421875 0.236328125 0.0224609375 0.23681640625 0.0361328125 0.2392578125 0.037109375 0.2431640625 0.0419921875 0.24169921875 0.05859375 0.2421875 0.06640625 0.2451171875 0.0751953125 0.24609375 0.0869140625 0.24658203125 0.103515625 0.24853515625 0.11328125 0.24609375 0.1328125 0.24951171875 0.134765625 0.25244140625 0.1337890625 0.2587890625 0.134765625 0.2568359375 0.1494140625 0.25341796875 0.158203125 0.25439453125 0.169921875 0.25146484375 0.1826171875 0.25537109375 0.1875 0.25830078125 0.2041015625 0.2587890625 0.216796875 0.255859375 0.2275390625 0.25 0.2353515625 0.24267578125 0.248046875 0.2373046875 0.251953125 0.23046875 0.2568359375 0.22119140625 0.26171875 0.2197265625 0.2734375 0.21337890625 0.2783203125 0.212890625 0.28515625 0.20751953125 0.291015625 0.197265625 0.287109375 0.19140625 0.2890625 0.18310546875 0.2978515625 0.166015625 0.3095703125 0.15869140625 0.3291015625 0.16064453125 0.46875 0.15625 0.4677734375 0.15576171875 0.40625 0.146484375 0.380859375 0.1396484375 0.3583984375 0.13427734375 0.3466796875 0.130859375 0.341796875 0.12646484375 0.345703125 0.12548828125 0.3896484375 0.125 0.4541015625 0.125 0.4677734375 0.115234375 0.4658203125 0.11376953125 0.451171875 0.115234375 0.390625 0.1171875 0.3681640625 0.1171875 0.3544921875 0.11279296875 0.359375 0.10595703125 0.3701171875 0.10107421875 0.3681640625 0.103515625 0.4755859375 0.09619140625 0.4794921875 0.09619140625 0.3583984375 0.07861328125 0.3671875 0.07080078125 0.3701171875 0.06396484375 0.369140625 0.06298828125 0.40625 0.06494140625 0.45703125 0.068359375 0.48046875 0.0556640625 0.4833984375 0.05029296875 0.4814453125 0.052734375 0.4521484375 0.05322265625 0.4091796875 0.05322265625 0.392578125 0.05126953125 0.3837890625 0.0458984375 0.384765625 0.04248046875 0.384765625 0.0380859375 0.376953125 0.03515625 0.3701171875 0.0322265625 0.3623046875 0.03173828125 0.34765625 0.02978515625 0.3369140625 0.0244140625 0.3310546875 0.0205078125 0.3369140625 0.02197265625 0.470703125 0.0224609375 0.4833984375 0.01220703125 0.484375 0.005859375 0.48046875 0.0078125 0.4189453125 0.00732421875 0.3701171875
1 0.1640625 0.5185546875 0.193359375 0.5078125 0.287109375 0.4853515625 0.3671875 0.455078125 0.3623046875 0.46875 0.27734375 0.533203125 0.17236328125 0.5986328125 0.130859375 0.62109375 0.0869140625 0.64453125 0.05712890625 0.66015625 0.03076171875 0.677734375 0.01416015625 0.685546875 0.0 0.6943359375 0.0009765625 0.578125 0.0859375 0.546875 0.14111328125 0.52734375
2 0.22802734375 0.296875 0.2568359375 0.322265625 0.25830078125 0.4853515625 0.23291015625 0.490234375 0.2333984375 0.5341796875 0.21875 0.533203125 0.2197265625 0.4873046875 0.21240234375 0.486328125 0.2080078125 0.34765625 0.197265625 0.3447265625 0.1962890625 0.330078125 0.16455078125 0.330078125 0.1650390625 0.2978515625
5 0.28857421875 0.4267578125 0.2978515625 0.427734375 0.30029296875 0.431640625 0.30224609375 0.4462890625 0.2802734375 0.4482421875 0.283203125 0.439453125 0.2861328125 0.4306640625
2 0.4384765625 0.42578125 0.43603515625 0.0654296875 0.4482421875 0.0 0.712890625 0.0 0.71484375 0.150390625 0.71435546875 0.4208984375 0.572265625 0.4453125 0.5380859375 0.447265625 0.4873046875 0.4453125
5 0.40771484375 0.4189453125 0.42333984375 0.421875 0.4169921875 0.44921875 0.41064453125 0.4521484375 0.39892578125 0.44921875 0.400390625 0.4375 0.4033203125 0.4296875 0.40478515625 0.423828125
5 0.38037109375 0.4140625 0.396484375 0.4169921875 0.40087890625 0.4267578125 0.4033203125 0.4404296875 0.40380859375 0.455078125 0.40380859375 0.4658203125 0.39697265625 0.466796875 0.392578125 0.458984375
3 0.3701171875 0.4306640625 0.36181640625 0.462890625 0.3154296875 0.490234375 0.265625 0.51953125 0.25390625 0.5205078125 0.25537109375 0.443359375 0.294921875 0.4423828125 0.33935546875 0.435546875 0.359375 0.4326171875 0.3681640625 0.4296875
5 0.3720703125 0.41015625 0.3828125 0.4111328125 0.388671875 0.4111328125 0.392578125 0.4169921875 0.3955078125 0.4287109375 0.3984375 0.4404296875 0.3984375 0.4677734375 0.3984375 0.4775390625 0.39501953125 0.48046875 0.392578125 0.478515625 0.3916015625 0.46875 0.3779296875 0.4697265625 0.36767578125 0.470703125 0.3662109375 0.4794921875 0.36328125 0.4794921875 0.36083984375 0.478515625 0.359375 0.4716796875 0.359375 0.458984375 0.36083984375 0.4345703125 0.36376953125 0.4208984375 0.3671875 0.412109375
5 0.4755859375 0.3935546875 0.47705078125 0.4033203125 0.47802734375 0.421875 0.45068359375 0.419921875 0.453125 0.404296875 0.4580078125 0.3935546875 0.4677734375 0.3935546875 0.4716796875 0.3935546875
5 0.4765625 0.431640625 0.48046875 0.423828125 0.49658203125 0.421875 0.50048828125 0.4189453125 0.50341796875 0.4228515625 0.5126953125 0.4423828125 0.51708984375 0.4404296875 0.51806640625 0.4453125 0.51513671875 0.4541015625 0.51513671875 0.46484375 0.51513671875 0.494140625 0.513671875 0.498046875 0.5107421875 0.4990234375 0.505859375 0.4990234375 0.5048828125 0.4951171875 0.50439453125 0.490234375 0.49658203125 0.4892578125 0.49072265625 0.490234375
5 0.43701171875 0.4140625 0.4384765625 0.4111328125 0.43994140625 0.4091796875 0.4423828125 0.4091796875 0.4443359375 0.4111328125 0.44970703125 0.4111328125 0.46484375 0.412109375 0.47412109375 0.4130859375 0.4765625 0.41015625 0.482421875 0.4130859375 0.48486328125 0.42578125 0.48974609375 0.4443359375 0.494140625 0.4443359375 0.4951171875 0.447265625 0.49560546875 0.455078125 0.49365234375 0.4580078125 0.49462890625 0.4794921875 0.494140625 0.5078125 0.49462890625 0.5205078125 0.49462890625 0.525390625 0.490234375 0.529296875 0.48388671875 0.529296875 0.48193359375 0.52734375 0.48046875 0.5166015625 0.4716796875 0.5146484375 0.4619140625 0.513671875 0.44921875 0.5126953125 0.44189453125 0.515625 0.4384765625 0.515625 0.43408203125 0.515625 0.43310546875 0.5205078125 0.43212890625 0.52734375 0.427734375 0.529296875 0.423828125 0.5263671875 0.42236328125 0.5185546875 0.42236328125 0.48046875 0.42236328125 0.470703125 0.42529296875 0.4541015625 0.42041015625 0.4521484375 0.4189453125 0.4453125 0.41943359375 0.4404296875 0.42578125 0.4404296875 0.42919921875 0.4423828125 0.43115234375 0.43359375 0.43359375 0.4248046875
4 0.4931640625 0.2158203125 0.4931640625 0.20703125 0.48974609375 0.2001953125 0.48876953125 0.19140625 0.48828125 0.1845703125 0.48828125 0.181640625 0.48974609375 0.1767578125 0.49560546875 0.17578125 0.50341796875 0.17578125 0.5068359375 0.17578125 0.51025390625 0.1708984375 0.51171875 0.162109375 0.51025390625 0.1572265625 0.50634765625 0.154296875 0.50341796875 0.1513671875 0.50390625 0.142578125 0.50146484375 0.1328125 0.49951171875 0.1220703125 0.501953125 0.1005859375 0.5029296875 0.0888671875 0.5078125 0.087890625 0.51318359375 0.087890625 0.51123046875 0.068359375 0.51416015625 0.0537109375 0.5166015625 0.0400390625 0.5126953125 0.0322265625 0.509765625 0.0205078125 0.5126953125 0.0068359375 0.52294921875 0.0 1.0 0.0 1.0 0.408203125 0.84033203125 0.451171875 0.6171875 0.416015625 0.56640625 0.384765625 0.56005859375 0.3798828125 0.5537109375 0.37890625 0.5458984375 0.37890625 0.537109375 0.3828125 0.53173828125 0.3837890625 0.52685546875 0.37890625 0.5224609375 0.373046875 0.51708984375 0.3642578125 0.509765625 0.3505859375 0.50439453125 0.345703125 0.50146484375 0.3388671875 0.49658203125 0.33203125 0.48974609375 0.330078125 0.486328125 0.3203125 0.48388671875 0.3095703125 0.4814453125 0.2998046875 0.482421875 0.2841796875 0.47998046875 0.2744140625 0.478515625 0.26953125 0.482421875 0.263671875 0.48291015625 0.263671875 0.48876953125 0.255859375 0.48193359375 0.2470703125 0.4794921875 0.23828125 0.4814453125 0.2333984375 0.48486328125 0.2236328125 0.48876953125 0.2216796875 0.49072265625 0.220703125
5 0.66552734375 0.3818359375 0.69287109375 0.3779296875 0.72265625 0.3779296875 0.73681640625 0.37890625 0.7548828125 0.396484375 0.71240234375 0.5595703125 0.7001953125 0.568359375 0.68701171875 0.5712890625 0.68359375 0.58203125 0.67578125 0.59375 0.66796875 0.5947265625 0.6611328125 0.5888671875 0.65869140625 0.5712890625 0.65771484375 0.560546875 0.650390625 0.556640625 0.63916015625 0.5576171875 0.6376953125 0.56640625 0.63525390625 0.572265625 0.62890625 0.572265625 0.62158203125 0.568359375 0.619140625 0.541015625 0.61767578125 0.5029296875 0.6201171875 0.4736328125 0.62548828125 0.4560546875 0.6220703125 0.4501953125 0.62109375 0.44140625 0.62255859375 0.4326171875 0.62548828125 0.427734375 0.6318359375 0.427734375 0.6337890625 0.4296875 0.63720703125 0.416015625 0.6474609375 0.3955078125 0.65234375 0.3876953125 0.65869140625 0.3818359375
5 0.7607421875 0.365234375 0.7841796875 0.3583984375 0.822265625 0.3564453125 0.85791015625 0.3583984375 0.8837890625 0.361328125 0.89501953125 0.3720703125 0.81201171875 0.6142578125 0.79150390625 0.634765625 0.78271484375 0.6552734375 0.7734375 0.6689453125 0.7626953125 0.666015625 0.7548828125 0.6533203125 0.75341796875 0.615234375 0.73681640625 0.60546875 0.724609375 0.60546875 0.72021484375 0.62109375 0.71337890625 0.623046875 0.70947265625 0.623046875 0.7060546875 0.6181640625 0.69970703125 0.5966796875 0.69970703125 0.5341796875 0.70556640625 0.5029296875 0.712890625 0.4736328125 0.70703125 0.4658203125 0.705078125 0.4609375 0.7060546875 0.451171875 0.71533203125 0.4453125 0.72021484375 0.4453125 0.73095703125 0.416015625 0.7353515625 0.40625 0.7392578125 0.3974609375 0.7431640625 0.38671875 0.748046875 0.3798828125 0.751953125 0.3740234375 0.75439453125 0.3720703125 0.75732421875 0.3681640625
5 0.892578125 0.3515625 0.91259765625 0.3310546875 0.94580078125 0.3154296875 0.95849609375 0.3115234375 0.970703125 0.306640625 0.98388671875 0.3046875 0.99365234375 0.3046875 1.0 0.3076171875 1.0 0.310546875 1.0 0.8564453125 0.99658203125 0.8720703125 0.97998046875 0.87109375 0.966796875 0.86328125 0.95654296875 0.83984375 0.94580078125 0.8037109375 0.9423828125 0.771484375 0.92578125 0.7587890625 0.90576171875 0.74609375 0.88916015625 0.7333984375 0.876953125 0.724609375 0.861328125 0.71484375 0.84814453125 0.7080078125 0.84521484375 0.72265625 0.84130859375 0.734375 0.833984375 0.7421875 0.8173828125 0.736328125 0.8076171875 0.724609375 0.80078125 0.68359375 0.796875 0.6220703125 0.79931640625 0.587890625 0.80615234375 0.55078125 0.818359375 0.515625 0.828125 0.4892578125 0.82373046875 0.482421875 0.82373046875 0.4697265625 0.82763671875 0.4609375 0.83740234375 0.4580078125 0.841796875 0.4580078125 0.85595703125 0.421875 0.86279296875 0.41015625 0.8701171875 0.396484375 0.87548828125 0.3828125 0.880859375 0.37109375 0.88525390625 0.3671875 0.8876953125 0.36328125 0.8896484375 0.3583984375
