0 0.0 0.42578125 0.4765625 0.451171875 0.68359375 0.443359375 0.87158203125 0.439453125 0.95361328125 0.4365234375 1.0 0.4296875 1.0 1.0 0.00048828125 1.0
4 0.59765625 0.25 0.607421875 0.2470703125 0.61328125 0.2431640625 0.6171875 0.240234375 0.62109375 0.2392578125 0.6259765625 0.240234375 0.6318359375 0.23828125 0.63330078125 0.2431640625 0.6357421875 0.25390625 0.638671875 0.259765625 0.63916015625 0.2666015625 0.6396484375 0.2744140625 0.64453125 0.28125 0.6484375 0.283203125 0.65380859375 0.27734375 0.6572265625 0.279296875 0.662109375 0.283203125 0.66650390625 0.28125 0.66845703125 0.28125 0.6728515625 0.2880859375 0.67919921875 0.3037109375 0.6826171875 0.3125 0.6845703125 0.2978515625 0.68603515625 0.291015625 0.69189453125 0.287109375 0.7001953125 0.2861328125 0.70361328125 0.2880859375 0.70654296875 0.28125 0.712890625 0.2783203125 0.720703125 0.279296875 0.7255859375 0.27734375 0.7333984375 0.2744140625 0.74072265625 0.2724609375 0.74462890625 0.2646484375 0.77490234375 0.255859375 0.78466796875 0.263671875 0.81396484375 0.2822265625 0.84814453125 0.26953125 0.83447265625 0.4072265625 0.76708984375 0.4228515625 0.59423828125 0.3984375
2 0.7861328125 0.3779296875 0.8330078125 0.380859375 0.83349609375 0.236328125 0.857421875 0.2333984375 0.88037109375 0.2021484375 1.0 0.20703125 1.0 0.455078125 0.9423828125 0.4521484375 0.8955078125 0.44921875 0.7861328125 0.4404296875
2 0.3203125 0.169921875 0.32763671875 0.2783203125 0.32666015625 0.3662109375 0.0009765625 0.359375 0.0 0.13671875 0.109375 0.1279296875 0.3193359375 0.1552734375
2 0.337890625 0.2333984375 0.34326171875 0.2314453125 0.3759765625 0.208984375 0.3759765625 0.203125 0.40087890625 0.201171875 0.48291015625 0.2060546875 0.50439453125 0.2099609375 0.50439453125 0.1953125 0.5068359375 0.1953125 0.50634765625 0.208984375 0.5107421875 0.2099609375 0.51123046875 0.19921875 0.51220703125 0.197265625 0.5126953125 0.2099609375 0.517578125 0.2109375 0.57080078125 0.212890625 0.57080078125 0.2197265625 0.609375 0.2529296875 0.60009765625 0.259765625 0.6005859375 0.2734375 0.6044921875 0.2763671875 0.6005859375 0.28125 0.60009765625 0.3740234375 0.6005859375 0.390625 0.34375 0.3740234375 0.34326171875 0.265625 0.3427734375 0.2607421875 0.3447265625 0.2607421875 0.3447265625 0.244140625
4 0.126953125 0.349609375 0.12353515625 0.328125 0.12255859375 0.30859375 0.1318359375 0.291015625 0.14453125 0.2890625 0.150390625 0.2900390625 0.1572265625 0.294921875 0.166015625 0.2939453125 0.18212890625 0.2890625 0.19970703125 0.28125 0.2080078125 0.283203125 0.2138671875 0.2880859375 0.21875 0.2958984375 0.2294921875 0.3037109375 0.23583984375 0.30078125 0.2392578125 0.287109375 0.24267578125 0.2685546875 0.25146484375 0.2548828125 0.26416015625 0.2431640625 0.2734375 0.2412109375 0.28076171875 0.232421875 0.28759765625 0.2236328125 0.2939453125 0.22265625 0.30029296875 0.2294921875 0.30615234375 0.23828125 0.31103515625 0.2451171875 0.314453125 0.2607421875 0.3193359375 0.298828125 0.298828125 0.373046875 0.19580078125 0.359375 0.1318359375 0.357421875
4 0.35595703125 0.3408203125 0.3642578125 0.3330078125 0.37158203125 0.3310546875 0.3740234375 0.322265625 0.3779296875 0.3125 0.3837890625 0.3076171875 0.390625 0.3134765625 0.39794921875 0.326171875 0.40283203125 0.345703125 0.404296875 0.3681640625 0.35498046875 0.37109375
4 0.41650390625 0.3662109375 0.4130859375 0.3583984375 0.412109375 0.3505859375 0.41259765625 0.341796875 0.4130859375 0.328125 0.4150390625 0.3193359375 0.41796875 0.3125 0.419921875 0.30859375 0.42529296875 0.3037109375 0.42919921875 0.3037109375 0.43505859375 0.314453125 0.43896484375 0.3173828125 0.443359375 0.3203125 0.44873046875 0.32421875 0.451171875 0.3310546875 0.455078125 0.3349609375 0.45849609375 0.3349609375 0.4638671875 0.333984375 0.46875 0.3330078125 0.474609375 0.3310546875 0.48095703125 0.3310546875 0.486328125 0.337890625 0.49072265625 0.3505859375 0.48828125 0.3623046875 0.48291015625 0.3720703125
4 0.5 0.3671875 0.494140625 0.357421875 0.494140625 0.349609375 0.494140625 0.3408203125 0.5 0.3291015625 0.49853515625 0.3251953125 0.498046875 0.3173828125 0.5009765625 0.3076171875 0.50439453125 0.2978515625 0.50634765625 0.2890625 0.50830078125 0.2822265625 0.51513671875 0.283203125 0.51904296875 0.3056640625 0.52294921875 0.3173828125 0.525390625 0.326171875 0.5283203125 0.3310546875 0.53125 0.3427734375 0.537109375 0.3515625 0.54248046875 0.3505859375 0.544921875 0.3427734375 0.54931640625 0.3359375 0.55419921875 0.3349609375 0.55859375 0.328125 0.56298828125 0.31640625 0.564453125 0.3154296875 0.56884765625 0.322265625 0.57275390625 0.3271484375 0.57958984375 0.34375 0.58251953125 0.353515625 0.5849609375 0.361328125 0.5859375 0.3759765625
4 0.59130859375 0.3759765625 0.59130859375 0.3662109375 0.5888671875 0.359375 0.59033203125 0.34765625 0.59130859375 0.33984375 0.59521484375 0.3310546875 0.5986328125 0.3251953125 0.60400390625 0.3173828125 0.60791015625 0.30859375 0.6123046875 0.30859375 0.6162109375 0.3134765625 0.62060546875 0.3232421875 0.62353515625 0.3310546875 0.62646484375 0.3349609375 0.630859375 0.341796875 0.6357421875 0.3486328125 0.63671875 0.3603515625 0.63623046875 0.390625
2 0.2802734375 0.2724609375 0.2861328125 0.2705078125 0.2861328125 0.263671875 0.35400390625 0.267578125 0.35400390625 0.2734375 0.3603515625 0.2744140625 0.359375 0.3720703125 0.27880859375 0.3623046875
2 0.0 0.3427734375 0.11376953125 0.3447265625 0.24462890625 0.3505859375 0.24560546875 0.3173828125 0.29833984375 0.3212890625 0.298828125 0.357421875 0.3681640625 0.3642578125 0.36865234375 0.359375 0.52880859375 0.365234375 0.60205078125 0.3701171875 0.60498046875 0.373046875 0.60693359375 0.421875 0.0 0.3896484375
5 0.82763671875 0.42578125 0.83447265625 0.42578125 0.8427734375 0.4296875 0.845703125 0.4384765625 0.845703125 0.44921875 0.8447265625 0.4619140625 0.833984375 0.4619140625 0.830078125 0.4560546875 0.82763671875 0.439453125
5 0.81005859375 0.42578125 0.81787109375 0.423828125 0.82470703125 0.423828125 0.82861328125 0.4267578125 0.83203125 0.4365234375 0.8330078125 0.455078125 0.8310546875 0.4619140625 0.8212890625 0.4609375 0.81103515625 0.4619140625
5 0.76220703125 0.4267578125 0.76513671875 0.423828125 0.76806640625 0.4189453125 0.78564453125 0.41796875 0.7880859375 0.421875 0.7900390625 0.4287109375 0.78076171875 0.4482421875 0.7705078125 0.439453125
5 0.740234375 0.427734375 0.74658203125 0.423828125 0.76025390625 0.4248046875 0.7646484375 0.4306640625 0.75146484375 0.453125 0.7421875 0.45703125 0.73828125 0.4541015625 0.73779296875 0.439453125
5 0.7734375 0.447265625 0.7802734375 0.435546875 0.78515625 0.4287109375 0.79150390625 0.42578125 0.7998046875 0.42578125 0.80517578125 0.427734375 0.8076171875 0.435546875 0.80859375 0.4521484375 0.8076171875 0.4599609375 0.796875 0.4619140625 0.7919921875 0.4619140625 0.78564453125 0.4599609375 0.779296875 0.4580078125 0.77490234375 0.453125
5 0.70654296875 0.42578125 0.70751953125 0.4169921875 0.7109375 0.412109375 0.72607421875 0.41015625 0.7412109375 0.412109375 0.744140625 0.4208984375 0.74462890625 0.44140625 0.7451171875 0.453125 0.7421875 0.4609375 0.7333984375 0.4609375 0.716796875 0.447265625 0.70751953125 0.4404296875
5 0.7470703125 0.4384765625 0.7509765625 0.4306640625 0.755859375 0.42578125 0.76708984375 0.4248046875 0.7734375 0.42578125 0.77734375 0.4326171875 0.7802734375 0.4482421875 0.7802734375 0.45703125 0.7802734375 0.4609375 0.77685546875 0.4638671875 0.77392578125 0.4619140625 0.7685546875 0.4619140625 0.7666015625 0.462890625 0.75732421875 0.4638671875 0.75341796875 0.4619140625 0.74755859375 0.4619140625 0.7451171875 0.462890625 0.74169921875 0.458984375 0.74072265625 0.4501953125 0.74365234375 0.439453125
5 0.69287109375 0.4208984375 0.70166015625 0.421875 0.70556640625 0.42578125 0.701171875 0.4423828125 0.69091796875 0.443359375 0.68603515625 0.4345703125 0.68408203125 0.42578125 0.6865234375 0.421875 0.69091796875 0.4228515625
5 0.6328125 0.43359375 0.64013671875 0.4228515625 0.64453125 0.4189453125 0.65625 0.41796875 0.66650390625 0.41796875 0.66162109375 0.4482421875 0.642578125 0.4599609375 0.63134765625 0.4580078125 0.63134765625 0.44921875
5 0.69091796875 0.447265625 0.69482421875 0.4375 0.701171875 0.431640625 0.7060546875 0.4248046875 0.71630859375 0.4208984375 0.72802734375 0.421875 0.73193359375 0.4296875 0.7294921875 0.462890625 0.71826171875 0.462890625 0.71484375 0.462890625 0.712890625 0.4638671875 0.7060546875 0.4638671875 0.70361328125 0.4619140625 0.69873046875 0.4619140625 0.69677734375 0.4638671875 0.69091796875 0.4580078125
5 0.64208984375 0.439453125 0.64501953125 0.435546875 0.65087890625 0.42578125 0.65576171875 0.4208984375 0.66259765625 0.4169921875 0.6748046875 0.4150390625 0.68115234375 0.4150390625 0.68896484375 0.4248046875 0.6943359375 0.4326171875 0.69580078125 0.4521484375 0.6943359375 0.4580078125 0.6923828125 0.462890625 0.68798828125 0.462890625 0.68505859375 0.4599609375 0.677734375 0.458984375 0.67333984375 0.46484375 0.669921875 0.46484375 0.66162109375 0.462890625 0.65966796875 0.4609375 0.6552734375 0.4619140625 0.65185546875 0.462890625 0.6455078125 0.4638671875 0.64111328125 0.4599609375 0.6396484375 0.447265625
5 0.59521484375 0.431640625 0.60205078125 0.4169921875 0.61474609375 0.4169921875 0.62451171875 0.4169921875 0.63134765625 0.423828125 0.6357421875 0.4296875 0.63720703125 0.447265625 0.6357421875 0.4638671875 0.6318359375 0.46484375 0.6279296875 0.4609375 0.6171875 0.4619140625 0.615234375 0.46484375 0.6103515625 0.46484375 0.603515625 0.4619140625 0.59619140625 0.4599609375 0.5947265625 0.447265625 0.5947265625 0.44140625
4 0.80126953125 0.359375 0.79296875 0.3564453125 0.78759765625 0.3515625 0.77685546875 0.34765625 0.76806640625 0.34765625 0.76025390625 0.3486328125 0.75634765625 0.3447265625 0.75146484375 0.33203125 0.7470703125 0.302734375 0.7451171875 0.2763671875 0.73876953125 0.2548828125 0.73681640625 0.248046875 0.73681640625 0.2373046875 0.73974609375 0.228515625 0.74609375 0.21875 0.74609375 0.21484375 0.74755859375 0.212890625 0.75146484375 0.2138671875 0.7548828125 0.21484375 0.75830078125 0.2138671875 0.76220703125 0.2060546875 0.77392578125 0.1953125 1.0 0.19921875 1.0 0.3828125 0.9912109375 0.3818359375 0.97412109375 0.388671875 0.96044921875 0.3955078125 0.951171875 0.4052734375 0.9404296875 0.4052734375 0.93017578125 0.3994140625 0.92138671875 0.3916015625 0.912109375 0.384765625 0.90283203125 0.38671875 0.8876953125 0.3916015625 0.8662109375 0.3740234375 0.857421875 0.35546875 0.853515625 0.3505859375 0.84716796875 0.3544921875 0.84228515625 0.365234375 0.84130859375 0.37890625 0.84033203125 0.3916015625 0.83203125 0.4052734375 0.82763671875 0.41015625 0.82177734375 0.4111328125 0.8134765625 0.408203125 0.814453125 0.4619140625 0.8076171875 0.4677734375 0.8076171875 0.4013671875
3 0.55908203125 0.3916015625 0.5595703125 0.451171875 0.529296875 0.458984375 0.49853515625 0.4609375 0.45751953125 0.462890625 0.40625 0.4609375 0.40625 0.466796875 0.388671875 0.4658203125 0.388671875 0.4609375 0.345703125 0.4599609375 0.345703125 0.466796875 0.33447265625 0.4658203125 0.333984375 0.4599609375 0.27294921875 0.4541015625 0.271484375 0.45703125 0.2666015625 0.4541015625 0.26611328125 0.44921875 0.11572265625 0.4462890625 0.11572265625 0.453125 0.109375 0.453125 0.109375 0.4443359375 0.03857421875 0.44140625 0.03857421875 0.44921875 0.02685546875 0.4501953125 0.025390625 0.4404296875 0.0 0.435546875 0.00048828125 0.3642578125 0.03173828125 0.365234375 0.11572265625 0.3681640625 0.1640625 0.376953125 0.2470703125 0.37890625 0.26953125 0.37890625 0.3427734375 0.37890625 0.390625 0.384765625 0.498046875 0.39453125 0.5302734375 0.39453125
1 0.10693359375 0.5283203125 0.15185546875 0.52734375 0.2138671875 0.5322265625 0.2431640625 0.5322265625 0.2646484375 0.533203125 0.27099609375 0.537109375 0.27197265625 0.5458984375 0.14501953125 0.6162109375 0.1201171875 0.6337890625 0.0439453125 0.5546875 0.07373046875 0.54296875 0.09912109375 0.5322265625
1 0.83154296875 0.4970703125 0.876953125 0.4970703125 0.88720703125 0.490234375 0.9072265625 0.484375 0.9443359375 0.4912109375 0.970703125 0.4990234375 0.99853515625 0.5087890625 1.0 0.53515625 0.9267578125 0.5263671875 0.84765625 0.51953125 0.82763671875 0.51171875 0.8232421875 0.5068359375 0.82421875 0.501953125
5 0.0185546875 0.4970703125 0.03076171875 0.5 0.04736328125 0.5068359375 0.052734375 0.5146484375 0.05615234375 0.5244140625 0.0576171875 0.5439453125 0.0908203125 0.560546875 0.1162109375 0.5869140625 0.12353515625 0.6015625 0.12841796875 0.6279296875 0.13525390625 0.650390625 0.13916015625 0.669921875 0.140625 0.744140625 0.14013671875 0.7822265625 0.138671875 0.7958984375 0.1357421875 0.8046875 0.1318359375 0.849609375 0.12353515625 0.89453125 0.111328125 0.912109375 0.07763671875 0.919921875 0.06298828125 0.9111328125 0.0576171875 0.8974609375 0.05517578125 0.8818359375 0.05419921875 0.8779296875 0.01416015625 0.9130859375 0.0 0.9287109375 0.00048828125 0.48046875 0.00830078125 0.4931640625 0.01416015625 0.5009765625
