0 0.14501953125 0.451171875 0.7744140625 0.4169921875 1.0 0.599609375 1.0 1.0 0.00048828125 1.0 0.0 0.5048828125
4 0.68603515625 0.2783203125 0.68505859375 0.26953125 0.68408203125 0.2646484375 0.685546875 0.2568359375 0.689453125 0.248046875 0.69287109375 0.2421875 0.69921875 0.240234375 0.70166015625 0.2470703125 0.70361328125 0.255859375 0.70556640625 0.265625 0.7080078125 0.2685546875 0.71044921875 0.2783203125 0.7119140625 0.28125 0.71533203125 0.28125 0.7197265625 0.27734375 0.72216796875 0.28125 0.72314453125 0.291015625 0.72509765625 0.2919921875 0.72802734375 0.2978515625 0.73095703125 0.3037109375 0.7353515625 0.3037109375 0.73828125 0.3056640625 0.74169921875 0.3056640625 0.7451171875 0.2998046875 0.7490234375 0.2919921875 0.75732421875 0.28515625 0.76318359375 0.2861328125 0.76171875 0.3662109375 0.7158203125 0.3671875 0.68408203125 0.3251953125 0.67919921875 0.3037109375 0.6787109375 0.30078125 0.67919921875 0.294921875 0.68017578125 0.291015625 0.6796875 0.2890625 0.67919921875 0.28515625 0.68017578125 0.2802734375 0.68115234375 0.275390625 0.681640625 0.2734375 0.68408203125 0.2744140625 0.6845703125 0.27734375
2 0.5234375 0.3193359375 0.544921875 0.318359375 0.544921875 0.3154296875 0.54638671875 0.314453125 0.54638671875 0.318359375 0.55712890625 0.3212890625 0.5576171875 0.31640625 0.5673828125 0.31640625 0.5693359375 0.3203125 0.5791015625 0.322265625 0.5791015625 0.3173828125 0.5830078125 0.3173828125 0.58447265625 0.322265625 0.59228515625 0.3212890625 0.59326171875 0.3095703125 0.59912109375 0.3076171875 0.6005859375 0.30859375 0.6064453125 0.298828125 0.611328125 0.29296875 0.62060546875 0.294921875 0.62158203125 0.3095703125 0.6259765625 0.3056640625 0.626953125 0.302734375 0.6318359375 0.302734375 0.63330078125 0.3076171875 0.64208984375 0.3017578125 0.64599609375 0.2978515625 0.6533203125 0.2978515625 0.6533203125 0.2998046875 0.6630859375 0.30078125 0.6640625 0.296875 0.669921875 0.296875 0.67138671875 0.302734375 0.67431640625 0.302734375 0.6806640625 0.310546875 0.685546875 0.30859375 0.716796875 0.3134765625 0.73095703125 0.3427734375 0.7451171875 0.326171875 0.7509765625 0.326171875 0.77197265625 0.32421875 0.7685546875 0.43359375 0.75146484375 0.4326171875 0.716796875 0.431640625 0.68701171875 0.4326171875 0.6630859375 0.4287109375 0.56982421875 0.4326171875 0.4892578125 0.4189453125 0.494140625 0.333984375 0.51025390625 0.328125
1 0.52001953125 0.4462890625 0.44921875 0.453125 0.39306640625 0.455078125 0.22412109375 0.466796875 0.1611328125 0.470703125 0.15966796875 0.4453125 0.53173828125 0.4189453125
1 0.69873046875 0.45703125 0.72802734375 0.4541015625 0.75732421875 0.451171875 0.779296875 0.4443359375 0.86328125 0.4521484375 0.8603515625 0.5244140625 0.8125 0.51953125 0.7421875 0.509765625 0.703125 0.4970703125 0.669921875 0.484375 0.66552734375 0.48046875 0.66552734375 0.4716796875 0.66845703125 0.4658203125 0.69091796875 0.4580078125
1 0.15234375 0.4931640625 0.169921875 0.49609375 0.21044921875 0.5009765625 0.23974609375 0.5009765625 0.28759765625 0.505859375 0.3095703125 0.5078125 0.32080078125 0.513671875 0.330078125 0.51953125 0.33154296875 0.525390625 0.3134765625 0.54296875 0.2666015625 0.57421875 0.21044921875 0.6142578125 0.1474609375 0.650390625 0.09423828125 0.6806640625 0.05517578125 0.7041015625 0.02001953125 0.72265625 0.00048828125 0.7353515625 0.00146484375 0.5234375 0.12109375 0.4970703125 0.140625 0.4931640625
2 0.765625 0.0322265625 0.7666015625 0.0 1.0 0.0 1.0 0.4755859375 0.828125 0.4873046875 0.76708984375 0.466796875 0.7646484375 0.328125 0.7529296875 0.287109375 0.75341796875 0.265625 0.751953125 0.263671875 0.75341796875 0.2607421875 0.75341796875 0.181640625 0.7470703125 0.1669921875 0.7509765625 0.162109375 0.75341796875 0.16015625 0.7646484375 0.1572265625 0.7646484375 0.064453125 0.759765625 0.0595703125 0.76025390625 0.0380859375
5 0.68212890625 0.412109375 0.68994140625 0.412109375 0.69580078125 0.412109375 0.69384765625 0.4306640625 0.68505859375 0.43359375 0.68017578125 0.4267578125
5 0.71337890625 0.41015625 0.71923828125 0.4140625 0.720703125 0.42578125 0.720703125 0.4375 0.7177734375 0.439453125 0.7119140625 0.4365234375 0.71240234375 0.4296875 0.7119140625 0.4169921875
4 0.6982421875 0.40625 0.6953125 0.396484375 0.69482421875 0.38671875 0.69482421875 0.3720703125 0.69482421875 0.3662109375 0.69775390625 0.3623046875 0.70166015625 0.361328125 0.7041015625 0.3740234375 0.7041015625 0.3896484375 0.7041015625 0.40625 0.70361328125 0.4140625
5 0.6943359375 0.4033203125 0.6982421875 0.3994140625 0.7109375 0.3994140625 0.71435546875 0.4072265625 0.71533203125 0.44140625 0.712890625 0.4423828125 0.70751953125 0.4365234375 0.69873046875 0.4375 0.6982421875 0.4375 0.69677734375 0.443359375 0.69140625 0.4423828125 0.69140625 0.4306640625 0.69140625 0.42578125 0.69140625 0.419921875 0.6923828125 0.412109375 0.693359375 0.408203125
4 0.5810546875 0.38671875 0.58203125 0.373046875 0.58349609375 0.3642578125 0.5849609375 0.3583984375 0.587890625 0.3564453125 0.59130859375 0.353515625 0.595703125 0.3603515625 0.59814453125 0.3759765625 0.60205078125 0.3828125 0.60595703125 0.376953125 0.60791015625 0.369140625 0.60888671875 0.3603515625 0.6123046875 0.357421875 0.6142578125 0.3603515625 0.6181640625 0.376953125 0.61962890625 0.390625 0.619140625 0.4091796875 0.59619140625 0.412109375 0.58447265625 0.404296875
4 0.169921875 0.001953125 0.50634765625 0.0 0.5087890625 0.005859375 0.51025390625 0.013671875 0.51025390625 0.0263671875 0.509765625 0.037109375 0.5078125 0.046875 0.50537109375 0.048828125 0.49853515625 0.048828125 0.4931640625 0.05078125 0.49560546875 0.0537109375 0.4990234375 0.0556640625 0.501953125 0.0595703125 0.50341796875 0.0654296875 0.5029296875 0.07421875 0.49755859375 0.0859375 0.49755859375 0.0888671875 0.50146484375 0.1015625 0.50146484375 0.111328125 0.50390625 0.1142578125 0.51025390625 0.1162109375 0.515625 0.115234375 0.51708984375 0.111328125 0.5205078125 0.1064453125 0.5224609375 0.1044921875 0.52490234375 0.1103515625 0.525390625 0.12109375 0.52783203125 0.115234375 0.5302734375 0.1083984375 0.53369140625 0.1044921875 0.53759765625 0.1064453125 0.5419921875 0.111328125 0.54443359375 0.1162109375 0.548828125 0.109375 0.552734375 0.1103515625 0.556640625 0.12109375 0.55908203125 0.1298828125 0.56298828125 0.134765625 0.56591796875 0.1396484375 0.57177734375 0.150390625 0.5771484375 0.1552734375 0.58154296875 0.1640625 0.583984375 0.1689453125 0.5849609375 0.1748046875 0.5869140625 0.18359375 0.59033203125 0.19140625 0.591796875 0.201171875 0.59228515625 0.2158203125 0.59619140625 0.224609375 0.5986328125 0.234375 0.59814453125 0.2470703125 0.59521484375 0.2607421875 0.595703125 0.26953125 0.59765625 0.279296875 0.59912109375 0.2861328125 0.59814453125 0.2880859375 0.5927734375 0.287109375 0.587890625 0.287109375 0.5830078125 0.2919921875 0.5830078125 0.2998046875 0.58203125 0.30078125 0.576171875 0.3017578125 0.5732421875 0.3017578125 0.57177734375 0.3046875 0.57080078125 0.3125 0.5654296875 0.3203125 0.55615234375 0.318359375 0.5478515625 0.3173828125 0.54296875 0.318359375 0.54052734375 0.3310546875 0.5400390625 0.3447265625 0.537109375 0.36328125 0.529296875 0.3876953125 0.5205078125 0.423828125 0.51904296875 0.4365234375 0.4912109375 0.439453125 0.46484375 0.255859375 0.3681640625 0.16796875 0.22802734375 0.0869140625 0.18603515625 0.0166015625 0.18212890625 0.013671875 0.17822265625 0.0126953125 0.1748046875 0.01171875 0.17236328125 0.0078125
2 0.1328125 0.0009765625 0.2021484375 0.0009765625 0.21484375 0.0166015625 0.22216796875 0.017578125 0.25048828125 0.0537109375 0.26123046875 0.0341796875 0.31494140625 0.0556640625 0.31494140625 0.041015625 0.32568359375 0.041015625 0.32666015625 0.0634765625 0.33349609375 0.0654296875 0.33349609375 0.0556640625 0.353515625 0.0537109375 0.35400390625 0.0751953125 0.37060546875 0.1064453125 0.37158203125 0.087890625 0.37890625 0.087890625 0.37890625 0.119140625 0.3857421875 0.1357421875 0.408203125 0.1591796875 0.40869140625 0.1689453125 0.45556640625 0.1669921875 0.4560546875 0.154296875 0.45849609375 0.146484375 0.46484375 0.1435546875 0.46826171875 0.14453125 0.47119140625 0.15234375 0.4716796875 0.16015625 0.47314453125 0.16796875 0.4716796875 0.1708984375 0.4716796875 0.1806640625 0.49365234375 0.2568359375 0.49853515625 0.259765625 0.5 0.26171875 0.49853515625 0.32421875 0.498046875 0.33203125 0.49658203125 0.3349609375 0.49658203125 0.4384765625 0.263671875 0.447265625 0.2529296875 0.44921875 0.16455078125 0.4521484375
2 0.0 0.0009765625 0.150390625 0.0009765625 0.203125 0.0625 0.20068359375 0.0703125 0.19677734375 0.0703125 0.197265625 0.181640625 0.17822265625 0.17578125 0.16064453125 0.22265625 0.16015625 0.5068359375 0.12255859375 0.5166015625 0.05517578125 0.5361328125 0.0263671875 0.5419921875 0.01025390625 0.546875 0.00439453125 0.5478515625 0.0 0.546875
1 0.20947265625 0.474609375 0.2802734375 0.4716796875 0.3388671875 0.46875 0.39794921875 0.4658203125 0.4189453125 0.466796875 0.38623046875 0.4755859375 0.2548828125 0.48046875 0.21484375 0.4794921875 0.21240234375 0.478515625
3 0.3056640625 0.392578125 0.34814453125 0.392578125 0.34814453125 0.4404296875 0.30615234375 0.44140625
3 0.2587890625 0.4140625 0.521484375 0.4150390625 0.52001953125 0.4453125 0.4658203125 0.44921875 0.36962890625 0.4541015625 0.291015625 0.458984375 0.26416015625 0.45703125 0.2646484375 0.4501953125 0.2578125 0.447265625 0.2587890625 0.4423828125 0.265625 0.4443359375 0.265625 0.435546875 0.25732421875 0.435546875 0.2578125 0.4306640625 0.26611328125 0.4326171875 0.265625 0.4189453125 0.25634765625 0.41796875
5 0.6279296875 0.3798828125 0.630859375 0.3720703125 0.63427734375 0.3681640625 0.65478515625 0.3671875 0.6630859375 0.3671875 0.66748046875 0.37109375 0.669921875 0.3837890625 0.67138671875 0.4248046875 0.67138671875 0.4365234375 0.67041015625 0.4375 0.66943359375 0.4462890625 0.66796875 0.44921875 0.6650390625 0.447265625 0.6640625 0.443359375 0.6640625 0.44140625 0.6572265625 0.44140625 0.65625 0.4482421875 0.65576171875 0.4501953125 0.6533203125 0.44921875 0.65185546875 0.447265625 0.6513671875 0.4443359375 0.64306640625 0.4423828125 0.64306640625 0.44921875 0.634765625 0.4462890625 0.6298828125 0.4326171875 0.6259765625 0.4169921875 0.62548828125 0.40234375 0.6259765625 0.392578125 0.62744140625 0.384765625
5 0.60107421875 0.4013671875 0.61328125 0.400390625 0.626953125 0.4013671875 0.6318359375 0.40625 0.63720703125 0.4248046875 0.6376953125 0.4345703125 0.6376953125 0.4443359375 0.63671875 0.451171875 0.634765625 0.4521484375 0.6328125 0.451171875 0.6318359375 0.447265625 0.62841796875 0.4462890625 0.62841796875 0.451171875 0.62646484375 0.453125 0.6240234375 0.453125 0.62255859375 0.4482421875 0.6171875 0.4482421875 0.60595703125 0.44140625
5 0.578125 0.390625 0.5859375 0.38671875 0.60302734375 0.3857421875 0.60986328125 0.38671875 0.6123046875 0.3935546875 0.615234375 0.41796875 0.61474609375 0.4443359375 0.6142578125 0.451171875 0.6123046875 0.4541015625 0.609375 0.453125 0.60693359375 0.44921875 0.60595703125 0.44921875 0.60205078125 0.44921875 0.60107421875 0.45703125 0.599609375 0.45703125 0.59521484375 0.45703125 0.59423828125 0.4541015625 0.59375 0.4521484375 0.58154296875 0.451171875 0.578125 0.42578125 0.57861328125 0.4052734375
5 0.52392578125 0.3798828125 0.52734375 0.365234375 0.5322265625 0.3583984375 0.55712890625 0.3583984375 0.578125 0.359375 0.58349609375 0.359375 0.5859375 0.3671875 0.58642578125 0.392578125 0.5859375 0.416015625 0.5849609375 0.439453125 0.5849609375 0.451171875 0.583984375 0.4580078125 0.5791015625 0.4609375 0.576171875 0.45703125 0.5751953125 0.451171875 0.57275390625 0.451171875 0.57080078125 0.45703125 0.5654296875 0.45703125 0.564453125 0.462890625 0.56396484375 0.4658203125 0.55859375 0.4658203125 0.5576171875 0.4599609375 0.5576171875 0.455078125 0.55029296875 0.455078125 0.54736328125 0.4541015625 0.54638671875 0.4580078125 0.544921875 0.4599609375 0.54052734375 0.458984375 0.5390625 0.4560546875 0.53857421875 0.4541015625 0.5322265625 0.4541015625 0.5263671875 0.453125 0.525390625 0.462890625 0.5234375 0.4658203125 0.5185546875 0.458984375 0.517578125 0.4423828125 0.5185546875 0.419921875 0.51904296875 0.40625 0.51708984375 0.3984375 0.51904296875 0.384765625 0.5234375 0.384765625
5 0.859375 0.4140625 0.87451171875 0.392578125 0.8916015625 0.3720703125 0.89990234375 0.3603515625 0.92529296875 0.3525390625 0.94677734375 0.3486328125 0.96337890625 0.3486328125 0.97509765625 0.3505859375 0.97900390625 0.3583984375 0.98193359375 0.3623046875 0.99658203125 0.36328125 1.0 0.3642578125 1.0 0.7353515625 0.98291015625 0.7392578125 0.96826171875 0.736328125 0.94580078125 0.7265625 0.9443359375 0.73828125 0.939453125 0.755859375 0.93115234375 0.763671875 0.91796875 0.763671875 0.90478515625 0.7607421875 0.896484375 0.7412109375 0.892578125 0.712890625 0.89111328125 0.6875 0.8779296875 0.677734375 0.8603515625 0.6669921875 0.8525390625 0.6611328125 0.8486328125 0.6572265625 0.84375 0.6552734375 0.84130859375 0.654296875 0.83837890625 0.65234375 0.83740234375 0.6513671875 0.8359375 0.6630859375 0.83447265625 0.6708984375 0.8271484375 0.6767578125 0.8173828125 0.6767578125 0.8115234375 0.6728515625 0.8076171875 0.6689453125 0.8037109375 0.6533203125 0.8017578125 0.615234375 0.80078125 0.5732421875 0.8056640625 0.5341796875 0.8134765625 0.505859375 0.8251953125 0.48046875 0.8173828125 0.478515625 0.81494140625 0.4736328125 0.81396484375 0.4599609375 0.81640625 0.4482421875 0.822265625 0.4453125 0.82958984375 0.4453125 0.8359375 0.44921875 0.8359375 0.4619140625 0.84423828125 0.4453125 0.85400390625 0.42578125
