0 0.13720703125 0.2578125 1.0 0.376953125 1.0 1.0 0.0 1.0 0.0 0.232421875
1 0.3603515625 0.560546875 0.376953125 0.5634765625 0.4033203125 0.560546875 0.4306640625 0.5556640625 0.44873046875 0.55078125 0.466796875 0.537109375 0.48974609375 0.5166015625 0.49560546875 0.494140625 0.4755859375 0.482421875 0.37255859375 0.4853515625 0.34228515625 0.4990234375 0.33447265625 0.537109375
1 0.70849609375 0.4521484375 0.69091796875 0.4560546875 0.65478515625 0.4619140625 0.6357421875 0.4658203125 0.62158203125 0.4658203125 0.61865234375 0.4541015625 0.642578125 0.4404296875 0.67333984375 0.4287109375 0.705078125 0.423828125 0.72998046875 0.423828125
2 0.0 0.0 0.6279296875 0.0 0.63818359375 0.017578125 0.63232421875 0.0244140625 0.6328125 0.0546875 0.64892578125 0.076171875 0.73876953125 0.0673828125 0.7392578125 0.0517578125 0.74072265625 0.0302734375 0.74169921875 0.0 1.0 0.0 1.0 0.5703125 0.81103515625 0.490234375 0.74365234375 0.4453125 0.71044921875 0.4228515625 0.65966796875 0.4453125 0.63427734375 0.4482421875 0.4912109375 0.4765625 0.4677734375 0.50390625 0.41552734375 0.509765625 0.40625 0.5087890625 0.4033203125 0.5166015625 0.35986328125 0.5283203125 0.2958984375 0.53515625 0.068359375 0.5712890625 0.0 0.5927734375
4 0.73095703125 0.046875 0.72509765625 0.0546875 0.7216796875 0.0517578125 0.71923828125 0.044921875 0.716796875 0.03515625 0.71435546875 0.0341796875 0.70947265625 0.0419921875 0.70703125 0.04296875 0.7060546875 0.0322265625 0.703125 0.0263671875 0.701171875 0.03515625 0.69775390625 0.037109375 0.69677734375 0.029296875 0.693359375 0.029296875 0.69189453125 0.0341796875 0.6904296875 0.0390625 0.68701171875 0.046875 0.68603515625 0.0546875 0.68212890625 0.0595703125 0.67822265625 0.0556640625 0.67822265625 0.04296875 0.67822265625 0.03515625 0.67431640625 0.0419921875 0.67041015625 0.0458984375 0.66748046875 0.0400390625 0.66552734375 0.037109375 0.662109375 0.0400390625 0.6572265625 0.0458984375 0.65576171875 0.0546875 0.65380859375 0.0576171875 0.65087890625 0.0546875 0.64892578125 0.0546875 0.64697265625 0.0595703125 0.64453125 0.0615234375 0.64208984375 0.0546875 0.638671875 0.05078125 0.63720703125 0.0517578125 0.63623046875 0.05859375 0.6494140625 0.078125 0.64892578125 0.09765625 0.6435546875 0.1005859375 0.64208984375 0.111328125 0.64111328125 0.3427734375 0.6435546875 0.34375 0.642578125 0.34765625 0.6416015625 0.34765625 0.64111328125 0.369140625 0.6435546875 0.369140625 0.64501953125 0.3662109375 0.64892578125 0.36328125 0.64892578125 0.3671875 0.64990234375 0.37109375 0.65234375 0.37109375 0.65380859375 0.3701171875 0.65380859375 0.361328125 0.65673828125 0.35546875 0.65625 0.3525390625 0.66064453125 0.34765625 0.66064453125 0.3505859375 0.6630859375 0.3515625 0.666015625 0.35546875 0.66748046875 0.357421875 0.67236328125 0.357421875 0.67822265625 0.3525390625 0.67919921875 0.3486328125 0.68115234375 0.34375 0.685546875 0.34375 0.6865234375 0.345703125 0.68896484375 0.3466796875 0.69091796875 0.349609375 0.69287109375 0.3583984375 0.693359375 0.3876953125 0.693359375 0.4033203125 0.69873046875 0.4052734375 0.70263671875 0.4052734375 0.7119140625 0.3974609375 0.74462890625 0.3427734375 0.77294921875 0.291015625 0.7724609375 0.263671875 0.7734375 0.1982421875 0.7578125 0.193359375 0.74609375 0.1875 0.736328125 0.1865234375 0.73779296875 0.0859375 0.73828125 0.06640625 0.73583984375 0.0634765625 0.73193359375 0.0625 0.73046875 0.05859375 0.73388671875 0.0546875 0.734375 0.0458984375
3 0.64013671875 0.40625 0.7001953125 0.4052734375 0.69921875 0.4423828125 0.68017578125 0.4462890625 0.65771484375 0.4453125 0.65283203125 0.4345703125 0.6396484375 0.435546875
5 0.70556640625 0.4169921875 0.697265625 0.416015625 0.68505859375 0.42578125 0.67919921875 0.4296875 0.6748046875 0.4306640625 0.67431640625 0.439453125 0.67626953125 0.443359375 0.67919921875 0.4482421875 0.6865234375 0.4482421875 0.69140625 0.4462890625 0.69970703125 0.4423828125
5 0.62109375 0.4169921875 0.634765625 0.41796875 0.6396484375 0.4228515625 0.64306640625 0.4296875 0.6455078125 0.4306640625 0.64599609375 0.435546875 0.64501953125 0.44140625 0.6455078125 0.453125 0.6455078125 0.462890625 0.64453125 0.466796875 0.6396484375 0.4677734375 0.63623046875 0.4677734375 0.6337890625 0.462890625 0.63232421875 0.4619140625 0.6259765625 0.4609375 0.62158203125 0.4560546875
5 0.5849609375 0.4072265625 0.5849609375 0.41796875 0.6123046875 0.478515625 0.6142578125 0.4814453125 0.6181640625 0.4814453125 0.62109375 0.48046875 0.62451171875 0.4794921875 0.62646484375 0.4755859375 0.62646484375 0.458984375 0.626953125 0.4482421875 0.62744140625 0.4443359375 0.62890625 0.4404296875 0.6279296875 0.4365234375 0.62548828125 0.4287109375 0.623046875 0.416015625 0.6181640625 0.40625 0.59912109375 0.4052734375 0.58935546875 0.4052734375
5 0.59716796875 0.416015625 0.57958984375 0.4169921875 0.58740234375 0.4833984375 0.59521484375 0.482421875 0.59716796875 0.4873046875 0.60107421875 0.4873046875 0.603515625 0.482421875 0.607421875 0.4833984375 0.61279296875 0.4833984375 0.61669921875 0.4775390625 0.6171875 0.4677734375 0.6162109375 0.4609375 0.615234375 0.44921875 0.61376953125 0.4404296875 0.60888671875 0.43359375 0.60595703125 0.4248046875 0.60107421875 0.416015625
5 0.537109375 0.4189453125 0.53955078125 0.412109375 0.5419921875 0.4091796875 0.54736328125 0.408203125 0.56640625 0.4072265625 0.57568359375 0.4072265625 0.57763671875 0.4091796875 0.58349609375 0.4228515625 0.5859375 0.427734375 0.58837890625 0.427734375 0.58935546875 0.4365234375 0.58935546875 0.4443359375 0.59033203125 0.4609375 0.58984375 0.4765625 0.59033203125 0.48828125 0.59033203125 0.494140625 0.58935546875 0.49609375 0.5849609375 0.4990234375 0.5810546875 0.501953125 0.5771484375 0.5009765625 0.57080078125 0.4892578125 0.55810546875 0.47265625
5 0.529296875 0.41796875 0.55322265625 0.41796875 0.5625 0.4189453125 0.56689453125 0.4296875 0.56884765625 0.439453125 0.57421875 0.4404296875 0.57470703125 0.4482421875 0.57421875 0.46484375 0.5751953125 0.4755859375 0.57763671875 0.482421875 0.57861328125 0.490234375 0.57763671875 0.4990234375 0.57568359375 0.505859375 0.572265625 0.5078125 0.57080078125 0.513671875 0.5673828125 0.515625 0.560546875 0.513671875 0.560546875 0.5068359375 0.5546875 0.5029296875 0.54833984375 0.501953125 0.53955078125 0.4873046875
5 0.47705078125 0.4130859375 0.4677734375 0.44921875 0.46533203125 0.48046875 0.46484375 0.501953125 0.4658203125 0.5283203125 0.46630859375 0.53515625 0.47119140625 0.537109375 0.4775390625 0.537109375 0.47998046875 0.529296875 0.48046875 0.51953125 0.486328125 0.5185546875 0.48681640625 0.525390625 0.48876953125 0.5302734375 0.49365234375 0.5302734375 0.49560546875 0.5234375 0.49658203125 0.5185546875 0.51416015625 0.51953125 0.52294921875 0.51953125 0.5224609375 0.52734375 0.52392578125 0.5341796875 0.52734375 0.5361328125 0.53271484375 0.537109375 0.53466796875 0.5341796875 0.5361328125 0.52734375 0.5361328125 0.5146484375 0.53955078125 0.513671875 0.54150390625 0.5234375 0.54541015625 0.525390625 0.548828125 0.5205078125 0.55078125 0.501953125 0.5498046875 0.4794921875 0.5478515625 0.470703125 0.5458984375 0.4599609375 0.5498046875 0.45703125 0.548828125 0.4453125 0.54296875 0.4423828125 0.5390625 0.42578125 0.53515625 0.412109375 0.52587890625 0.4052734375 0.52294921875 0.404296875 0.51611328125 0.40625 0.4931640625 0.40625 0.48583984375 0.40625 0.47998046875 0.408203125
5 0.16748046875 0.4072265625 0.17919921875 0.3955078125 0.1923828125 0.3828125 0.20654296875 0.380859375 0.224609375 0.3896484375 0.23388671875 0.3955078125 0.27392578125 0.3984375 0.29833984375 0.4052734375 0.30078125 0.3955078125 0.3076171875 0.392578125 0.322265625 0.3984375 0.3310546875 0.41015625 0.333984375 0.4169921875 0.3427734375 0.431640625 0.3525390625 0.455078125 0.361328125 0.5 0.36572265625 0.525390625 0.36474609375 0.552734375 0.36572265625 0.583984375 0.36181640625 0.6220703125 0.36083984375 0.6494140625 0.35986328125 0.6708984375 0.35595703125 0.6904296875 0.3515625 0.693359375 0.33544921875 0.6962890625 0.33203125 0.6904296875 0.32958984375 0.6806640625 0.328125 0.6708984375 0.31396484375 0.6806640625 0.294921875 0.7021484375 0.28955078125 0.7353515625 0.28662109375 0.751953125 0.2841796875 0.763671875 0.27099609375 0.7724609375 0.2607421875 0.7724609375 0.25390625 0.7646484375 0.2509765625 0.751953125 0.2490234375 0.740234375 0.24755859375 0.734375 0.22314453125 0.7373046875 0.1845703125 0.70703125 0.1533203125 0.4228515625
5 0.16552734375 0.384765625 0.12841796875 0.3623046875 0.07568359375 0.3466796875 0.03369140625 0.3359375 0.0 0.3310546875 0.0 1.0 0.01416015625 1.0 0.01953125 0.9892578125 0.02685546875 0.9580078125 0.02783203125 0.94140625 0.1591796875 0.822265625 0.16796875 0.8212890625 0.1728515625 0.841796875 0.18212890625 0.8544921875 0.19482421875 0.8583984375 0.208984375 0.8505859375 0.21826171875 0.83203125 0.224609375 0.798828125 0.2294921875 0.7421875 0.22998046875 0.7158203125 0.22802734375 0.6923828125 0.2314453125 0.6435546875 0.22265625 0.583984375 0.2197265625 0.5390625 0.21142578125 0.515625 0.20361328125 0.5068359375 0.19580078125 0.4921875 0.18212890625 0.4462890625 0.17236328125 0.4091796875 0.1689453125 0.3896484375
5 0.85546875 0.4072265625 0.85205078125 0.35546875 0.845703125 0.2939453125 0.796875 0.287109375 0.74169921875 0.2861328125 0.73291015625 0.2919921875 0.712890625 0.3203125 0.70751953125 0.3564453125 0.7021484375 0.4228515625 0.69091796875 0.421875 0.6875 0.4248046875 0.68701171875 0.435546875 0.68994140625 0.443359375 0.6923828125 0.4453125 0.6953125 0.4501953125 0.6953125 0.4541015625 0.69091796875 0.455078125 0.68994140625 0.458984375 0.69580078125 0.46875 0.69091796875 0.4814453125 0.69091796875 0.517578125 0.69140625 0.5498046875 0.6943359375 0.568359375 0.697265625 0.5751953125 0.70263671875 0.5751953125 0.70751953125 0.5751953125 0.7109375 0.5634765625 0.71142578125 0.5712890625 0.7109375 0.5849609375 0.716796875 0.5927734375 0.720703125 0.5966796875 0.72509765625 0.59765625 0.72802734375 0.5927734375 0.73193359375 0.5791015625 0.74560546875 0.578125 0.76416015625 0.5791015625 0.82275390625 0.51953125
5 0.83154296875 0.41796875 0.80322265625 0.4189453125 0.7861328125 0.4326171875 0.77392578125 0.4599609375 0.763671875 0.490234375 0.7607421875 0.484375 0.7548828125 0.4833984375 0.7490234375 0.4912109375 0.74853515625 0.501953125 0.75048828125 0.5068359375 0.75732421875 0.5087890625 0.76220703125 0.5029296875 0.751953125 0.546875 0.75146484375 0.5830078125 0.75146484375 0.6142578125 0.7548828125 0.6318359375 0.75732421875 0.6357421875 0.76513671875 0.6376953125 0.76806640625 0.6357421875 0.7705078125 0.615234375 0.771484375 0.615234375 0.83447265625 0.57421875
5 0.96630859375 0.3916015625 0.92919921875 0.3916015625 0.88623046875 0.3916015625 0.8515625 0.396484375 0.8330078125 0.4140625 0.8134765625 0.451171875 0.80419921875 0.474609375 0.798828125 0.501953125 0.79736328125 0.4892578125 0.794921875 0.4833984375 0.7841796875 0.4833984375 0.77734375 0.4931640625 0.775390625 0.4990234375 0.775390625 0.51171875 0.78662109375 0.521484375 0.78662109375 0.5361328125 0.775390625 0.5693359375 0.771484375 0.607421875 0.7705078125 0.6552734375 0.7724609375 0.701171875 0.77685546875 0.7138671875 0.78271484375 0.7177734375 0.7919921875 0.7197265625 0.79541015625 0.71484375 0.79736328125 0.7041015625 0.7998046875 0.6826171875 0.82470703125 0.708984375 0.822265625 0.7431640625 0.82666015625 0.783203125 0.83349609375 0.7998046875 0.84228515625 0.806640625 0.853515625 0.8076171875 0.8603515625 0.8056640625 0.8662109375 0.7900390625 0.869140625 0.76953125 0.873046875 0.7548828125 1.0 0.75390625 1.0 0.4072265625 0.99560546875 0.400390625 0.9775390625 0.3916015625
