0 0.056640625 0.2861328125 0.51220703125 0.4013671875 1.0 0.439453125 1.0 0.9990234375 0.0 1.0 0.0 0.28515625
1 0.91748046875 0.978515625 0.66650390625 0.6416015625 0.5634765625 0.50390625 0.53369140625 0.4609375 0.51953125 0.451171875 0.51318359375 0.443359375 0.51416015625 0.4326171875 0.53076171875 0.4345703125 0.55712890625 0.4345703125 0.71044921875 0.5029296875 0.89013671875 0.5673828125 1.0 0.626953125 1.0 1.0 0.95654296875 0.984375 0.9296875 0.9853515625
1 0.07421875 0.6376953125 0.19921875 0.5771484375 0.3515625 0.501953125 0.43994140625 0.443359375 0.376953125 0.423828125 0.0 0.44921875 0.0 0.673828125
2 0.0087890625 0.462890625 0.1142578125 0.4619140625 0.15576171875 0.455078125 0.20068359375 0.43359375 0.29638671875 0.4404296875 0.3564453125 0.439453125 0.3818359375 0.4296875 0.40771484375 0.4306640625 0.4228515625 0.4326171875 0.431640625 0.4208984375 0.43212890625 0.37890625 0.3994140625 0.3017578125 0.34814453125 0.21484375 0.20654296875 0.1279296875 0.10986328125 0.0 0.0 0.0 0.0 0.46484375
4 0.001953125 0.015625 0.01904296875 0.0302734375 0.04248046875 0.0361328125 0.0654296875 0.03125 0.06982421875 0.04296875 0.0751953125 0.0537109375 0.0849609375 0.05859375 0.0859375 0.0634765625 0.0859375 0.0673828125 0.0869140625 0.076171875 0.08349609375 0.076171875 0.0771484375 0.0712890625 0.0751953125 0.0712890625 0.0791015625 0.0859375 0.08203125 0.1005859375 0.08544921875 0.107421875 0.09033203125 0.115234375 0.09423828125 0.1220703125 0.0947265625 0.125 0.09619140625 0.130859375 0.095703125 0.1376953125 0.09130859375 0.1376953125 0.0927734375 0.146484375 0.09326171875 0.1484375 0.08935546875 0.16015625 0.08740234375 0.1708984375 0.09375 0.1748046875 0.10400390625 0.1826171875 0.11083984375 0.19140625 0.11865234375 0.1982421875 0.12353515625 0.2021484375 0.1298828125 0.1943359375 0.13232421875 0.1904296875 0.13525390625 0.1875 0.1357421875 0.1953125 0.1328125 0.203125 0.1328125 0.212890625 0.13134765625 0.2236328125 0.123046875 0.224609375 0.11767578125 0.2236328125 0.11962890625 0.2353515625 0.1240234375 0.244140625 0.1298828125 0.248046875 0.1396484375 0.2490234375 0.14599609375 0.25 0.14892578125 0.25 0.150390625 0.2666015625 0.15087890625 0.3212890625 0.1513671875 0.3623046875 0.13720703125 0.3623046875 0.13427734375 0.3662109375 0.130859375 0.4072265625 0.13037109375 0.439453125 0.13330078125 0.4638671875 0.14990234375 0.47265625 0.19189453125 0.4716796875 0.25244140625 0.4658203125 0.251953125 0.4990234375 0.265625 0.501953125 0.26416015625 0.46484375 0.33837890625 0.4541015625 0.33837890625 0.4775390625 0.345703125 0.4775390625 0.345703125 0.447265625 0.3701171875 0.4443359375 0.36962890625 0.46875 0.3759765625 0.46875 0.37646484375 0.4443359375 0.39111328125 0.4423828125 0.390625 0.462890625 0.39794921875 0.4619140625 0.3984375 0.4384765625 0.4599609375 0.4267578125 0.55615234375 0.44140625 0.56640625 0.44140625 0.58447265625 0.443359375 0.59619140625 0.4609375 0.60498046875 0.4619140625 0.61181640625 0.4658203125 0.62451171875 0.466796875 0.62451171875 0.4541015625 0.63671875 0.458984375 0.63525390625 0.4765625 0.64892578125 0.48046875 0.6513671875 0.4794921875 0.65185546875 0.4677734375 0.66845703125 0.4755859375 0.68408203125 0.478515625 0.68359375 0.4931640625 0.69140625 0.4951171875 0.6982421875 0.4951171875 0.6982421875 0.48046875 0.732421875 0.4892578125 0.75634765625 0.4951171875 0.75634765625 0.525390625 0.77978515625 0.525390625 0.779296875 0.4990234375 0.81640625 0.51171875 0.89111328125 0.5380859375 0.95458984375 0.5654296875 1.0 0.6103515625 1.0 0.0 0.0 0.0 0.0 0.015625
3 0.10986328125 0.4267578125 0.15380859375 0.4306640625 0.154296875 0.4736328125 0.10791015625 0.4736328125
5 0.10107421875 0.388671875 0.0859375 0.384765625 0.046875 0.380859375 0.03369140625 0.3857421875 0.01123046875 0.4111328125 0.00439453125 0.4150390625 0.0 0.4189453125 0.0 0.4619140625 0.068359375 0.4697265625 0.0732421875 0.4794921875 0.08154296875 0.486328125 0.0888671875 0.4853515625 0.0927734375 0.4814453125 0.09619140625 0.478515625 0.10107421875 0.4833984375 0.10791015625 0.482421875 0.1171875 0.458984375 0.1181640625 0.4404296875 0.11572265625 0.4130859375 0.10595703125 0.392578125
5 0.32861328125 0.4228515625 0.3291015625 0.43359375 0.30712890625 0.4453125 0.28662109375 0.4453125 0.2802734375 0.4365234375 0.279296875 0.42578125 0.2822265625 0.4228515625 0.29296875 0.4140625 0.30029296875 0.4111328125 0.3115234375 0.412109375 0.31982421875 0.41796875 0.32421875 0.4208984375
3 0.2646484375 0.4267578125 0.28076171875 0.4267578125 0.28173828125 0.462890625 0.26416015625 0.46484375
5 0.44287109375 0.4169921875 0.4501953125 0.4189453125 0.45068359375 0.4326171875 0.4453125 0.4375 0.44140625 0.421875
5 0.43408203125 0.4140625 0.427734375 0.4140625 0.41943359375 0.4150390625 0.41357421875 0.4150390625 0.41015625 0.423828125 0.4072265625 0.435546875 0.404296875 0.435546875 0.40185546875 0.4375 0.4013671875 0.439453125 0.4013671875 0.4423828125 0.4033203125 0.443359375 0.404296875 0.443359375 0.404296875 0.447265625 0.40185546875 0.458984375 0.40185546875 0.47265625 0.40234375 0.482421875 0.40234375 0.4892578125 0.4033203125 0.4912109375 0.40576171875 0.4921875 0.40771484375 0.4921875 0.40869140625 0.4912109375 0.40869140625 0.48828125 0.4091796875 0.484375 0.41015625 0.486328125 0.41064453125 0.490234375 0.412109375 0.4912109375 0.41357421875 0.4912109375 0.4150390625 0.490234375 0.41552734375 0.4873046875 0.416015625 0.4853515625 0.41845703125 0.484375 0.419921875 0.4833984375 0.4345703125 0.4833984375 0.44140625 0.482421875 0.44287109375 0.4833984375 0.44287109375 0.486328125 0.44384765625 0.4892578125 0.4462890625 0.490234375 0.4482421875 0.48828125 0.44970703125 0.486328125 0.45166015625 0.4853515625 0.45263671875 0.4833984375 0.45263671875 0.48046875 0.4521484375 0.4560546875 0.4521484375 0.44921875 0.45166015625 0.4375 0.45068359375 0.4326171875 0.44482421875 0.4189453125 0.44189453125 0.4150390625
5 0.5009765625 0.451171875 0.51025390625 0.4521484375 0.51318359375 0.4521484375 0.513671875 0.453125 0.513671875 0.455078125 0.51708984375 0.455078125 0.517578125 0.4482421875 0.517578125 0.435546875 0.5185546875 0.435546875 0.5185546875 0.4326171875 0.51806640625 0.431640625 0.517578125 0.431640625 0.51513671875 0.4248046875 0.51171875 0.421875 0.50341796875 0.4228515625 0.50048828125 0.4228515625 0.49853515625 0.4306640625 0.4970703125 0.4326171875 0.49609375 0.4326171875 0.49560546875 0.4345703125 0.49658203125 0.435546875 0.4970703125 0.4404296875 0.49658203125 0.4462890625 0.49658203125 0.451171875 0.4970703125 0.453125 0.49755859375 0.4541015625 0.49853515625 0.4541015625 0.5 0.4541015625
4 0.14794921875 0.5029296875 0.14599609375 0.5322265625 0.158203125 0.53125 0.16552734375 0.5283203125 0.16455078125 0.4892578125 0.16455078125 0.466796875 0.14892578125 0.4677734375 0.14794921875 0.4951171875
