0 0.0 0.51171875 0.60302734375 0.4150390625 0.7890625 0.4130859375 0.7744140625 0.5498046875 0.94677734375 0.71875 1.0 0.783203125 1.0 1.0 0.0 1.0
2 0.4140625 0.080078125 0.423828125 0.07421875 0.42431640625 0.0654296875 0.42626953125 0.0654296875 0.4267578125 0.07421875 0.44189453125 0.06640625 0.44189453125 0.0400390625 0.44091796875 0.037109375 0.43994140625 0.02734375 0.44189453125 0.025390625 0.44189453125 0.0 0.61328125 0.0 0.611328125 0.12109375 0.63037109375 0.1279296875 0.78076171875 0.349609375 0.78125 0.4296875 0.6259765625 0.4453125 0.58935546875 0.4462890625 0.556640625 0.44921875 0.41064453125 0.39453125 0.40673828125 0.13671875
2 0.41357421875 0.0048828125 0.41455078125 0.02734375 0.42236328125 0.03515625 0.42236328125 0.0419921875 0.41552734375 0.0517578125 0.416015625 0.05859375 0.4150390625 0.1201171875 0.41796875 0.3017578125 0.33544921875 0.4755859375 0.00048828125 0.5380859375 0.0 0.0 0.4140625 0.0009765625
5 0.56396484375 0.4169921875 0.56982421875 0.4189453125 0.5732421875 0.4267578125 0.5751953125 0.44140625 0.560546875 0.4501953125 0.560546875 0.43359375 0.560546875 0.4228515625 0.560546875 0.4189453125
5 0.68505859375 0.40625 0.69921875 0.4091796875 0.7041015625 0.4091796875 0.70458984375 0.416015625 0.69384765625 0.427734375 0.67333984375 0.4287109375 0.67333984375 0.416015625 0.67822265625 0.4130859375
5 0.70703125 0.4111328125 0.708984375 0.4150390625 0.7099609375 0.419921875 0.701171875 0.4326171875 0.689453125 0.4287109375 0.69384765625 0.4150390625 0.6962890625 0.412109375 0.70361328125 0.4091796875 0.70458984375 0.4091796875
5 0.6640625 0.4287109375 0.67138671875 0.4208984375 0.67578125 0.4150390625 0.68359375 0.4169921875 0.68603515625 0.41796875 0.69091796875 0.42578125 0.6806640625 0.435546875 0.66845703125 0.4345703125
5 0.708984375 0.4091796875 0.71630859375 0.40625 0.72216796875 0.40625 0.72509765625 0.40625 0.728515625 0.4111328125 0.7314453125 0.4169921875 0.732421875 0.4287109375 0.73193359375 0.43359375 0.7001953125 0.43359375 0.7001953125 0.4296875 0.70263671875 0.421875 0.70556640625 0.41796875 0.70654296875 0.4140625
5 0.755859375 0.412109375 0.7607421875 0.4150390625 0.76171875 0.4189453125 0.7626953125 0.4296875 0.7548828125 0.4345703125 0.73974609375 0.435546875 0.73779296875 0.431640625 0.73779296875 0.42578125 0.74267578125 0.41796875 0.74658203125 0.412109375 0.75341796875 0.4111328125
4 0.7607421875 0.2685546875 0.7607421875 0.2734375 0.76318359375 0.2744140625 0.76513671875 0.279296875 0.76611328125 0.28515625 0.767578125 0.2900390625 0.77001953125 0.2919921875 0.7744140625 0.2958984375 0.775390625 0.3935546875 0.77197265625 0.40234375 0.77197265625 0.4296875 0.7705078125 0.4296875 0.76953125 0.40234375 0.76318359375 0.4033203125 0.76171875 0.4033203125 0.76220703125 0.4296875 0.7607421875 0.4287109375 0.76025390625 0.3974609375 0.75732421875 0.3955078125 0.75439453125 0.3935546875 0.7509765625 0.3955078125 0.74609375 0.3974609375 0.7431640625 0.3994140625 0.74462890625 0.4375 0.74169921875 0.4375 0.73974609375 0.37890625 0.734375 0.380859375 0.7314453125 0.380859375 0.72802734375 0.3779296875 0.72802734375 0.43359375 0.72705078125 0.43359375 0.724609375 0.3798828125 0.71630859375 0.380859375 0.70751953125 0.3857421875 0.705078125 0.3857421875 0.6982421875 0.384765625 0.69189453125 0.3876953125 0.689453125 0.3720703125 0.689453125 0.369140625 0.69677734375 0.32421875 0.69677734375 0.30859375 0.70458984375 0.27734375 0.71630859375 0.267578125 0.7255859375 0.2646484375 0.73583984375 0.263671875 0.7451171875 0.2626953125 0.75146484375 0.263671875 0.755859375 0.263671875 0.7578125 0.267578125 0.759765625 0.2666015625
5 0.57421875 0.4248046875 0.578125 0.419921875 0.58984375 0.41796875 0.59814453125 0.421875 0.60400390625 0.42578125 0.6015625 0.4443359375 0.59814453125 0.451171875 0.59423828125 0.447265625 0.591796875 0.4443359375 0.57275390625 0.4423828125 0.57177734375 0.4287109375
5 0.6044921875 0.4189453125 0.61279296875 0.416015625 0.61865234375 0.4169921875 0.6240234375 0.4189453125 0.62939453125 0.4228515625 0.63232421875 0.431640625 0.6328125 0.439453125 0.62841796875 0.447265625 0.619140625 0.447265625 0.61328125 0.4462890625 0.5947265625 0.443359375 0.59423828125 0.439453125 0.59765625 0.42578125 0.599609375 0.423828125 0.6015625 0.4228515625
1 0.7763671875 0.43359375 0.7197265625 0.443359375 0.64306640625 0.4599609375 0.59130859375 0.4716796875 0.53564453125 0.4931640625 0.49072265625 0.5185546875 0.4541015625 0.5439453125 0.412109375 0.5849609375 0.369140625 0.6337890625 0.3056640625 0.712890625 0.25341796875 0.77734375 0.19921875 0.8447265625 0.12841796875 0.9287109375 0.06689453125 1.0 0.0009765625 1.0 0.0 0.70703125 0.1181640625 0.642578125 0.23681640625 0.5810546875 0.3408203125 0.5283203125 0.421875 0.49609375 0.521484375 0.4677734375 0.61328125 0.453125 0.68359375 0.4384765625 0.7470703125 0.4306640625 0.77587890625 0.4296875
1 0.81201171875 0.4306640625 0.8701171875 0.435546875 1.0 0.46484375 1.0 0.87890625 0.89111328125 0.7744140625 0.78125 0.6513671875 0.70654296875 0.552734375 0.69287109375 0.521484375 0.69287109375 0.4931640625 0.7080078125 0.470703125 0.75244140625 0.4541015625 0.7861328125 0.439453125
2 0.7724609375 0.12109375 0.771484375 0.0 1.0 0.0 1.0 0.4619140625 0.837890625 0.4453125 0.82421875 0.4501953125 0.8173828125 0.4521484375 0.8115234375 0.4521484375 0.80859375 0.455078125 0.80078125 0.4560546875 0.7978515625 0.458984375 0.7919921875 0.458984375 0.79150390625 0.4619140625 0.7734375 0.46484375 0.77294921875 0.27734375 0.771484375 0.1572265625
2 0.5 0.36328125 0.5654296875 0.3671875 0.56689453125 0.470703125 0.53271484375 0.478515625 0.533203125 0.380859375 0.50244140625 0.3779296875
4 0.6220703125 0.3779296875 0.6162109375 0.3828125 0.611328125 0.37890625 0.609375 0.37109375 0.6064453125 0.3583984375 0.6044921875 0.3466796875 0.603515625 0.3369140625 0.60107421875 0.3212890625 0.60302734375 0.3056640625 0.6064453125 0.29296875 0.6064453125 0.2802734375 0.60791015625 0.267578125 0.61376953125 0.2578125 0.6201171875 0.25 0.62451171875 0.244140625 0.6259765625 0.2333984375 0.63037109375 0.2177734375 0.64404296875 0.205078125 0.66015625 0.208984375 0.67578125 0.2216796875 0.69287109375 0.24609375 0.7021484375 0.2734375 0.7041015625 0.2890625 0.7060546875 0.3095703125 0.7099609375 0.3173828125 0.71630859375 0.3408203125 0.71826171875 0.3564453125 0.71728515625 0.3681640625 0.7109375 0.3720703125 0.705078125 0.3740234375 0.69921875 0.3720703125 0.68896484375 0.365234375 0.68603515625 0.365234375 0.68212890625 0.365234375 0.68310546875 0.435546875 0.6806640625 0.435546875 0.68017578125 0.3671875 0.6787109375 0.3662109375 0.67529296875 0.3671875 0.67626953125 0.412109375 0.67626953125 0.435546875 0.67138671875 0.4365234375 0.67138671875 0.3798828125 0.66796875 0.375 0.66357421875 0.3720703125 0.66162109375 0.37109375 0.65625 0.373046875 0.65234375 0.375 0.6513671875 0.4462890625 0.6484375 0.4462890625 0.6494140625 0.369140625 0.6396484375 0.375 0.63037109375 0.373046875 0.625 0.375
3 0.65478515625 0.4248046875 0.69091796875 0.421875 0.73046875 0.41796875 0.73095703125 0.439453125 0.6845703125 0.4462890625 0.65087890625 0.453125 0.65087890625 0.4267578125 0.65185546875 0.42578125
3 0.57177734375 0.427734375 0.578125 0.4287109375 0.6142578125 0.427734375 0.6181640625 0.427734375 0.6181640625 0.4599609375 0.60205078125 0.462890625 0.5751953125 0.4677734375 0.56640625 0.4677734375 0.56494140625 0.4287109375 0.56591796875 0.4287109375
2 0.41259765625 0.3310546875 0.46484375 0.330078125 0.48681640625 0.3388671875 0.48681640625 0.3447265625 0.48388671875 0.345703125 0.48583984375 0.5048828125 0.462890625 0.5107421875 0.4560546875 0.509765625 0.4560546875 0.4794921875 0.45166015625 0.4794921875 0.44970703125 0.4736328125 0.45361328125 0.46875 0.4521484375 0.439453125 0.44189453125 0.44140625 0.4384765625 0.3583984375 0.4365234375 0.3544921875 0.41357421875 0.35546875 0.41259765625 0.341796875 0.40966796875 0.341796875 0.40966796875 0.3310546875
4 0.88623046875 0.3642578125 0.88818359375 0.3388671875 0.88818359375 0.3271484375 0.884765625 0.32421875 0.87939453125 0.328125 0.87353515625 0.3349609375 0.86962890625 0.333984375 0.86474609375 0.330078125 0.85791015625 0.3251953125 0.849609375 0.3232421875 0.84130859375 0.330078125 0.8310546875 0.333984375 0.8203125 0.333984375 0.81884765625 0.328125 0.81884765625 0.31640625 0.82373046875 0.3017578125 0.82666015625 0.291015625 0.8291015625 0.2802734375 0.8359375 0.27734375 0.8447265625 0.2763671875 0.8564453125 0.26953125 0.875 0.26171875 0.8857421875 0.255859375 0.88623046875 0.25 0.884765625 0.240234375 0.88330078125 0.22265625 0.884765625 0.2109375 0.88671875 0.1962890625 0.884765625 0.1806640625 0.87890625 0.173828125 0.86962890625 0.1767578125 0.8623046875 0.177734375 0.85888671875 0.1796875 0.86083984375 0.1845703125 0.8544921875 0.2080078125 0.84619140625 0.21875 0.83544921875 0.2294921875 0.826171875 0.232421875 0.8203125 0.228515625 0.8134765625 0.2314453125 0.81103515625 0.251953125 0.8056640625 0.2685546875 0.80224609375 0.28515625 0.80224609375 0.2978515625 0.802734375 0.3115234375 0.80029296875 0.3193359375 0.79443359375 0.3154296875 0.7900390625 0.3076171875 0.791015625 0.2861328125 0.79443359375 0.2763671875 0.79296875 0.2724609375 0.78662109375 0.271484375 0.77734375 0.279296875 0.77099609375 0.2783203125 0.7705078125 0.2705078125 0.77294921875 0.25390625 0.76953125 0.2470703125 0.76611328125 0.2421875 0.76318359375 0.2529296875 0.7578125 0.2587890625 0.75439453125 0.25 0.7509765625 0.2392578125 0.74609375 0.25 0.744140625 0.2607421875 0.74658203125 0.271484375 0.75 0.27734375 0.748046875 0.287109375 0.74267578125 0.3037109375 0.73583984375 0.318359375 0.72900390625 0.31640625 0.72021484375 0.3076171875 0.71240234375 0.3154296875 0.7021484375 0.3134765625 0.69921875 0.2998046875 0.6923828125 0.291015625 0.6865234375 0.2783203125 0.68115234375 0.2626953125 0.67138671875 0.255859375 0.66259765625 0.23828125 0.65380859375 0.2333984375 0.63720703125 0.2275390625 0.6201171875 0.2333984375 0.611328125 0.224609375 0.6044921875 0.21875 0.5986328125 0.2158203125 0.59814453125 0.208984375 0.60546875 0.20703125 0.61083984375 0.201171875 0.6162109375 0.19140625 0.61865234375 0.185546875 0.62060546875 0.1728515625 0.619140625 0.1630859375 0.61572265625 0.1572265625 0.60546875 0.1630859375 0.603515625 0.1552734375 0.60302734375 0.150390625 0.6103515625 0.1396484375 0.6123046875 0.1318359375 0.6142578125 0.1220703125 0.6181640625 0.109375 0.61572265625 0.1025390625 0.611328125 0.095703125 0.609375 0.0859375 0.609375 0.0791015625 0.61328125 0.07421875 0.615234375 0.0703125 0.61376953125 0.0634765625 0.615234375 0.048828125 0.6083984375 0.0439453125 0.6064453125 0.037109375 0.6064453125 0.0283203125 0.60986328125 0.0234375 0.6162109375 0.021484375 0.61865234375 0.015625 0.61962890625 0.0078125 0.62109375 0.0029296875 0.625 0.0 1.0 0.0 1.0 0.474609375 0.9755859375 0.43359375 0.9677734375 0.37109375 0.962890625 0.3603515625 0.96142578125 0.3447265625 0.958984375 0.333984375 0.9560546875 0.3271484375 0.95361328125 0.33984375 0.95166015625 0.4453125 0.8916015625 0.4365234375 0.88623046875 0.4228515625 0.884765625 0.3994140625 0.884765625 0.384765625 0.884765625 0.37890625
3 0.87109375 0.4208984375 0.9326171875 0.421875 0.98291015625 0.41796875 1.0 0.419921875 1.0 0.515625 0.96533203125 0.5078125 0.8974609375 0.4921875 0.8681640625 0.482421875 0.8623046875 0.474609375
