0 1.00048828125 0.8388671875 1.0 0.5615234375 0.44921875 0.4453125 0.1787109375 0.53125 0.0 0.5205078125 0.0 1.0 1.0 1.0
2 0.1201171875 0.14453125 0.0 0.1630859375 0.0 0.39453125 0.154296875 0.4853515625 0.3134765625 0.4755859375 0.3115234375 0.30859375
1 0.50732421875 0.5 0.5732421875 0.515625 0.5546875 0.5107421875 0.611328125 0.529296875 0.6611328125 0.5537109375 0.703125 0.5732421875 0.76171875 0.6044921875 0.84326171875 0.6455078125 0.92431640625 0.6904296875 0.98095703125 0.72265625 0.99951171875 0.73046875 1.0 0.6533203125 1.0 0.5625 0.65625 0.4462890625
4 0.5966796875 0.2939453125 0.59228515625 0.302734375 0.59228515625 0.2919921875 0.58984375 0.3037109375 0.5869140625 0.2939453125 0.587890625 0.3037109375 0.5830078125 0.3037109375 0.57763671875 0.3056640625 0.57080078125 0.3173828125 0.57275390625 0.322265625 0.57666015625 0.322265625 0.57421875 0.337890625 0.56201171875 0.3291015625 0.55615234375 0.330078125 0.55078125 0.3427734375 0.544921875 0.3369140625 0.5478515625 0.322265625 0.53662109375 0.3271484375 0.52490234375 0.3310546875 0.52099609375 0.3408203125 0.5166015625 0.3564453125 0.51318359375 0.3466796875 0.51708984375 0.326171875 0.51953125 0.30078125 0.52099609375 0.2802734375 0.51953125 0.263671875 0.51708984375 0.26171875 0.52294921875 0.25 0.5234375 0.22265625 0.5146484375 0.21875 0.5078125 0.2021484375 0.50341796875 0.205078125 0.49658203125 0.19921875 0.49560546875 0.1884765625 0.49560546875 0.1796875 0.48876953125 0.1796875 0.482421875 0.1591796875 0.478515625 0.1572265625 0.47607421875 0.1416015625 0.478515625 0.1259765625 0.47265625 0.1181640625 0.47216796875 0.1015625 0.4765625 0.087890625 0.48095703125 0.0771484375 0.478515625 0.076171875 0.47021484375 0.0791015625 0.46875 0.0732421875 0.46826171875 0.0625 0.4697265625 0.046875 0.4677734375 0.0390625 0.462890625 0.048828125 0.45703125 0.056640625 0.45263671875 0.056640625 0.44580078125 0.0556640625 0.4423828125 0.046875 0.43896484375 0.0390625 0.43505859375 0.04296875 0.42919921875 0.0361328125 0.43408203125 0.0302734375 0.43505859375 0.015625 0.44140625 0.0107421875 0.44287109375 0.015625 0.44189453125 0.025390625 0.443359375 0.033203125 0.44921875 0.0341796875 0.44873046875 0.0283203125 0.45263671875 0.0166015625 0.4501953125 0.0107421875 0.44287109375 0.009765625 0.44970703125 0.001953125 0.44970703125 0.0 0.4599609375 0.0 0.0 0.001953125 0.0 0.3359375 0.01611328125 0.3349609375 0.021484375 0.306640625 0.01904296875 0.287109375 0.02587890625 0.263671875 0.04150390625 0.2568359375 0.06298828125 0.2548828125 0.07861328125 0.2509765625 0.08447265625 0.244140625 0.091796875 0.2431640625 0.09130859375 0.2470703125 0.08349609375 0.2568359375 0.0771484375 0.2763671875 0.0810546875 0.296875 0.0927734375 0.291015625 0.09716796875 0.291015625 0.10009765625 0.2880859375 0.1015625 0.30078125 0.10107421875 0.3056640625 0.0986328125 0.3115234375 0.10302734375 0.3212890625 0.103515625 0.3505859375 0.14501953125 0.3759765625 0.1455078125 0.3623046875 0.14990234375 0.359375 0.150390625 0.35546875 0.16015625 0.345703125 0.158203125 0.353515625 0.15576171875 0.3623046875 0.15185546875 0.3681640625 0.17529296875 0.380859375 0.18603515625 0.3701171875 0.19677734375 0.3828125 0.20458984375 0.384765625 0.2080078125 0.3720703125 0.216796875 0.3720703125 0.21826171875 0.380859375 0.22412109375 0.3837890625 0.2265625 0.380859375 0.23095703125 0.3974609375 0.23193359375 0.4345703125 0.21728515625 0.419921875 0.20166015625 0.421875 0.1884765625 0.4248046875 0.18505859375 0.412109375 0.1728515625 0.4140625 0.16943359375 0.423828125 0.162109375 0.427734375 0.15185546875 0.435546875 0.150390625 0.4599609375 0.328125 0.521484375 0.3603515625 0.51953125 0.36962890625 0.5126953125 0.40966796875 0.4833984375 0.46240234375 0.48828125 0.49755859375 0.486328125 0.642578125 0.4794921875 0.64208984375 0.4248046875 0.59765625 0.3046875 0.59423828125 0.3037109375
5 0.5068359375 0.4560546875 0.5 0.458984375 0.49560546875 0.46484375 0.494140625 0.4755859375 0.4931640625 0.4931640625 0.49462890625 0.498046875 0.4990234375 0.498046875 0.5 0.4931640625 0.50830078125 0.4931640625 0.51171875 0.4697265625
5 0.5078125 0.4287109375 0.505859375 0.439453125 0.5068359375 0.4814453125 0.5087890625 0.50390625 0.51416015625 0.50390625 0.51953125 0.4248046875 0.5107421875 0.4267578125
5 0.5458984375 0.4384765625 0.54345703125 0.42578125 0.5341796875 0.4228515625 0.51171875 0.4267578125 0.51025390625 0.4580078125 0.50732421875 0.4609375 0.50732421875 0.46484375 0.51025390625 0.466796875 0.51025390625 0.505859375 0.51123046875 0.5107421875 0.51611328125 0.5126953125 0.52197265625 0.51171875 0.5380859375 0.4736328125
5 0.53564453125 0.4443359375 0.5244140625 0.4453125 0.5224609375 0.44921875 0.52001953125 0.46484375 0.517578125 0.4912109375 0.517578125 0.51171875 0.51904296875 0.5166015625 0.52978515625 0.515625 0.5419921875 0.4521484375
5 0.37548828125 0.4560546875 0.3681640625 0.4755859375 0.36474609375 0.501953125 0.36572265625 0.521484375 0.3720703125 0.5224609375 0.37451171875 0.5234375 0.37939453125 0.5234375 0.37939453125 0.5166015625 0.3916015625 0.5166015625 0.39306640625 0.5224609375 0.40478515625 0.51953125 0.4111328125 0.5146484375 0.4111328125 0.4970703125 0.4072265625 0.474609375 0.39892578125 0.455078125 0.38623046875 0.4541015625
5 0.564453125 0.435546875 0.55078125 0.4345703125 0.53662109375 0.4375 0.53125 0.4423828125 0.52783203125 0.4638671875 0.5263671875 0.458984375 0.52197265625 0.4609375 0.5224609375 0.4677734375 0.5263671875 0.4697265625 0.5244140625 0.48046875 0.52392578125 0.517578125 0.53515625 0.5205078125 0.54052734375 0.5205078125 0.541015625 0.515625 0.5546875 0.5146484375
2 0.60302734375 0.2734375 0.5966796875 0.291015625 0.59716796875 0.306640625 0.57958984375 0.30859375 0.57763671875 0.3173828125 0.57958984375 0.32421875 0.58447265625 0.3369140625 0.5966796875 0.3369140625 0.59814453125 0.34765625 0.60546875 0.3505859375 0.607421875 0.3603515625 0.61279296875 0.365234375 0.59716796875 0.3662109375 0.59130859375 0.376953125 0.591796875 0.4306640625 0.6123046875 0.4326171875 0.62109375 0.431640625 0.6328125 0.4375 0.63623046875 0.4736328125 0.63720703125 0.490234375 0.7041015625 0.4853515625 0.80712890625 0.5068359375 0.80712890625 0.5205078125 0.734375 0.525390625 0.75048828125 0.5341796875 0.7587890625 0.5341796875 0.81396484375 0.548828125 0.8427734375 0.5537109375 0.8447265625 0.55078125 0.8515625 0.546875 0.857421875 0.5556640625 0.86083984375 0.5556640625 0.86376953125 0.55078125 0.875 0.552734375 0.87890625 0.5595703125 0.89599609375 0.5634765625 0.92333984375 0.5751953125 0.94140625 0.5732421875 0.95263671875 0.5830078125 0.962890625 0.5830078125 0.97119140625 0.587890625 0.9775390625 0.5908203125 0.9833984375 0.5927734375 1.0 0.5986328125 0.99951171875 0.0 0.88623046875 0.0 0.88671875 0.0068359375 0.837890625 0.0078125 0.8388671875 0.0 0.6171875 0.0 0.61865234375 0.0478515625 0.6171875 0.048828125 0.61767578125 0.0703125 0.6142578125 0.064453125 0.61474609375 0.0888671875 0.6103515625 0.10546875 0.611328125 0.154296875 0.61572265625 0.1552734375 0.61572265625 0.201171875 0.6103515625 0.2109375 0.61083984375 0.21484375 0.61279296875 0.2158203125 0.611328125 0.220703125 0.6123046875 0.25390625 0.6171875 0.25390625 0.6171875 0.271484375
3 0.66259765625 0.466796875 0.634765625 0.4677734375 0.6181640625 0.46875 0.625 0.5029296875 0.65869140625 0.51171875 0.6923828125 0.509765625 0.703125 0.4658203125
5 0.60009765625 0.42578125 0.5849609375 0.4267578125 0.564453125 0.4326171875 0.56103515625 0.4384765625 0.55615234375 0.466796875 0.55322265625 0.46484375 0.548828125 0.46484375 0.54736328125 0.46875 0.54833984375 0.4736328125 0.5537109375 0.4736328125 0.552734375 0.4833984375 0.55126953125 0.5166015625 0.5517578125 0.5390625 0.56005859375 0.5390625 0.56201171875 0.54296875 0.5693359375 0.54296875 0.5703125 0.53125 0.60400390625 0.52734375 0.6064453125 0.5341796875 0.61328125 0.533203125 0.6142578125 0.5283203125 0.61669921875 0.5322265625 0.6171875 0.5380859375 0.61767578125 0.5390625 0.62646484375 0.5380859375 0.62744140625 0.5234375 0.62548828125 0.490234375 0.6220703125 0.4677734375 0.61962890625 0.462890625 0.615234375 0.44140625 0.611328125 0.4296875
5 0.77392578125 0.42578125 0.755859375 0.4150390625 0.73681640625 0.4130859375 0.7158203125 0.419921875 0.7080078125 0.435546875 0.705078125 0.4404296875 0.7021484375 0.4501953125 0.69921875 0.4658203125 0.70361328125 0.4912109375 0.7763671875 0.4560546875
4 0.78369140625 0.4072265625 0.765625 0.4228515625 0.7666015625 0.431640625 0.75439453125 0.4423828125 0.72900390625 0.4375 0.71142578125 0.4443359375 0.70458984375 0.45703125 0.69677734375 0.453125 0.6943359375 0.453125 0.6884765625 0.46484375 0.68408203125 0.4755859375 0.68505859375 0.4990234375 0.68212890625 0.509765625 0.681640625 0.521484375 0.70654296875 0.51953125 0.7109375 0.5185546875 0.7177734375 0.521484375 0.7314453125 0.5205078125 0.78173828125 0.5185546875 0.7802734375 0.525390625 0.912109375 0.5146484375 0.94384765625 0.51171875 0.9423828125 0.427734375 0.908203125 0.4248046875 0.900390625 0.392578125 0.89501953125 0.3935546875 0.89404296875 0.365234375 0.89208984375 0.365234375 0.890625 0.341796875 0.88720703125 0.353515625 0.88330078125 0.3525390625 0.8818359375 0.384765625 0.88671875 0.396484375 0.888671875 0.4091796875 0.8876953125 0.4208984375 0.87060546875 0.4248046875 0.84814453125 0.4365234375 0.84326171875 0.4423828125 0.83544921875 0.4404296875 0.8330078125 0.4296875 0.80908203125 0.4384765625 0.80078125 0.4189453125 0.79541015625 0.4150390625 0.79052734375 0.40234375 0.7880859375 0.41015625
5 0.3193359375 0.458984375 0.28955078125 0.4560546875 0.28515625 0.4638671875 0.2734375 0.5380859375 0.3056640625 0.5361328125 0.314453125 0.533203125 0.32080078125 0.5224609375 0.333984375 0.5185546875 0.33544921875 0.51171875 0.3359375 0.4951171875 0.33251953125 0.4775390625 0.32373046875 0.4638671875
5 0.291015625 0.4521484375 0.267578125 0.451171875 0.265625 0.455078125 0.3046875 0.48828125 0.30078125 0.46875
5 0.31103515625 0.4794921875 0.3076171875 0.4755859375 0.29736328125 0.47265625 0.28076171875 0.458984375 0.26806640625 0.4541015625 0.2578125 0.5234375 0.25439453125 0.546875 0.26171875 0.546875 0.27978515625 0.5400390625 0.28564453125 0.5341796875 0.30517578125 0.52734375 0.31396484375 0.5234375 0.31494140625 0.5048828125 0.31298828125 0.4931640625
5 0.26806640625 0.4462890625 0.248046875 0.443359375 0.2255859375 0.4453125 0.20703125 0.453125 0.24658203125 0.5498046875 0.25732421875 0.546875 0.263671875 0.5390625 0.26513671875 0.5341796875 0.27294921875 0.529296875 0.2783203125 0.52734375 0.28125 0.5205078125 0.28125 0.5087890625 0.279296875 0.482421875 0.2734375 0.462890625
5 0.208984375 0.435546875 0.20263671875 0.4365234375 0.19921875 0.44140625 0.18115234375 0.439453125 0.15576171875 0.439453125 0.13916015625 0.44921875 0.14013671875 0.5615234375 0.17724609375 0.5625 0.1806640625 0.5732421875 0.18701171875 0.5791015625 0.20556640625 0.578125 0.2197265625 0.5732421875 0.2255859375 0.5654296875 0.2353515625 0.560546875 0.24658203125 0.5478515625 0.2509765625 0.537109375 0.25244140625 0.5234375 0.25048828125 0.51171875 0.24658203125 0.5029296875 0.2451171875 0.4814453125 0.23046875 0.447265625 0.2119140625 0.443359375
