0 0.10400390625 0.380859375 1.0 0.388671875 1.0 1.0 0.0 1.0 0.0 0.35546875
4 0.29833984375 0.37109375 0.30126953125 0.3662109375 0.30322265625 0.3671875 0.306640625 0.3681640625 0.30810546875 0.365234375 0.31103515625 0.3662109375 0.3134765625 0.365234375 0.31689453125 0.3642578125 0.31884765625 0.3642578125 0.32275390625 0.36328125 0.3251953125 0.3642578125 0.3271484375 0.361328125 0.328125 0.359375 0.330078125 0.365234375 0.32861328125 0.3701171875 0.31103515625 0.375 0.2978515625 0.375
1 0.3037109375 0.443359375 0.3154296875 0.451171875 0.3212890625 0.45703125 0.3193359375 0.4619140625 0.30859375 0.466796875 0.26220703125 0.486328125 0.09716796875 0.5361328125 0.0 0.5625 0.0 0.4921875 0.03857421875 0.4853515625 0.19873046875 0.447265625 0.26708984375 0.4384765625 0.2783203125 0.4404296875
1 0.732421875 0.4599609375 0.65478515625 0.462890625 0.58740234375 0.4619140625 0.5390625 0.458984375 0.50537109375 0.4541015625 0.46435546875 0.4501953125 0.47021484375 0.4541015625 0.4716796875 0.458984375 0.466796875 0.4599609375 0.453125 0.458984375 0.43603515625 0.45703125 0.42919921875 0.453125 0.427734375 0.451171875 0.42822265625 0.4443359375 0.43115234375 0.4365234375 0.4697265625 0.4306640625 0.53955078125 0.43359375 0.625 0.431640625 0.68359375 0.4326171875 0.71728515625 0.4365234375 0.734375 0.439453125 0.74267578125 0.44140625
1 0.64599609375 0.47265625 0.65966796875 0.46875 0.67919921875 0.466796875 0.72021484375 0.46484375 0.734375 0.4619140625 0.78369140625 0.4677734375 0.88623046875 0.4716796875 1.0 0.474609375 1.0 0.70703125 0.853515625 0.59765625 0.7568359375 0.54296875 0.69970703125 0.5107421875 0.66064453125 0.486328125 0.65185546875 0.4765625
1 0.33056640625 0.44921875 0.31884765625 0.4482421875 0.3046875 0.44921875 0.302734375 0.443359375 0.31005859375 0.439453125 0.31884765625 0.4365234375 0.326171875 0.4365234375 0.3330078125 0.4443359375
2 0.0 0.0 0.23876953125 0.0 0.2470703125 0.01953125 0.24609375 0.0283203125 0.24853515625 0.0302734375 0.26123046875 0.0791015625 0.26025390625 0.0830078125 0.27880859375 0.15234375 0.27099609375 0.15625 0.2734375 0.3017578125 0.27734375 0.306640625 0.27978515625 0.3056640625 0.2802734375 0.3134765625 0.2841796875 0.3193359375 0.2841796875 0.3720703125 0.29052734375 0.3720703125 0.296875 0.3720703125 0.29931640625 0.37109375 0.30615234375 0.37109375 0.31396484375 0.3720703125 0.322265625 0.3681640625 0.32958984375 0.3671875 0.33349609375 0.3642578125 0.33349609375 0.35546875 0.3466796875 0.353515625 0.34619140625 0.3466796875 0.34375 0.345703125 0.349609375 0.337890625 0.36083984375 0.3388671875 0.37109375 0.328125 0.37451171875 0.33203125 0.37548828125 0.330078125 0.3759765625 0.3037109375 0.384765625 0.2890625 0.39111328125 0.2919921875 0.396484375 0.271484375 0.396484375 0.26171875 0.39794921875 0.2607421875 0.39892578125 0.26953125 0.40576171875 0.2568359375 0.41064453125 0.255859375 0.41064453125 0.2509765625 0.41162109375 0.2509765625 0.41259765625 0.2568359375 0.41455078125 0.2509765625 0.4169921875 0.2509765625 0.41650390625 0.1806640625 0.435546875 0.146484375 0.4716796875 0.146484375 0.47265625 0.1376953125 0.48583984375 0.138671875 0.48681640625 0.1455078125 0.51416015625 0.1435546875 0.515625 0.1396484375 0.53125 0.140625 0.53125 0.1162109375 0.54931640625 0.1162109375 0.54931640625 0.08984375 0.57861328125 0.0888671875 0.583984375 0.0908203125 0.59521484375 0.080078125 0.595703125 0.0703125 0.60693359375 0.072265625 0.623046875 0.0556640625 0.62353515625 0.0439453125 0.62841796875 0.041015625 0.6337890625 0.041015625 0.63232421875 0.0517578125 0.6630859375 0.0263671875 0.6669921875 0.0341796875 0.6669921875 0.0 1.0 0.0 1.0 0.4873046875 0.89501953125 0.4892578125 0.8369140625 0.4853515625 0.734375 0.4599609375 0.734375 0.4541015625 0.61962890625 0.44921875 0.51611328125 0.4462890625 0.4306640625 0.443359375 0.41064453125 0.443359375 0.3935546875 0.4404296875 0.38427734375 0.4404296875 0.36279296875 0.4365234375 0.33203125 0.4384765625 0.3203125 0.4384765625 0.3037109375 0.4404296875 0.26708984375 0.458984375 0.2294921875 0.46484375 0.1826171875 0.470703125 0.0 0.5029296875
4 0.2919921875 0.4228515625 0.2880859375 0.4140625 0.28759765625 0.4091796875 0.291015625 0.400390625 0.29296875 0.392578125 0.29541015625 0.3857421875 0.29736328125 0.3779296875 0.29931640625 0.3798828125 0.30078125 0.3857421875 0.302734375 0.3896484375 0.30517578125 0.3955078125 0.30712890625 0.3974609375 0.30810546875 0.40234375 0.3056640625 0.4111328125 0.3046875 0.416015625 0.30078125 0.421875 0.294921875 0.4296875
4 0.3642578125 0.4140625 0.365234375 0.40234375 0.36376953125 0.3955078125 0.36083984375 0.3916015625 0.35888671875 0.3857421875 0.35888671875 0.380859375 0.357421875 0.3759765625 0.3544921875 0.37109375 0.34765625 0.373046875 0.345703125 0.3759765625 0.34130859375 0.3876953125 0.33837890625 0.3955078125 0.3359375 0.4052734375 0.337890625 0.4169921875
5 0.29736328125 0.419921875 0.2841796875 0.4208984375 0.28125 0.4208984375 0.27685546875 0.4208984375 0.2734375 0.4228515625 0.27099609375 0.431640625 0.267578125 0.44140625 0.2626953125 0.4482421875 0.26171875 0.45703125 0.26171875 0.4677734375 0.26171875 0.48046875 0.26220703125 0.486328125 0.26318359375 0.48828125 0.2646484375 0.4892578125 0.2685546875 0.48828125 0.26953125 0.4853515625 0.2705078125 0.482421875 0.2724609375 0.4853515625 0.27294921875 0.4873046875 0.2744140625 0.48828125 0.27734375 0.48828125 0.2783203125 0.4853515625 0.279296875 0.482421875 0.29638671875 0.4794921875 0.29931640625 0.48046875 0.30029296875 0.484375 0.30224609375 0.4853515625 0.30517578125 0.4853515625 0.30712890625 0.482421875 0.30859375 0.482421875 0.31103515625 0.482421875 0.3125 0.4794921875 0.3125 0.4609375 0.31201171875 0.4521484375 0.3095703125 0.4384765625 0.3056640625 0.423828125 0.3017578125 0.41796875 0.29931640625 0.41796875
4 0.32861328125 0.3857421875 0.32568359375 0.3916015625 0.3203125 0.3935546875 0.318359375 0.40234375 0.318359375 0.4130859375 0.3203125 0.4208984375 0.32275390625 0.423828125 0.32763671875 0.423828125 0.3310546875 0.4208984375 0.3359375 0.41796875 0.33740234375 0.4091796875 0.3359375 0.400390625 0.3330078125 0.3916015625 0.3310546875 0.38671875
5 0.3779296875 0.44140625 0.3701171875 0.439453125 0.36865234375 0.439453125 0.36962890625 0.4345703125 0.37353515625 0.4287109375 0.37548828125 0.4287109375 0.37744140625 0.4345703125 0.3779296875 0.439453125
5 0.34228515625 0.4111328125 0.33544921875 0.412109375 0.32861328125 0.4345703125 0.32470703125 0.43359375 0.3212890625 0.4375 0.32373046875 0.4404296875 0.32861328125 0.44140625 0.326171875 0.4521484375 0.326171875 0.46484375 0.32666015625 0.4794921875 0.328125 0.4892578125 0.33251953125 0.48828125 0.333984375 0.4873046875 0.337890625 0.4873046875 0.3388671875 0.482421875 0.3388671875 0.48046875 0.36474609375 0.4775390625 0.36474609375 0.4814453125 0.36669921875 0.4853515625 0.36865234375 0.484375 0.37060546875 0.482421875 0.3720703125 0.482421875 0.373046875 0.48046875 0.373046875 0.4697265625 0.373046875 0.44921875 0.37109375 0.4384765625 0.37451171875 0.4365234375 0.37451171875 0.4326171875 0.37353515625 0.4296875 0.369140625 0.4306640625 0.3671875 0.419921875 0.3642578125 0.41015625 0.36328125 0.4091796875
1 0.39404296875 0.4794921875 0.41455078125 0.4814453125 0.4326171875 0.478515625 0.44189453125 0.474609375 0.44873046875 0.470703125 0.4501953125 0.4677734375 0.44873046875 0.462890625 0.4375 0.458984375 0.42529296875 0.458984375 0.416015625 0.4619140625 0.404296875 0.46875 0.39794921875 0.4736328125
3 0.89404296875 0.505859375 0.89208984375 0.41796875 0.96826171875 0.4140625 0.96875 0.4287109375 0.9765625 0.4326171875 0.9755859375 0.4052734375 1.0 0.4111328125 1.0 0.533203125
