0 0.02734375 0.4580078125 0.1748046875 0.4560546875 0.384765625 0.4560546875 0.4619140625 0.435546875 0.54541015625 0.4404296875 0.64013671875 0.4306640625 1.0 0.4599609375 1.0 1.0 0.00048828125 1.0 0.0009765625 0.4619140625
2 0.0419921875 0.2392578125 0.08544921875 0.23828125 0.09033203125 0.2568359375 0.09326171875 0.23828125 0.10009765625 0.201171875 0.435546875 0.3671875 0.4384765625 0.4208984375 0.3291015625 0.4501953125 0.10302734375 0.4462890625 0.0400390625 0.4541015625
4 0.03857421875 0.1904296875 0.04638671875 0.1806640625 0.07763671875 0.17578125 0.10400390625 0.203125 0.10302734375 0.216796875 0.099609375 0.22265625 0.0986328125 0.232421875 0.09716796875 0.2412109375 0.09423828125 0.25390625 0.09375 0.259765625 0.09423828125 0.2626953125 0.0966796875 0.263671875 0.099609375 0.2724609375 0.10107421875 0.2763671875 0.1044921875 0.2763671875 0.11279296875 0.2744140625 0.1181640625 0.27734375 0.12060546875 0.2880859375 0.1162109375 0.30859375 0.1103515625 0.310546875 0.1044921875 0.3154296875 0.1044921875 0.318359375 0.10546875 0.3271484375 0.10400390625 0.34375 0.10400390625 0.349609375 0.10546875 0.3623046875 0.1044921875 0.3837890625 0.1015625 0.3935546875 0.09130859375 0.4091796875 0.06787109375 0.4140625 0.04248046875 0.38671875
4 0.13916015625 0.41796875 0.1259765625 0.404296875 0.12109375 0.3798828125 0.1201171875 0.373046875 0.11962890625 0.359375 0.11962890625 0.345703125 0.1240234375 0.3369140625 0.126953125 0.3271484375 0.12158203125 0.3193359375 0.12353515625 0.3037109375 0.126953125 0.2919921875 0.1328125 0.2890625 0.1416015625 0.2890625 0.14892578125 0.2802734375 0.15478515625 0.271484375 0.162109375 0.2666015625 0.169921875 0.2646484375 0.17822265625 0.265625 0.18603515625 0.2744140625 0.1923828125 0.283203125 0.19384765625 0.3095703125 0.2080078125 0.314453125 0.2138671875 0.30078125 0.2294921875 0.2939453125 0.236328125 0.3017578125 0.23876953125 0.39453125 0.22998046875 0.3984375 0.1611328125 0.416015625 0.15185546875 0.4150390625
4 0.2744140625 0.2626953125 0.306640625 0.287109375 0.3095703125 0.337890625 0.30615234375 0.3642578125 0.30078125 0.380859375 0.294921875 0.384765625 0.296875 0.390625 0.29833984375 0.40234375 0.296875 0.4072265625 0.291015625 0.404296875 0.28564453125 0.400390625 0.2822265625 0.3974609375 0.2822265625 0.435546875 0.28125 0.435546875 0.27978515625 0.400390625 0.26806640625 0.3974609375 0.26171875 0.3974609375 0.2529296875 0.3994140625 0.24609375 0.39453125 0.2421875 0.3447265625 0.2431640625 0.306640625 0.251953125 0.2802734375 0.25927734375 0.271484375
1 0.57470703125 0.501953125 0.5556640625 0.4755859375 0.56201171875 0.427734375 0.708984375 0.4052734375 1.0 0.41015625 1.0 0.4931640625 0.80615234375 0.5048828125 0.650390625 0.5087890625 0.58642578125 0.5048828125
1 0.7734375 0.5751953125 0.92529296875 0.5556640625 1.0 0.5498046875 1.0 1.0 0.93701171875 0.99609375 0.8955078125 0.9462890625 0.8349609375 0.865234375 0.71044921875 0.6884765625 0.6640625 0.6015625 0.64404296875 0.578125 0.64599609375 0.5712890625 0.68994140625 0.5625
2 0.580078125 0.0302734375 0.580078125 0.0 1.0 0.0 1.0 0.001953125 1.0 0.5107421875 0.84521484375 0.5146484375 0.80712890625 0.5009765625 0.7822265625 0.4873046875 0.68505859375 0.453125 0.6611328125 0.44921875 0.6328125 0.4423828125 0.60498046875 0.4345703125 0.58203125 0.1708984375 0.5791015625 0.0791015625
4 0.498046875 0.3505859375 0.505859375 0.3515625 0.513671875 0.3515625 0.5126953125 0.3447265625 0.5126953125 0.333984375 0.5234375 0.287109375 0.56494140625 0.2255859375 0.59619140625 0.240234375 0.6044921875 0.33984375 0.583984375 0.4306640625 0.5302734375 0.439453125 0.5029296875 0.4296875
5 0.099609375 0.423828125 0.109375 0.421875 0.11474609375 0.421875 0.11865234375 0.439453125 0.1015625 0.4482421875 0.09716796875 0.4501953125 0.0947265625 0.4375 0.0966796875 0.427734375 0.09765625 0.42578125 0.09814453125 0.42578125
5 0.12646484375 0.42578125 0.140625 0.423828125 0.1435546875 0.4443359375 0.1279296875 0.439453125 0.12548828125 0.4326171875 0.12548828125 0.4296875
4 0.4775390625 0.134765625 0.4775390625 0.1162109375 0.47998046875 0.10546875 0.478515625 0.0888671875 0.47265625 0.087890625 0.46826171875 0.060546875 0.4716796875 0.0546875 0.46728515625 0.0419921875 0.4638671875 0.0322265625 0.46484375 0.0107421875 0.470703125 0.0 0.68310546875 0.0 0.68359375 0.0 0.685546875 0.0009765625 0.68798828125 0.0068359375 0.6875 0.017578125 0.68359375 0.02734375 0.68115234375 0.0341796875 0.68212890625 0.0400390625 0.68505859375 0.041015625 0.6875 0.0341796875 0.69287109375 0.0302734375 0.697265625 0.0283203125 0.7060546875 0.017578125 0.7109375 0.0146484375 0.71630859375 0.0146484375 0.7236328125 0.01953125 0.72802734375 0.0263671875 0.72998046875 0.0419921875 0.72509765625 0.064453125 0.71826171875 0.078125 0.7119140625 0.0908203125 0.7060546875 0.1015625 0.70751953125 0.1083984375 0.71337890625 0.115234375 0.72021484375 0.115234375 0.72607421875 0.119140625 0.72998046875 0.1298828125 0.73388671875 0.140625 0.73583984375 0.158203125 0.73193359375 0.169921875 0.72314453125 0.181640625 0.71826171875 0.205078125 0.71875 0.2216796875 0.7158203125 0.23828125 0.70947265625 0.2529296875 0.68798828125 0.2705078125 0.6767578125 0.2783203125 0.66357421875 0.279296875 0.658203125 0.2880859375 0.65478515625 0.298828125 0.65087890625 0.3056640625 0.6435546875 0.318359375 0.63525390625 0.3291015625 0.62548828125 0.341796875 0.61962890625 0.3388671875 0.6103515625 0.3427734375 0.591796875 0.3466796875 0.57275390625 0.333984375 0.57080078125 0.333984375 0.5693359375 0.404296875 0.56591796875 0.404296875 0.564453125 0.3330078125 0.5556640625 0.326171875 0.5439453125 0.322265625 0.53271484375 0.3193359375 0.52734375 0.3251953125 0.51318359375 0.3251953125 0.50830078125 0.322265625 0.4921875 0.3154296875 0.48681640625 0.302734375 0.482421875 0.294921875 0.48046875 0.2880859375 0.48291015625 0.2734375 0.48828125 0.26171875 0.49365234375 0.2451171875 0.49365234375 0.23828125 0.49267578125 0.228515625 0.4892578125 0.22265625 0.4873046875 0.2177734375 0.48291015625 0.201171875 0.48291015625 0.1845703125 0.48193359375 0.16796875 0.47802734375 0.1435546875
5 0.4619140625 0.4150390625 0.4638671875 0.4228515625 0.4599609375 0.443359375 0.44921875 0.4443359375 0.44482421875 0.427734375 0.44189453125 0.4140625 0.4404296875 0.40625 0.44140625 0.4033203125 0.4462890625 0.40234375 0.45458984375 0.4033203125 0.4580078125 0.408203125
5 0.43505859375 0.416015625 0.4404296875 0.412109375 0.4462890625 0.4111328125 0.44873046875 0.4150390625 0.4501953125 0.4267578125 0.45166015625 0.4345703125 0.45166015625 0.4453125 0.44970703125 0.4482421875 0.4423828125 0.4482421875 0.4384765625 0.439453125
5 0.4208984375 0.416015625 0.4248046875 0.412109375 0.43505859375 0.41015625 0.43994140625 0.4150390625 0.44189453125 0.423828125 0.4443359375 0.4345703125 0.4443359375 0.44921875 0.44140625 0.451171875 0.43359375 0.4453125 0.4267578125 0.4345703125 0.4248046875 0.4267578125
5 0.40185546875 0.427734375 0.40966796875 0.416015625 0.416015625 0.4130859375 0.42529296875 0.4111328125 0.43017578125 0.4140625 0.43505859375 0.423828125 0.4384765625 0.42578125 0.43896484375 0.431640625 0.43896484375 0.4365234375 0.43994140625 0.4462890625 0.43798828125 0.455078125 0.41796875 0.45703125
5 0.474609375 0.408203125 0.48046875 0.412109375 0.48095703125 0.447265625 0.46630859375 0.4462890625 0.46533203125 0.451171875 0.46484375 0.453125 0.46044921875 0.4521484375 0.458984375 0.4375 0.458984375 0.4208984375 0.4619140625 0.412109375 0.46826171875 0.408203125
5 0.525390625 0.4072265625 0.533203125 0.4072265625 0.537109375 0.41015625 0.5400390625 0.42578125 0.541015625 0.4384765625 0.54150390625 0.453125 0.5390625 0.455078125 0.53662109375 0.455078125 0.53466796875 0.4482421875 0.52978515625 0.4453125
5 0.50634765625 0.42578125 0.50244140625 0.40234375 0.5205078125 0.4033203125 0.52734375 0.40625 0.5302734375 0.4140625 0.53271484375 0.42578125 0.533203125 0.439453125 0.5341796875 0.4560546875 0.5341796875 0.4609375 0.5302734375 0.4619140625 0.52880859375 0.458984375 0.5283203125 0.4560546875 0.51806640625 0.4541015625
