2 0.62939453125 0.0576171875 0.61181640625 0.0576171875 0.580078125 0.0576171875 0.568359375 0.0625 0.56103515625 0.0810546875 0.552734375 0.0986328125 0.52783203125 0.107421875 0.52587890625 0.1708984375 0.51953125 0.171875 0.51953125 0.18359375 0.5185546875 0.189453125 0.51708984375 0.2119140625 0.51708984375 0.2587890625 0.513671875 0.2626953125 0.5048828125 0.267578125 0.5068359375 0.279296875 0.49560546875 0.3125 0.490234375 0.3369140625 0.490234375 0.3720703125 0.4921875 0.4296875 0.5244140625 0.4365234375 0.5947265625 0.458984375 0.6533203125 0.4755859375 0.671875 0.4765625 0.73046875 0.505859375 0.8818359375 0.533203125 0.99853515625 0.548828125 0.998046875 0.0 0.6533203125 0.001953125 0.65087890625 0.01171875 0.64501953125 0.029296875 0.634765625 0.05859375
2 0.466796875 0.373046875 0.4638671875 0.3623046875 0.44677734375 0.3623046875 0.44287109375 0.3525390625 0.43798828125 0.33984375 0.435546875 0.3330078125 0.431640625 0.3271484375 0.42578125 0.3359375 0.42138671875 0.3271484375 0.408203125 0.2939453125 0.39404296875 0.271484375 0.3662109375 0.24609375 0.322265625 0.205078125 0.2265625 0.1083984375 0.16748046875 0.064453125 0.138671875 0.0322265625 0.11376953125 0.0 0.0 0.0009765625 0.0 0.4423828125 0.05322265625 0.44921875 0.146484375 0.4365234375 0.23388671875 0.4296875 0.29345703125 0.435546875 0.4287109375 0.4287109375 0.4912109375 0.421875 0.49072265625 0.3681640625
0 0.40869140625 0.4921875 0.42724609375 0.4775390625 0.4208984375 0.453125 0.421875 0.4404296875 0.443359375 0.4384765625 0.46142578125 0.4365234375 0.4677734375 0.427734375 0.4775390625 0.4228515625 0.49609375 0.42578125 0.50439453125 0.431640625 0.51123046875 0.4482421875 0.55712890625 0.4541015625 0.6064453125 0.4892578125 0.65869140625 0.5283203125 0.6982421875 0.52734375 0.859375 0.546875 0.99853515625 0.5576171875 0.99853515625 0.6435546875 0.98095703125 0.6474609375 0.97021484375 0.6552734375 0.97265625 0.6650390625 0.97900390625 0.673828125 0.98193359375 0.6767578125 0.9912109375 0.6826171875 0.99853515625 0.6884765625 0.998046875 0.998046875 -0.0009765625 0.9970703125 0.0 0.525390625 0.0703125 0.5234375 0.19091796875 0.52734375 0.35009765625 0.5224609375 0.3837890625 0.505859375
4 0.50927734375 0.2763671875 0.50732421875 0.279296875 0.5029296875 0.28515625 0.50146484375 0.2919921875 0.49755859375 0.2998046875 0.49365234375 0.3115234375 0.48974609375 0.32421875 0.48876953125 0.3525390625 0.48779296875 0.3701171875 0.486328125 0.380859375 0.49072265625 0.390625 0.4931640625 0.3994140625 0.49755859375 0.40625 0.5029296875 0.4052734375 0.50830078125 0.390625 0.50927734375 0.3798828125 0.51611328125 0.375 0.51806640625 0.3671875 0.51806640625 0.3330078125 0.51806640625 0.2548828125 0.51611328125 0.2587890625 0.5126953125 0.2626953125 0.509765625 0.263671875 0.5078125 0.2685546875
1 0.505859375 0.44921875 0.4951171875 0.451171875 0.49951171875 0.458984375 0.51220703125 0.4599609375 0.525390625 0.458984375 0.537109375 0.4658203125 0.5576171875 0.4609375 0.59130859375 0.474609375 0.61279296875 0.498046875 0.626953125 0.5 0.62548828125 0.5234375 0.6357421875 0.5302734375 0.66650390625 0.5419921875 0.7412109375 0.5478515625 0.79833984375 0.5576171875 0.99853515625 0.5693359375 0.99755859375 0.5380859375 0.98291015625 0.53515625 0.9638671875 0.533203125 0.908203125 0.52734375 0.876953125 0.525390625 0.8193359375 0.5078125 0.78759765625 0.4990234375 0.7607421875 0.4912109375 0.74267578125 0.4892578125 0.7197265625 0.4814453125 0.6923828125 0.474609375 0.669921875 0.466796875 0.623046875 0.4423828125 0.57421875 0.4423828125 0.525390625 0.4453125
5 0.53515625 0.4150390625 0.5234375 0.4140625 0.5185546875 0.41796875 0.515625 0.42578125 0.513671875 0.4306640625 0.51123046875 0.4384765625 0.51220703125 0.4501953125 0.51220703125 0.4560546875 0.5126953125 0.4609375 0.515625 0.4638671875 0.51708984375 0.4638671875 0.51904296875 0.46484375 0.521484375 0.46484375 0.5224609375 0.4609375 0.52783203125 0.458984375 0.544921875 0.4189453125
5 0.52978515625 0.4619140625 0.529296875 0.4501953125 0.53076171875 0.4384765625 0.54541015625 0.4189453125 0.55908203125 0.41796875 0.552734375 0.44921875 0.5517578125 0.466796875 0.544921875 0.4716796875 0.5322265625 0.46875
5 0.56787109375 0.4169921875 0.55712890625 0.419921875 0.55224609375 0.4296875 0.55126953125 0.43359375 0.5517578125 0.4375 0.54931640625 0.4443359375 0.546875 0.4560546875 0.5478515625 0.466796875 0.55126953125 0.474609375 0.55322265625 0.474609375 0.55419921875 0.46875 0.5576171875 0.4697265625 0.5576171875 0.4755859375 0.5615234375 0.4755859375 0.5634765625 0.4677734375 0.57373046875 0.4677734375 0.57958984375 0.4189453125 0.57958984375 0.416015625
5 0.60986328125 0.4033203125 0.58154296875 0.4052734375 0.57763671875 0.4140625 0.5751953125 0.427734375 0.57275390625 0.4267578125 0.57177734375 0.4296875 0.572265625 0.4384765625 0.5693359375 0.4541015625 0.5693359375 0.46875 0.5712890625 0.4775390625 0.57373046875 0.4794921875 0.576171875 0.4765625 0.580078125 0.4765625 0.58154296875 0.4814453125 0.5849609375 0.4814453125 0.5888671875 0.478515625 0.58935546875 0.4677734375 0.59375 0.42578125
5 0.60986328125 0.40625 0.59716796875 0.40234375 0.5869140625 0.40625 0.5810546875 0.443359375 0.5810546875 0.466796875 0.58154296875 0.4775390625 0.58251953125 0.4833984375 0.5849609375 0.482421875 0.58740234375 0.4794921875 0.5869140625 0.4755859375 0.591796875 0.4716796875 0.59423828125 0.4580078125 0.59814453125 0.4384765625
5 0.6181640625 0.40234375 0.60107421875 0.4033203125 0.59423828125 0.4189453125 0.5927734375 0.4296875 0.5888671875 0.4306640625 0.5859375 0.43359375 0.5859375 0.439453125 0.58984375 0.4404296875 0.587890625 0.4501953125 0.5869140625 0.455078125 0.58740234375 0.462890625 0.58935546875 0.474609375 0.58935546875 0.4833984375 0.5908203125 0.48828125 0.59521484375 0.48828125 0.5966796875 0.4921875 0.60107421875 0.4921875 0.6044921875 0.4912109375 0.60791015625 0.4833984375 0.6220703125 0.423828125 0.63818359375 0.41796875 0.63330078125 0.4033203125
5 0.64892578125 0.4130859375 0.6171875 0.4150390625 0.611328125 0.427734375 0.60888671875 0.4375 0.60595703125 0.43359375 0.6025390625 0.4375 0.60205078125 0.4423828125 0.6025390625 0.447265625 0.6044921875 0.4482421875 0.60107421875 0.45703125 0.60205078125 0.4677734375 0.60205078125 0.484375 0.6025390625 0.49609375 0.60595703125 0.4990234375 0.609375 0.498046875 0.609375 0.4921875 0.6123046875 0.4921875 0.6123046875 0.5 0.61474609375 0.5029296875 0.62109375 0.5029296875 0.623046875 0.4931640625 0.63427734375 0.4931640625 0.6474609375 0.4921875 0.64697265625 0.4990234375 0.6494140625 0.501953125 0.65380859375 0.501953125 0.6552734375 0.4951171875 0.658203125 0.49609375 0.66015625 0.5048828125 0.6650390625 0.5048828125 0.6669921875 0.4990234375 0.66796875 0.486328125 0.66845703125 0.470703125 0.66748046875 0.4501953125 0.6640625 0.4384765625 0.654296875 0.4130859375
1 0.45703125 0.4404296875 0.44482421875 0.443359375 0.42724609375 0.4423828125 0.4267578125 0.4501953125 0.4384765625 0.462890625 0.43994140625 0.47265625 0.42724609375 0.490234375 0.40185546875 0.5087890625 0.36376953125 0.541015625 0.31982421875 0.5439453125 0.24365234375 0.546875 0.0615234375 0.5380859375 0.0 0.537109375 0.00048828125 0.4580078125 0.04443359375 0.45703125 0.14501953125 0.4365234375 0.23828125 0.43359375 0.30078125 0.4091796875 0.42138671875 0.4150390625 0.46728515625 0.4228515625 0.4775390625 0.4287109375 0.4736328125 0.4384765625
3 0.44482421875 0.4365234375 0.44482421875 0.419921875 0.43701171875 0.41796875 0.42822265625 0.4150390625 0.42431640625 0.4150390625 0.42529296875 0.443359375 0.435546875 0.4404296875
5 0.02587890625 0.4052734375 0.017578125 0.392578125 -0.0009765625 0.3916015625 0.0 0.4580078125 0.02490234375 0.4541015625 0.03076171875 0.447265625 0.02880859375 0.416015625
3 0.14501953125 0.41015625 0.08740234375 0.4072265625 0.0400390625 0.408203125 0.013671875 0.40625 0.0 0.40625 0.0 0.4833984375 0.1484375 0.455078125 0.23876953125 0.4453125 0.240234375 0.412109375 0.19677734375 0.4111328125 0.17431640625 0.4111328125 0.1552734375 0.41015625
4 0.17724609375 0.470703125 0.1708984375 0.470703125 0.1640625 0.4677734375 0.15771484375 0.4697265625 0.150390625 0.4736328125 0.14501953125 0.4765625 0.13720703125 0.4775390625 0.13232421875 0.474609375 0.12353515625 0.4814453125 0.09130859375 0.4853515625 0.078125 0.501953125 0.03955078125 0.509765625 -0.0009765625 0.5166015625 0.00048828125 0.4599609375 0.02197265625 0.4609375 0.048828125 0.458984375 0.10302734375 0.4482421875 0.119140625 0.4423828125 0.1318359375 0.4365234375 0.15185546875 0.4208984375 0.1640625 0.41796875 0.177734375 0.416015625 0.19677734375 0.4111328125 0.21435546875 0.4111328125 0.21875 0.4169921875 0.236328125 0.4208984375 0.23974609375 0.439453125 0.2392578125 0.451171875 0.234375 0.4609375 0.21240234375 0.4638671875 0.189453125 0.46484375
4 0.5927734375 0.03125 0.61376953125 0.0322265625 0.61474609375 0.04296875 0.61474609375 0.0517578125 0.619140625 0.0732421875 0.62060546875 0.083984375 0.6240234375 0.0947265625 0.61669921875 0.1015625 0.6181640625 0.1181640625 0.6181640625 0.1259765625 0.6044921875 0.15234375 0.5966796875 0.134765625 0.60009765625 0.1572265625 0.58837890625 0.1572265625 0.58544921875 0.142578125 0.572265625 0.1337890625 0.5693359375 0.1162109375 0.5673828125 0.1181640625 0.5634765625 0.1298828125 0.55615234375 0.1318359375 0.54736328125 0.1328125 0.53662109375 0.1318359375 0.53173828125 0.1416015625 0.53271484375 0.1474609375 0.52978515625 0.162109375 0.5205078125 0.154296875 0.5107421875 0.1748046875 0.5107421875 0.1943359375 0.5185546875 0.203125 0.52294921875 0.2080078125 0.5234375 0.21875 0.5234375 0.23046875 0.52001953125 0.2392578125 0.51513671875 0.2451171875 0.5107421875 0.25 0.5107421875 0.259765625 0.505859375 0.2548828125 0.50146484375 0.2763671875 0.4921875 0.283203125 0.48681640625 0.2802734375 0.48681640625 0.3125 0.4833984375 0.330078125 0.47802734375 0.333984375 0.47021484375 0.330078125 0.46630859375 0.3017578125 0.46142578125 0.3037109375 0.4580078125 0.287109375 0.44970703125 0.2841796875 0.44384765625 0.2685546875 0.43701171875 0.2783203125 0.43701171875 0.2978515625 0.43115234375 0.2978515625 0.41748046875 0.2841796875 0.4189453125 0.3427734375 0.41748046875 0.3642578125 0.41162109375 0.4052734375 0.39697265625 0.4013671875 0.3984375 0.3857421875 0.39990234375 0.36328125 0.40283203125 0.3466796875 0.404296875 0.318359375 0.39892578125 0.32421875 0.39599609375 0.34375 0.39453125 0.3916015625 0.388671875 0.3935546875 0.380859375 0.388671875 0.3828125 0.3671875 0.384765625 0.318359375 0.3720703125 0.3935546875 0.37158203125 0.4072265625 0.353515625 0.4072265625 0.3388671875 0.4013671875 0.3310546875 0.396484375 0.3359375 0.359375 0.33740234375 0.33984375 0.31982421875 0.3251953125 0.30810546875 0.302734375 0.3046875 0.298828125 0.3056640625 0.3974609375 0.30078125 0.3955078125 0.29833984375 0.3037109375 0.29345703125 0.3173828125 0.2861328125 0.3154296875 0.2783203125 0.3154296875 0.271484375 0.3203125 0.26806640625 0.3251953125 0.265625 0.3720703125 0.26611328125 0.4345703125 0.2705078125 0.51171875 0.26611328125 0.517578125 0.2509765625 0.5126953125 0.2294921875 0.515625 0.2294921875 0.50390625 0.23388671875 0.423828125 0.248046875 0.189453125 0.2392578125 0.162109375 0.232421875 0.18359375 0.20849609375 0.1884765625 0.19921875 0.1611328125 0.18603515625 0.15234375 0.1806640625 0.1005859375 0.16943359375 0.0625 0.15576171875 0.08984375 0.138671875 0.0625 0.1279296875 0.087890625 0.1171875 0.064453125 0.11474609375 0.1064453125 0.11572265625 0.169921875 0.1162109375 0.2802734375 0.119140625 0.3681640625 0.12451171875 0.443359375 0.13232421875 0.484375 0.10546875 0.486328125 0.08984375 0.486328125 0.09375 0.4482421875 0.0947265625 0.388671875 0.091796875 0.2890625 0.0947265625 0.23828125 0.09521484375 0.13671875 0.09375 0.0615234375 0.080078125 0.03125 0.0751953125 0.0087890625 0.0673828125 0.0 0.61083984375 0.0009765625 0.6083984375 0.013671875
3 0.14306640625 0.4130859375 0.10986328125 0.41015625 0.06591796875 0.408203125 0.03759765625 0.408203125 0.0361328125 0.46484375 0.03662109375 0.5 0.13037109375 0.498046875 0.14794921875 0.4921875 0.14990234375 0.4677734375 0.14990234375 0.4228515625
5 0.3955078125 0.384765625 0.416015625 0.3935546875 0.4169921875 0.408203125 0.423828125 0.4150390625 0.4248046875 0.4326171875 0.4267578125 0.4443359375 0.42529296875 0.44921875 0.419921875 0.44921875 0.40283203125 0.408203125 0.39453125 0.390625
5 0.396484375 0.466796875 0.416015625 0.4599609375 0.41064453125 0.423828125 0.40478515625 0.4052734375 0.39453125 0.38671875 0.36865234375 0.3828125 0.37109375 0.40234375 0.38671875 0.44140625 0.390625 0.4697265625
5 0.35888671875 0.3984375 0.37939453125 0.3974609375 0.38818359375 0.4130859375 0.39306640625 0.4404296875 0.39404296875 0.4599609375 0.390625 0.47265625 0.38720703125 0.4814453125 0.376953125 0.48046875 0.37548828125 0.46484375 0.3701171875 0.431640625
5 0.3271484375 0.3857421875 0.2978515625 0.3857421875 0.26318359375 0.41796875 0.263671875 0.4658203125 0.31982421875 0.4775390625 0.32861328125 0.4853515625 0.3505859375 0.484375 0.36376953125 0.482421875 0.37353515625 0.4765625 0.37646484375 0.470703125 0.37841796875 0.451171875 0.3740234375 0.41796875 0.35107421875 0.390625
3 0.36767578125 0.4658203125 0.38818359375 0.4677734375 0.390625 0.474609375 0.39111328125 0.482421875 0.39111328125 0.4921875 0.38818359375 0.4931640625 0.38720703125 0.4873046875 0.384765625 0.4931640625 0.3818359375 0.4970703125 0.38037109375 0.4892578125 0.37841796875 0.4912109375 0.37744140625 0.4970703125 0.37353515625 0.49609375 0.37109375 0.4912109375 0.36767578125 0.494140625 0.3662109375 0.5068359375 0.36083984375 0.498046875 0.35986328125 0.48828125 0.3388671875 0.4853515625 0.3388671875 0.5029296875 0.33154296875 0.50390625 0.3310546875 0.4853515625 0.29541015625 0.4833984375 0.294921875 0.5 0.287109375 0.4990234375 0.28564453125 0.4833984375 0.22119140625 0.48828125 0.2138671875 0.484375 0.208984375 0.4921875 0.208984375 0.505859375 0.2041015625 0.5078125 0.20361328125 0.4931640625 0.2041015625 0.4794921875 0.21826171875 0.474609375 0.25341796875 0.474609375 0.2822265625 0.47265625 0.32666015625 0.4736328125 0.35400390625 0.47265625
3 0.06982421875 0.517578125 0.0712890625 0.4970703125 0.08203125 0.48828125 0.12158203125 0.4892578125 0.15625 0.4931640625 0.22216796875 0.4931640625 0.26513671875 0.494140625 0.3046875 0.486328125 0.3359375 0.490234375 0.3388671875 0.4990234375 0.337890625 0.5205078125 0.3330078125 0.515625 0.3271484375 0.505859375 0.3203125 0.5068359375 0.3173828125 0.521484375 0.3115234375 0.52734375 0.30712890625 0.5126953125 0.29443359375 0.51171875 0.287109375 0.5244140625 0.28662109375 0.5146484375 0.27001953125 0.5087890625 0.224609375 0.5068359375 0.224609375 0.521484375 0.2177734375 0.521484375 0.2177734375 0.5029296875 0.17041015625 0.505859375 0.14990234375 0.5009765625 0.1484375 0.521484375 0.14208984375 0.5234375 0.14111328125 0.505859375 0.0908203125 0.501953125 0.076171875 0.509765625 0.07373046875 0.5244140625
1 0.9970703125 0.6328125 0.97216796875 0.6376953125 0.95849609375 0.6484375 0.9560546875 0.6630859375 0.96044921875 0.677734375 0.96728515625 0.6904296875 0.9755859375 0.6962890625 0.98974609375 0.7001953125 0.99853515625 0.7060546875 0.99853515625 0.6396484375
