4 0.36572265625 0.021484375 0.35986328125 0.025390625 0.35009765625 0.03125 0.349609375 0.0390625 0.3515625 0.0546875 0.3486328125 0.0595703125 0.34375 0.064453125 0.34375 0.068359375 0.345703125 0.07421875 0.35009765625 0.080078125 0.361328125 0.0859375 0.36865234375 0.083984375 0.3701171875 0.05859375
2 0.54833984375 0.2119140625 0.537109375 0.2158203125 0.52880859375 0.2119140625 0.5234375 0.2119140625 0.52392578125 0.1357421875 0.5234375 0.123046875 0.51171875 0.1162109375 0.51171875 0.1005859375 0.5244140625 0.0966796875 0.52392578125 0.0810546875 0.52197265625 0.0517578125 0.50439453125 0.0419921875 0.4794921875 0.0400390625 0.47607421875 0.0 0.3642578125 0.0 0.3642578125 0.0341796875 0.36181640625 0.0771484375 0.3466796875 0.0703125 0.35107421875 0.048828125 0.3603515625 0.05078125 0.36083984375 0.0400390625 0.34521484375 0.0224609375 0.31396484375 0.0 -0.00048828125 0.0009765625 0.0 0.5107421875 0.31494140625 0.458984375 0.37744140625 0.44921875 0.4267578125 0.431640625 0.51611328125 0.408203125 0.55908203125 0.3984375 0.55712890625 0.2119140625
0 0.5302734375 0.4306640625 0.4765625 0.4189453125 0.3837890625 0.4423828125 0.34521484375 0.4521484375 0.29150390625 0.4638671875 0.2314453125 0.4765625 0.0 0.5869140625 0.0 0.99609375 0.99609375 0.9931640625 0.99658203125 0.8876953125 0.9208984375 0.794921875 0.873046875 0.69921875 0.86962890625 0.654296875 0.90087890625 0.6240234375 0.9697265625 0.611328125 0.99853515625 0.6044921875 0.998046875 0.5439453125 0.8349609375 0.5439453125 0.5771484375 0.4873046875 0.52294921875 0.4775390625 0.5146484375 0.46875 0.5322265625 0.4453125
5 0.5439453125 0.369140625 0.53173828125 0.3701171875 0.52392578125 0.3759765625 0.52978515625 0.396484375 0.533203125 0.404296875 0.537109375 0.4072265625 0.5400390625 0.4072265625 0.55224609375 0.3974609375 0.5537109375 0.38671875 0.552734375 0.369140625
5 0.50634765625 0.3701171875 0.51025390625 0.3720703125 0.521484375 0.37109375 0.52783203125 0.3720703125 0.53125 0.373046875 0.53564453125 0.3798828125 0.541015625 0.3974609375 0.5419921875 0.42578125 0.5302734375 0.43359375 0.5166015625 0.4296875 0.505859375 0.4130859375 0.4970703125 0.3828125 0.5009765625 0.3720703125
5 0.47412109375 0.380859375 0.4892578125 0.3759765625 0.5009765625 0.3798828125 0.50732421875 0.3837890625 0.5126953125 0.39453125 0.515625 0.3974609375 0.5166015625 0.4013671875 0.51611328125 0.40625 0.517578125 0.4169921875 0.517578125 0.435546875 0.51708984375 0.4423828125 0.51416015625 0.4443359375 0.51220703125 0.4423828125 0.5107421875 0.4404296875 0.50732421875 0.4404296875 0.50634765625 0.447265625 0.50341796875 0.44921875 0.50048828125 0.4482421875 0.4921875 0.4404296875 0.48388671875 0.4267578125 0.4755859375 0.4072265625
5 0.46435546875 0.380859375 0.4541015625 0.3818359375 0.44384765625 0.3818359375 0.44873046875 0.4091796875 0.4541015625 0.4326171875 0.46044921875 0.453125 0.46923828125 0.4638671875 0.47216796875 0.46484375 0.47509765625 0.4638671875 0.47607421875 0.458984375 0.4765625 0.451171875 0.4794921875 0.451171875 0.47998046875 0.45703125 0.4833984375 0.4599609375 0.48779296875 0.458984375 0.4912109375 0.455078125 0.48974609375 0.4326171875 0.48828125 0.4189453125 0.484375 0.412109375 0.4873046875 0.408203125 0.486328125 0.4033203125 0.48291015625 0.4013671875 0.48046875 0.400390625 0.47412109375 0.3876953125 0.46923828125 0.3818359375
5 0.435546875 0.3740234375 0.41943359375 0.3740234375 0.4072265625 0.3740234375 0.40087890625 0.3759765625 0.39404296875 0.396484375 0.38916015625 0.4169921875 0.38720703125 0.44140625 0.3876953125 0.458984375 0.38818359375 0.474609375 0.39306640625 0.48046875 0.39697265625 0.4775390625 0.3984375 0.4697265625 0.40283203125 0.46875 0.4052734375 0.4736328125 0.40869140625 0.4736328125 0.412109375 0.46875 0.4345703125 0.46875 0.4365234375 0.4775390625 0.44287109375 0.4814453125 0.4482421875 0.48046875 0.453125 0.443359375 0.453125 0.4013671875 0.44775390625 0.384765625 0.44189453125 0.3759765625
2 0.55224609375 0.19140625 0.55224609375 0.1669921875 0.5419921875 0.158203125 0.53515625 0.150390625 0.53466796875 0.1279296875 0.53515625 0.08203125 0.5341796875 0.0009765625 0.99853515625 0.0 0.99755859375 0.4912109375 0.8076171875 0.4931640625 0.732421875 0.4951171875 0.5478515625 0.46484375 0.55419921875 0.408203125 0.55517578125 0.2978515625 0.55419921875 0.26953125 0.55224609375 0.1982421875
1 0.50830078125 0.4912109375 0.4951171875 0.482421875 0.5029296875 0.4658203125 0.51025390625 0.451171875 0.5263671875 0.435546875 0.54150390625 0.42578125 0.55029296875 0.4267578125 0.556640625 0.43359375 0.72265625 0.46875 0.7744140625 0.4736328125 0.99755859375 0.466796875 0.998046875 0.525390625 0.857421875 0.533203125 0.7900390625 0.54296875 0.74169921875 0.54296875 0.51953125 0.498046875
5 0.6376953125 0.3779296875 0.6142578125 0.380859375 0.58740234375 0.380859375 0.57568359375 0.3876953125 0.56787109375 0.392578125 0.55810546875 0.4072265625 0.548828125 0.423828125 0.5419921875 0.435546875 0.53369140625 0.4462890625 0.52685546875 0.4609375 0.52294921875 0.478515625 0.517578125 0.4921875 0.515625 0.5 0.51513671875 0.5146484375 0.5107421875 0.55078125 0.51171875 0.58984375 0.51220703125 0.60546875 0.51123046875 0.6201171875 0.51220703125 0.6337890625 0.51611328125 0.6630859375 0.51953125 0.6796875 0.53125 0.6875 0.5419921875 0.685546875 0.5478515625 0.666015625 0.54931640625 0.642578125 0.5576171875 0.646484375 0.5673828125 0.646484375 0.57861328125 0.650390625 0.59375 0.65234375 0.62939453125 0.6513671875 0.67333984375 0.658203125 0.67822265625 0.6884765625 0.6865234375 0.69140625 0.7021484375 0.6904296875 0.70849609375 0.654296875 0.70849609375 0.6337890625 0.712890625 0.6298828125 0.71630859375 0.634765625 0.72900390625 0.6357421875 0.7373046875 0.630859375 0.73974609375 0.609375 0.7431640625 0.5771484375 0.74072265625 0.560546875 0.73779296875 0.5380859375 0.7373046875 0.5205078125 0.7373046875 0.5078125 0.73486328125 0.4970703125 0.73388671875 0.482421875 0.734375 0.46875 0.72998046875 0.458984375 0.7236328125 0.458984375 0.71826171875 0.4404296875 0.7041015625 0.40625 0.6953125 0.3876953125 0.68359375 0.3837890625 0.66162109375 0.37890625 0.6455078125 0.3779296875
4 0.19677734375 0.1904296875 0.19287109375 0.1767578125 0.18408203125 0.173828125 0.1826171875 0.1611328125 0.18505859375 0.1513671875 0.185546875 0.138671875 0.18310546875 0.134765625 0.18212890625 0.1328125 0.1806640625 0.1201171875 0.1796875 0.1142578125 0.1767578125 0.1044921875 0.1806640625 0.095703125 0.1845703125 0.0869140625 0.18505859375 0.076171875 0.1875 0.0537109375 0.18505859375 0.044921875 0.1787109375 0.0419921875 0.17333984375 0.0400390625 0.169921875 0.0439453125 0.16650390625 0.033203125 0.1611328125 0.0283203125 0.1611328125 0.0322265625 0.16015625 0.03515625 0.15869140625 0.046875 0.15673828125 0.0517578125 0.15283203125 0.0576171875 0.14892578125 0.0625 0.142578125 0.0595703125 0.13720703125 0.060546875 0.134765625 0.06640625 0.13037109375 0.0751953125 0.125 0.0771484375 0.123046875 0.07421875 0.123046875 0.0654296875 0.1240234375 0.05859375 0.12451171875 0.0517578125 0.12255859375 0.0341796875 0.126953125 0.0283203125 0.12548828125 0.0224609375 0.12060546875 0.013671875 0.1171875 0.0087890625 0.1142578125 0.013671875 0.111328125 0.0185546875 0.109375 0.013671875 0.107421875 0.0048828125 0.10205078125 0.001953125 0.1005859375 0.0087890625 0.09619140625 0.01171875 0.08984375 0.0078125 0.08447265625 0.0 0.044921875 0.001953125 0.037109375 0.0029296875 0.03271484375 0.0029296875 0.03173828125 0.0029296875 0.03076171875 0.0087890625 0.025390625 0.017578125 0.021484375 0.0205078125 0.01806640625 0.0234375 0.01611328125 0.0244140625 0.013671875 0.0244140625 0.00732421875 0.017578125 0.0029296875 0.0087890625 -0.00048828125 0.00390625 0.0 0.3017578125 0.1611328125 0.3193359375 0.173828125 0.3056640625 0.169921875 0.2861328125 0.1708984375 0.27734375 0.17529296875 0.2626953125 0.17578125 0.24609375 0.18212890625 0.236328125 0.18310546875 0.232421875 0.1865234375 0.2255859375 0.1962890625 0.21484375 0.1962890625 0.205078125
5 0.27197265625 0.6162109375 0.27392578125 0.5859375 0.2763671875 0.548828125 0.275390625 0.5234375 0.2744140625 0.4970703125 0.267578125 0.47265625 0.26220703125 0.4599609375 0.26318359375 0.455078125 0.2685546875 0.4521484375 0.27099609375 0.443359375 0.27197265625 0.431640625 0.26513671875 0.4248046875 0.25830078125 0.419921875 0.25146484375 0.4169921875 0.24755859375 0.408203125 0.23974609375 0.3857421875 0.23046875 0.353515625 0.22509765625 0.3408203125 0.21826171875 0.33203125 0.2060546875 0.3154296875 0.1796875 0.2958984375 0.146484375 0.287109375 0.13427734375 0.287109375 0.12841796875 0.291015625 0.09912109375 0.28515625 0.05859375 0.28125 0.03857421875 0.2822265625 0.021484375 0.283203125 0.01171875 0.2822265625 0.0048828125 0.2861328125 0.0 0.2841796875 0.00048828125 0.6982421875 0.0146484375 0.677734375 0.017578125 0.6591796875 0.0341796875 0.65234375 0.03955078125 0.6484375 0.04833984375 0.6513671875 0.06787109375 0.6513671875 0.07373046875 0.6484375 0.07421875 0.6455078125 0.0908203125 0.646484375 0.10888671875 0.650390625 0.1318359375 0.6533203125 0.14697265625 0.6572265625 0.162109375 0.65625 0.1650390625 0.673828125 0.169921875 0.6904296875 0.17333984375 0.6943359375 0.19677734375 0.69140625 0.2041015625 0.6630859375 0.20654296875 0.6318359375 0.22314453125 0.619140625 0.2373046875 0.611328125 0.2451171875 0.609375 0.24609375 0.626953125 0.2490234375 0.6298828125 0.26220703125 0.6318359375 0.27001953125 0.6240234375
1 0.91845703125 0.8701171875 0.88623046875 0.8251953125 0.8603515625 0.77734375 0.83544921875 0.7392578125 0.828125 0.71484375 0.826171875 0.69921875 0.8251953125 0.67578125 0.83349609375 0.646484375 0.85888671875 0.623046875 0.912109375 0.6064453125 0.94384765625 0.6005859375 0.99462890625 0.587890625 0.998046875 0.58984375 0.998046875 0.9736328125 0.96630859375 0.9287109375 0.93359375 0.8876953125
