2 0.8212890625 0.341796875 0.81298828125 0.3427734375 0.8037109375 0.3408203125 0.8017578125 0.3349609375 0.79296875 0.32421875 0.78125 0.326171875 0.77587890625 0.3212890625 0.76611328125 0.3056640625 0.76025390625 0.3056640625 0.7470703125 0.3076171875 0.74560546875 0.29296875 0.7353515625 0.271484375 0.728515625 0.2529296875 0.72021484375 0.2431640625 0.71044921875 0.23046875 0.70166015625 0.232421875 0.693359375 0.2314453125 0.69921875 0.4404296875 0.7421875 0.4404296875 0.77099609375 0.4287109375 0.79443359375 0.423828125 0.81005859375 0.4267578125 0.83056640625 0.44921875 0.85595703125 0.4716796875 0.8564453125 0.3818359375 0.84912109375 0.28125 0.84521484375 0.2314453125 0.8369140625 0.2294921875 0.83447265625 0.259765625 0.83349609375 0.3037109375 0.82861328125 0.318359375 0.828125 0.34375
4 0.7158203125 0.2880859375 0.6982421875 0.28515625 0.6962890625 0.3603515625 0.70556640625 0.3759765625 0.7265625 0.375 0.7392578125 0.3720703125 0.7392578125 0.3603515625 0.74169921875 0.349609375 0.7421875 0.3359375 0.73974609375 0.322265625 0.736328125 0.30078125 0.724609375 0.2978515625
2 0.705078125 0.1962890625 0.70361328125 0.150390625 0.6982421875 0.14453125 0.6923828125 0.123046875 0.67578125 0.125 0.66943359375 0.11328125 0.66064453125 0.1103515625 0.65576171875 0.0908203125 0.65087890625 0.0810546875 0.64306640625 0.076171875 0.64111328125 0.068359375 0.630859375 0.0576171875 0.62158203125 0.033203125 0.619140625 0.0126953125 0.61279296875 0.0029296875 0.6083984375 0.0 0.00048828125 0.0009765625 -0.0009765625 0.5498046875 0.14208984375 0.5302734375 0.29052734375 0.501953125 0.37890625 0.5029296875 0.4638671875 0.4794921875 0.5703125 0.4736328125 0.62890625 0.4541015625 0.6767578125 0.447265625 0.71435546875 0.443359375 0.7177734375 0.4248046875 0.7177734375 0.3837890625 0.7177734375 0.3583984375 0.71484375 0.3505859375 0.70947265625 0.333984375 0.7041015625 0.328125 0.70654296875 0.2470703125 0.7080078125 0.2255859375 0.70556640625 0.20703125
2 0.84228515625 0.2041015625 0.84375 0.181640625 0.84423828125 0.1552734375 0.84619140625 0.1357421875 0.8486328125 0.099609375 0.85546875 0.0947265625 0.857421875 0.0 0.998046875 0.0 0.998046875 0.5791015625 0.93310546875 0.5400390625 0.88427734375 0.4921875 0.8515625 0.466796875 0.8330078125 0.439453125 0.8291015625 0.4013671875 0.84033203125 0.3359375 0.84228515625 0.2744140625 0.8388671875 0.2255859375 0.83740234375 0.212890625 0.8427734375 0.2119140625
0 0.8115234375 0.412109375 0.7900390625 0.4111328125 0.77685546875 0.4150390625 0.75390625 0.42578125 0.72119140625 0.439453125 0.67431640625 0.4404296875 0.64208984375 0.451171875 0.607421875 0.453125 0.58251953125 0.4560546875 0.53759765625 0.4619140625 0.451171875 0.486328125 0.4228515625 0.48046875 0.2685546875 0.5107421875 0.07421875 0.5361328125 -0.0009765625 0.552734375 -0.0009765625 0.9970703125 0.99755859375 0.998046875 0.99853515625 0.654296875 0.87353515625 0.572265625 0.83935546875 0.5380859375 0.8310546875 0.4765625 0.83203125 0.4375 0.82275390625 0.4189453125
5 0.7744140625 0.419921875 0.7666015625 0.419921875 0.76513671875 0.4384765625 0.77001953125 0.4365234375 0.77392578125 0.4375 0.775390625 0.4375 0.7744140625 0.4267578125
5 0.8193359375 0.416015625 0.806640625 0.4140625 0.79736328125 0.4150390625 0.79541015625 0.42578125 0.80517578125 0.4375 0.8134765625 0.46875 0.81689453125 0.4736328125 0.82080078125 0.47265625 0.82177734375 0.4609375 0.82275390625 0.451171875 0.8232421875 0.4375 0.822265625 0.4228515625
5 0.74267578125 0.4248046875 0.73583984375 0.4228515625 0.734375 0.427734375 0.73583984375 0.4384765625 0.736328125 0.443359375 0.73828125 0.4462890625 0.740234375 0.447265625 0.74267578125 0.4462890625 0.744140625 0.4384765625
5 0.734375 0.4267578125 0.72998046875 0.4267578125 0.72998046875 0.439453125 0.73193359375 0.4453125 0.73388671875 0.4462890625 0.73583984375 0.4482421875 0.73828125 0.447265625 0.73876953125 0.4384765625 0.73876953125 0.431640625 0.73681640625 0.4267578125
5 0.72509765625 0.421875 0.71826171875 0.421875 0.7158203125 0.4248046875 0.7138671875 0.4306640625 0.71337890625 0.4423828125 0.71337890625 0.44921875 0.71484375 0.453125 0.71630859375 0.45703125 0.71923828125 0.4599609375 0.7255859375 0.45703125 0.72900390625 0.4580078125 0.73193359375 0.4609375 0.734375 0.44921875 0.734375 0.4345703125 0.73095703125 0.421875
5 0.697265625 0.4130859375 0.68310546875 0.4111328125 0.67919921875 0.416015625 0.67529296875 0.4296875 0.67529296875 0.4453125 0.67822265625 0.4501953125 0.68017578125 0.455078125 0.68603515625 0.4599609375 0.6953125 0.455078125 0.69677734375 0.4375 0.69970703125 0.42578125
5 0.7119140625 0.4150390625 0.703125 0.4169921875 0.69677734375 0.4189453125 0.69140625 0.4306640625 0.6904296875 0.435546875 0.6904296875 0.4482421875 0.69091796875 0.458984375 0.69140625 0.4638671875 0.69677734375 0.4638671875 0.70068359375 0.4609375 0.71044921875 0.4609375 0.716796875 0.4638671875 0.7197265625 0.4619140625 0.72021484375 0.4521484375 0.72021484375 0.447265625 0.72021484375 0.4404296875 0.71923828125 0.431640625 0.716796875 0.423828125 0.71435546875 0.4208984375
5 0.67333984375 0.4208984375 0.66650390625 0.4208984375 0.66259765625 0.4228515625 0.658203125 0.4306640625 0.66455078125 0.4384765625 0.66455078125 0.451171875 0.666015625 0.458984375 0.66943359375 0.4599609375 0.67236328125 0.4609375 0.6767578125 0.462890625 0.68017578125 0.4599609375 0.68212890625 0.4501953125 0.6806640625 0.4384765625 0.677734375 0.4287109375
5 0.65966796875 0.4228515625 0.64892578125 0.4267578125 0.65283203125 0.447265625 0.6552734375 0.455078125 0.65576171875 0.462890625 0.66015625 0.466796875 0.6640625 0.466796875 0.6689453125 0.4658203125 0.669921875 0.4560546875 0.669921875 0.4453125 0.6669921875 0.4326171875 0.6640625 0.423828125
1 0.8134765625 0.521484375 0.81689453125 0.4951171875 0.8203125 0.451171875 0.82275390625 0.4423828125 0.8349609375 0.4462890625 0.85888671875 0.4462890625 0.8671875 0.4462890625 0.88037109375 0.4560546875 0.9140625 0.4921875 0.939453125 0.5126953125 0.9716796875 0.5361328125 0.99853515625 0.556640625 0.99755859375 0.6748046875 0.923828125 0.6376953125 0.84326171875 0.5869140625 0.81689453125 0.560546875 0.80810546875 0.5498046875 0.810546875 0.5322265625
5 0.79345703125 0.4169921875 0.783203125 0.41796875 0.77880859375 0.435546875 0.775390625 0.4599609375 0.77490234375 0.4736328125 0.77587890625 0.48828125 0.7802734375 0.48828125 0.78466796875 0.4873046875 0.7861328125 0.48046875 0.80810546875 0.4794921875 0.8095703125 0.484375 0.8134765625 0.4892578125 0.8173828125 0.4853515625 0.81787109375 0.4736328125 0.81884765625 0.46484375 0.8173828125 0.4453125 0.81494140625 0.43359375 0.80859375 0.4189453125
1 0.63037109375 0.4716796875 0.58349609375 0.4853515625 0.5419921875 0.4970703125 0.39697265625 0.509765625 0.271484375 0.525390625 0.11474609375 0.552734375 -0.0009765625 0.5732421875 0.0 0.53125 0.017578125 0.52734375 0.06982421875 0.521484375 0.10205078125 0.5185546875 0.150390625 0.5107421875 0.21923828125 0.50390625 0.26513671875 0.4951171875 0.3037109375 0.4853515625 0.3427734375 0.4775390625 0.35693359375 0.470703125 0.36962890625 0.4794921875 0.3828125 0.486328125 0.41015625 0.482421875 0.44921875 0.4716796875 0.5576171875 0.466796875 0.5869140625 0.4609375 0.60302734375 0.45703125 0.619140625 0.4599609375
5 0.61181640625 0.4208984375 0.59765625 0.41796875 0.59033203125 0.42578125 0.59423828125 0.4599609375 0.59423828125 0.470703125 0.60107421875 0.4697265625 0.607421875 0.466796875 0.609375 0.466796875 0.6123046875 0.4521484375 0.6142578125 0.4423828125 0.61767578125 0.43359375 0.6181640625 0.42578125 0.61474609375 0.419921875
5 0.646484375 0.4189453125 0.634765625 0.41796875 0.62353515625 0.416015625 0.61572265625 0.42578125 0.61279296875 0.431640625 0.607421875 0.4326171875 0.60888671875 0.4384765625 0.60595703125 0.447265625 0.6044921875 0.45703125 0.60498046875 0.4638671875 0.60595703125 0.4716796875 0.60546875 0.4775390625 0.61328125 0.4814453125 0.6162109375 0.478515625 0.6201171875 0.48046875 0.625 0.4814453125 0.626953125 0.4775390625 0.63623046875 0.4736328125 0.6376953125 0.478515625 0.640625 0.4814453125 0.646484375 0.4794921875 0.64697265625 0.4736328125 0.6484375 0.4775390625 0.65087890625 0.478515625 0.6552734375 0.478515625 0.65576171875 0.4755859375 0.658203125 0.45703125 0.658203125 0.44140625 0.65576171875 0.4326171875 0.65185546875 0.419921875
5 0.587890625 0.41015625 0.5732421875 0.4111328125 0.56591796875 0.412109375 0.56103515625 0.412109375 0.5576171875 0.421875 0.5546875 0.4306640625 0.5498046875 0.4423828125 0.5478515625 0.4580078125 0.54736328125 0.46484375 0.54736328125 0.474609375 0.55029296875 0.48046875 0.5556640625 0.4814453125 0.55810546875 0.478515625 0.56103515625 0.4775390625 0.564453125 0.478515625 0.5673828125 0.478515625 0.5712890625 0.47265625 0.57763671875 0.47265625 0.5791015625 0.4775390625 0.58447265625 0.4794921875 0.5888671875 0.4765625 0.59326171875 0.478515625 0.59716796875 0.4755859375 0.5986328125 0.46484375 0.5986328125 0.447265625 0.59814453125 0.4296875 0.59375 0.4140625 0.5908203125 0.41015625
5 0.541015625 0.42578125 0.53466796875 0.41015625 0.52490234375 0.4052734375 0.501953125 0.4052734375 0.484375 0.40625 0.4775390625 0.4130859375 0.46630859375 0.427734375 0.4609375 0.4365234375 0.45703125 0.4423828125 0.45751953125 0.4521484375 0.45166015625 0.4560546875 0.44970703125 0.46875 0.4501953125 0.4990234375 0.4521484375 0.5126953125 0.45703125 0.51953125 0.462890625 0.5166015625 0.46875 0.5068359375 0.484375 0.51171875 0.49365234375 0.51171875 0.50341796875 0.509765625 0.5068359375 0.5146484375 0.51171875 0.5185546875 0.51806640625 0.5166015625 0.52197265625 0.5087890625 0.53173828125 0.501953125 0.533203125 0.509765625 0.53955078125 0.5107421875 0.54296875 0.5048828125 0.544921875 0.4931640625 0.5458984375 0.4853515625 0.544921875 0.455078125 0.54296875 0.4365234375
