4 0.51708984375 0.2607421875 0.52294921875 0.25390625 0.5283203125 0.263671875 0.53466796875 0.2744140625 0.541015625 0.267578125 0.5458984375 0.26953125 0.55029296875 0.2724609375 0.5625 0.26953125 0.56298828125 0.4287109375 0.5107421875 0.4287109375 0.51171875 0.37890625 0.51318359375 0.3056640625 0.5087890625 0.28515625 0.50732421875 0.265625 0.5078125 0.2587890625
2 0.50390625 0.4169921875 0.52099609375 0.4169921875 0.5205078125 0.27734375 0.51416015625 0.275390625 0.51513671875 0.2529296875 0.5078125 0.248046875 0.50146484375 0.2529296875 0.494140625 0.2568359375
2 0.4296875 0.1923828125 0.41748046875 0.193359375 0.41015625 0.1806640625 0.3974609375 0.15234375 0.3408203125 0.123046875 0.3388671875 0.2138671875 0.33935546875 0.333984375 0.439453125 0.3359375 0.44140625 0.3056640625 0.43994140625 0.2294921875 0.43408203125 0.2158203125 0.43310546875 0.2001953125
4 0.49853515625 0.234375 0.49365234375 0.232421875 0.49169921875 0.232421875 0.4892578125 0.23046875 0.48681640625 0.232421875 0.48388671875 0.2275390625 0.482421875 0.22265625 0.47998046875 0.224609375 0.47705078125 0.2216796875 0.47412109375 0.2197265625 0.4716796875 0.216796875 0.466796875 0.220703125 0.46044921875 0.2265625 0.45361328125 0.232421875 0.45166015625 0.21875 0.44970703125 0.21484375 0.4453125 0.21484375 0.4375 0.21484375 0.4306640625 0.21484375 0.427734375 0.2138671875 0.42529296875 0.2138671875 0.4189453125 0.2138671875 0.4169921875 0.21484375 0.4130859375 0.21484375 0.40771484375 0.2138671875 0.404296875 0.208984375 0.4013671875 0.1982421875 0.39990234375 0.193359375 0.396484375 0.1865234375 0.39306640625 0.1865234375 0.38720703125 0.1875 0.38134765625 0.197265625 0.37939453125 0.2060546875 0.375 0.22265625 0.36962890625 0.232421875 0.3681640625 0.240234375 0.3681640625 0.2568359375 0.36767578125 0.271484375 0.36572265625 0.2861328125 0.36962890625 0.296875 0.3779296875 0.3076171875 0.416015625 0.3125 0.42626953125 0.3173828125 0.44970703125 0.3193359375 0.4599609375 0.341796875 0.4599609375 0.369140625 0.4609375 0.3896484375 0.466796875 0.4189453125 0.47216796875 0.4267578125 0.48681640625 0.4287109375 0.49951171875 0.423828125 0.51220703125 0.4208984375 0.5185546875 0.4150390625 0.517578125 0.40625 0.515625 0.396484375 0.50927734375 0.3837890625 0.50732421875 0.3740234375 0.50830078125 0.35546875 0.50927734375 0.328125 0.50732421875 0.310546875 0.51171875 0.3056640625 0.5126953125 0.2978515625 0.5126953125 0.2880859375 0.5107421875 0.2802734375 0.5068359375 0.2734375 0.50439453125 0.2587890625 0.501953125 0.2529296875 0.4990234375 0.248046875 0.49951171875 0.244140625
2 0.55908203125 0.314453125 0.5595703125 0.2724609375 0.5595703125 0.259765625 0.56201171875 0.25 0.56103515625 0.2431640625 0.56103515625 0.236328125 0.56201171875 0.2333984375 0.56201171875 0.23046875 0.56298828125 0.2236328125 0.5634765625 0.2177734375 0.5654296875 0.2109375 0.56787109375 0.208984375 0.5673828125 0.1982421875 0.5693359375 0.193359375 0.56982421875 0.1875 0.5693359375 0.1611328125 0.5732421875 0.1435546875 0.57958984375 0.1240234375 0.6552734375 0.123046875 0.65087890625 0.330078125 0.55810546875 0.3427734375
0 0.48828125 0.439453125 0.46826171875 0.4326171875 0.44189453125 0.4404296875 0.42041015625 0.4443359375 0.40771484375 0.4462890625 0.40234375 0.4453125 0.38623046875 0.4521484375 0.34716796875 0.4638671875 0.33154296875 0.4658203125 0.26953125 0.4892578125 0.1884765625 0.5126953125 -0.0009765625 0.5498046875 -0.0009765625 0.9970703125 0.998046875 0.998046875 0.99853515625 0.66796875 0.72802734375 0.5126953125 0.65625 0.4833984375 0.63720703125 0.46875 0.662109375 0.4599609375 0.6572265625 0.4453125 0.646484375 0.4384765625 0.64404296875 0.4443359375 0.6240234375 0.4443359375 0.60693359375 0.4453125 0.5927734375 0.4453125 0.578125 0.44140625 0.5615234375 0.431640625 0.5185546875 0.43359375
1 0.47412109375 0.4423828125 0.462890625 0.4462890625 0.43212890625 0.447265625 0.41650390625 0.4462890625 0.41162109375 0.447265625 0.4140625 0.443359375 0.42236328125 0.44140625 0.43212890625 0.4365234375 0.43896484375 0.4365234375 0.44970703125 0.43359375 0.46337890625 0.431640625 0.47314453125 0.427734375 0.47802734375 0.4267578125 0.48193359375 0.427734375 0.48291015625 0.4326171875 0.478515625 0.4384765625
1 0.60986328125 0.44921875 0.5732421875 0.4482421875 0.560546875 0.44921875 0.5556640625 0.431640625 0.56103515625 0.4267578125 0.56591796875 0.4296875 0.57861328125 0.4345703125 0.58935546875 0.439453125 0.603515625 0.443359375 0.6171875 0.443359375 0.625 0.443359375 0.626953125 0.447265625 0.62158203125 0.4501953125 0.6142578125 0.4501953125
1 0.61572265625 0.4609375 0.60888671875 0.466796875 0.60595703125 0.466796875 0.6044921875 0.46875 0.60546875 0.47265625 0.6123046875 0.4775390625 0.64501953125 0.5 0.6572265625 0.5078125 0.6689453125 0.5068359375 0.6806640625 0.470703125 0.66552734375 0.4599609375 0.65576171875 0.45703125 0.64892578125 0.45703125 0.6416015625 0.4619140625 0.63232421875 0.4599609375 0.62060546875 0.4609375
5 0.49560546875 0.4150390625 0.48876953125 0.4150390625 0.48388671875 0.4150390625 0.4814453125 0.4150390625 0.47900390625 0.41796875 0.47802734375 0.4228515625 0.47705078125 0.4296875 0.47705078125 0.4375 0.47802734375 0.4453125 0.48095703125 0.4482421875 0.48486328125 0.44921875 0.48486328125 0.4453125 0.48974609375 0.4443359375 0.490234375 0.4423828125 0.49267578125 0.427734375 0.4951171875 0.41796875
4 0.58642578125 0.0927734375 0.58154296875 0.0986328125 0.576171875 0.10546875 0.57421875 0.1123046875 0.57421875 0.130859375 0.57568359375 0.1396484375 0.5751953125 0.154296875 0.57470703125 0.1640625 0.578125 0.1689453125 0.58203125 0.17578125 0.583984375 0.1845703125 0.58740234375 0.1943359375 0.59228515625 0.1982421875 0.5927734375 0.205078125 0.59326171875 0.2158203125 0.59130859375 0.228515625 0.58935546875 0.236328125 0.5869140625 0.24609375 0.58642578125 0.2548828125 0.58740234375 0.2587890625 0.58740234375 0.2666015625 0.58740234375 0.2783203125 0.5869140625 0.2880859375 0.58984375 0.296875 0.58984375 0.3046875 0.58740234375 0.3134765625 0.5927734375 0.3203125 0.59326171875 0.3251953125 0.58984375 0.33203125 0.58837890625 0.341796875 0.58984375 0.3466796875 0.5947265625 0.3486328125 0.59765625 0.3505859375 0.6044921875 0.34765625 0.61181640625 0.3544921875 0.61865234375 0.3671875 0.62255859375 0.3828125 0.6318359375 0.3857421875 0.6357421875 0.3896484375 0.64599609375 0.388671875 0.64990234375 0.3857421875 0.65625 0.3798828125 0.65966796875 0.3544921875 0.65966796875 0.0126953125 0.65283203125 0.0048828125 0.64404296875 0.0029296875 0.6416015625 0.0029296875 0.63427734375 0.005859375 0.62939453125 0.0048828125 0.62451171875 0.0078125 0.623046875 0.021484375 0.62158203125 0.03125 0.61865234375 0.037109375 0.61669921875 0.041015625 0.61376953125 0.0419921875 0.60888671875 0.04296875 0.60498046875 0.048828125 0.60400390625 0.056640625 0.60302734375 0.064453125 0.59765625 0.0703125 0.59375 0.07421875 0.59326171875 0.078125 0.591796875 0.0859375 0.59033203125 0.0869140625
4 0.380859375 0.177734375 0.37646484375 0.1650390625 0.3759765625 0.15625 0.376953125 0.1455078125 0.37451171875 0.1416015625 0.369140625 0.1337890625 0.35986328125 0.1279296875 0.3544921875 0.1259765625 0.35791015625 0.10546875 0.353515625 0.0927734375 0.34912109375 0.083984375 0.34521484375 0.0693359375 0.345703125 0.0595703125 0.33984375 0.0439453125 0.33740234375 0.03515625 0.3388671875 0.0224609375 0.3388671875 0.009765625 0.33935546875 0.0 0.31689453125 0.0 0.31640625 0.10546875 0.314453125 0.369140625 0.32958984375 0.36328125 0.33544921875 0.3583984375 0.3408203125 0.365234375 0.34765625 0.3740234375 0.35400390625 0.373046875 0.3623046875 0.3798828125 0.36669921875 0.392578125 0.37548828125 0.3916015625 0.38427734375 0.38671875 0.39013671875 0.380859375 0.396484375 0.380859375 0.40234375 0.3798828125 0.40576171875 0.3759765625 0.4072265625 0.37109375 0.408203125 0.3642578125 0.41015625 0.357421875 0.419921875 0.3505859375 0.42333984375 0.33984375 0.42578125 0.33203125 0.4267578125 0.3271484375 0.427734375 0.3193359375 0.4287109375 0.3095703125 0.4287109375 0.3017578125 0.42138671875 0.2900390625 0.41162109375 0.287109375 0.40234375 0.2900390625 0.39208984375 0.2900390625 0.38623046875 0.2900390625 0.37548828125 0.291015625 0.3642578125 0.294921875 0.36083984375 0.2919921875 0.36181640625 0.279296875 0.3642578125 0.265625 0.369140625 0.251953125 0.3720703125 0.2431640625 0.37255859375 0.234375 0.37158203125 0.2275390625 0.375 0.212890625 0.3779296875 0.20703125 0.3798828125 0.197265625 0.3798828125 0.1884765625 0.37939453125 0.1826171875
2 0.654296875 0.0869140625 0.65478515625 0.001953125 0.99853515625 0.0 0.998046875 0.630859375 0.80810546875 0.5361328125 0.66845703125 0.458984375 0.65771484375 0.4599609375 0.65283203125 0.45703125 0.6533203125 0.42578125 0.65478515625 0.392578125 0.65283203125 0.3759765625 0.6474609375 0.3759765625 0.64794921875 0.3603515625 0.6533203125 0.3525390625 0.64990234375 0.345703125 0.650390625 0.3349609375 0.65234375 0.3212890625 0.654296875 0.3076171875 0.654296875 0.29296875 0.654296875 0.27734375 0.654296875 0.2548828125 0.65478515625 0.2412109375 0.65478515625 0.228515625 0.65478515625 0.21484375 0.654296875 0.1923828125 0.654296875 0.16015625
2 0.32275390625 0.1552734375 0.3232421875 0.09375 0.32177734375 0.0 0.0 0.0009765625 0.0 0.5400390625 0.080078125 0.5166015625 0.18701171875 0.5 0.2333984375 0.48828125 0.287109375 0.46875 0.3251953125 0.458984375 0.32421875 0.4150390625 0.3232421875 0.31640625 0.32470703125 0.2880859375 0.32373046875 0.267578125 0.32275390625 0.1748046875
5 0.400390625 0.419921875 0.39111328125 0.4189453125 0.38818359375 0.419921875 0.39013671875 0.4365234375 0.3916015625 0.451171875 0.39404296875 0.4677734375 0.39501953125 0.4716796875 0.39990234375 0.4697265625 0.40087890625 0.4755859375 0.40478515625 0.474609375 0.40771484375 0.47265625 0.4111328125 0.470703125 0.41162109375 0.4619140625 0.412109375 0.451171875 0.4111328125 0.44140625 0.40966796875 0.4375 0.40869140625 0.4296875 0.40673828125 0.42578125 0.40478515625 0.421875 0.40283203125 0.419921875
5 0.38134765625 0.412109375 0.3857421875 0.4140625 0.388671875 0.419921875 0.39208984375 0.427734375 0.39501953125 0.427734375 0.39501953125 0.435546875 0.3955078125 0.447265625 0.396484375 0.4658203125 0.396484375 0.470703125 0.39501953125 0.4736328125 0.3916015625 0.4736328125 0.39013671875 0.4765625 0.3876953125 0.4765625 0.38427734375 0.4482421875 0.3798828125 0.427734375 0.3759765625 0.4150390625
5 0.36572265625 0.41015625 0.35791015625 0.4111328125 0.353515625 0.416015625 0.3662109375 0.4287109375 0.37451171875 0.46875 0.37451171875 0.4814453125 0.37841796875 0.4873046875 0.38037109375 0.4853515625 0.38134765625 0.4814453125 0.3828125 0.484375 0.38623046875 0.4833984375 0.38818359375 0.4765625 0.38818359375 0.4677734375 0.38671875 0.44921875 0.38525390625 0.43359375 0.38330078125 0.427734375 0.3798828125 0.4169921875 0.3759765625 0.41015625
5 0.3427734375 0.4111328125 0.35595703125 0.4091796875 0.3642578125 0.4130859375 0.3701171875 0.4208984375 0.37451171875 0.443359375 0.37548828125 0.47265625 0.37548828125 0.4892578125 0.37158203125 0.4912109375 0.37060546875 0.4912109375 0.369140625 0.4873046875 0.3671875 0.48828125 0.3671875 0.4921875 0.36474609375 0.494140625 0.359375 0.49609375 0.35888671875 0.490234375 0.3466796875 0.4912109375 0.34423828125 0.4638671875 0.337890625 0.4462890625 0.32958984375 0.419921875 0.33251953125 0.412109375 0.33740234375 0.4111328125
5 0.3056640625 0.4150390625 0.3154296875 0.412109375 0.3271484375 0.4130859375 0.3330078125 0.41796875 0.33935546875 0.431640625 0.3447265625 0.4365234375 0.3466796875 0.447265625 0.35009765625 0.462890625 0.35009765625 0.4912109375 0.34912109375 0.498046875 0.345703125 0.5029296875 0.33935546875 0.50390625 0.3369140625 0.4970703125 0.3349609375 0.4990234375 0.3349609375 0.5029296875 0.33203125 0.5078125 0.32763671875 0.5087890625 0.32373046875 0.505859375 0.31982421875 0.4970703125 0.31396484375 0.4482421875 0.30517578125 0.4228515625
5 0.29638671875 0.4052734375 0.2802734375 0.4072265625 0.26953125 0.4091796875 0.2529296875 0.4111328125 0.25830078125 0.427734375 0.26611328125 0.4599609375 0.2705078125 0.4951171875 0.27099609375 0.5166015625 0.27880859375 0.517578125 0.29052734375 0.5126953125 0.29345703125 0.5234375 0.30322265625 0.5224609375 0.3046875 0.5126953125 0.3095703125 0.509765625 0.3125 0.5166015625 0.318359375 0.5166015625 0.3203125 0.51171875 0.3212890625 0.498046875 0.32080078125 0.4736328125 0.31884765625 0.4599609375 0.3173828125 0.4521484375 0.31640625 0.443359375 0.31494140625 0.4384765625 0.31298828125 0.4326171875 0.3095703125 0.4208984375 0.306640625 0.412109375 0.30029296875 0.40625
5 0.23583984375 0.400390625 0.20654296875 0.404296875 0.203125 0.43359375 0.20703125 0.4560546875 0.212890625 0.4794921875 0.21435546875 0.5087890625 0.21435546875 0.53515625 0.220703125 0.5390625 0.2294921875 0.53515625 0.23193359375 0.546875 0.24169921875 0.548828125 0.24755859375 0.5478515625 0.25 0.529296875 0.25927734375 0.525390625 0.26025390625 0.537109375 0.27001953125 0.5361328125 0.27294921875 0.5322265625 0.27490234375 0.5185546875 0.27490234375 0.490234375 0.2724609375 0.46875 0.26953125 0.4501953125 0.2666015625 0.44140625 0.26220703125 0.427734375 0.2568359375 0.41015625 0.24951171875 0.4033203125 0.24169921875 0.4013671875
5 0.1513671875 0.3994140625 0.11181640625 0.40234375 0.1005859375 0.4052734375 0.08740234375 0.4248046875 0.07421875 0.4462890625 0.068359375 0.4462890625 0.0595703125 0.4501953125 0.05908203125 0.4609375 0.06298828125 0.4716796875 0.060546875 0.4794921875 0.0517578125 0.5693359375 0.05908203125 0.6044921875 0.07080078125 0.603515625 0.0732421875 0.583984375 0.14013671875 0.580078125 0.14892578125 0.5908203125 0.1552734375 0.5947265625 0.1728515625 0.58984375 0.18115234375 0.5625 0.20263671875 0.5517578125 0.203125 0.5654296875 0.21435546875 0.5654296875 0.21923828125 0.55859375 0.22119140625 0.5185546875 0.21923828125 0.4853515625 0.21728515625 0.45703125 0.2099609375 0.4365234375 0.19140625 0.40625 0.1728515625 0.3974609375
5 0.05419921875 0.423828125 0.04248046875 0.3974609375 0.03564453125 0.39453125 0.0322265625 0.3876953125 0.0 0.3828125 0.0 0.6064453125 0.01220703125 0.603515625 0.03515625 0.5927734375 0.03662109375 0.6103515625 0.04443359375 0.6181640625 0.0546875 0.61328125 0.06396484375 0.599609375 0.06640625 0.5732421875 0.068359375 0.5390625 0.06982421875 0.513671875 0.06591796875 0.478515625 0.0634765625 0.4580078125 0.0576171875 0.4375
5 0.70556640625 0.4013671875 0.69580078125 0.4013671875 0.69091796875 0.40234375 0.68505859375 0.4052734375 0.6787109375 0.4169921875 0.673828125 0.43359375 0.66650390625 0.451171875 0.66259765625 0.4580078125 0.65869140625 0.462890625 0.65673828125 0.46875 0.654296875 0.4755859375 0.6533203125 0.482421875 0.65234375 0.5 0.6513671875 0.517578125 0.6513671875 0.5283203125 0.65185546875 0.537109375 0.65283203125 0.54296875 0.654296875 0.5478515625 0.6591796875 0.55078125 0.66552734375 0.548828125 0.66748046875 0.537109375 0.6748046875 0.541015625 0.6748046875 0.548828125 0.67578125 0.55859375 0.6796875 0.5654296875 0.68994140625 0.56640625 0.69482421875 0.5546875 0.72314453125 0.5498046875 0.7431640625 0.4580078125 0.75390625 0.4111328125 0.751953125 0.4072265625 0.72216796875 0.404296875
5 0.8271484375 0.3564453125 0.8134765625 0.35546875 0.8017578125 0.35546875 0.79150390625 0.35546875 0.783203125 0.359375 0.77392578125 0.3662109375 0.76611328125 0.375 0.76220703125 0.3798828125 0.75732421875 0.3916015625 0.75 0.41015625 0.74365234375 0.423828125 0.73779296875 0.4375 0.732421875 0.4384765625 0.72802734375 0.4423828125 0.7275390625 0.44921875 0.72900390625 0.4609375 0.7314453125 0.462890625 0.728515625 0.4765625 0.7236328125 0.5068359375 0.7216796875 0.533203125 0.7216796875 0.55859375 0.72412109375 0.57421875 0.724609375 0.5859375 0.724609375 0.603515625 0.72607421875 0.6181640625 0.73291015625 0.6240234375 0.74462890625 0.625 0.7470703125 0.6005859375 0.77392578125 0.623046875 0.77392578125 0.6484375 0.7763671875 0.6650390625 0.78466796875 0.6748046875 0.8076171875 0.677734375 0.814453125 0.6396484375 0.8271484375 0.638671875 0.87841796875 0.5400390625 0.93603515625 0.4111328125 0.93212890625 0.3994140625 0.919921875 0.3798828125 0.91015625 0.3701171875 0.90087890625 0.3662109375 0.89208984375 0.3642578125 0.8623046875 0.3603515625 0.84423828125 0.3564453125
5 0.96728515625 0.376953125 0.953125 0.3828125 0.93798828125 0.39453125 0.92529296875 0.4091796875 0.9169921875 0.4208984375 0.9052734375 0.4375 0.89404296875 0.462890625 0.88427734375 0.482421875 0.8759765625 0.478515625 0.861328125 0.478515625 0.8544921875 0.4814453125 0.85205078125 0.49609375 0.8515625 0.5126953125 0.86376953125 0.5166015625 0.8583984375 0.5224609375 0.84716796875 0.5341796875 0.84033203125 0.5400390625 0.8359375 0.548828125 0.83056640625 0.60546875 0.8291015625 0.61328125 0.82275390625 0.63671875 0.8212890625 0.6728515625 0.8232421875 0.701171875 0.82763671875 0.7216796875 0.83642578125 0.744140625 0.85546875 0.7568359375 0.876953125 0.7607421875 0.888671875 0.7373046875 0.96630859375 0.8017578125 0.97021484375 0.806640625 0.97509765625 0.8525390625 0.98681640625 0.88671875 0.99853515625 0.90625 0.99755859375 0.3720703125 0.98583984375 0.373046875 0.974609375 0.3740234375
5 0.49609375 0.408203125 0.51708984375 0.40625 0.51904296875 0.41015625 0.51806640625 0.419921875 0.51220703125 0.453125 0.51025390625 0.4638671875 0.49560546875 0.466796875 0.49462890625 0.47265625 0.48828125 0.47265625 0.48876953125 0.451171875 0.48828125 0.44140625 0.48876953125 0.4287109375 0.49267578125 0.4140625
5 0.513671875 0.4814453125 0.50927734375 0.48046875 0.50830078125 0.4638671875 0.5087890625 0.44921875 0.50927734375 0.4384765625 0.5126953125 0.4248046875 0.517578125 0.4150390625 0.52197265625 0.4111328125 0.521484375 0.419921875 0.5166015625 0.4462890625 0.51611328125 0.4638671875 0.51611328125 0.4775390625
5 0.56396484375 0.4873046875 0.56494140625 0.4619140625 0.564453125 0.4462890625 0.56396484375 0.4365234375 0.564453125 0.427734375 0.56201171875 0.4248046875 0.55908203125 0.41796875 0.55615234375 0.41015625 0.55322265625 0.4013671875 0.54736328125 0.400390625 0.53076171875 0.400390625 0.52685546875 0.3994140625 0.5234375 0.3994140625 0.52099609375 0.4052734375 0.51953125 0.412109375 0.517578125 0.423828125 0.51611328125 0.4287109375 0.51416015625 0.439453125 0.5126953125 0.4521484375 0.5126953125 0.474609375 0.5126953125 0.4892578125 0.51708984375 0.4931640625 0.52099609375 0.490234375 0.5205078125 0.4833984375 0.55419921875 0.4833984375 0.55517578125 0.490234375 0.556640625 0.4921875 0.5625 0.4921875
