4 0.51318359375 0.3232421875 0.509765625 0.3193359375 0.50537109375 0.3046875 0.49951171875 0.3037109375 0.494140625 0.2958984375 0.48681640625 0.30078125 0.47900390625 0.302734375 0.4755859375 0.3046875 0.47216796875 0.3115234375 0.4658203125 0.3212890625 0.4599609375 0.3134765625 0.45458984375 0.3193359375 0.453125 0.3251953125 0.447265625 0.326171875 0.44384765625 0.333984375 0.4404296875 0.3388671875 0.431640625 0.361328125 0.43701171875 0.388671875 0.46142578125 0.408203125 0.46875 0.4267578125 0.490234375 0.4267578125 0.505859375 0.4267578125 0.515625 0.4228515625 0.52685546875 0.416015625 0.53369140625 0.4091796875 0.5419921875 0.396484375 0.54150390625 0.3720703125 0.53955078125 0.3603515625 0.53662109375 0.3564453125 0.53466796875 0.345703125 0.53076171875 0.333984375 0.52587890625 0.3203125 0.521484375 0.318359375
2 0.5390625 0.341796875 0.5390625 0.1904296875 0.54638671875 0.189453125 0.55810546875 0.1552734375 0.6162109375 0.154296875 0.62890625 0.185546875 0.6357421875 0.185546875 0.638671875 0.4287109375 0.63720703125 0.5126953125 0.5322265625 0.494140625 0.53271484375 0.3828125 0.53369140625 0.36328125 0.5380859375 0.361328125
4 0.62158203125 0.25390625 0.61328125 0.2529296875 0.60791015625 0.251953125 0.60693359375 0.2626953125 0.60498046875 0.2705078125 0.599609375 0.265625 0.5947265625 0.2646484375 0.59228515625 0.2705078125 0.58837890625 0.2744140625 0.58544921875 0.271484375 0.58154296875 0.26953125 0.57958984375 0.2802734375 0.58154296875 0.287109375 0.57958984375 0.29296875 0.57763671875 0.2978515625 0.57763671875 0.30859375 0.578125 0.3173828125 0.5771484375 0.32421875 0.57666015625 0.3291015625 0.5751953125 0.3359375 0.5751953125 0.3447265625 0.57470703125 0.353515625 0.57568359375 0.3671875 0.57568359375 0.380859375 0.58056640625 0.38671875 0.58251953125 0.396484375 0.5849609375 0.408203125 0.58935546875 0.41015625 0.595703125 0.4111328125 0.599609375 0.4091796875 0.60498046875 0.4140625 0.6201171875 0.4375 0.62890625 0.4521484375 0.63330078125 0.4462890625 0.63330078125 0.4296875 0.63427734375 0.4072265625 0.63623046875 0.33984375 0.63427734375 0.28515625 0.63330078125 0.265625 0.6279296875 0.2578125
2 0.4130859375 0.1650390625 0.4150390625 0.15625 0.41357421875 0.1240234375 0.41015625 0.1162109375 0.4091796875 0.08203125 0.40673828125 0.0751953125 0.38916015625 0.072265625 0.38427734375 0.0 -0.00048828125 0.0 0.0 0.5166015625 0.3505859375 0.48828125 0.4072265625 0.486328125 0.41796875 0.29296875 0.4189453125 0.1767578125
2 0.74658203125 0.060546875 0.68359375 0.060546875 0.67724609375 0.0634765625 0.6630859375 0.091796875 0.6376953125 0.1328125 0.6376953125 0.140625 0.638671875 0.1533203125 0.630859375 0.1884765625 0.62939453125 0.201171875 0.6279296875 0.2734375 0.63232421875 0.322265625 0.6259765625 0.32421875 0.626953125 0.38671875 0.623046875 0.390625 0.62646484375 0.4521484375 0.732421875 0.462890625 0.99755859375 0.5 0.998046875 0.0009765625 0.76611328125 0.0 0.767578125 0.05859375
0 0.51025390625 0.453125 0.4365234375 0.4638671875 0.376953125 0.4697265625 0.1875 0.525390625 0.0 0.57421875 0.0 0.99609375 0.998046875 0.998046875 0.9990234375 0.654296875 0.71435546875 0.4755859375 0.60107421875 0.46484375
1 0.99169921875 0.6923828125 0.9482421875 0.666015625 0.9365234375 0.6259765625 0.94580078125 0.5791015625 0.98876953125 0.55859375 0.998046875 0.556640625 0.99853515625 0.693359375
5 0.51708984375 0.4169921875 0.5009765625 0.4169921875 0.49169921875 0.419921875 0.5009765625 0.4599609375 0.50537109375 0.4658203125 0.51025390625 0.46484375
5 0.4853515625 0.4130859375 0.47021484375 0.4189453125 0.4599609375 0.419921875 0.47216796875 0.443359375 0.494140625 0.4765625 0.50634765625 0.4716796875 0.5048828125 0.451171875 0.49658203125 0.4228515625 0.48828125 0.4150390625
5 0.73779296875 0.4755859375 0.72607421875 0.453125 0.7255859375 0.4267578125 0.67041015625 0.419921875 0.6572265625 0.44921875 0.6416015625 0.4990234375 0.6328125 0.5068359375 0.63037109375 0.451171875 0.63232421875 0.4296875 0.63720703125 0.3974609375 0.6533203125 0.396484375 0.68505859375 0.396484375 0.69189453125 0.3896484375 0.70166015625 0.390625 0.70849609375 0.3994140625 0.7177734375 0.4033203125 0.7314453125 0.41796875 0.73681640625 0.431640625 0.744140625 0.435546875 0.74755859375 0.4365234375
5 0.7080078125 0.55078125 0.703125 0.5498046875 0.673828125 0.5498046875 0.66357421875 0.5517578125 0.6552734375 0.55078125 0.6552734375 0.564453125 0.646484375 0.568359375 0.642578125 0.5625 0.64208984375 0.5546875 0.64013671875 0.5234375 0.6396484375 0.513671875 0.6396484375 0.494140625 0.640625 0.4775390625 0.642578125 0.4609375 0.63623046875 0.4599609375 0.63330078125 0.4560546875 0.63427734375 0.4501953125 0.63671875 0.4453125 0.63916015625 0.4453125 0.64453125 0.4453125 0.6455078125 0.453125 0.64990234375 0.4365234375 0.65576171875 0.4150390625 0.6630859375 0.40234375 0.689453125 0.404296875 0.71044921875 0.4052734375 0.7255859375 0.412109375 0.73193359375 0.4423828125 0.734375 0.4560546875 0.7392578125 0.4658203125 0.7314453125 0.494140625 0.71728515625 0.5361328125 0.712890625 0.5546875
5 0.02587890625 0.408203125 0.00439453125 0.3916015625 0.0 0.3876953125 0.0 0.4580078125 0.0234375 0.4208984375
5 0.0703125 0.3818359375 0.05810546875 0.3837890625 0.03857421875 0.3955078125 0.02880859375 0.40234375 0.015625 0.419921875 -0.0009765625 0.44921875 -0.0009765625 0.521484375 0.04052734375 0.4892578125 0.068359375 0.43359375 0.09765625 0.3828125 0.08056640625 0.380859375
5 0.20361328125 0.361328125 0.138671875 0.365234375 0.10302734375 0.375 0.0927734375 0.3828125 0.07958984375 0.3994140625 0.04833984375 0.458984375 0.04443359375 0.4443359375 0.025390625 0.4541015625 0.02099609375 0.4755859375 0.0283203125 0.484375 0.005859375 0.50390625 0.0 0.5107421875 0.0 0.7822265625 0.00634765625 0.779296875 0.0166015625 0.7548828125 0.18017578125 0.7578125 0.1982421875 0.7861328125 0.21630859375 0.794921875 0.23583984375 0.77734375 0.2470703125 0.7099609375 0.28466796875 0.6650390625 0.2890625 0.6875 0.29736328125 0.693359375 0.3115234375 0.69140625 0.31982421875 0.6630859375 0.3212890625 0.576171875 0.31787109375 0.52734375 0.30859375 0.4892578125 0.30419921875 0.4677734375 0.2958984375 0.4423828125 0.2861328125 0.40625 0.27099609375 0.3837890625 0.2587890625 0.3740234375 0.23193359375 0.369140625
5 0.9482421875 0.330078125 0.9130859375 0.3408203125 0.87744140625 0.3466796875 0.8564453125 0.3564453125 0.8408203125 0.3642578125 0.8349609375 0.3857421875 0.90966796875 0.5078125 0.9580078125 0.599609375 0.9677734375 0.59375 0.96923828125 0.6015625 0.98486328125 0.603515625 0.99072265625 0.6162109375 0.99755859375 0.6298828125 0.99853515625 0.6279296875 0.998046875 0.333984375 0.962890625 0.3310546875
5 0.755859375 0.6494140625 0.73779296875 0.6328125 0.73291015625 0.6513671875 0.72509765625 0.654296875 0.71435546875 0.6533203125 0.7099609375 0.6337890625 0.70947265625 0.6181640625 0.71044921875 0.5625 0.7099609375 0.5419921875 0.71630859375 0.5205078125 0.7197265625 0.498046875 0.72412109375 0.4873046875 0.71435546875 0.4833984375 0.71337890625 0.47265625 0.71533203125 0.4609375 0.71923828125 0.45703125 0.73486328125 0.45703125 0.740234375 0.451171875 0.74658203125 0.4267578125 0.75146484375 0.4130859375 0.7607421875 0.396484375 0.7822265625 0.3837890625 0.81103515625 0.3818359375 0.84765625 0.3818359375 0.86328125 0.384765625 0.90234375 0.390625 0.91943359375 0.3984375 0.93701171875 0.4443359375 0.95458984375 0.4990234375 0.95654296875 0.5458984375 0.95751953125 0.57421875 0.9609375 0.609375 0.9599609375 0.65625 0.958984375 0.685546875 0.95068359375 0.7119140625 0.93212890625 0.7138671875 0.921875 0.7021484375 0.91748046875 0.67578125 0.87060546875 0.673828125 0.8056640625 0.6708984375 0.79345703125 0.7109375 0.77099609375 0.705078125 0.76416015625 0.68359375 0.7607421875 0.6513671875
5 0.626953125 0.646484375 0.63916015625 0.64453125 0.6416015625 0.6357421875 0.64306640625 0.564453125 0.634765625 0.4833984375 0.64013671875 0.4794921875 0.640625 0.474609375 0.63818359375 0.4638671875 0.6318359375 0.4609375 0.62939453125 0.4482421875 0.6171875 0.4052734375 0.6123046875 0.3994140625 0.607421875 0.392578125 0.60400390625 0.400390625 0.572265625 0.396484375 0.568359375 0.390625 0.5673828125 0.396484375 0.53564453125 0.3935546875 0.53125 0.3916015625 0.52490234375 0.3916015625 0.5205078125 0.3984375 0.517578125 0.400390625 0.51220703125 0.427734375 0.5048828125 0.466796875 0.50244140625 0.48828125 0.49853515625 0.5078125 0.49609375 0.5146484375 0.49560546875 0.5185546875 0.494140625 0.5703125 0.49462890625 0.6181640625 0.4951171875 0.6318359375 0.501953125 0.6357421875 0.5146484375 0.6357421875 0.515625 0.625 0.6201171875 0.623046875 0.6201171875 0.6416015625
