4 0.54248046875 0.365234375 0.51123046875 0.3623046875 0.513671875 0.4111328125 0.5302734375 0.41015625 0.54443359375 0.4130859375
2 0.5400390625 0.404296875 0.5390625 0.380859375 0.5390625 0.34765625 0.54052734375 0.314453125 0.5498046875 0.2978515625 0.5556640625 0.2734375 0.560546875 0.240234375 0.5634765625 0.2236328125 0.57421875 0.2060546875 0.5830078125 0.2001953125 0.5888671875 0.1982421875 0.60107421875 0.1708984375 0.60009765625 0.1474609375 0.5986328125 0.1455078125 0.60009765625 0.1376953125 0.6044921875 0.123046875 0.62158203125 0.1181640625 0.62548828125 0.111328125 0.62548828125 0.09375 0.623046875 0.083984375 0.63037109375 0.0654296875 0.640625 0.060546875 0.64306640625 0.0009765625 0.99853515625 0.0 0.99853515625 0.673828125 0.873046875 0.61328125 0.57666015625 0.4501953125 0.54052734375 0.421875 0.5390625 0.416015625
2 0.5166015625 0.40625 0.51513671875 0.357421875 0.5107421875 0.1923828125 0.46435546875 0.1357421875 0.4501953125 0.1044921875 0.43994140625 0.076171875 0.44287109375 0.0400390625 0.44189453125 0.0224609375 0.439453125 0.00390625 -0.00048828125 0.0009765625 -0.0009765625 0.703125 0.236328125 0.587890625 0.28173828125 0.5498046875 0.39306640625 0.4921875 0.44384765625 0.46875 0.490234375 0.44140625 0.51123046875 0.416015625
0 0.51806640625 0.4189453125 0.5380859375 0.4169921875 0.5947265625 0.4970703125 0.744140625 0.6982421875 0.9462890625 0.9951171875 0.94677734375 0.9990234375 0.06591796875 0.99609375 0.27783203125 0.71875 0.4462890625 0.5068359375 0.4970703125 0.453125
0 0.53271484375 0.4013671875 0.5283203125 0.4013671875 0.525390625 0.40625 0.52685546875 0.4140625 0.52978515625 0.4140625 0.53125 0.4169921875 0.533203125 0.4169921875 0.53564453125 0.416015625 0.537109375 0.4140625 0.53759765625 0.408203125 0.53759765625 0.404296875 0.53466796875 0.40234375
5 0.52294921875 0.4072265625 0.52783203125 0.40625 0.53076171875 0.408203125 0.53076171875 0.4111328125 0.53173828125 0.4169921875 0.53173828125 0.4248046875 0.5283203125 0.4248046875 0.525390625 0.4248046875 0.52294921875 0.4248046875 0.5224609375 0.421875 0.52294921875 0.4150390625
4 0.5166015625 0.4091796875 0.51806640625 0.390625 0.5244140625 0.3828125 0.5283203125 0.37890625 0.5380859375 0.380859375 0.5419921875 0.3818359375 0.5458984375 0.384765625 0.5498046875 0.380859375 0.5537109375 0.375 0.55419921875 0.361328125 0.55322265625 0.3505859375 0.55224609375 0.337890625 0.54931640625 0.3291015625 0.546875 0.3203125 0.54443359375 0.3173828125 0.541015625 0.3115234375 0.53662109375 0.306640625 0.53466796875 0.3056640625 0.5126953125 0.30859375 0.5078125 0.3037109375 0.4990234375 0.3037109375 0.4921875 0.3037109375 0.48828125 0.3115234375 0.484375 0.3251953125 0.48291015625 0.3427734375 0.48291015625 0.3515625 0.48388671875 0.36328125 0.486328125 0.3701171875 0.48974609375 0.3759765625 0.49755859375 0.375 0.50244140625 0.3759765625 0.5068359375 0.38671875 0.505859375 0.392578125 0.50634765625 0.3994140625 0.5078125 0.408203125 0.50830078125 0.421875 0.51318359375 0.4189453125 0.51708984375 0.41796875
5 0.5498046875 0.4150390625 0.54541015625 0.41796875 0.541015625 0.4228515625 0.5400390625 0.4326171875 0.53955078125 0.4443359375 0.5439453125 0.4482421875 0.5478515625 0.447265625 0.5537109375 0.4453125 0.55419921875 0.4306640625 0.55419921875 0.419921875 0.5517578125 0.4140625
4 0.50146484375 0.390625 0.494140625 0.392578125 0.49169921875 0.384765625 0.4912109375 0.375 0.48681640625 0.3740234375 0.486328125 0.3642578125 0.4853515625 0.3466796875 0.4833984375 0.337890625 0.48291015625 0.32421875 0.48486328125 0.30859375 0.48583984375 0.2724609375 0.48193359375 0.2451171875 0.48046875 0.2138671875 0.48193359375 0.173828125 0.50390625 0.1650390625 0.5224609375 0.1708984375 0.5419921875 0.1748046875 0.55224609375 0.1767578125 0.57275390625 0.177734375 0.57666015625 0.1845703125 0.5810546875 0.1982421875 0.5859375 0.2001953125 0.58544921875 0.2158203125 0.58349609375 0.232421875 0.580078125 0.24609375 0.5791015625 0.2548828125 0.58056640625 0.2578125 0.5791015625 0.267578125 0.56982421875 0.275390625 0.5732421875 0.2880859375 0.57470703125 0.298828125 0.57177734375 0.3076171875 0.568359375 0.3154296875 0.56640625 0.3330078125 0.56005859375 0.33984375 0.56201171875 0.38671875 0.56103515625 0.4228515625 0.5556640625 0.423828125 0.55517578125 0.4033203125 0.552734375 0.3779296875 0.552734375 0.3525390625 0.548828125 0.3310546875 0.54345703125 0.322265625 0.53173828125 0.3203125 0.51708984375 0.326171875 0.5107421875 0.3271484375 0.50439453125 0.3271484375 0.50244140625 0.330078125 0.5009765625 0.3359375 0.50048828125 0.3681640625
5 0.50732421875 0.462890625 0.50830078125 0.453125 0.51025390625 0.44921875 0.5107421875 0.38671875 0.5068359375 0.3857421875 0.49560546875 0.3818359375 0.48779296875 0.3798828125 0.478515625 0.37890625 0.4736328125 0.37890625 0.47509765625 0.4013671875 0.484375 0.408203125 0.48876953125 0.4365234375 0.494140625 0.4482421875 0.498046875 0.453125 0.49951171875 0.4609375 0.501953125 0.4638671875
5 0.55810546875 0.416015625 0.55322265625 0.4169921875 0.55224609375 0.4208984375 0.552734375 0.43359375 0.55419921875 0.4482421875 0.5546875 0.4541015625 0.5576171875 0.453125 0.55908203125 0.44140625 0.56005859375 0.4287109375
5 0.5732421875 0.4052734375 0.564453125 0.40625 0.56005859375 0.4072265625 0.55810546875 0.4150390625 0.556640625 0.4228515625 0.5556640625 0.4384765625 0.55517578125 0.4501953125 0.556640625 0.4599609375 0.55615234375 0.470703125 0.5576171875 0.4716796875 0.5615234375 0.4716796875 0.5625 0.470703125 0.568359375 0.46875 0.57275390625 0.43359375 0.58154296875 0.42578125 0.58349609375 0.416015625 0.58056640625 0.41015625 0.57568359375 0.40625
5 0.490234375 0.419921875 0.49658203125 0.416015625 0.4990234375 0.4248046875 0.50146484375 0.431640625 0.50146484375 0.44140625 0.50244140625 0.4501953125 0.50244140625 0.455078125 0.49951171875 0.4638671875 0.49755859375 0.4638671875 0.4921875 0.4638671875 0.4912109375 0.435546875 0.4912109375 0.42578125
5 0.5751953125 0.419921875 0.56982421875 0.423828125 0.56689453125 0.4375 0.56298828125 0.4375 0.56298828125 0.44140625 0.5654296875 0.4443359375 0.56494140625 0.4638671875 0.56494140625 0.4765625 0.5673828125 0.48046875 0.56982421875 0.4814453125 0.57275390625 0.4814453125 0.5732421875 0.4765625 0.5791015625 0.4775390625 0.5830078125 0.4404296875 0.58447265625 0.4228515625 0.5830078125 0.4169921875 0.57861328125 0.4189453125
4 0.486328125 0.400390625 0.4892578125 0.365234375 0.4921875 0.326171875 0.498046875 0.3046875 0.5146484375 0.2939453125 0.52001953125 0.2763671875 0.5146484375 0.259765625 0.50830078125 0.23046875 0.49853515625 0.22265625 0.48876953125 0.220703125 0.48095703125 0.22265625 0.47314453125 0.2314453125 0.46728515625 0.2373046875 0.46435546875 0.2470703125 0.46435546875 0.259765625 0.4658203125 0.26953125 0.46728515625 0.2763671875 0.470703125 0.2783203125 0.47705078125 0.279296875 0.4794921875 0.28515625 0.48046875 0.2939453125 0.48193359375 0.302734375 0.4833984375 0.3095703125 0.4833984375 0.3212890625 0.48095703125 0.3232421875 0.47900390625 0.3291015625 0.4814453125 0.3388671875 0.482421875 0.357421875 0.482421875 0.37109375 0.48193359375 0.384765625 0.48095703125 0.4013671875
5 0.4658203125 0.3828125 0.490234375 0.3857421875 0.49072265625 0.3974609375 0.49267578125 0.4208984375 0.494140625 0.4326171875 0.49609375 0.4638671875 0.4951171875 0.4755859375 0.49072265625 0.478515625 0.48779296875 0.4775390625 0.4853515625 0.4609375 0.47998046875 0.43359375 0.4677734375 0.4248046875 0.45703125 0.421875 0.45654296875 0.412109375 0.45849609375 0.396484375 0.4580078125 0.3818359375
4 0.46728515625 0.419921875 0.474609375 0.2822265625 0.4765625 0.240234375 0.494140625 0.232421875 0.51123046875 0.220703125 0.52392578125 0.2001953125 0.5380859375 0.216796875 0.5537109375 0.216796875 0.57470703125 0.2138671875 0.58251953125 0.2021484375 0.5869140625 0.189453125 0.59326171875 0.166015625 0.595703125 0.1484375 0.59716796875 0.1279296875 0.60107421875 0.1103515625 0.59765625 0.0986328125 0.59375 0.0810546875 0.60498046875 0.0712890625 0.60498046875 0.0517578125 0.603515625 0.0322265625 0.59716796875 0.009765625 0.59619140625 0.0009765625 0.43896484375 0.0029296875 0.44189453125 0.0390625 0.4462890625 0.091796875 0.44189453125 0.12890625 0.44921875 0.2041015625 0.45068359375 0.248046875 0.447265625 0.31640625 0.44970703125 0.41796875 0.45751953125 0.4189453125
5 0.43994140625 0.408203125 0.458984375 0.40625 0.46826171875 0.40625 0.4736328125 0.4072265625 0.48046875 0.4326171875 0.48388671875 0.4521484375 0.48779296875 0.474609375 0.48681640625 0.4833984375 0.48193359375 0.4853515625 0.482421875 0.4970703125 0.478515625 0.50390625 0.47265625 0.50390625 0.46875 0.5009765625 0.46484375 0.4794921875 0.45947265625 0.4462890625 0.44921875 0.4296875 0.435546875 0.4228515625 0.4365234375 0.412109375
5 0.4619140625 0.427734375 0.45849609375 0.419921875 0.44921875 0.41796875 0.435546875 0.416015625 0.4248046875 0.41796875 0.43310546875 0.4453125 0.4423828125 0.5126953125 0.45458984375 0.513671875 0.4609375 0.5166015625 0.4677734375 0.515625 0.4697265625 0.5048828125 0.4697265625 0.4765625 0.46923828125 0.4599609375 0.46923828125 0.4453125 0.46630859375 0.4384765625 0.4619140625 0.4345703125
4 0.4052734375 0.4169921875 0.41357421875 0.09765625 0.4072265625 0.103515625 0.3974609375 0.1044921875 0.39208984375 0.095703125 0.38818359375 0.083984375 0.38232421875 0.07421875 0.3779296875 0.0673828125 0.37744140625 0.044921875 0.38427734375 0.0 0.49609375 0.00390625 0.48388671875 0.0205078125 0.47314453125 0.044921875 0.46728515625 0.07421875 0.46826171875 0.08984375 0.4873046875 0.08984375 0.5048828125 0.095703125 0.50927734375 0.115234375 0.49658203125 0.1552734375 0.47802734375 0.173828125 0.458984375 0.1826171875 0.439453125 0.1826171875 0.42578125 0.166015625 0.42578125 0.2587890625 0.421875 0.3876953125 0.421875 0.42578125
5 0.59765625 0.388671875 0.59033203125 0.3896484375 0.58447265625 0.392578125 0.58251953125 0.400390625 0.58154296875 0.41015625 0.580078125 0.4111328125 0.576171875 0.4150390625 0.57373046875 0.4248046875 0.57763671875 0.4326171875 0.57470703125 0.453125 0.5732421875 0.4814453125 0.57470703125 0.505859375 0.57958984375 0.5068359375 0.58447265625 0.5126953125 0.58935546875 0.513671875 0.5947265625 0.5078125 0.5986328125 0.4609375 0.6171875 0.4072265625 0.63330078125 0.4091796875 0.63818359375 0.40625 0.6357421875 0.3935546875 0.6279296875 0.388671875 0.615234375 0.3876953125 0.60302734375 0.388671875
5 0.6015625 0.419921875 0.5966796875 0.4326171875 0.5947265625 0.4365234375 0.59130859375 0.4384765625 0.5888671875 0.4453125 0.5888671875 0.4501953125 0.587890625 0.4619140625 0.58740234375 0.4736328125 0.587890625 0.5107421875 0.58837890625 0.5185546875 0.59228515625 0.5185546875 0.59765625 0.5263671875 0.59912109375 0.4873046875 0.6044921875 0.4404296875 0.60693359375 0.4150390625 0.60546875 0.41015625
5 0.6279296875 0.3955078125 0.619140625 0.3974609375 0.6083984375 0.40234375 0.6025390625 0.4169921875 0.59716796875 0.435546875 0.591796875 0.4375 0.5888671875 0.439453125 0.58837890625 0.451171875 0.59326171875 0.45703125 0.591796875 0.474609375 0.59375 0.5 0.5927734375 0.5166015625 0.59423828125 0.5283203125 0.59765625 0.53125 0.6005859375 0.533203125 0.6044921875 0.5390625 0.60791015625 0.541015625 0.615234375 0.541015625 0.61962890625 0.5234375 0.634765625 0.5205078125 0.64794921875 0.447265625 0.66162109375 0.3994140625 0.64501953125 0.3984375
5 0.68359375 0.3916015625 0.67236328125 0.39453125 0.66845703125 0.3896484375 0.662109375 0.388671875 0.6572265625 0.3916015625 0.6533203125 0.3974609375 0.6474609375 0.4150390625 0.638671875 0.44921875 0.63134765625 0.4482421875 0.6259765625 0.4501953125 0.625 0.4599609375 0.62890625 0.4677734375 0.63427734375 0.46875 0.62890625 0.4892578125 0.630859375 0.5703125 0.64013671875 0.5703125 0.6435546875 0.5810546875 0.64794921875 0.5888671875 0.66162109375 0.5869140625 0.6650390625 0.517578125 0.68603515625 0.4560546875 0.70654296875 0.4169921875 0.736328125 0.41015625 0.7353515625 0.3994140625 0.73291015625 0.390625 0.72509765625 0.38671875 0.716796875 0.392578125 0.70703125 0.392578125 0.69482421875 0.392578125
5 0.39990234375 0.4013671875 0.38232421875 0.4013671875 0.369140625 0.40625 0.36376953125 0.416015625 0.35888671875 0.4306640625 0.3818359375 0.5302734375 0.41162109375 0.5283203125 0.41650390625 0.5419921875 0.42041015625 0.5498046875 0.43310546875 0.5478515625 0.43505859375 0.5361328125 0.44580078125 0.53515625 0.447265625 0.498046875 0.44677734375 0.4755859375 0.44384765625 0.455078125 0.447265625 0.4541015625 0.447265625 0.44921875 0.44384765625 0.44140625 0.4375 0.435546875 0.42724609375 0.408203125 0.41015625 0.4033203125
1 0.82421875 0.6298828125 0.8935546875 0.677734375 0.90380859375 0.5947265625 0.88427734375 0.58984375 0.82568359375 0.55078125 0.8203125 0.591796875
5 0.74853515625 0.40234375 0.70458984375 0.40625 0.69482421875 0.4091796875 0.673828125 0.4541015625 0.67138671875 0.462890625 0.65673828125 0.462890625 0.6533203125 0.46875 0.654296875 0.4833984375 0.6650390625 0.4853515625 0.6572265625 0.5166015625 0.65283203125 0.55078125 0.6552734375 0.59765625 0.65966796875 0.611328125 0.67041015625 0.61328125 0.6767578125 0.6123046875 0.67822265625 0.5966796875 0.681640625 0.59765625 0.68115234375 0.6337890625 0.685546875 0.6455078125 0.70703125 0.6455078125 0.71142578125 0.61328125 0.779296875 0.6103515625 0.79052734375 0.62109375 0.802734375 0.6162109375 0.8076171875 0.6494140625 0.82568359375 0.6484375 0.83154296875 0.6123046875 0.833984375 0.5263671875 0.822265625 0.4541015625 0.798828125 0.404296875 0.75927734375 0.400390625
5 0.3271484375 0.404296875 0.35107421875 0.4111328125 0.36181640625 0.4228515625 0.376953125 0.46484375 0.38330078125 0.462890625 0.38916015625 0.466796875 0.38916015625 0.4794921875 0.380859375 0.486328125 0.38232421875 0.494140625 0.3857421875 0.509765625 0.38623046875 0.52734375 0.388671875 0.544921875 0.39013671875 0.560546875 0.38720703125 0.5791015625 0.384765625 0.5908203125 0.3798828125 0.595703125 0.3701171875 0.5966796875 0.369140625 0.6181640625 0.3564453125 0.6259765625 0.34716796875 0.62109375 0.3447265625 0.6103515625 0.34423828125 0.5966796875 0.333984375 0.6025390625 0.3203125 0.6044921875 0.30224609375 0.599609375 0.26220703125 0.603515625 0.23828125 0.5029296875 0.24462890625 0.4609375 0.25439453125 0.4248046875 0.26611328125 0.4072265625 0.28515625 0.3994140625 0.314453125 0.400390625
5 0.19775390625 0.380859375 0.177734375 0.3642578125 0.119140625 0.3525390625 0.033203125 0.349609375 0.0 0.34765625 0.0 0.7724609375 0.1044921875 0.77734375 0.11376953125 0.80859375 0.12353515625 0.8251953125 0.15185546875 0.822265625 0.166015625 0.814453125 0.17919921875 0.7314453125 0.2294921875 0.6943359375 0.23193359375 0.71875 0.24755859375 0.724609375 0.26708984375 0.7099609375 0.27294921875 0.6318359375 0.2744140625 0.578125 0.26513671875 0.533203125 0.2490234375 0.4951171875 0.24609375 0.470703125 0.23388671875 0.4599609375 0.21630859375 0.419921875
5 0.96142578125 0.47265625 0.94140625 0.474609375 0.927734375 0.4775390625 0.92041015625 0.4970703125 0.919921875 0.513671875 0.92236328125 0.533203125 0.90625 0.552734375 0.89599609375 0.5810546875 0.88671875 0.6298828125 0.8857421875 0.7041015625 0.89453125 0.8408203125 0.89892578125 0.8720703125 0.91162109375 0.8994140625 0.93359375 0.9013671875 0.9580078125 0.9072265625 0.9677734375 0.8681640625 0.99853515625 0.8916015625 0.998046875 0.4072265625
