4 0.505859375 0.3486328125 0.49169921875 0.34765625 0.4873046875 0.349609375 0.4189453125 0.3388671875 0.40234375 0.3466796875 0.38037109375 0.3564453125 0.3779296875 0.3896484375 0.37841796875 0.4462890625 0.41748046875 0.4482421875 0.533203125 0.4462890625 0.53173828125 0.3466796875
0 0.509765625 0.4365234375 0.4638671875 0.4375 0.4306640625 0.4580078125 0.3994140625 0.46875 0.32275390625 0.4853515625 0.2216796875 0.4833984375 0.08544921875 0.4892578125 -0.0009765625 0.4853515625 0.0 0.9970703125 0.998046875 0.9970703125 0.998046875 0.93359375 0.9072265625 0.8447265625 0.77978515625 0.708984375 0.7490234375 0.66015625 0.796875 0.6259765625 0.99755859375 0.583984375 0.998046875 0.4765625 0.82080078125 0.4853515625 0.71875 0.4853515625 0.64306640625 0.4658203125 0.58251953125 0.44140625 0.544921875 0.4404296875 0.5205078125 0.44140625
2 0.12158203125 0.0673828125 0.12158203125 0.0 0.0 0.0009765625 0.0 0.490234375 0.03662109375 0.484375 0.10205078125 0.4775390625 0.1630859375 0.4580078125 0.22314453125 0.4609375 0.27001953125 0.4599609375 0.32861328125 0.45703125 0.34228515625 0.451171875 0.34033203125 0.4052734375 0.33447265625 0.3525390625 0.18505859375 0.306640625 0.17529296875 0.17578125 0.11279296875 0.171875 0.11083984375 0.109375 0.12158203125 0.115234375
4 0.28857421875 0.244140625 0.28369140625 0.228515625 0.27197265625 0.2060546875 0.27099609375 0.2255859375 0.2626953125 0.193359375 0.2392578125 0.1669921875 0.23193359375 0.1982421875 0.21875 0.1923828125 0.1943359375 0.1826171875 0.18701171875 0.1416015625 0.17529296875 0.0966796875 0.1650390625 0.1103515625 0.15478515625 0.154296875 0.140625 0.1669921875 0.1357421875 0.2158203125 0.13232421875 0.2392578125 0.1279296875 0.2783203125 0.12744140625 0.314453125 0.1328125 0.3408203125 0.16650390625 0.3291015625 0.16552734375 0.451171875 0.1787109375 0.4501953125 0.1806640625 0.337890625 0.20068359375 0.3525390625 0.20166015625 0.4453125 0.21826171875 0.4482421875 0.21923828125 0.3681640625 0.2333984375 0.3642578125 0.23828125 0.4326171875 0.24609375 0.427734375 0.248046875 0.3798828125 0.26123046875 0.384765625 0.263671875 0.4384765625 0.271484375 0.4326171875 0.28955078125 0.435546875 0.2900390625 0.3896484375 0.2978515625 0.404296875 0.32861328125 0.408203125 0.3642578125 0.4091796875 0.37060546875 0.3916015625 0.37060546875 0.3623046875 0.369140625 0.3388671875 0.36767578125 0.318359375 0.3623046875 0.302734375 0.35888671875 0.294921875 0.34716796875 0.279296875 0.341796875 0.2685546875 0.33203125 0.25390625 0.322265625 0.2490234375 0.31494140625 0.251953125 0.3076171875 0.2529296875 0.29736328125 0.2607421875 0.29248046875 0.2548828125
2 0.3125 0.3916015625 0.2607421875 0.3779296875 0.24951171875 0.3876953125 0.24853515625 0.4482421875 0.34375 0.4453125 0.341796875 0.396484375
5 0.126953125 0.4228515625 0.10595703125 0.431640625 0.09619140625 0.4443359375 0.09375 0.4609375 0.09765625 0.4697265625 0.1103515625 0.466796875 0.1181640625 0.46875 0.1279296875 0.46484375 0.14306640625 0.4541015625 0.13818359375 0.4345703125 0.1318359375 0.423828125
4 0.08056640625 0.41796875 0.10205078125 0.388671875 0.10888671875 0.357421875 0.11669921875 0.3359375 0.11865234375 0.314453125 0.10986328125 0.2958984375 0.095703125 0.2822265625 0.11083984375 0.2470703125 0.1015625 0.21484375 0.0771484375 0.22265625 0.07861328125 0.1728515625 0.07373046875 0.14453125 0.07177734375 0.1083984375 0.05908203125 0.09765625 0.04443359375 0.1240234375 0.03515625 0.099609375 0.03125 0.09375 0.02880859375 0.056640625 0.0166015625 0.0419921875 0.00146484375 0.041015625 0.0205078125 0.4111328125 0.0244140625 0.4619140625 0.02880859375 0.486328125 0.0390625 0.4775390625 0.05517578125 0.47265625 0.056640625 0.4365234375 0.060546875 0.419921875 0.0693359375 0.4208984375
3 0.14794921875 0.4169921875 0.0634765625 0.4443359375 0.06494140625 0.4931640625 0.09765625 0.4775390625 0.103515625 0.5 0.1611328125 0.4716796875 0.20458984375 0.4482421875 0.197265625 0.41015625 0.18310546875 0.412109375 0.1630859375 0.4169921875
3 0.318359375 0.4150390625 0.28857421875 0.4345703125 0.271484375 0.447265625 0.27490234375 0.4921875 0.30517578125 0.4697265625 0.33154296875 0.4443359375 0.341796875 0.4365234375 0.3359375 0.40234375 0.322265625 0.4111328125
3 0.3271484375 0.4794921875 0.326171875 0.4365234375 0.3603515625 0.4052734375 0.36328125 0.4453125 0.3408203125 0.4755859375 0.33251953125 0.484375
4 0.47119140625 0.27734375 0.46923828125 0.263671875 0.466796875 0.25390625 0.458984375 0.2451171875 0.45654296875 0.2265625 0.455078125 0.203125 0.453125 0.1806640625 0.4443359375 0.1630859375 0.4345703125 0.126953125 0.4248046875 0.09765625 0.41552734375 0.083984375 0.400390625 0.0263671875 0.39404296875 0.0126953125 0.3759765625 0.0244140625 0.35888671875 0.0478515625 0.35546875 0.056640625 0.34912109375 0.0732421875 0.3408203125 0.0869140625 0.33642578125 0.0986328125 0.33154296875 0.1181640625 0.32421875 0.12890625 0.32177734375 0.130859375 0.31103515625 0.154296875 0.30322265625 0.201171875 0.3125 0.220703125 0.31298828125 0.244140625 0.3193359375 0.267578125 0.32373046875 0.27734375 0.3173828125 0.3037109375 0.34130859375 0.30859375 0.35693359375 0.310546875 0.3623046875 0.3251953125 0.37451171875 0.3525390625 0.384765625 0.4306640625 0.39013671875 0.4599609375 0.3955078125 0.46484375 0.4072265625 0.4619140625 0.4189453125 0.4609375 0.435546875 0.4560546875 0.4501953125 0.4501953125 0.4580078125 0.4423828125 0.466796875 0.44140625 0.47509765625 0.4306640625 0.48095703125 0.4189453125 0.48583984375 0.4130859375 0.4912109375 0.40625 0.4970703125 0.392578125 0.5009765625 0.3740234375 0.50048828125 0.3525390625 0.49609375 0.3447265625 0.48876953125 0.3310546875 0.48583984375 0.32421875 0.482421875 0.3115234375 0.47900390625 0.2958984375 0.4765625 0.2900390625
2 0.52001953125 0.0126953125 0.51953125 0.0732421875 0.52685546875 0.0849609375 0.5302734375 0.0947265625 0.529296875 0.2119140625 0.53271484375 0.271484375 0.54345703125 0.4482421875 0.57568359375 0.4375 0.599609375 0.4560546875 0.64990234375 0.4599609375 0.70751953125 0.4892578125 0.76416015625 0.4873046875 0.888671875 0.4814453125 0.99755859375 0.4755859375 0.998046875 0.0009765625 0.5185546875 0.0009765625
4 0.5712890625 0.2021484375 0.55615234375 0.1923828125 0.546875 0.1953125 0.54150390625 0.20703125 0.53564453125 0.212890625 0.53369140625 0.232421875 0.5302734375 0.2802734375 0.52197265625 0.287109375 0.51806640625 0.3056640625 0.50634765625 0.33984375 0.5029296875 0.376953125 0.505859375 0.39453125 0.515625 0.4150390625 0.529296875 0.423828125 0.53759765625 0.4375 0.5546875 0.4375 0.57080078125 0.4404296875 0.587890625 0.43359375 0.5859375 0.416015625 0.58349609375 0.37890625 0.58154296875 0.3623046875 0.580078125 0.3525390625 0.58154296875 0.3427734375 0.58447265625 0.3232421875 0.58447265625 0.2822265625 0.5830078125 0.251953125 0.58056640625 0.232421875 0.5830078125 0.21875 0.5771484375 0.2099609375
1 0.75927734375 0.4951171875 0.70654296875 0.4931640625 0.681640625 0.4892578125 0.65673828125 0.4736328125 0.6845703125 0.4658203125 0.6943359375 0.46875 0.7060546875 0.470703125 0.72509765625 0.474609375 0.740234375 0.4814453125 0.75146484375 0.4814453125 0.884765625 0.47265625 0.89892578125 0.4736328125 0.89013671875 0.4892578125 0.8720703125 0.4921875 0.81982421875 0.494140625 0.77197265625 0.4951171875
5 0.8251953125 0.412109375 0.81640625 0.4150390625 0.80859375 0.4208984375 0.8037109375 0.4296875 0.79443359375 0.4345703125 0.78125 0.439453125 0.77294921875 0.443359375 0.7626953125 0.44921875 0.7568359375 0.4541015625 0.755859375 0.466796875 0.755859375 0.4765625 0.75634765625 0.486328125 0.76123046875 0.4892578125 0.7666015625 0.4892578125 0.77294921875 0.4921875 0.77880859375 0.4970703125 0.78564453125 0.501953125 0.79296875 0.498046875 0.79931640625 0.490234375 0.8486328125 0.48828125 0.8583984375 0.4990234375 0.8662109375 0.4990234375 0.8779296875 0.498046875 0.88623046875 0.4873046875 0.8896484375 0.4794921875 0.89208984375 0.466796875 0.89111328125 0.447265625 0.88525390625 0.4384765625 0.88134765625 0.4296875 0.87548828125 0.4189453125 0.8740234375 0.4169921875 0.865234375 0.4111328125 0.8525390625 0.41015625 0.8369140625 0.4091796875
5 0.64990234375 0.376953125 0.6259765625 0.3759765625 0.61279296875 0.3828125 0.5908203125 0.400390625 0.5751953125 0.419921875 0.5654296875 0.43359375 0.5537109375 0.4453125 0.55126953125 0.4609375 0.552734375 0.4833984375 0.5556640625 0.4931640625 0.56640625 0.4921875 0.5703125 0.501953125 0.580078125 0.5029296875 0.5888671875 0.4970703125 0.5908203125 0.4921875 0.65380859375 0.4921875 0.67626953125 0.4970703125 0.6923828125 0.486328125 0.693359375 0.4755859375 0.69140625 0.4375 0.68896484375 0.4013671875 0.6796875 0.3740234375 0.662109375 0.373046875
1 0.78759765625 0.595703125 0.7646484375 0.607421875 0.75146484375 0.61328125 0.7294921875 0.63671875 0.72216796875 0.662109375 0.72314453125 0.6787109375 0.73828125 0.6943359375 0.83154296875 0.798828125 0.89306640625 0.87109375 0.998046875 0.9951171875 0.9970703125 0.5615234375 0.94970703125 0.57421875 0.8720703125 0.5859375 0.8173828125 0.5927734375
5 0.46826171875 0.447265625 0.46875 0.4404296875 0.46875 0.4345703125 0.47216796875 0.4326171875 0.47802734375 0.43359375 0.4794921875 0.43359375 0.48388671875 0.4365234375 0.48291015625 0.4443359375 0.47998046875 0.44921875 0.478515625 0.44921875 0.474609375 0.4482421875 0.47119140625 0.4482421875
5 0.4921875 0.4326171875 0.49853515625 0.43359375 0.49951171875 0.43359375 0.5009765625 0.4404296875 0.50048828125 0.447265625 0.49365234375 0.447265625
5 0.50634765625 0.4521484375 0.505859375 0.4404296875 0.50732421875 0.431640625 0.5107421875 0.431640625 0.515625 0.431640625 0.517578125 0.4326171875 0.5185546875 0.4375 0.51904296875 0.4443359375 0.52001953125 0.4541015625 0.5185546875 0.4541015625 0.515625 0.453125 0.5087890625 0.4521484375 0.5078125 0.453125 0.50732421875 0.453125
5 0.4794921875 0.453125 0.4794921875 0.44140625 0.47998046875 0.4306640625 0.4814453125 0.4248046875 0.4892578125 0.4228515625 0.49267578125 0.4248046875 0.4931640625 0.435546875 0.4931640625 0.4462890625 0.49365234375 0.453125 0.49169921875 0.453125 0.4853515625 0.4521484375 0.48291015625 0.4521484375 0.482421875 0.4541015625
1 0.0 0.578125 0.08837890625 0.591796875 0.0 0.62890625
