4 0.3935546875 0.2880859375 0.3759765625 0.26953125 0.3681640625 0.2861328125 0.3642578125 0.25390625 0.35302734375 0.23828125 0.34130859375 0.2138671875 0.33154296875 0.1689453125 0.32373046875 0.1611328125 0.25048828125 0.1533203125 0.2373046875 0.171875 0.21484375 0.19140625 0.1953125 0.22265625 0.1962890625 0.4189453125 0.2568359375 0.439453125 0.29248046875 0.455078125 0.3212890625 0.4541015625 0.3466796875 0.439453125 0.376953125 0.447265625 0.3974609375 0.447265625 0.4130859375 0.439453125 0.42041015625 0.4287109375 0.41357421875 0.34375 0.40673828125 0.298828125
2 0.43994140625 0.203125 0.41015625 0.205078125 0.40869140625 0.2138671875 0.3935546875 0.216796875 0.39306640625 0.236328125 0.39794921875 0.4365234375 0.4296875 0.435546875 0.48291015625 0.431640625 0.4833984375 0.2548828125 0.4814453125 0.2041015625
4 0.453125 0.28125 0.4443359375 0.2939453125 0.43115234375 0.2880859375 0.42578125 0.298828125 0.41943359375 0.330078125 0.4189453125 0.3701171875 0.41748046875 0.4033203125 0.41748046875 0.4248046875 0.423828125 0.435546875 0.43408203125 0.4375 0.4423828125 0.4384765625 0.45947265625 0.439453125 0.4765625 0.4384765625 0.4892578125 0.43359375 0.4921875 0.41015625 0.48779296875 0.345703125 0.4853515625 0.3046875 0.47802734375 0.2890625 0.46484375 0.2861328125
2 0.5224609375 0.1083984375 0.5126953125 0.1328125 0.5029296875 0.14453125 0.49658203125 0.1611328125 0.4921875 0.1767578125 0.48779296875 0.1923828125 0.4814453125 0.197265625 0.4736328125 0.212890625 0.47607421875 0.4267578125 0.54833984375 0.443359375 0.59814453125 0.4580078125 0.681640625 0.4609375 0.90087890625 0.44140625 0.89794921875 0.0 0.5712890625 0.0009765625 0.56982421875 0.0263671875 0.56103515625 0.03515625 0.55419921875 0.0458984375 0.5498046875 0.0556640625 0.54150390625 0.068359375 0.533203125 0.08203125 0.52880859375 0.1015625
2 0.20458984375 0.310546875 0.201171875 0.1298828125 0.18994140625 0.1162109375 0.17822265625 0.1162109375 0.17431640625 0.1015625 0.1640625 0.0966796875 0.1337890625 0.0478515625 0.12744140625 0.037109375 0.11865234375 0.0146484375 0.1103515625 0.0 0.1083984375 0.0 0.0 0.0 -0.0009765625 0.5029296875 0.20361328125 0.4814453125 0.21337890625 0.478515625 0.20654296875 0.40625
0 0.42529296875 0.4228515625 0.380859375 0.416015625 0.35107421875 0.4208984375 0.31982421875 0.4189453125 0.16845703125 0.4501953125 0.0498046875 0.47265625 0.009765625 0.478515625 -0.0009765625 0.486328125 -0.0009765625 0.99609375 0.998046875 0.998046875 0.99853515625 0.6533203125 0.80224609375 0.55078125 0.74365234375 0.5068359375 0.8271484375 0.5029296875 0.8935546875 0.4853515625 0.90771484375 0.4658203125 0.90771484375 0.453125 0.89990234375 0.4375 0.8349609375 0.4453125 0.68115234375 0.4580078125 0.6240234375 0.458984375 0.54541015625 0.4375 0.46923828125 0.42578125 0.439453125 0.427734375
5 0.18896484375 0.4130859375 0.1767578125 0.4130859375 0.16845703125 0.4462890625 0.1826171875 0.4501953125 0.18896484375 0.451171875 0.1904296875 0.43359375
2 0.27392578125 0.4326171875 0.2734375 0.396484375 0.2607421875 0.392578125 0.2587890625 0.3740234375 0.2294921875 0.3740234375 0.22705078125 0.3818359375 0.18115234375 0.3876953125 0.18408203125 0.40234375 0.18603515625 0.451171875 0.19287109375 0.4599609375 0.21484375 0.4677734375 0.236328125 0.4619140625 0.27734375 0.4521484375 0.2763671875 0.4296875
3 0.31689453125 0.4765625 0.3154296875 0.431640625 0.28955078125 0.431640625 0.28955078125 0.4833984375
3 0.37744140625 0.4287109375 0.3505859375 0.427734375 0.3369140625 0.4248046875 0.31640625 0.4248046875 0.28564453125 0.4248046875 0.25830078125 0.4267578125 0.24658203125 0.4306640625 0.24755859375 0.484375 0.24951171875 0.498046875 0.29248046875 0.4853515625 0.3125 0.4765625 0.333984375 0.4853515625 0.34521484375 0.486328125 0.3857421875 0.4814453125 0.41796875 0.4765625 0.41455078125 0.4248046875 0.39111328125 0.4267578125
1 0.6025390625 0.4765625 0.57421875 0.4775390625 0.5595703125 0.4755859375 0.56005859375 0.4560546875 0.57177734375 0.4375 0.58349609375 0.4384765625 0.6416015625 0.4501953125 0.69482421875 0.447265625 0.765625 0.4443359375 0.8974609375 0.42578125 0.89697265625 0.45703125 0.859375 0.4580078125 0.82177734375 0.4619140625 0.7314453125 0.46875 0.67919921875 0.4736328125 0.615234375 0.4775390625
2 0.92822265625 0.494140625 0.89013671875 0.4873046875 0.890625 0.3291015625 0.8896484375 0.2197265625 0.8671875 0.2138671875 0.83984375 0.212890625 0.83935546875 0.2021484375 0.8857421875 0.1669921875 0.88525390625 0.0029296875 0.99755859375 0.0 0.99853515625 0.4990234375
1 0.85595703125 0.6044921875 0.77685546875 0.560546875 0.7392578125 0.5380859375 0.71826171875 0.5322265625 0.705078125 0.5224609375 0.69970703125 0.513671875 0.7041015625 0.5029296875 0.732421875 0.494140625 0.865234375 0.4775390625 0.89404296875 0.4716796875 0.896484375 0.478515625 0.89599609375 0.4873046875 0.921875 0.486328125 0.98291015625 0.490234375 0.998046875 0.494140625 0.998046875 0.6875 0.8837890625 0.6240234375
5 0.51708984375 0.3837890625 0.50732421875 0.3837890625 0.49755859375 0.3876953125 0.47119140625 0.4140625 0.4580078125 0.4169921875 0.44873046875 0.423828125 0.4443359375 0.4287109375 0.44091796875 0.4375 0.4404296875 0.4609375 0.4404296875 0.4697265625 0.4462890625 0.4736328125 0.4501953125 0.4765625 0.453125 0.486328125 0.45751953125 0.490234375 0.462890625 0.4931640625 0.466796875 0.490234375 0.47021484375 0.4853515625 0.47265625 0.490234375 0.47705078125 0.4931640625 0.48486328125 0.4912109375 0.48876953125 0.484375 0.49169921875 0.4775390625 0.525390625 0.4765625 0.5302734375 0.486328125 0.53466796875 0.4892578125 0.53955078125 0.4873046875 0.5419921875 0.4814453125 0.54541015625 0.4755859375 0.54736328125 0.4814453125 0.552734375 0.4873046875 0.55810546875 0.48828125 0.56494140625 0.478515625 0.56689453125 0.4677734375 0.57177734375 0.466796875 0.57470703125 0.4638671875 0.576171875 0.4560546875 0.5751953125 0.4306640625 0.57275390625 0.4140625 0.56298828125 0.3974609375 0.5634765625 0.390625 0.5556640625 0.3876953125 0.546875 0.3837890625 0.52734375 0.3828125
5 0.04833984375 0.4306640625 0.03076171875 0.4306640625 0.0078125 0.4306640625 0.0 0.4619140625 0.00048828125 0.5009765625 0.01025390625 0.5107421875 0.0283203125 0.509765625 0.033203125 0.5078125 0.04296875 0.5009765625 0.04443359375 0.498046875 0.04736328125 0.4814453125 0.0498046875 0.458984375
5 0.09326171875 0.404296875 0.05029296875 0.4140625 0.041015625 0.4384765625 0.03466796875 0.4677734375 0.0361328125 0.5107421875 0.04248046875 0.5205078125 0.05322265625 0.5205078125 0.060546875 0.53515625 0.06884765625 0.5400390625 0.076171875 0.53515625 0.08349609375 0.5244140625 0.17138671875 0.5146484375 0.1748046875 0.52734375 0.18310546875 0.53125 0.189453125 0.5322265625 0.19580078125 0.5234375 0.2021484375 0.513671875 0.2138671875 0.5107421875 0.21923828125 0.501953125 0.21923828125 0.4794921875 0.2177734375 0.466796875 0.2119140625 0.453125 0.17724609375 0.4384765625 0.14697265625 0.4130859375 0.12646484375 0.404296875 0.109375 0.4033203125
3 0.05712890625 0.623046875 0.05712890625 0.47265625 0.04541015625 0.44140625 0.01953125 0.4375 0.0 0.4365234375 0.0 0.546875 0.04541015625 0.54296875 0.04638671875 0.623046875
