2 0.99755859375 0.48828125 0.7822265625 0.478515625 0.7548828125 0.482421875 0.765625 0.22265625 0.78076171875 0.0 0.99853515625 0.0009765625
4 0.87890625 0.431640625 0.87939453125 0.4130859375 0.87841796875 0.39453125 0.87255859375 0.392578125 0.8681640625 0.3876953125 0.86181640625 0.3779296875 0.85546875 0.3779296875 0.845703125 0.37109375 0.83154296875 0.375 0.81884765625 0.37109375 0.8154296875 0.3701171875 0.80859375 0.3720703125 0.802734375 0.373046875 0.7998046875 0.3583984375 0.80029296875 0.34765625 0.7998046875 0.3359375 0.80126953125 0.330078125 0.80615234375 0.31640625 0.80224609375 0.306640625 0.7958984375 0.302734375 0.78955078125 0.2958984375 0.7900390625 0.26171875 0.7900390625 0.228515625 0.7939453125 0.1943359375 0.81396484375 0.0 0.998046875 0.0009765625 0.998046875 0.46484375 0.97265625 0.453125 0.94189453125 0.4521484375 0.93115234375 0.451171875 0.9130859375 0.4404296875 0.89697265625 0.431640625
5 0.79150390625 0.4208984375 0.77490234375 0.42578125 0.7666015625 0.4296875 0.76708984375 0.4658203125 0.7685546875 0.51171875 0.771484375 0.529296875 0.779296875 0.53515625 0.78857421875 0.529296875 0.79248046875 0.5205078125 0.79638671875 0.505859375 0.80419921875 0.4853515625 0.8095703125 0.474609375 0.8154296875 0.458984375 0.82080078125 0.4462890625 0.8193359375 0.431640625 0.81005859375 0.421875 0.79736328125 0.4228515625
2 0.4609375 0.56640625 0.3818359375 0.5703125 0.30078125 0.5703125 0.2275390625 0.5595703125 0.16845703125 0.548828125 0.021484375 0.533203125 0.0 0.5283203125 -0.00048828125 0.001953125 0.87890625 0.0 0.87841796875 0.1005859375 0.8828125 0.10546875 0.8857421875 0.1142578125 0.880859375 0.1162109375 0.88037109375 0.2265625 0.86474609375 0.2314453125 0.81787109375 0.244140625 0.7734375 0.251953125 0.77001953125 0.4951171875 0.77099609375 0.533203125 0.759765625 0.5390625 0.5791015625 0.556640625 0.4892578125 0.5712890625
0 0.216796875 0.625 0.0 0.669921875 0.0 0.99609375 0.99951171875 0.9990234375 0.99951171875 0.5478515625 0.8251953125 0.560546875 0.76318359375 0.5615234375 0.48291015625 0.587890625 0.333984375 0.61328125
1 0.208984375 0.650390625 0.14892578125 0.6669921875 0.080078125 0.6845703125 0.03759765625 0.6923828125 0.0 0.7080078125 0.0 0.5029296875 0.0224609375 0.5048828125 0.056640625 0.5087890625 0.076171875 0.51953125 0.126953125 0.5283203125 0.17138671875 0.5380859375 0.21533203125 0.5439453125 0.2314453125 0.5439453125 0.251953125 0.5546875 0.28369140625 0.5537109375 0.33935546875 0.5556640625 0.35009765625 0.5693359375 0.3720703125 0.568359375 0.388671875 0.568359375 0.45263671875 0.56640625 0.48876953125 0.5634765625 0.5166015625 0.5576171875 0.546875 0.5517578125 0.77294921875 0.5322265625 0.78466796875 0.5380859375 0.83544921875 0.5322265625 0.875 0.537109375 0.9365234375 0.537109375 0.998046875 0.53515625 0.99853515625 0.5537109375 0.9052734375 0.568359375 0.84130859375 0.5732421875 0.779296875 0.5791015625 0.7431640625 0.5810546875 0.7001953125 0.5859375 0.6728515625 0.583984375 0.56689453125 0.599609375 0.52734375 0.60546875 0.47119140625 0.6162109375 0.41796875 0.6171875 0.31640625 0.630859375 0.26318359375 0.64453125 0.2333984375 0.650390625
4 0.06494140625 0.0556640625 0.04833984375 0.0537109375 0.0419921875 0.05859375 0.037109375 0.056640625 0.03271484375 0.052734375 0.025390625 0.044921875 0.01953125 0.0361328125 0.02001953125 0.048828125 0.01806640625 0.0673828125 0.02099609375 0.0791015625 0.0185546875 0.083984375 0.01220703125 0.0869140625 0.00634765625 0.0869140625 0.0 0.0869140625 -0.00048828125 0.052734375 0.00390625 0.05078125 0.00537109375 0.0439453125 0.0068359375 0.0283203125 0.00244140625 0.021484375 0.0 0.017578125 0.0 0.001953125 0.06103515625 0.0 0.0595703125 0.0087890625 0.0595703125 0.017578125 0.060546875 0.021484375 0.06201171875 0.0224609375 0.06640625 0.0234375 0.068359375 0.0244140625 0.07275390625 0.025390625 0.07568359375 0.02734375 0.08056640625 0.03125 0.0810546875 0.0380859375 0.080078125 0.044921875 0.07666015625 0.0478515625 0.06884765625 0.0556640625
5 0.9365234375 0.4345703125 0.958984375 0.4365234375 0.9638671875 0.4384765625 0.96484375 0.458984375 0.962890625 0.486328125 0.95849609375 0.4990234375 0.9462890625 0.5029296875 0.935546875 0.5087890625 0.9306640625 0.470703125 0.9248046875 0.453125 0.923828125 0.4404296875
5 0.89111328125 0.412109375 0.86572265625 0.4169921875 0.84521484375 0.4169921875 0.8193359375 0.4296875 0.81005859375 0.44140625 0.8037109375 0.4580078125 0.79833984375 0.4638671875 0.79443359375 0.470703125 0.79052734375 0.4892578125 0.7919921875 0.51953125 0.79931640625 0.53515625 0.81201171875 0.5361328125 0.82421875 0.5390625 0.84619140625 0.537109375 0.8623046875 0.533203125 0.87060546875 0.537109375 0.8779296875 0.5341796875 0.88525390625 0.53125 0.8857421875 0.5224609375 0.91064453125 0.5234375 0.9150390625 0.5390625 0.9296875 0.541015625 0.935546875 0.529296875 0.94140625 0.501953125 0.9404296875 0.484375 0.9384765625 0.4619140625 0.93310546875 0.4462890625 0.92724609375 0.4365234375 0.9169921875 0.41796875 0.9013671875 0.4150390625
5 0.9736328125 0.4365234375 0.96533203125 0.439453125 0.9599609375 0.4443359375 0.955078125 0.455078125 0.951171875 0.466796875 0.95068359375 0.484375 0.94970703125 0.5009765625 0.951171875 0.513671875 0.955078125 0.521484375 0.96240234375 0.5166015625 0.96533203125 0.5087890625 0.97509765625 0.5087890625 0.9775390625 0.5185546875 0.98193359375 0.51953125 0.986328125 0.5107421875 0.99169921875 0.509765625 0.99365234375 0.5205078125 0.99951171875 0.5205078125 0.99951171875 0.435546875 0.98779296875 0.435546875
5 0.701171875 0.423828125 0.6572265625 0.423828125 0.634765625 0.4287109375 0.6220703125 0.4306640625 0.6142578125 0.435546875 0.60693359375 0.443359375 0.595703125 0.46875 0.58740234375 0.4775390625 0.5859375 0.4853515625 0.58447265625 0.4912109375 0.56201171875 0.49609375 0.55029296875 0.5 0.544921875 0.505859375 0.5419921875 0.5263671875 0.5400390625 0.537109375 0.537109375 0.546875 0.5380859375 0.5810546875 0.5419921875 0.5966796875 0.54541015625 0.6044921875 0.552734375 0.615234375 0.56591796875 0.6162109375 0.572265625 0.6025390625 0.5927734375 0.6044921875 0.59912109375 0.6083984375 0.61083984375 0.6103515625 0.61962890625 0.59765625 0.62158203125 0.6171875 0.62744140625 0.6201171875 0.640625 0.6201171875 0.650390625 0.6103515625 0.65576171875 0.5966796875 0.69775390625 0.5908203125 0.72314453125 0.5849609375 0.72705078125 0.6015625 0.73779296875 0.6083984375 0.75146484375 0.6025390625 0.75244140625 0.580078125 0.755859375 0.5263671875 0.75439453125 0.498046875 0.7451171875 0.46875 0.724609375 0.4306640625 0.7099609375 0.4287109375
