4 0.38232421875 0.2919921875 0.37109375 0.2841796875 0.357421875 0.3017578125 0.34326171875 0.28515625 0.3466796875 0.427734375 0.35986328125 0.4384765625 0.376953125 0.447265625 0.390625 0.4462890625 0.41162109375 0.44921875 0.42138671875 0.4375 0.431640625 0.4208984375 0.43701171875 0.388671875 0.43505859375 0.345703125 0.41796875 0.3349609375 0.4130859375 0.3134765625 0.40185546875 0.2861328125
2 0.42724609375 0.3125 0.42724609375 0.2978515625 0.45751953125 0.294921875 0.49267578125 0.296875 0.5078125 0.2900390625 0.52197265625 0.279296875 0.54541015625 0.263671875 0.57421875 0.2021484375 0.57373046875 0.19140625 0.5849609375 0.16796875 0.5927734375 0.1396484375 0.59326171875 0.1142578125 0.60107421875 0.1083984375 0.62158203125 0.06640625 0.626953125 0.03515625 0.63427734375 0.0087890625 0.6376953125 0.0 0.9990234375 0.0 0.9990234375 0.4990234375 0.78759765625 0.4921875 0.693359375 0.4716796875 0.63330078125 0.4560546875 0.58935546875 0.4482421875 0.53125 0.447265625 0.49658203125 0.447265625 0.46826171875 0.4423828125 0.43017578125 0.4423828125 0.42919921875 0.40625
2 0.3505859375 0.3173828125 0.3486328125 0.255859375 0.33642578125 0.2333984375 0.3330078125 0.21875 0.314453125 0.1923828125 0.31201171875 0.177734375 0.2958984375 0.158203125 0.279296875 0.1484375 0.28759765625 0.13671875 0.2763671875 0.1240234375 0.25 0.087890625 0.2177734375 0.0478515625 0.18310546875 0.0 0.0 0.001953125 0.0 0.484375 0.08984375 0.48046875 0.20361328125 0.46875 0.25537109375 0.46484375 0.30908203125 0.4482421875 0.3525390625 0.4462890625 0.3515625 0.4111328125
0 0.533203125 0.4423828125 0.49462890625 0.4384765625 0.46044921875 0.4365234375 0.44873046875 0.4345703125 0.42236328125 0.4375 0.40185546875 0.4384765625 0.37890625 0.4443359375 0.35595703125 0.4404296875 0.3310546875 0.4423828125 0.2900390625 0.4482421875 0.24365234375 0.462890625 0.18310546875 0.4658203125 0.1123046875 0.4716796875 0.0419921875 0.474609375 0.0 0.478515625 0.0 0.9970703125 0.998046875 0.99609375 0.998046875 0.71484375 0.87353515625 0.640625 0.8017578125 0.58984375 0.802734375 0.57421875 0.89599609375 0.57421875 0.998046875 0.5673828125 0.99853515625 0.4921875 0.74658203125 0.490234375 0.66552734375 0.48046875 0.671875 0.4658203125 0.6298828125 0.4541015625 0.595703125 0.439453125 0.55078125 0.44140625
5 0.380859375 0.435546875 0.37548828125 0.43359375 0.37255859375 0.439453125 0.37158203125 0.4482421875 0.37158203125 0.4521484375 0.37548828125 0.4521484375 0.37841796875 0.4521484375 0.38134765625 0.453125 0.38330078125 0.4501953125 0.38330078125 0.4423828125
4 0.466796875 0.3642578125 0.458984375 0.3583984375 0.453125 0.361328125 0.4521484375 0.3662109375 0.45166015625 0.3779296875 0.451171875 0.392578125 0.4501953125 0.4033203125 0.44970703125 0.416015625 0.44970703125 0.4296875 0.45263671875 0.4384765625 0.4599609375 0.443359375 0.474609375 0.4453125 0.48583984375 0.439453125 0.49072265625 0.4326171875 0.4931640625 0.419921875 0.49365234375 0.400390625 0.4931640625 0.38671875 0.49169921875 0.3798828125 0.48828125 0.3662109375 0.48583984375 0.3583984375 0.4794921875 0.361328125 0.47509765625 0.3583984375 0.47119140625 0.3525390625 0.4677734375 0.35546875
4 0.31005859375 0.29296875 0.3046875 0.314453125 0.30419921875 0.3310546875 0.29541015625 0.34375 0.29052734375 0.35546875 0.29345703125 0.380859375 0.3017578125 0.4052734375 0.3154296875 0.412109375 0.3193359375 0.455078125 0.32568359375 0.4521484375 0.3291015625 0.42578125 0.33837890625 0.396484375 0.349609375 0.3818359375 0.35400390625 0.3642578125 0.35107421875 0.34375 0.34033203125 0.3125 0.32958984375 0.2880859375 0.318359375 0.25390625
5 0.31396484375 0.4326171875 0.30810546875 0.431640625 0.30615234375 0.4375 0.30517578125 0.447265625 0.3056640625 0.45703125 0.30712890625 0.4609375 0.31005859375 0.4619140625 0.31396484375 0.4619140625 0.318359375 0.4619140625 0.322265625 0.4619140625 0.32470703125 0.4609375 0.32470703125 0.451171875 0.32421875 0.4423828125 0.322265625 0.4365234375 0.3193359375 0.43359375
4 0.3037109375 0.4326171875 0.2998046875 0.4150390625 0.29443359375 0.412109375 0.29150390625 0.4130859375 0.28759765625 0.4189453125 0.28271484375 0.4169921875 0.27880859375 0.416015625 0.2724609375 0.416015625 0.26904296875 0.416015625 0.26513671875 0.416015625 0.2607421875 0.416015625 0.25439453125 0.4189453125 0.2509765625 0.419921875 0.24609375 0.419921875 0.2451171875 0.41796875 0.2451171875 0.4013671875 0.24365234375 0.3828125 0.244140625 0.3623046875 0.2490234375 0.36328125 0.25390625 0.3701171875 0.2578125 0.3740234375 0.267578125 0.3701171875 0.26611328125 0.349609375 0.27294921875 0.3310546875 0.27880859375 0.3359375 0.2861328125 0.33984375 0.29052734375 0.3349609375 0.294921875 0.322265625 0.29541015625 0.2880859375 0.29345703125 0.267578125 0.28857421875 0.2490234375 0.28857421875 0.2333984375 0.2880859375 0.1982421875 0.28466796875 0.18359375 0.27880859375 0.1708984375 0.2744140625 0.15625 0.26708984375 0.150390625 0.26025390625 0.1357421875 0.2578125 0.1201171875 0.2548828125 0.111328125 0.24658203125 0.1044921875 0.2275390625 0.0791015625 0.22021484375 0.0908203125 0.20849609375 0.1220703125 0.2080078125 0.15234375 0.203125 0.17578125 0.19677734375 0.1884765625 0.197265625 0.2138671875 0.1845703125 0.2177734375 0.18798828125 0.2529296875 0.1826171875 0.2734375 0.1845703125 0.298828125 0.181640625 0.3203125 0.1845703125 0.341796875 0.1875 0.3486328125 0.19921875 0.357421875 0.2080078125 0.3642578125 0.22265625 0.3759765625 0.22216796875 0.41796875 0.216796875 0.4306640625 0.21142578125 0.4619140625 0.23046875 0.4765625 0.24853515625 0.474609375 0.2646484375 0.47265625 0.2724609375 0.466796875 0.27294921875 0.453125 0.28515625 0.4482421875 0.29736328125 0.4423828125 0.3037109375 0.44140625
5 0.29443359375 0.4365234375 0.30517578125 0.4326171875 0.3076171875 0.4482421875 0.31005859375 0.4580078125 0.3056640625 0.4638671875 0.2998046875 0.462890625 0.29736328125 0.453125
5 0.29541015625 0.43359375 0.283203125 0.4345703125 0.2822265625 0.44921875 0.28857421875 0.4599609375 0.291015625 0.46484375 0.29541015625 0.466796875 0.3017578125 0.46484375 0.30322265625 0.4560546875 0.30078125 0.4384765625
5 0.28125 0.435546875 0.27587890625 0.4345703125 0.271484375 0.4365234375 0.2685546875 0.44140625 0.26611328125 0.4482421875 0.26513671875 0.455078125 0.26611328125 0.4609375 0.26904296875 0.4658203125 0.27197265625 0.4677734375 0.27490234375 0.46875 0.279296875 0.46875 0.28466796875 0.4677734375 0.2900390625 0.466796875 0.29248046875 0.46484375 0.29248046875 0.45703125 0.29248046875 0.4501953125 0.29150390625 0.44140625 0.28955078125 0.4375 0.28515625 0.4326171875
5 0.18798828125 0.4541015625 0.1865234375 0.44140625 0.17724609375 0.4326171875 0.16015625 0.435546875 0.1494140625 0.4375 0.14794921875 0.4814453125 0.154296875 0.484375 0.16162109375 0.4873046875 0.16650390625 0.4853515625 0.169921875 0.4853515625 0.173828125 0.486328125 0.17724609375 0.482421875 0.18359375 0.482421875 0.18505859375 0.484375 0.189453125 0.484375 0.18994140625 0.47265625 0.1943359375 0.470703125 0.193359375 0.4599609375
5 0.14111328125 0.419921875 0.125 0.419921875 0.11669921875 0.423828125 0.11083984375 0.4501953125 0.11279296875 0.4775390625 0.11474609375 0.4921875 0.123046875 0.4931640625 0.12744140625 0.490234375 0.13232421875 0.4892578125 0.13525390625 0.484375 0.1416015625 0.482421875 0.14599609375 0.490234375 0.15087890625 0.4873046875 0.15478515625 0.486328125 0.15478515625 0.466796875 0.15087890625 0.42578125 0.146484375 0.419921875
5 0.07373046875 0.431640625 0.05322265625 0.4306640625 0.046875 0.4453125 0.04345703125 0.45703125 0.04248046875 0.4716796875 0.0458984375 0.48046875 0.056640625 0.48046875 0.06298828125 0.4736328125 0.07275390625 0.439453125
5 0.0 0.4375 0.005859375 0.443359375 0.015625 0.4384765625 0.03173828125 0.4375 0.03662109375 0.44140625 0.041015625 0.4462890625 0.04638671875 0.4521484375 0.0478515625 0.4619140625 0.046875 0.4775390625 0.0322265625 0.4775390625 0.013671875 0.4833984375 0.00634765625 0.484375 -0.0009765625 0.484375
1 0.04443359375 0.49609375 0.0 0.50390625 0.0 0.482421875 0.0078125 0.4814453125 0.01904296875 0.4814453125 0.03271484375 0.48046875 0.03466796875 0.4765625 0.04052734375 0.4765625 0.05126953125 0.4775390625 0.05517578125 0.48046875 0.05517578125 0.4912109375 0.052734375 0.49609375
4 0.03369140625 0.3642578125 0.04736328125 0.3681640625 0.05322265625 0.3486328125 0.0576171875 0.3583984375 0.0615234375 0.3681640625 0.0654296875 0.37890625 0.0712890625 0.384765625 0.0791015625 0.388671875 0.08447265625 0.3837890625 0.08984375 0.3759765625 0.0947265625 0.3759765625 0.10205078125 0.373046875 0.11767578125 0.365234375 0.12646484375 0.3466796875 0.12548828125 0.3154296875 0.12255859375 0.3056640625 0.11962890625 0.28515625 0.1162109375 0.2724609375 0.12158203125 0.25 0.12451171875 0.224609375 0.12353515625 0.1962890625 0.1064453125 0.19921875 0.109375 0.1748046875 0.10205078125 0.169921875 0.1015625 0.150390625 0.09423828125 0.115234375 0.0908203125 0.0751953125 0.08740234375 0.0419921875 0.07861328125 0.01953125 0.07373046875 0.0 0.0 0.0 0.0 0.380859375 0.01171875 0.3740234375 0.017578125 0.4951171875 0.02490234375 0.4951171875 0.02978515625 0.3759765625
5 0.08642578125 0.431640625 0.0751953125 0.435546875 0.068359375 0.4375 0.05859375 0.4521484375 0.05224609375 0.45703125 0.0478515625 0.46875 0.0498046875 0.4951171875 0.0625 0.4892578125 0.0703125 0.4912109375 0.08251953125 0.4951171875 0.09228515625 0.494140625 0.1005859375 0.4921875 0.1064453125 0.484375 0.1064453125 0.44921875 0.10400390625 0.4306640625 0.091796875 0.431640625
5 0.56787109375 0.42578125 0.56103515625 0.4248046875 0.55908203125 0.4326171875 0.55615234375 0.443359375 0.55712890625 0.451171875 0.56103515625 0.4541015625 0.56298828125 0.4560546875 0.56591796875 0.4541015625 0.56689453125 0.4482421875 0.56689453125 0.4404296875 0.56787109375 0.4345703125
5 0.58935546875 0.4248046875 0.58447265625 0.4248046875 0.58251953125 0.4287109375 0.57861328125 0.4375 0.57666015625 0.451171875 0.5751953125 0.4619140625 0.58056640625 0.4638671875 0.58642578125 0.4609375 0.5888671875 0.4443359375
1 0.62841796875 0.4501953125 0.62353515625 0.4541015625 0.619140625 0.4560546875 0.61962890625 0.466796875 0.62109375 0.4697265625 0.62841796875 0.4697265625 0.64208984375 0.474609375 0.63525390625 0.4755859375 0.6259765625 0.4755859375 0.6201171875 0.48046875 0.6162109375 0.4921875 0.63037109375 0.498046875 0.6982421875 0.501953125 0.75146484375 0.509765625 0.91552734375 0.5078125 0.998046875 0.513671875 0.998046875 0.4697265625 0.88671875 0.4814453125 0.8544921875 0.4755859375 0.8427734375 0.4716796875 0.83154296875 0.470703125 0.822265625 0.470703125 0.81201171875 0.4677734375 0.80615234375 0.46875 0.79833984375 0.46875 0.7900390625 0.4638671875 0.78515625 0.462890625 0.77783203125 0.4609375 0.76904296875 0.4619140625 0.76025390625 0.4619140625 0.7548828125 0.4619140625 0.748046875 0.4619140625 0.74609375 0.458984375 0.7412109375 0.45703125 0.736328125 0.4560546875 0.73095703125 0.455078125 0.7275390625 0.4541015625 0.70751953125 0.4541015625 0.68994140625 0.4501953125 0.6826171875 0.4462890625 0.6748046875 0.443359375 0.6689453125 0.4423828125 0.66064453125 0.44140625 0.6533203125 0.4404296875 0.642578125 0.443359375 0.6396484375 0.443359375
4 0.60546875 0.369140625 0.59521484375 0.365234375 0.59228515625 0.359375 0.58203125 0.365234375 0.5712890625 0.3671875 0.56396484375 0.3505859375 0.55810546875 0.3564453125 0.54638671875 0.359375 0.5458984375 0.248046875 0.54296875 0.21484375 0.55517578125 0.2060546875 0.564453125 0.1943359375 0.5712890625 0.1923828125 0.5791015625 0.17578125 0.580078125 0.1572265625 0.58984375 0.142578125 0.591796875 0.1015625 0.60009765625 0.09375 0.6103515625 0.0908203125 0.62060546875 0.0986328125 0.62841796875 0.10546875 0.62939453125 0.1240234375 0.63671875 0.1494140625 0.6435546875 0.1572265625 0.65087890625 0.1728515625 0.66162109375 0.1552734375 0.66796875 0.1796875 0.681640625 0.177734375 0.68798828125 0.1787109375 0.69287109375 0.1923828125 0.69775390625 0.20703125 0.6943359375 0.2265625 0.650390625 0.26171875 0.662109375 0.3310546875 0.66357421875 0.38671875 0.66064453125 0.419921875 0.65380859375 0.4482421875 0.64599609375 0.46484375 0.630859375 0.462890625 0.619140625 0.4609375 0.6142578125 0.458984375 0.61181640625 0.439453125 0.61279296875 0.41796875 0.61181640625 0.400390625
5 0.60693359375 0.416015625 0.59765625 0.419921875 0.591796875 0.4208984375 0.587890625 0.42578125 0.5859375 0.435546875 0.5849609375 0.4443359375 0.5849609375 0.4521484375 0.5849609375 0.4580078125 0.5849609375 0.462890625 0.58642578125 0.466796875 0.587890625 0.46875 0.59130859375 0.4716796875 0.59375 0.47265625 0.59716796875 0.47265625 0.59765625 0.4677734375 0.609375 0.46875 0.61474609375 0.46875 0.6171875 0.4716796875 0.61962890625 0.4716796875 0.62255859375 0.4716796875 0.62255859375 0.462890625 0.62255859375 0.4541015625 0.6220703125 0.44921875 0.62060546875 0.4384765625 0.619140625 0.4296875 0.6181640625 0.4248046875 0.61572265625 0.41796875 0.6123046875 0.4140625 0.60986328125 0.4140625
5 0.97509765625 0.3828125 0.96435546875 0.3857421875 0.951171875 0.3916015625 0.93701171875 0.4072265625 0.923828125 0.42578125 0.9111328125 0.431640625 0.89453125 0.435546875 0.88623046875 0.439453125 0.87646484375 0.44921875 0.8837890625 0.4921875 0.89306640625 0.51171875 0.9091796875 0.51953125 0.92333984375 0.51171875 0.93115234375 0.5166015625 0.9423828125 0.517578125 0.9501953125 0.501953125 0.99853515625 0.5029296875 0.998046875 0.3798828125
1 0.91357421875 0.5546875 0.86328125 0.556640625 0.8212890625 0.5595703125 0.80078125 0.5556640625 0.77490234375 0.5615234375 0.76318359375 0.564453125 0.751953125 0.572265625 0.75146484375 0.59375 0.81640625 0.642578125 0.99853515625 0.7568359375 0.99755859375 0.5576171875 0.95263671875 0.55859375
