2 0.72412109375 0.0478515625 0.732421875 0.041015625 0.73291015625 0.01171875 0.73779296875 0.001953125 0.74560546875 0.0029296875 0.767578125 0.001953125 0.783203125 0.001953125 0.79541015625 0.00390625 0.8076171875 0.00390625 0.818359375 0.0068359375 0.8271484375 0.0048828125 0.83154296875 0.01953125 0.859375 0.017578125 0.8984375 0.0234375 0.89892578125 0.013671875 0.89599609375 0.01171875 0.8955078125 0.00390625 0.89599609375 0.0009765625 0.99853515625 0.0 0.998046875 0.46484375 0.83642578125 0.4501953125 0.7802734375 0.44921875 0.72265625 0.4423828125 0.72900390625 0.0810546875
2 0.55029296875 0.4365234375 0.48046875 0.431640625 0.4345703125 0.427734375 0.39306640625 0.4306640625 0.40673828125 0.328125 0.48876953125 0.3203125 0.5302734375 0.3193359375 0.552734375 0.3193359375 0.5693359375 0.326171875 0.576171875 0.4033203125 0.57470703125 0.44140625
4 0.45166015625 0.26171875 0.44921875 0.275390625 0.443359375 0.2861328125 0.4384765625 0.2998046875 0.42919921875 0.298828125 0.4248046875 0.314453125 0.4248046875 0.3271484375 0.4248046875 0.3486328125 0.42626953125 0.3759765625 0.43115234375 0.3837890625 0.4365234375 0.3916015625 0.43798828125 0.404296875 0.44482421875 0.4140625 0.4677734375 0.4306640625 0.48681640625 0.4306640625 0.49609375 0.427734375 0.4970703125 0.419921875 0.50244140625 0.408203125 0.5068359375 0.4052734375 0.5126953125 0.404296875 0.513671875 0.3818359375 0.5166015625 0.380859375 0.5166015625 0.408203125 0.51904296875 0.4072265625 0.52587890625 0.4072265625 0.52734375 0.3779296875 0.53173828125 0.37890625 0.53369140625 0.396484375 0.53466796875 0.40625 0.53466796875 0.4150390625 0.53759765625 0.423828125 0.53955078125 0.4296875 0.5439453125 0.4296875 0.5498046875 0.4306640625 0.55419921875 0.4150390625 0.55615234375 0.3857421875 0.5546875 0.353515625 0.548828125 0.330078125 0.54443359375 0.3115234375 0.5400390625 0.2978515625 0.53466796875 0.2783203125 0.52978515625 0.2646484375 0.5263671875 0.2529296875 0.5205078125 0.2529296875 0.5166015625 0.2607421875 0.51318359375 0.267578125 0.50732421875 0.2783203125 0.50341796875 0.28125 0.5 0.2802734375 0.49560546875 0.2802734375 0.49365234375 0.2783203125 0.49169921875 0.2705078125 0.490234375 0.2607421875 0.48876953125 0.24609375 0.4873046875 0.234375 0.4853515625 0.2275390625 0.47900390625 0.2275390625 0.4765625 0.234375 0.47265625 0.2451171875 0.4697265625 0.2451171875 0.46875 0.248046875 0.462890625 0.2509765625 0.46240234375 0.263671875 0.45947265625 0.267578125 0.4560546875 0.2646484375
0 0.52880859375 0.4267578125 0.47314453125 0.4208984375 0.44140625 0.4189453125 0.4111328125 0.4365234375 0.3017578125 0.4970703125 0.2412109375 0.53515625 -0.0009765625 0.6591796875 0.0 0.9970703125 0.99755859375 0.9970703125 0.99755859375 0.55078125 0.935546875 0.5361328125 0.86328125 0.5234375 0.9365234375 0.5185546875 0.982421875 0.515625 0.998046875 0.5107421875 0.9951171875 0.4755859375 0.95751953125 0.482421875 0.876953125 0.47265625 0.779296875 0.4697265625 0.7119140625 0.45703125 0.65771484375 0.4609375 0.6396484375 0.4560546875 0.60400390625 0.4521484375 0.58154296875 0.4375 0.55859375 0.4248046875
5 0.84619140625 0.419921875 0.83447265625 0.4228515625 0.82861328125 0.4287109375 0.81787109375 0.4375 0.8203125 0.4501953125 0.82958984375 0.4521484375 0.8359375 0.44921875 0.83935546875 0.4375
5 0.85205078125 0.4228515625 0.84326171875 0.421875 0.8388671875 0.42578125 0.83349609375 0.4384765625 0.83203125 0.4482421875 0.8359375 0.455078125 0.84130859375 0.4541015625 0.84814453125 0.447265625 0.8544921875 0.439453125 0.859375 0.43359375 0.86279296875 0.4248046875
5 0.86962890625 0.42578125 0.8603515625 0.4248046875 0.85595703125 0.42578125 0.8505859375 0.4375 0.84619140625 0.439453125 0.837890625 0.4462890625 0.8408203125 0.4541015625 0.85107421875 0.4541015625 0.8603515625 0.4560546875 0.8720703125 0.4521484375 0.87255859375 0.4404296875
5 0.9091796875 0.4248046875 0.923828125 0.4306640625 0.92041015625 0.4404296875 0.9130859375 0.447265625 0.90869140625 0.44140625
5 0.9345703125 0.427734375 0.92626953125 0.427734375 0.921875 0.4287109375 0.91748046875 0.4326171875 0.912109375 0.4375 0.91015625 0.439453125 0.90966796875 0.443359375 0.90966796875 0.447265625 0.90966796875 0.453125 0.91064453125 0.4619140625 0.91943359375 0.46484375 0.921875 0.46484375 0.93115234375 0.4580078125 0.935546875 0.4501953125 0.9384765625 0.439453125
4 0.9638671875 0.2822265625 0.95068359375 0.27734375 0.9423828125 0.27734375 0.9326171875 0.27734375 0.92333984375 0.279296875 0.9130859375 0.28515625 0.9091796875 0.287109375 0.8935546875 0.2900390625 0.8828125 0.2861328125 0.875 0.279296875 0.86962890625 0.2822265625 0.8603515625 0.283203125 0.85302734375 0.2861328125 0.83642578125 0.2880859375 0.830078125 0.2890625 0.8232421875 0.2978515625 0.814453125 0.3046875 0.80712890625 0.3115234375 0.796875 0.306640625 0.7861328125 0.306640625 0.771484375 0.314453125 0.76611328125 0.3173828125 0.75439453125 0.326171875 0.74609375 0.3310546875 0.74462890625 0.3447265625 0.74560546875 0.3701171875 0.75341796875 0.3828125 0.7607421875 0.400390625 0.77978515625 0.404296875 0.7900390625 0.3974609375 0.7998046875 0.4091796875 0.81396484375 0.39453125 0.81884765625 0.4013671875 0.8212890625 0.40625 0.82763671875 0.4111328125 0.8359375 0.4189453125 0.8369140625 0.4560546875 0.84228515625 0.45703125 0.841796875 0.416015625 0.85302734375 0.4150390625 0.86572265625 0.4013671875 0.88671875 0.41015625 0.9033203125 0.4111328125 0.927734375 0.412109375 0.9404296875 0.4169921875 0.9501953125 0.4189453125 0.958984375 0.40234375 0.97265625 0.390625 0.99853515625 0.35546875 0.99755859375 0.275390625 0.98583984375 0.279296875 0.9794921875 0.27734375 0.97412109375 0.2783203125 0.96875 0.2802734375
4 0.71142578125 0.443359375 0.7177734375 0.4189453125 0.7138671875 0.3974609375 0.7177734375 0.375 0.72607421875 0.37109375 0.73486328125 0.376953125 0.74951171875 0.369140625 0.751953125 0.3525390625 0.7646484375 0.3447265625 0.771484375 0.34765625 0.77783203125 0.349609375 0.7880859375 0.357421875 0.791015625 0.3603515625 0.80078125 0.353515625 0.80810546875 0.34765625 0.81005859375 0.3388671875 0.80712890625 0.31640625 0.8037109375 0.2998046875 0.81201171875 0.2880859375 0.81884765625 0.27734375 0.8193359375 0.259765625 0.81982421875 0.244140625 0.82275390625 0.2265625 0.81591796875 0.2216796875 0.81103515625 0.2138671875 0.8076171875 0.2109375 0.810546875 0.201171875 0.810546875 0.189453125 0.810546875 0.1748046875 0.80517578125 0.169921875 0.8056640625 0.1640625 0.80810546875 0.1533203125 0.80712890625 0.142578125 0.8037109375 0.1328125 0.8037109375 0.123046875 0.79931640625 0.1181640625 0.79931640625 0.1103515625 0.7978515625 0.0986328125 0.796875 0.087890625 0.78857421875 0.08984375 0.78759765625 0.080078125 0.77978515625 0.080078125 0.77587890625 0.08203125 0.77734375 0.0751953125 0.77880859375 0.0712890625 0.779296875 0.064453125 0.77880859375 0.056640625 0.7763671875 0.048828125 0.7744140625 0.046875 0.771484375 0.0458984375 0.76904296875 0.0380859375 0.76220703125 0.0361328125 0.75439453125 0.0361328125 0.74658203125 0.04296875 0.75 0.0322265625 0.74951171875 0.01953125 0.74365234375 0.0185546875 0.73828125 0.01171875 0.73486328125 0.01171875 0.73193359375 0.0146484375 0.72509765625 0.015625 0.72021484375 0.017578125 0.7158203125 0.017578125 0.716796875 0.0078125 0.7158203125 0.0 0.65478515625 0.0 0.6474609375 0.013671875 0.64013671875 0.013671875 0.6328125 0.0166015625 0.63037109375 0.0185546875 0.625 0.0107421875 0.61865234375 0.009765625 0.6142578125 0.0107421875 0.60791015625 0.021484375 0.59716796875 0.0234375 0.58984375 0.0263671875 0.58447265625 0.0400390625 0.583984375 0.052734375 0.58154296875 0.0634765625 0.57861328125 0.0576171875 0.57080078125 0.046875 0.5634765625 0.0439453125 0.556640625 0.04296875 0.5517578125 0.048828125 0.5517578125 0.05859375 0.548828125 0.0712890625 0.54833984375 0.0869140625 0.54541015625 0.0908203125 0.54248046875 0.0966796875 0.5380859375 0.103515625 0.53515625 0.107421875 0.53369140625 0.115234375 0.52880859375 0.115234375 0.52197265625 0.119140625 0.52001953125 0.125 0.515625 0.1416015625 0.515625 0.15625 0.515625 0.177734375 0.513671875 0.197265625 0.513671875 0.21484375 0.515625 0.2333984375 0.52099609375 0.251953125 0.5234375 0.271484375 0.52734375 0.283203125 0.52880859375 0.29296875 0.52880859375 0.310546875 0.5302734375 0.3212890625 0.5283203125 0.3369140625 0.5283203125 0.35546875 0.52685546875 0.3720703125 0.53466796875 0.3798828125 0.54248046875 0.38671875 0.55029296875 0.3994140625 0.55224609375 0.41796875 0.5625 0.4228515625 0.578125 0.4169921875 0.580078125 0.4287109375 0.591796875 0.443359375 0.59912109375 0.4462890625 0.60986328125 0.443359375 0.62109375 0.4443359375 0.6357421875 0.44921875 0.64501953125 0.44921875 0.6533203125 0.44921875 0.66845703125 0.44140625 0.677734375 0.4423828125 0.681640625 0.443359375 0.685546875 0.4462890625 0.68798828125 0.447265625 0.6884765625 0.4521484375 0.6884765625 0.4580078125 0.69140625 0.462890625 0.69677734375 0.462890625 0.701171875 0.4619140625 0.69677734375 0.443359375
4 0.42236328125 0.2705078125 0.4169921875 0.2490234375 0.4111328125 0.2294921875 0.40625 0.22265625 0.3994140625 0.2080078125 0.3935546875 0.2021484375 0.38671875 0.1923828125 0.37841796875 0.185546875 0.369140625 0.181640625 0.35986328125 0.1748046875 0.35546875 0.1640625 0.35205078125 0.158203125 0.34130859375 0.1455078125 0.283203125 0.033203125 0.26025390625 0.0 -0.00048828125 0.001953125 -0.0009765625 0.33203125 0.060546875 0.3564453125 0.107421875 0.3994140625 0.1357421875 0.431640625 0.16162109375 0.4462890625 0.20166015625 0.4296875 0.26318359375 0.4267578125 0.3271484375 0.423828125 0.3623046875 0.4150390625 0.41845703125 0.4052734375 0.4375 0.3837890625 0.4375 0.3564453125 0.4384765625 0.3251953125 0.43994140625 0.306640625 0.4375 0.2958984375 0.431640625 0.287109375 0.427734375 0.2802734375
3 0.1748046875 0.4033203125 0.19775390625 0.392578125 0.21728515625 0.39453125 0.21435546875 0.4365234375 0.173828125 0.4501953125
5 0.3486328125 0.4033203125 0.3427734375 0.4013671875 0.3359375 0.39453125 0.330078125 0.3984375 0.328125 0.408203125 0.3291015625 0.421875 0.33056640625 0.4296875 0.34033203125 0.4326171875 0.34619140625 0.4287109375
5 0.26123046875 0.3974609375 0.2744140625 0.400390625 0.2744140625 0.41796875 0.27197265625 0.4306640625 0.25634765625 0.4345703125 0.23681640625 0.4404296875 0.234375 0.42578125 0.2353515625 0.4150390625 0.23828125 0.404296875 0.25244140625 0.3994140625
5 0.21044921875 0.3984375 0.22314453125 0.3994140625 0.2333984375 0.400390625 0.2333984375 0.4248046875 0.23193359375 0.435546875 0.22265625 0.439453125 0.21142578125 0.4404296875 0.203125 0.443359375 0.19970703125 0.439453125 0.19873046875 0.43359375 0.201171875 0.423828125
5 0.4755859375 0.408203125 0.48681640625 0.41015625 0.48974609375 0.423828125 0.49169921875 0.4375 0.490234375 0.4404296875 0.48828125 0.44140625 0.48681640625 0.44140625 0.48291015625 0.4404296875 0.4765625 0.4404296875
5 0.544921875 0.408203125 0.5625 0.4111328125 0.5595703125 0.44921875 0.54345703125 0.44921875 0.5400390625 0.435546875 0.541015625 0.42578125 0.54248046875 0.416015625
5 0.478515625 0.4033203125 0.47802734375 0.3828125 0.466796875 0.3828125 0.44482421875 0.3798828125 0.4423828125 0.3974609375 0.4423828125 0.408203125 0.46337890625 0.447265625 0.46826171875 0.4482421875 0.46875 0.451171875 0.47265625 0.451171875 0.47314453125 0.4599609375 0.478515625 0.458984375 0.4794921875 0.4287109375 0.47900390625 0.4150390625
5 0.27978515625 0.4013671875 0.29638671875 0.4033203125 0.298828125 0.40625 0.30029296875 0.423828125 0.302734375 0.4375 0.27734375 0.4375
5 0.3017578125 0.3857421875 0.322265625 0.38671875 0.32666015625 0.390625 0.328125 0.400390625 0.32763671875 0.4208984375 0.32275390625 0.4375 0.294921875 0.4375 0.294921875 0.4248046875 0.29833984375 0.4091796875 0.298828125 0.3974609375
4 0.279296875 0.4853515625 0.28662109375 0.45703125 0.28369140625 0.4365234375 0.28662109375 0.3427734375 0.29150390625 0.2275390625 0.310546875 0.203125 0.3251953125 0.1953125 0.3251953125 0.28515625 0.3212890625 0.4638671875 0.3310546875 0.4677734375 0.33837890625 0.4736328125 0.33642578125 0.3916015625 0.341796875 0.189453125 0.35546875 0.1826171875 0.37548828125 0.1845703125 0.40283203125 0.1953125 0.41162109375 0.1875 0.42041015625 0.1640625 0.4248046875 0.154296875 0.423828125 0.1337890625 0.4208984375 0.1201171875 0.4140625 0.103515625 0.42041015625 0.0888671875 0.42626953125 0.0712890625 0.416015625 0.0625 0.40673828125 0.0556640625 0.41650390625 0.04296875 0.4140625 0.02734375 0.42333984375 0.0009765625 -0.00048828125 0.0009765625 0.0 0.265625 0.0087890625 0.263671875 0.01953125 0.2724609375 0.03271484375 0.271484375 0.03857421875 0.2822265625 0.04345703125 0.2978515625 0.04296875 0.3251953125 0.06005859375 0.3330078125 0.0654296875 0.314453125 0.076171875 0.3056640625 0.08740234375 0.3017578125 0.10205078125 0.298828125 0.10693359375 0.2978515625 0.11767578125 0.3017578125 0.1279296875 0.3076171875 0.14306640625 0.412109375 0.17626953125 0.45703125 0.18408203125 0.435546875 0.17919921875 0.376953125 0.17626953125 0.3193359375 0.169921875 0.267578125 0.1669921875 0.2275390625 0.17431640625 0.1533203125 0.1904296875 0.12890625 0.19873046875 0.142578125 0.22265625 0.14453125 0.24072265625 0.13671875 0.2509765625 0.1513671875 0.228515625 0.1904296875 0.21435546875 0.2041015625 0.216796875 0.234375 0.21728515625 0.2578125 0.22509765625 0.279296875 0.23046875 0.2939453125 0.2177734375 0.3154296875 0.2041015625 0.3408203125 0.20263671875 0.3642578125 0.20751953125 0.3662109375 0.203125 0.3837890625 0.20654296875 0.4033203125 0.205078125 0.4130859375 0.20166015625 0.4326171875 0.20361328125 0.4423828125 0.22021484375 0.4462890625 0.2275390625 0.447265625 0.2451171875 0.439453125 0.25341796875 0.4365234375 0.26416015625 0.4296875 0.26513671875 0.4189453125 0.26318359375 0.3994140625 0.25927734375 0.3818359375 0.24609375 0.3662109375 0.248046875 0.3447265625 0.2578125 0.3349609375 0.26806640625 0.322265625 0.26171875 0.4814453125
5 0.4306640625 0.400390625 0.4482421875 0.4013671875 0.458984375 0.404296875 0.46484375 0.4189453125 0.46875 0.4208984375 0.4697265625 0.42578125 0.46630859375 0.4287109375 0.466796875 0.4384765625 0.46630859375 0.4609375 0.46484375 0.4677734375 0.462890625 0.47265625 0.45751953125 0.46875 0.45654296875 0.4619140625 0.4296875 0.4599609375 0.42041015625 0.4267578125 0.42578125 0.4169921875
5 0.5625 0.4033203125 0.58056640625 0.4072265625 0.5859375 0.4296875 0.58642578125 0.453125 0.58544921875 0.462890625 0.58447265625 0.46484375 0.57763671875 0.4638671875 0.57666015625 0.4599609375 0.56005859375 0.4599609375 0.55810546875 0.4638671875 0.5537109375 0.4619140625 0.552734375 0.4580078125 0.552734375 0.4443359375 0.5537109375 0.43359375 0.5546875 0.4248046875 0.55810546875 0.412109375
5 0.5234375 0.40234375 0.5009765625 0.4052734375 0.49560546875 0.4052734375 0.49365234375 0.4091796875 0.4873046875 0.4326171875 0.48388671875 0.4716796875 0.484375 0.4931640625 0.48681640625 0.5068359375 0.49462890625 0.5068359375 0.49951171875 0.4931640625 0.5341796875 0.4951171875 0.5400390625 0.5048828125 0.54345703125 0.5078125 0.5478515625 0.50390625 0.54833984375 0.4658203125 0.54638671875 0.43359375 0.5400390625 0.408203125 0.53369140625 0.4033203125
5 0.357421875 0.38671875 0.3662109375 0.384765625 0.400390625 0.380859375 0.4111328125 0.3896484375 0.41845703125 0.4072265625 0.4248046875 0.4189453125 0.43310546875 0.4189453125 0.43701171875 0.431640625 0.4326171875 0.443359375 0.4345703125 0.451171875 0.43505859375 0.4716796875 0.4345703125 0.5009765625 0.43359375 0.5166015625 0.42626953125 0.5185546875 0.42431640625 0.529296875 0.4169921875 0.53515625 0.408203125 0.53125 0.40234375 0.5126953125 0.369140625 0.51171875 0.36474609375 0.5224609375 0.35546875 0.51953125 0.3486328125 0.529296875 0.3408203125 0.5302734375 0.333984375 0.525390625 0.33349609375 0.48828125 0.33251953125 0.47265625 0.3330078125 0.4580078125 0.3369140625 0.439453125 0.34033203125 0.4228515625 0.345703125 0.400390625 0.35009765625 0.3955078125
5 0.8623046875 0.576171875 0.85986328125 0.5947265625 0.85400390625 0.6181640625 0.85302734375 0.6767578125 0.85302734375 0.720703125 0.85498046875 0.7607421875 0.8662109375 0.8056640625 0.876953125 0.8134765625 0.89501953125 0.8173828125 0.90673828125 0.8173828125 0.9169921875 0.7724609375 0.99853515625 0.84375 0.998046875 0.3408203125 0.97216796875 0.3681640625 0.93896484375 0.41796875 0.9140625 0.45703125 0.9091796875 0.474609375 0.89501953125 0.4755859375 0.88525390625 0.4931640625 0.8828125 0.509765625 0.88671875 0.5224609375 0.876953125 0.5341796875 0.86572265625 0.552734375
5 0.03271484375 0.3134765625 0.0595703125 0.31640625 0.0869140625 0.3310546875 0.12451171875 0.357421875 0.14453125 0.3857421875 0.1650390625 0.4208984375 0.18212890625 0.4384765625 0.1943359375 0.4501953125 0.19970703125 0.46484375 0.19970703125 0.474609375 0.19384765625 0.4892578125 0.20556640625 0.5009765625 0.2177734375 0.52734375 0.22802734375 0.560546875 0.23095703125 0.6044921875 0.22705078125 0.71875 0.2177734375 0.7626953125 0.20263671875 0.775390625 0.18603515625 0.775390625 0.16943359375 0.75390625 0.08544921875 0.826171875 0.08154296875 0.8759765625 0.06396484375 0.94140625 0.0458984375 0.9599609375 0.0 0.9560546875 0.00048828125 0.3037109375
