2 0.45068359375 0.255859375 0.4345703125 0.25390625 0.4326171875 0.0947265625 0.42138671875 0.091796875 0.41796875 0.05078125 0.39892578125 0.0498046875 0.38525390625 0.0419921875 0.36767578125 0.0224609375 0.35986328125 0.0458984375 0.33251953125 0.072265625 0.33154296875 0.107421875 0.3251953125 0.115234375 0.32470703125 0.15234375 0.31884765625 0.1494140625 0.31640625 0.134765625 0.302734375 0.1240234375 0.2998046875 0.076171875 0.21484375 0.0009765625 0.0 0.0 0.0 0.453125 0.13818359375 0.4619140625 0.38818359375 0.45703125 0.48193359375 0.447265625 0.615234375 0.4638671875 0.74560546875 0.453125 0.73779296875 0.0009765625 0.51416015625 0.0 0.51318359375 0.033203125 0.494140625 0.0390625 0.4921875 0.0732421875 0.4619140625 0.083984375 0.46337890625 0.232421875 0.46337890625 0.2578125
4 0.41064453125 0.251953125 0.39404296875 0.267578125 0.38623046875 0.2392578125 0.37158203125 0.2158203125 0.36181640625 0.201171875 0.3515625 0.21484375 0.34033203125 0.2236328125 0.33154296875 0.228515625 0.32275390625 0.22265625 0.31640625 0.2197265625 0.31103515625 0.232421875 0.31005859375 0.265625 0.30908203125 0.2958984375 0.3095703125 0.314453125 0.31640625 0.33203125 0.33837890625 0.3525390625 0.35546875 0.37890625 0.39306640625 0.3818359375 0.40771484375 0.3916015625 0.4228515625 0.3955078125 0.4453125 0.400390625 0.4541015625 0.373046875 0.46142578125 0.3359375 0.4619140625 0.3056640625 0.44873046875 0.28125 0.427734375 0.2607421875 0.41650390625 0.2509765625
0 0.6455078125 0.4921875 0.7392578125 0.470703125 0.73681640625 0.4423828125 0.7236328125 0.4306640625 0.65673828125 0.43359375 0.60791015625 0.435546875 0.42529296875 0.4150390625 0.376953125 0.4140625 0.08544921875 0.4248046875 0.03125 0.435546875 0.00732421875 0.431640625 -0.0009765625 0.43359375 -0.0009765625 0.9970703125 0.98046875 0.998046875 0.6708984375 0.541015625 0.6337890625 0.50390625
2 0.625 0.1630859375 0.62353515625 0.0361328125 0.634765625 0.0 0.998046875 0.0 0.99755859375 0.5966796875 0.72802734375 0.4853515625 0.72802734375 0.2744140625 0.70703125 0.2783203125 0.6533203125 0.2490234375 0.626953125 0.2392578125 0.61962890625 0.236328125 0.61865234375 0.1708984375 0.6220703125 0.166015625
1 0.68603515625 0.6220703125 0.65234375 0.576171875 0.62890625 0.546875 0.61279296875 0.517578125 0.60498046875 0.501953125 0.607421875 0.4892578125 0.62890625 0.4755859375 0.73193359375 0.4599609375 0.7314453125 0.4814453125 0.775390625 0.5029296875 0.81884765625 0.517578125 0.8623046875 0.537109375 0.96826171875 0.5712890625 0.99853515625 0.5859375 0.998046875 0.99609375 0.9658203125 0.998046875 0.8427734375 0.83203125 0.76513671875 0.7265625
5 0.38720703125 0.3623046875 0.35791015625 0.3583984375 0.349609375 0.365234375 0.35986328125 0.44140625 0.36962890625 0.4951171875 0.3740234375 0.5146484375 0.38818359375 0.5078125 0.3896484375 0.5224609375 0.40966796875 0.5166015625 0.419921875 0.4931640625 0.42138671875 0.46484375 0.42138671875 0.443359375 0.41845703125 0.4248046875 0.42333984375 0.41796875 0.4208984375 0.404296875 0.412109375 0.40625 0.39892578125 0.365234375
5 0.3447265625 0.32421875 0.28857421875 0.31640625 0.25634765625 0.3173828125 0.240234375 0.326171875 0.244140625 0.37109375 0.26806640625 0.4462890625 0.29345703125 0.4814453125 0.30859375 0.5458984375 0.3291015625 0.5419921875 0.33447265625 0.568359375 0.35498046875 0.5673828125 0.35791015625 0.5361328125 0.36328125 0.53515625 0.36669921875 0.548828125 0.376953125 0.54296875 0.3818359375 0.5244140625 0.380859375 0.4873046875 0.37353515625 0.4365234375 0.380859375 0.4306640625 0.376953125 0.4052734375 0.365234375 0.3955078125 0.3564453125 0.3486328125 0.3486328125 0.33203125
5 0.54541015625 0.314453125 0.49462890625 0.3115234375 0.4794921875 0.32421875 0.50634765625 0.341796875 0.56396484375 0.35546875 0.57666015625 0.3798828125 0.58154296875 0.3642578125 0.572265625 0.32421875
5 0.4697265625 0.322265625 0.4580078125 0.322265625 0.44873046875 0.337890625 0.43310546875 0.392578125 0.4189453125 0.44921875 0.41162109375 0.5283203125 0.40966796875 0.6298828125 0.4140625 0.6640625 0.4287109375 0.67578125 0.443359375 0.6640625 0.4453125 0.62890625 0.56591796875 0.6318359375 0.5771484375 0.6728515625 0.59130859375 0.6787109375 0.60400390625 0.6689453125 0.60546875 0.5888671875 0.6025390625 0.4853515625 0.60009765625 0.4443359375 0.6025390625 0.421875 0.59912109375 0.40625 0.58935546875 0.40234375 0.57666015625 0.3525390625 0.564453125 0.326171875 0.52197265625 0.32421875 0.498046875 0.32421875
5 0.1640625 0.3466796875 0.134765625 0.341796875 0.1015625 0.349609375 0.0859375 0.353515625 0.068359375 0.3662109375 0.04638671875 0.4306640625 0.0341796875 0.4697265625 0.0244140625 0.5556640625 0.02978515625 0.619140625 0.03564453125 0.6689453125 0.05126953125 0.681640625 0.07275390625 0.6787109375 0.087890625 0.642578125 0.11962890625 0.64453125 0.13134765625 0.6328125 0.2109375 0.6259765625 0.22265625 0.67578125 0.2431640625 0.6875 0.25830078125 0.6767578125 0.2666015625 0.6220703125 0.28369140625 0.5966796875 0.29052734375 0.6162109375 0.3056640625 0.6181640625 0.31494140625 0.6015625 0.31640625 0.525390625 0.31298828125 0.4853515625 0.30322265625 0.4609375 0.30029296875 0.4453125 0.3037109375 0.4326171875 0.30126953125 0.4189453125 0.29296875 0.4140625 0.2763671875 0.4052734375 0.26171875 0.375 0.23779296875 0.3515625 0.1943359375 0.341796875
