2 0.60107421875 0.2529296875 0.58740234375 0.2353515625 0.57763671875 0.220703125 0.57080078125 0.220703125 0.56298828125 0.2158203125 0.556640625 0.20703125 0.55517578125 0.1923828125 0.5498046875 0.19140625 0.54541015625 0.181640625 0.53759765625 0.171875 0.53466796875 0.1796875 0.52490234375 0.1787109375 0.52490234375 0.169921875 0.521484375 0.1669921875 0.52001953125 0.1494140625 0.517578125 0.1484375 0.5166015625 0.1455078125 0.51220703125 0.14453125 0.5107421875 0.138671875 0.50390625 0.1357421875 0.50537109375 0.1279296875 0.49853515625 0.125 0.49951171875 0.0927734375 0.49267578125 0.091796875 0.4873046875 0.08984375 0.484375 0.0830078125 0.48291015625 0.095703125 0.478515625 0.087890625 0.47900390625 0.060546875 0.4716796875 0.0576171875 0.4697265625 0.0546875 0.4677734375 0.0576171875 0.4658203125 0.06640625 0.46044921875 0.064453125 0.45458984375 0.0556640625 0.447265625 0.0546875 0.447265625 0.041015625 0.44287109375 0.0341796875 0.435546875 0.0322265625 0.43701171875 0.0 0.0 0.0009765625 -0.0009765625 0.521484375 0.20263671875 0.515625 0.310546875 0.4833984375 0.3837890625 0.4697265625 0.45947265625 0.4599609375 0.4794921875 0.4580078125 0.51416015625 0.447265625 0.56298828125 0.439453125 0.59521484375 0.4375 0.61572265625 0.4384765625 0.63037109375 0.4345703125 0.70263671875 0.439453125 0.7021484375 0.40625 0.68115234375 0.3369140625 0.67138671875 0.357421875 0.66943359375 0.3779296875 0.6640625 0.3759765625 0.66064453125 0.3818359375 0.65576171875 0.3828125 0.6533203125 0.380859375 0.65234375 0.37890625 0.65234375 0.37109375 0.65185546875 0.357421875 0.6494140625 0.3505859375 0.64892578125 0.33984375 0.6474609375 0.3349609375 0.64208984375 0.326171875 0.63671875 0.31640625 0.63134765625 0.3076171875 0.6240234375 0.3076171875 0.61767578125 0.3076171875 0.61572265625 0.302734375 0.6142578125 0.2919921875 0.60986328125 0.2900390625 0.607421875 0.279296875 0.6044921875 0.2646484375 0.60302734375 0.2568359375
4 0.64990234375 0.1494140625 0.64501953125 0.1533203125 0.64111328125 0.1650390625 0.63623046875 0.171875 0.63623046875 0.1826171875 0.63525390625 0.193359375 0.634765625 0.212890625 0.634765625 0.224609375 0.634765625 0.2392578125 0.6376953125 0.2490234375 0.64013671875 0.2587890625 0.6376953125 0.271484375 0.6396484375 0.27734375 0.6435546875 0.2919921875 0.64306640625 0.3046875 0.64453125 0.3173828125 0.64306640625 0.337890625 0.64697265625 0.34765625 0.65087890625 0.349609375 0.65478515625 0.3603515625 0.65673828125 0.3720703125 0.66015625 0.3720703125 0.6728515625 0.3720703125 0.67529296875 0.3837890625 0.68212890625 0.3896484375 0.68603515625 0.3916015625 0.69580078125 0.4033203125 0.69921875 0.3955078125 0.697265625 0.3701171875 0.6904296875 0.337890625 0.6884765625 0.2421875 0.6884765625 0.1123046875 0.68310546875 0.1015625 0.6767578125 0.1005859375 0.67041015625 0.09765625 0.66259765625 0.103515625 0.66259765625 0.11328125 0.66162109375 0.1240234375 0.6572265625 0.12890625 0.662109375 0.138671875 0.6533203125 0.140625
0 0.27685546875 0.4970703125 0.3798828125 0.470703125 0.46533203125 0.45703125 0.48828125 0.4521484375 0.54443359375 0.44140625 0.58740234375 0.4365234375 0.60986328125 0.4345703125 0.619140625 0.4267578125 0.6298828125 0.4326171875 0.6435546875 0.4638671875 0.70751953125 0.4921875 0.77978515625 0.53125 0.88427734375 0.541015625 0.99853515625 0.6171875 0.99755859375 0.9970703125 0.0 0.99609375 0.0 0.544921875 0.083984375 0.537109375 0.16162109375 0.5341796875 0.21044921875 0.521484375 0.2373046875 0.5185546875 0.267578125 0.5029296875
5 0.5888671875 0.4248046875 0.58642578125 0.42578125 0.58740234375 0.435546875 0.58984375 0.4443359375 0.5947265625 0.4453125 0.5966796875 0.4453125 0.59765625 0.4423828125 0.59765625 0.4365234375 0.59521484375 0.4287109375 0.59326171875 0.4267578125 0.591796875 0.4248046875
5 0.58544921875 0.4248046875 0.58203125 0.4248046875 0.58056640625 0.4306640625 0.58349609375 0.4404296875 0.58544921875 0.447265625 0.59033203125 0.4482421875 0.5927734375 0.4453125 0.59228515625 0.4384765625 0.59033203125 0.4306640625 0.58837890625 0.4267578125
5 0.58154296875 0.4228515625 0.57861328125 0.4248046875 0.57861328125 0.439453125 0.57958984375 0.4453125 0.58349609375 0.4453125 0.5859375 0.4453125 0.5869140625 0.4453125 0.5869140625 0.4365234375 0.5859375 0.43359375 0.58447265625 0.4296875 0.583984375 0.427734375
5 0.576171875 0.421875 0.5703125 0.421875 0.568359375 0.421875 0.56689453125 0.4248046875 0.56787109375 0.431640625 0.56884765625 0.4375 0.5693359375 0.4404296875 0.5703125 0.443359375 0.5703125 0.4443359375 0.5712890625 0.4462890625 0.57470703125 0.447265625 0.57861328125 0.4482421875 0.58203125 0.4453125 0.58349609375 0.443359375 0.5830078125 0.4365234375 0.58154296875 0.4306640625 0.580078125 0.4248046875 0.57763671875 0.421875
5 0.56494140625 0.421875 0.560546875 0.423828125 0.5634765625 0.4365234375 0.564453125 0.443359375 0.5654296875 0.447265625 0.56689453125 0.44921875 0.56884765625 0.4501953125 0.57080078125 0.4501953125 0.57177734375 0.4462890625 0.57177734375 0.44140625 0.57177734375 0.4384765625 0.5712890625 0.43359375 0.5703125 0.4296875 0.5693359375 0.4267578125 0.5673828125 0.421875
5 0.55859375 0.421875 0.55224609375 0.421875 0.5498046875 0.4228515625 0.54833984375 0.427734375 0.546875 0.43359375 0.54833984375 0.44140625 0.5498046875 0.447265625 0.5517578125 0.44921875 0.5595703125 0.44921875 0.56298828125 0.453125 0.56640625 0.451171875 0.56640625 0.447265625 0.56591796875 0.44140625 0.5654296875 0.435546875 0.5654296875 0.427734375 0.5634765625 0.4228515625
5 0.65234375 0.3984375 0.64990234375 0.404296875 0.6494140625 0.416015625 0.65380859375 0.4169921875 0.6572265625 0.4228515625 0.662109375 0.423828125 0.6640625 0.421875 0.6640625 0.412109375 0.66357421875 0.40234375 0.6630859375 0.3994140625 0.662109375 0.39453125 0.65673828125 0.3955078125
5 0.62744140625 0.4169921875 0.61865234375 0.4189453125 0.61669921875 0.4326171875 0.61669921875 0.44140625 0.615234375 0.4482421875 0.61474609375 0.4541015625 0.61376953125 0.4619140625 0.61376953125 0.470703125 0.6142578125 0.478515625 0.61767578125 0.48046875 0.6220703125 0.4775390625 0.623046875 0.46484375 0.625 0.4482421875 0.62646484375 0.4296875
5 0.64208984375 0.4013671875 0.6328125 0.400390625 0.62548828125 0.40234375 0.625 0.412109375 0.62353515625 0.4326171875 0.62158203125 0.443359375 0.6201171875 0.4462890625 0.62060546875 0.4521484375 0.6201171875 0.4599609375 0.61962890625 0.4736328125 0.61865234375 0.4833984375 0.61865234375 0.4921875 0.619140625 0.4951171875 0.62060546875 0.5 0.62353515625 0.501953125 0.6279296875 0.50390625 0.630859375 0.5 0.63623046875 0.458984375 0.64111328125 0.4384765625 0.64794921875 0.4306640625 0.658203125 0.4306640625 0.66162109375 0.4248046875 0.6591796875 0.4169921875 0.65625 0.4111328125 0.6494140625 0.4013671875 0.64453125 0.4013671875
5 0.64306640625 0.4169921875 0.63671875 0.4150390625 0.6318359375 0.416015625 0.6298828125 0.419921875 0.62841796875 0.423828125 0.62744140625 0.43359375 0.62548828125 0.439453125 0.6240234375 0.4462890625 0.62353515625 0.4560546875 0.62451171875 0.4716796875 0.6259765625 0.4853515625 0.62646484375 0.50390625 0.62548828125 0.5126953125 0.6259765625 0.517578125 0.6279296875 0.5224609375 0.6298828125 0.5263671875 0.63134765625 0.529296875 0.6357421875 0.5302734375 0.63916015625 0.5302734375 0.64306640625 0.5302734375 0.646484375 0.5009765625 0.65234375 0.4697265625 0.66015625 0.4453125 0.6640625 0.431640625 0.6650390625 0.4208984375 0.6650390625 0.4169921875 0.65185546875 0.416015625
5 0.65380859375 0.421875 0.64599609375 0.4228515625 0.642578125 0.423828125 0.6396484375 0.431640625 0.6376953125 0.4384765625 0.63525390625 0.447265625 0.630859375 0.4423828125 0.62841796875 0.4423828125 0.6259765625 0.4443359375 0.625 0.44921875 0.625 0.4521484375 0.62646484375 0.45703125 0.6318359375 0.458984375 0.63134765625 0.4853515625 0.63134765625 0.4990234375 0.63037109375 0.5126953125 0.63037109375 0.521484375 0.630859375 0.5244140625 0.63134765625 0.5283203125 0.6328125 0.5322265625 0.63623046875 0.5322265625 0.6396484375 0.53125 0.64306640625 0.5244140625 0.64697265625 0.494140625 0.650390625 0.474609375 0.6552734375 0.4560546875 0.65869140625 0.4423828125 0.6611328125 0.43359375 0.66357421875 0.4208984375 0.65966796875 0.41796875 0.65673828125 0.4189453125
2 0.68212890625 0.037109375 0.681640625 0.1640625 0.68017578125 0.2978515625 0.67822265625 0.3017578125 0.6748046875 0.3046875 0.67138671875 0.3076171875 0.669921875 0.318359375 0.67236328125 0.322265625 0.6787109375 0.3232421875 0.6787109375 0.345703125 0.6806640625 0.3525390625 0.68212890625 0.3740234375 0.6826171875 0.3798828125 0.6953125 0.3779296875 0.6953125 0.42578125 0.76513671875 0.43359375 0.8916015625 0.4658203125 0.998046875 0.482421875 0.99755859375 0.0009765625 0.68115234375 0.0029296875
5 0.6767578125 0.41796875 0.673828125 0.41796875 0.67041015625 0.4111328125 0.666015625 0.412109375 0.6640625 0.4140625 0.6611328125 0.416015625 0.65869140625 0.4208984375 0.654296875 0.431640625 0.6484375 0.4501953125 0.6455078125 0.4501953125 0.640625 0.4501953125 0.63720703125 0.4501953125 0.63720703125 0.4580078125 0.640625 0.4619140625 0.64453125 0.462890625 0.64208984375 0.4814453125 0.6396484375 0.5078125 0.63916015625 0.5224609375 0.638671875 0.533203125 0.63818359375 0.5400390625 0.64453125 0.541015625 0.64501953125 0.546875 0.6474609375 0.552734375 0.65869140625 0.55078125 0.6611328125 0.5380859375 0.669921875 0.5302734375 0.67236328125 0.4853515625 0.68310546875 0.4482421875 0.68701171875 0.421875 0.685546875 0.4150390625 0.6806640625 0.416015625
5 0.70654296875 0.4091796875 0.6962890625 0.41015625 0.69091796875 0.4091796875 0.68408203125 0.4140625 0.67919921875 0.4267578125 0.67236328125 0.458984375 0.6708984375 0.4482421875 0.6669921875 0.4482421875 0.6611328125 0.4482421875 0.66015625 0.453125 0.6611328125 0.4599609375 0.6630859375 0.462890625 0.666015625 0.4677734375 0.66650390625 0.47265625 0.66162109375 0.490234375 0.662109375 0.5009765625 0.66162109375 0.5224609375 0.6611328125 0.546875 0.66162109375 0.5576171875 0.6630859375 0.5615234375 0.6650390625 0.564453125 0.6708984375 0.564453125 0.67333984375 0.57421875 0.67626953125 0.5771484375 0.6806640625 0.580078125 0.685546875 0.5771484375 0.68701171875 0.5283203125 0.693359375 0.48828125 0.7001953125 0.4580078125 0.70947265625 0.4345703125 0.7158203125 0.4091796875
5 0.54296875 0.42578125 0.548828125 0.42578125 0.55224609375 0.4306640625 0.55224609375 0.44140625 0.5517578125 0.44921875 0.5478515625 0.451171875 0.546875 0.4462890625 0.54443359375 0.43359375
5 0.53955078125 0.42578125 0.54541015625 0.42578125 0.54736328125 0.43359375 0.548828125 0.44140625 0.5478515625 0.44921875 0.5458984375 0.451171875 0.54248046875 0.453125 0.5419921875 0.44921875 0.5400390625 0.4423828125 0.53955078125 0.4375 0.5390625 0.4326171875
5 0.5341796875 0.423828125 0.54052734375 0.421875 0.5439453125 0.4228515625 0.54345703125 0.4404296875 0.54296875 0.447265625 0.5400390625 0.4501953125 0.5361328125 0.44921875 0.5322265625 0.44921875 0.5322265625 0.435546875 0.5322265625 0.427734375
5 0.51953125 0.419921875 0.5234375 0.419921875 0.529296875 0.4189453125 0.53125 0.4267578125 0.533203125 0.4384765625 0.53369140625 0.447265625 0.53369140625 0.453125 0.53173828125 0.4560546875 0.5283203125 0.4560546875 0.5263671875 0.4541015625 0.5244140625 0.451171875 0.52294921875 0.44140625 0.521484375 0.43359375 0.52001953125 0.4267578125
5 0.50927734375 0.421875 0.51708984375 0.4189453125 0.521484375 0.4228515625 0.52294921875 0.4296875 0.52392578125 0.4365234375 0.5244140625 0.4453125 0.5244140625 0.451171875 0.5234375 0.453125 0.5224609375 0.455078125 0.5205078125 0.4560546875 0.51904296875 0.4560546875 0.517578125 0.4541015625 0.5166015625 0.4482421875 0.51416015625 0.4404296875 0.51318359375 0.4365234375 0.5107421875 0.4296875 0.51025390625 0.42578125
5 0.501953125 0.421875 0.5048828125 0.421875 0.5087890625 0.4208984375 0.51123046875 0.421875 0.513671875 0.4267578125 0.515625 0.43359375 0.51611328125 0.4404296875 0.5166015625 0.447265625 0.5166015625 0.455078125 0.515625 0.45703125 0.51318359375 0.458984375 0.509765625 0.458984375 0.50830078125 0.4580078125 0.50732421875 0.4482421875 0.50537109375 0.4365234375 0.5029296875 0.4267578125
5 0.48876953125 0.419921875 0.49609375 0.419921875 0.50244140625 0.4208984375 0.5068359375 0.4228515625 0.50830078125 0.4287109375 0.509765625 0.4365234375 0.5107421875 0.4423828125 0.5107421875 0.44921875 0.509765625 0.45703125 0.5078125 0.4599609375 0.50537109375 0.4619140625 0.50048828125 0.462890625 0.4970703125 0.4619140625 0.49365234375 0.4619140625 0.4892578125 0.4619140625 0.4833984375 0.4619140625 0.478515625 0.4599609375 0.4775390625 0.453125 0.478515625 0.4453125 0.48046875 0.4365234375 0.48193359375 0.4306640625 0.4833984375 0.4267578125
1 0.48876953125 0.4677734375 0.46435546875 0.4658203125 0.46044921875 0.45703125 0.46630859375 0.455078125 0.47314453125 0.4521484375 0.4775390625 0.44921875 0.48193359375 0.4501953125 0.4833984375 0.4541015625 0.4873046875 0.4580078125 0.4931640625 0.4619140625 0.494140625 0.466796875
5 0.43994140625 0.419921875 0.44384765625 0.419921875 0.451171875 0.419921875 0.4541015625 0.4208984375 0.4580078125 0.421875 0.45947265625 0.42578125 0.462890625 0.4326171875 0.466796875 0.4482421875 0.46728515625 0.4560546875 0.46728515625 0.4638671875 0.46533203125 0.4716796875 0.46337890625 0.47265625 0.4619140625 0.46875 0.4599609375 0.470703125 0.45703125 0.4755859375 0.4541015625 0.474609375 0.4541015625 0.470703125 0.4501953125 0.46875 0.4462890625 0.46875 0.44482421875 0.4619140625 0.44482421875 0.451171875 0.44384765625 0.4423828125 0.4404296875 0.43359375 0.43896484375 0.423828125
5 0.43017578125 0.4189453125 0.43505859375 0.4189453125 0.44140625 0.4189453125 0.44384765625 0.42578125 0.4453125 0.43359375 0.447265625 0.4345703125 0.44921875 0.4365234375 0.44873046875 0.439453125 0.447265625 0.443359375 0.44775390625 0.4697265625 0.447265625 0.47265625 0.44384765625 0.4755859375 0.44091796875 0.474609375 0.4375 0.4736328125 0.4345703125 0.470703125 0.43359375 0.4375
5 0.40869140625 0.4072265625 0.42333984375 0.4091796875 0.427734375 0.4072265625 0.4306640625 0.4169921875 0.435546875 0.435546875 0.4365234375 0.4755859375 0.43505859375 0.478515625 0.43212890625 0.478515625 0.4306640625 0.4736328125 0.4296875 0.474609375 0.42919921875 0.478515625 0.42626953125 0.478515625 0.4248046875 0.4794921875 0.423828125 0.4775390625 0.421875 0.4658203125 0.4169921875 0.44140625 0.41064453125 0.4208984375 0.4052734375 0.41796875 0.396484375 0.4189453125 0.3984375 0.4150390625 0.40234375 0.41015625 0.40576171875 0.4091796875
5 0.4150390625 0.482421875 0.4169921875 0.4833984375 0.419921875 0.4853515625 0.423828125 0.482421875 0.42529296875 0.474609375 0.4248046875 0.45703125 0.42138671875 0.439453125 0.4189453125 0.4296875 0.41357421875 0.4189453125 0.4072265625 0.4150390625 0.39306640625 0.4140625 0.38818359375 0.41796875 0.39306640625 0.4326171875 0.39794921875 0.4619140625 0.3984375 0.4736328125 0.3994140625 0.4853515625 0.40380859375 0.482421875 0.40625 0.4892578125 0.41015625 0.4892578125 0.41357421875 0.4853515625
5 0.37646484375 0.4111328125 0.3916015625 0.412109375 0.3955078125 0.421875 0.3984375 0.435546875 0.39990234375 0.4462890625 0.40185546875 0.4677734375 0.40283203125 0.4794921875 0.40234375 0.486328125 0.3994140625 0.4892578125 0.3974609375 0.490234375 0.3955078125 0.490234375 0.39404296875 0.486328125 0.3916015625 0.4873046875 0.39111328125 0.4892578125 0.38916015625 0.4921875 0.3857421875 0.494140625 0.384765625 0.4931640625 0.3818359375 0.490234375 0.3740234375 0.490234375 0.373046875 0.46484375 0.37353515625 0.44140625 0.3720703125 0.42578125 0.37158203125 0.4130859375
5 0.3330078125 0.3828125 0.34619140625 0.3828125 0.36376953125 0.3828125 0.37158203125 0.38671875 0.37353515625 0.392578125 0.37646484375 0.4169921875 0.37841796875 0.451171875 0.37890625 0.474609375 0.3779296875 0.4833984375 0.37744140625 0.49609375 0.37451171875 0.5 0.369140625 0.5009765625 0.3681640625 0.4951171875 0.36181640625 0.4970703125 0.3623046875 0.5009765625 0.36083984375 0.5048828125 0.35791015625 0.505859375 0.3544921875 0.505859375 0.3515625 0.505859375 0.3515625 0.498046875 0.33544921875 0.498046875 0.32666015625 0.4404296875 0.31787109375 0.4169921875 0.3037109375 0.4130859375 0.3046875 0.404296875 0.30712890625 0.392578125 0.3115234375 0.38671875 0.3232421875 0.3837890625
5 0.29296875 0.4072265625 0.30908203125 0.4072265625 0.31884765625 0.4091796875 0.32421875 0.4140625 0.32958984375 0.4306640625 0.33154296875 0.4375 0.333984375 0.44140625 0.3369140625 0.4501953125 0.337890625 0.4638671875 0.33837890625 0.4814453125 0.33837890625 0.50390625 0.337890625 0.5107421875 0.33544921875 0.513671875 0.3271484375 0.5146484375 0.32568359375 0.5078125 0.322265625 0.5078125 0.3212890625 0.513671875 0.318359375 0.5185546875 0.31396484375 0.51953125 0.310546875 0.5205078125 0.302734375 0.521484375 0.30126953125 0.5166015625 0.30078125 0.5087890625 0.28759765625 0.509765625 0.28662109375 0.509765625 0.28125 0.48046875 0.27587890625 0.4580078125 0.26708984375 0.44140625 0.26025390625 0.42578125 0.26416015625 0.419921875 0.2734375 0.4091796875 0.28759765625 0.4091796875
5 0.23046875 0.41796875 0.24267578125 0.41796875 0.25537109375 0.41796875 0.2646484375 0.421875 0.2734375 0.4453125 0.27978515625 0.44921875 0.283203125 0.4541015625 0.28564453125 0.46484375 0.28857421875 0.4892578125 0.28955078125 0.5048828125 0.28955078125 0.5185546875 0.28662109375 0.5263671875 0.2841796875 0.5283203125 0.27490234375 0.5283203125 0.27294921875 0.521484375 0.2646484375 0.5234375 0.263671875 0.529296875 0.26171875 0.53515625 0.25830078125 0.537109375 0.2529296875 0.537109375 0.24853515625 0.53515625 0.2421875 0.5283203125 0.232421875 0.529296875 0.2294921875 0.478515625 0.22119140625 0.4375 0.2197265625 0.41796875
5 0.20458984375 0.3984375 0.1865234375 0.3955078125 0.1591796875 0.396484375 0.146484375 0.3984375 0.13916015625 0.400390625 0.13232421875 0.40625 0.1259765625 0.4150390625 0.1337890625 0.4443359375 0.142578125 0.4892578125 0.14892578125 0.546875 0.17822265625 0.5478515625 0.1806640625 0.5576171875 0.18212890625 0.5634765625 0.18505859375 0.56640625 0.193359375 0.56640625 0.20068359375 0.5625 0.20458984375 0.5537109375 0.2060546875 0.5390625 0.21875 0.537109375 0.2197265625 0.544921875 0.22216796875 0.5478515625 0.22509765625 0.5498046875 0.2314453125 0.5498046875 0.23583984375 0.5439453125 0.2373046875 0.521484375 0.23779296875 0.4931640625 0.23583984375 0.474609375 0.23486328125 0.466796875 0.2314453125 0.447265625 0.2265625 0.4326171875 0.220703125 0.412109375 0.2177734375 0.40625 0.21337890625 0.400390625 0.20751953125 0.400390625
5 0.08154296875 0.3974609375 0.09375 0.396484375 0.10400390625 0.3974609375 0.11328125 0.3984375 0.11865234375 0.400390625 0.12646484375 0.4091796875 0.13134765625 0.41796875 0.1396484375 0.4404296875 0.1474609375 0.4677734375 0.15234375 0.4990234375 0.15185546875 0.5234375 0.15234375 0.5576171875 0.1494140625 0.57421875 0.1484375 0.580078125 0.1455078125 0.583984375 0.1376953125 0.5859375 0.13037109375 0.5869140625 0.12353515625 0.564453125 0.08837890625 0.5712890625 0.080078125 0.5751953125 0.078125 0.60546875 0.07275390625 0.611328125 0.06201171875 0.61328125 0.0556640625 0.61328125 0.05419921875 0.61328125 0.04541015625 0.5888671875 0.0 0.5966796875 -0.0009765625 0.4208984375 0.00634765625 0.412109375 0.0185546875 0.4033203125 0.02978515625 0.3974609375 0.0478515625 0.3974609375 0.06689453125 0.3974609375
5 0.72998046875 0.3916015625 0.7412109375 0.396484375 0.765625 0.3955078125 0.78466796875 0.39453125 0.77001953125 0.439453125 0.7548828125 0.4833984375 0.740234375 0.525390625 0.734375 0.5859375 0.728515625 0.6171875 0.724609375 0.6259765625 0.7119140625 0.623046875 0.7041015625 0.619140625 0.7021484375 0.6123046875 0.7021484375 0.583984375 0.69921875 0.58203125 0.6962890625 0.5927734375 0.69189453125 0.595703125 0.6826171875 0.591796875 0.6796875 0.58984375 0.6787109375 0.537109375 0.6796875 0.5068359375 0.681640625 0.482421875 0.68994140625 0.4716796875 0.68505859375 0.46875 0.6796875 0.462890625 0.6796875 0.4541015625 0.68701171875 0.443359375 0.69482421875 0.4423828125 0.69775390625 0.4462890625 0.7041015625 0.4248046875 0.71435546875 0.4013671875 0.72314453125 0.39453125
5 0.837890625 0.3291015625 0.82177734375 0.3349609375 0.80810546875 0.34375 0.7998046875 0.3544921875 0.78662109375 0.3740234375 0.77294921875 0.404296875 0.767578125 0.4248046875 0.7626953125 0.419921875 0.75537109375 0.419921875 0.75146484375 0.427734375 0.75 0.43359375 0.75146484375 0.447265625 0.75146484375 0.4619140625 0.74169921875 0.4765625 0.7294921875 0.5 0.72705078125 0.5302734375 0.724609375 0.5673828125 0.724609375 0.6015625 0.724609375 0.626953125 0.728515625 0.6513671875 0.74267578125 0.66015625 0.75537109375 0.66015625 0.7587890625 0.634765625 0.7890625 0.6455078125 0.78955078125 0.6708984375 0.79736328125 0.7236328125 0.80322265625 0.73046875 0.83203125 0.734375 0.841796875 0.6845703125 0.94970703125 0.6923828125 0.97802734375 0.705078125 0.98583984375 0.751953125 0.99755859375 0.7548828125 0.99658203125 0.353515625 0.9892578125 0.3466796875 0.982421875 0.3427734375 0.96875 0.3408203125 0.95263671875 0.341796875 0.9404296875 0.3427734375 0.92919921875 0.337890625 0.923828125 0.3310546875 0.91796875 0.3291015625 0.91162109375 0.3359375 0.89208984375 0.333984375 0.86962890625 0.333984375 0.86328125 0.3291015625 0.853515625 0.3291015625
