2 0.3828125 0.3447265625 0.36572265625 0.3349609375 0.35498046875 0.3359375 0.35009765625 0.30078125 0.3447265625 0.287109375 0.3330078125 0.271484375 0.32666015625 0.259765625 0.32421875 0.2470703125 0.31884765625 0.23828125 0.30029296875 0.234375 0.291015625 0.2197265625 0.28515625 0.2041015625 0.27783203125 0.201171875 0.2705078125 0.19140625 0.2685546875 0.1689453125 0.2587890625 0.1474609375 0.24609375 0.14453125 0.24072265625 0.126953125 0.22216796875 0.1025390625 0.21923828125 0.08984375 0.21240234375 0.0810546875 0.19091796875 0.0361328125 0.16455078125 0.033203125 0.109375 0.0263671875 0.0849609375 0.0263671875 0.0859375 0.044921875 0.037109375 0.0732421875 0.01806640625 0.0859375 0.01318359375 0.0986328125 0.0068359375 0.1005859375 0.005859375 0.0 -0.00048828125 0.0 0.0 0.5087890625 0.1806640625 0.470703125 0.28759765625 0.4658203125 0.35205078125 0.4521484375 0.38623046875 0.44921875 0.39013671875 0.3984375
4 0.40673828125 0.3359375 0.392578125 0.333984375 0.38623046875 0.326171875 0.38232421875 0.3310546875 0.37646484375 0.3408203125 0.37158203125 0.34765625 0.361328125 0.369140625 0.35498046875 0.390625 0.36474609375 0.4208984375 0.376953125 0.4423828125 0.39453125 0.443359375 0.4189453125 0.443359375 0.4189453125 0.3525390625 0.40966796875 0.34765625
2 0.41259765625 0.263671875 0.412109375 0.0673828125 0.4189453125 0.0625 0.41015625 0.05078125 0.41259765625 0.041015625 0.44140625 0.0458984375 0.4716796875 0.041015625 0.49462890625 0.0361328125 0.498046875 0.05859375 0.50537109375 0.091796875 0.52001953125 0.0859375 0.5263671875 0.078125 0.53857421875 0.0732421875 0.54248046875 0.087890625 0.58984375 0.0908203125 0.59619140625 0.302734375 0.60986328125 0.3095703125 0.61474609375 0.4580078125 0.5419921875 0.470703125 0.45556640625 0.484375 0.4306640625 0.4609375 0.40869140625 0.4462890625 0.40234375 0.4375 0.4072265625 0.40234375 0.41162109375 0.3798828125 0.4130859375 0.349609375 0.41455078125 0.33203125
4 0.5751953125 0.146484375 0.55517578125 0.1708984375 0.55322265625 0.2041015625 0.544921875 0.2314453125 0.53759765625 0.26953125 0.533203125 0.2890625 0.53466796875 0.3115234375 0.53076171875 0.3330078125 0.53369140625 0.345703125 0.54638671875 0.3515625 0.56494140625 0.353515625 0.5849609375 0.353515625 0.60205078125 0.3515625 0.6064453125 0.34375 0.60791015625 0.310546875 0.5927734375 0.2822265625 0.587890625 0.15625
2 0.5830078125 0.138671875 0.58251953125 0.0 0.998046875 0.0 0.99755859375 0.556640625 0.72607421875 0.515625 0.63330078125 0.4990234375 0.5947265625 0.4775390625 0.5966796875 0.4248046875 0.59814453125 0.3505859375 0.6005859375 0.32421875 0.59130859375 0.3125 0.5810546875 0.3037109375 0.58251953125 0.2578125
0 0.361328125 0.4384765625 0.3271484375 0.4375 0.28759765625 0.4404296875 0.25537109375 0.4423828125 0.18994140625 0.4462890625 0.12744140625 0.4677734375 0.099609375 0.46484375 0.01806640625 0.462890625 0.0 0.4677734375 0.0 0.9970703125 0.998046875 0.9970703125 0.99853515625 0.646484375 0.9970703125 0.5888671875 0.95166015625 0.56640625 0.82568359375 0.544921875 0.72265625 0.5205078125 0.681640625 0.505859375 0.62646484375 0.4970703125 0.611328125 0.486328125 0.58935546875 0.4794921875 0.556640625 0.45703125 0.48486328125 0.4580078125 0.4296875 0.4580078125 0.42041015625 0.44921875 0.40771484375 0.4423828125 0.39208984375 0.4404296875 0.3779296875 0.4365234375
5 0.3974609375 0.42578125 0.3837890625 0.4267578125 0.38232421875 0.4482421875 0.3857421875 0.45703125 0.396484375 0.4541015625
5 0.34765625 0.4287109375 0.337890625 0.4287109375 0.33251953125 0.431640625 0.3271484375 0.4404296875 0.32666015625 0.4521484375 0.33349609375 0.45703125 0.33984375 0.4599609375 0.3466796875 0.4609375 0.3515625 0.4541015625 0.353515625 0.44140625 0.35302734375 0.4306640625
5 0.35986328125 0.4287109375 0.3515625 0.427734375 0.349609375 0.427734375 0.34619140625 0.439453125 0.34423828125 0.4501953125 0.34423828125 0.4599609375 0.345703125 0.4658203125 0.35107421875 0.4658203125 0.357421875 0.4658203125 0.365234375 0.4658203125 0.36865234375 0.4609375 0.36962890625 0.4423828125 0.3681640625 0.4296875
5 0.30908203125 0.4248046875 0.30419921875 0.4248046875 0.2958984375 0.42578125 0.2900390625 0.4267578125 0.28662109375 0.427734375 0.283203125 0.44921875 0.28564453125 0.4609375 0.298828125 0.4638671875 0.30810546875 0.458984375 0.310546875 0.4404296875
5 0.328125 0.4189453125 0.3212890625 0.416015625 0.3193359375 0.4052734375 0.31005859375 0.4111328125 0.3056640625 0.439453125 0.30615234375 0.4619140625 0.3095703125 0.466796875 0.3173828125 0.4658203125 0.32373046875 0.4658203125 0.3291015625 0.4658203125 0.333984375 0.4619140625 0.3349609375 0.4462890625 0.3349609375 0.435546875 0.333984375 0.423828125 0.33154296875 0.419921875
3 0.30322265625 0.439453125 0.2841796875 0.439453125 0.2841796875 0.462890625 0.30419921875 0.4638671875
5 0.20751953125 0.4140625 0.18798828125 0.416015625 0.181640625 0.421875 0.173828125 0.4375 0.17822265625 0.4638671875 0.18310546875 0.474609375 0.1884765625 0.4775390625 0.19677734375 0.4765625 0.20751953125 0.4736328125 0.21337890625 0.47265625 0.21923828125 0.4736328125 0.2236328125 0.474609375 0.22705078125 0.470703125 0.2265625 0.453125 0.22607421875 0.4345703125 0.22119140625 0.42578125 0.216796875 0.4189453125 0.21240234375 0.416015625
5 0.169921875 0.419921875 0.146484375 0.41796875 0.14306640625 0.4208984375 0.13525390625 0.439453125 0.1279296875 0.4560546875 0.12353515625 0.4921875 0.13330078125 0.4951171875 0.14208984375 0.4921875 0.158203125 0.4931640625 0.1845703125 0.4833984375 0.18896484375 0.4580078125 0.1826171875 0.4326171875 0.17529296875 0.421875
5 0.072265625 0.404296875 0.05224609375 0.40234375 0.0478515625 0.4052734375 0.0322265625 0.4365234375 0.02392578125 0.4404296875 0.02197265625 0.45703125 0.01904296875 0.4951171875 0.0224609375 0.5146484375 0.06201171875 0.5126953125 0.09912109375 0.509765625 0.1142578125 0.498046875 0.1162109375 0.4580078125 0.11181640625 0.44140625 0.1025390625 0.419921875 0.095703125 0.4052734375 0.08349609375 0.40234375
5 0.01416015625 0.51953125 -0.0009765625 0.5234375 -0.0009765625 0.408203125 0.01025390625 0.421875 0.0146484375 0.4365234375 0.02001953125 0.443359375 0.02587890625 0.4521484375 0.02978515625 0.4775390625 0.03173828125 0.4892578125 0.0283203125 0.5078125
4 0.57861328125 0.3994140625 0.55615234375 0.3984375 0.541015625 0.3984375 0.52294921875 0.408203125 0.533203125 0.4228515625 0.5625 0.4375 0.5732421875 0.4521484375 0.5859375 0.4482421875 0.60205078125 0.4453125 0.609375 0.4453125 0.6083984375 0.3994140625 0.58642578125 0.400390625
5 0.45166015625 0.4013671875 0.44287109375 0.400390625 0.4384765625 0.4013671875 0.431640625 0.4267578125 0.42919921875 0.447265625 0.427734375 0.4677734375 0.4267578125 0.49609375 0.42724609375 0.5126953125 0.4375 0.517578125 0.43994140625 0.509765625 0.4521484375 0.50390625 0.46630859375 0.435546875 0.47998046875 0.4189453125 0.48046875 0.4091796875 0.47607421875 0.4013671875 0.4619140625 0.3974609375
1 0.615234375 0.5048828125 0.64111328125 0.5146484375 0.677734375 0.52734375 0.70703125 0.5390625 0.990234375 0.6064453125 0.98388671875 0.615234375 0.93505859375 0.630859375 0.923828125 0.6318359375 0.9169921875 0.6455078125 0.9228515625 0.66015625 0.998046875 0.6962890625 0.99755859375 0.55078125 0.9794921875 0.541015625 0.63671875 0.4814453125 0.60986328125 0.4755859375 0.607421875 0.478515625 0.6064453125 0.4912109375 0.60693359375 0.5029296875
5 0.5888671875 0.423828125 0.56787109375 0.4306640625 0.57177734375 0.48828125 0.57373046875 0.50390625 0.58447265625 0.505859375 0.59619140625 0.5029296875 0.59716796875 0.51171875 0.60498046875 0.5126953125 0.60986328125 0.5048828125 0.611328125 0.4755859375 0.609375 0.439453125 0.60302734375 0.4287109375
5 0.7431640625 0.421875 0.72021484375 0.4228515625 0.7109375 0.431640625 0.703125 0.447265625 0.69970703125 0.451171875 0.6962890625 0.455078125 0.69482421875 0.466796875 0.6904296875 0.4765625 0.685546875 0.50390625 0.6884765625 0.548828125 0.70068359375 0.5546875 0.70751953125 0.546875 0.7197265625 0.544921875 0.72412109375 0.5634765625 0.73291015625 0.564453125 0.74560546875 0.5595703125 0.74755859375 0.548828125 0.76123046875 0.5498046875 0.7705078125 0.5439453125 0.77880859375 0.4306640625 0.7734375 0.416015625 0.7509765625 0.419921875
5 0.90283203125 0.3173828125 0.859375 0.3271484375 0.8037109375 0.341796875 0.7861328125 0.3447265625 0.77587890625 0.3759765625 0.7705078125 0.40625 0.76318359375 0.4189453125 0.7626953125 0.4462890625 0.755859375 0.509765625 0.759765625 0.57421875 0.7685546875 0.5888671875 0.78564453125 0.5869140625 0.7890625 0.5673828125 0.865234375 0.5888671875 0.93310546875 0.5830078125 0.93505859375 0.603515625 0.951171875 0.60546875 0.96044921875 0.6044921875 0.97265625 0.5712890625 0.98193359375 0.560546875 0.98486328125 0.4931640625 0.97705078125 0.353515625 0.96630859375 0.3232421875 0.923828125 0.318359375
5 0.5185546875 0.412109375 0.5341796875 0.41015625 0.5625 0.4111328125 0.5703125 0.4189453125 0.58056640625 0.46484375 0.58154296875 0.525390625 0.580078125 0.5361328125 0.5771484375 0.5390625 0.57177734375 0.5400390625 0.56591796875 0.5322265625 0.56201171875 0.5322265625 0.556640625 0.53515625 0.55322265625 0.53125 0.548828125 0.5244140625 0.54345703125 0.5166015625
5 0.4755859375 0.560546875 0.5166015625 0.5625 0.521484375 0.5751953125 0.53369140625 0.5791015625 0.54150390625 0.58203125 0.5478515625 0.5751953125 0.54833984375 0.5634765625 0.548828125 0.5537109375 0.54736328125 0.486328125 0.5419921875 0.46484375 0.5458984375 0.4599609375 0.5439453125 0.451171875 0.54150390625 0.4453125 0.53515625 0.44140625 0.5283203125 0.416015625 0.513671875 0.4091796875 0.4775390625 0.4072265625 0.46240234375 0.4072265625 0.45654296875 0.423828125 0.4521484375 0.439453125 0.4453125 0.439453125 0.43896484375 0.4423828125 0.4345703125 0.447265625 0.43359375 0.455078125 0.4365234375 0.462890625 0.44287109375 0.4638671875 0.43798828125 0.51171875 0.4375 0.5712890625 0.44091796875 0.58203125 0.46142578125 0.578125
