2 0.51806640625 0.4384765625 0.439453125 0.4443359375 0.39697265625 0.4423828125 0.400390625 0.5107421875 0.34619140625 0.5146484375 0.1943359375 0.53125 -0.0009765625 0.5283203125 0.0 0.0009765625 0.38818359375 0.0 0.3916015625 0.13671875 0.396484375 0.1494140625 0.42822265625 0.1494140625 0.47021484375 0.1005859375 0.4970703125 0.1005859375 0.6640625 0.0947265625 0.6708984375 0.4384765625 0.5478515625 0.439453125
0 0.55322265625 0.4697265625 0.51171875 0.4482421875 0.47705078125 0.44140625 0.45068359375 0.4384765625 0.42333984375 0.4345703125 0.3994140625 0.4326171875 0.39794921875 0.4560546875 0.41064453125 0.4892578125 0.41064453125 0.509765625 0.33203125 0.513671875 0.275390625 0.5107421875 0.1826171875 0.4873046875 0.1806640625 0.533203125 0.248046875 0.5498046875 0.298828125 0.5380859375 0.236328125 0.576171875 -0.0009765625 0.740234375 0.0 0.9951171875 0.9638671875 0.9990234375 0.67822265625 0.6435546875 0.62939453125 0.564453125 0.64892578125 0.5556640625 0.6767578125 0.546875 0.67529296875 0.505859375 0.6376953125 0.5 0.6025390625 0.486328125
1 0.5380859375 0.4765625 0.4970703125 0.4599609375 0.47216796875 0.4482421875 0.486328125 0.4384765625 0.5107421875 0.4443359375 0.5322265625 0.44921875 0.5419921875 0.4560546875 0.6181640625 0.4775390625 0.65771484375 0.4814453125 0.66845703125 0.4853515625 0.6689453125 0.51171875 0.64306640625 0.51171875 0.60888671875 0.501953125 0.58447265625 0.4921875
1 0.32958984375 0.5263671875 0.29638671875 0.5263671875 0.21435546875 0.5283203125 0.21875 0.5107421875 0.2412109375 0.5146484375 0.29638671875 0.517578125 0.345703125 0.5146484375 0.3818359375 0.5087890625 0.39453125 0.5087890625 0.3974609375 0.501953125 0.3994140625 0.484375 0.3994140625 0.46875 0.40283203125 0.4638671875 0.41357421875 0.47265625 0.42822265625 0.4873046875 0.44189453125 0.49609375 0.44775390625 0.5087890625 0.43603515625 0.51953125 0.36328125 0.5234375
5 0.50146484375 0.4921875 0.50146484375 0.4833984375 0.5009765625 0.4716796875 0.5 0.458984375 0.498046875 0.4482421875 0.5 0.447265625 0.5009765625 0.44140625 0.49951171875 0.4365234375 0.49755859375 0.4365234375 0.494140625 0.4375 0.48974609375 0.421875 0.48583984375 0.4140625 0.46923828125 0.4140625 0.453125 0.416015625 0.45263671875 0.4267578125 0.451171875 0.4521484375 0.44873046875 0.478515625 0.4482421875 0.4951171875 0.458984375 0.5 0.46630859375 0.50390625 0.46875 0.4951171875 0.4892578125 0.494140625 0.4921875 0.5009765625 0.49755859375 0.501953125 0.50048828125 0.5
5 0.59521484375 0.5244140625 0.6015625 0.5234375 0.6025390625 0.5166015625 0.60205078125 0.509765625 0.6015625 0.4775390625 0.59912109375 0.46484375 0.6025390625 0.4638671875 0.60302734375 0.458984375 0.60107421875 0.453125 0.59716796875 0.4521484375 0.59228515625 0.4345703125 0.5859375 0.421875 0.57080078125 0.4228515625 0.55419921875 0.4208984375 0.54736328125 0.427734375 0.544921875 0.4345703125 0.54052734375 0.4482421875 0.5390625 0.458984375 0.53564453125 0.4755859375 0.53515625 0.4931640625 0.53515625 0.525390625 0.53662109375 0.53125 0.541015625 0.5322265625 0.54345703125 0.5283203125 0.5439453125 0.5224609375 0.54736328125 0.5224609375 0.5498046875 0.525390625 0.55419921875 0.5234375 0.5546875 0.51953125 0.5791015625 0.51953125 0.58251953125 0.5322265625 0.5888671875 0.5322265625 0.59375 0.53125
1 0.2939453125 0.568359375 0.24365234375 0.5986328125 0.22119140625 0.6064453125 0.212890625 0.5703125 0.21142578125 0.541015625 0.2197265625 0.5244140625 0.2666015625 0.5283203125 0.306640625 0.5322265625 0.31298828125 0.541015625 0.310546875 0.5556640625
5 0.2294921875 0.6416015625 0.23291015625 0.609375 0.23193359375 0.564453125 0.22705078125 0.5224609375 0.2255859375 0.5048828125 0.22314453125 0.486328125 0.21435546875 0.4794921875 0.20703125 0.447265625 0.1982421875 0.4267578125 0.18701171875 0.3935546875 0.173828125 0.369140625 0.16259765625 0.353515625 0.14501953125 0.3408203125 0.1318359375 0.33203125 0.1103515625 0.3310546875 0.09912109375 0.3271484375 0.06201171875 0.32421875 0.0458984375 0.32421875 0.02978515625 0.322265625 0.0224609375 0.322265625 0.0087890625 0.3251953125 -0.0009765625 0.328125 -0.0009765625 0.9951171875 0.04833984375 0.994140625 0.06640625 0.947265625 0.08056640625 0.8720703125 0.16943359375 0.7744140625 0.18017578125 0.80078125 0.2001953125 0.8115234375 0.21142578125 0.8056640625 0.22265625 0.7900390625 0.22802734375 0.7392578125 0.22900390625 0.65625
1 0.67041015625 0.53125 0.64599609375 0.541015625 0.61181640625 0.5478515625 0.6025390625 0.560546875 0.5986328125 0.583984375 0.619140625 0.6279296875 0.6962890625 0.7265625 0.8837890625 0.9990234375 0.99755859375 0.998046875 0.998046875 0.568359375 0.67822265625 0.5322265625
2 0.7509765625 0.5595703125 0.6884765625 0.55078125 0.6611328125 0.548828125 0.666015625 0.455078125 0.6630859375 0.412109375 0.66259765625 0.3212890625 0.658203125 0.0 0.99853515625 0.0009765625 0.99755859375 0.609375 0.9365234375 0.59375 0.830078125 0.578125 0.80810546875 0.5703125 0.7705078125 0.5625
