4 0.47314453125 0.4443359375 0.42919921875 0.447265625 0.24560546875 0.4599609375 0.2412109375 0.375 0.23095703125 0.0 0.7099609375 0.0009765625 0.70556640625 0.4375 0.5537109375 0.443359375
3 0.48876953125 0.3818359375 0.46630859375 0.3828125 0.44873046875 0.3857421875 0.42138671875 0.38671875 0.35986328125 0.3818359375 0.32666015625 0.38671875 0.3271484375 0.4296875 0.38720703125 0.443359375 0.44091796875 0.4365234375 0.48681640625 0.4267578125 0.54052734375 0.4345703125 0.55908203125 0.43359375 0.5576171875 0.4052734375 0.51025390625 0.4111328125 0.50830078125 0.3857421875 0.505859375 0.3681640625 0.49755859375 0.3662109375 0.49560546875 0.37890625
2 0.251953125 0.2734375 0.2509765625 0.2509765625 0.25390625 0.23828125 0.25244140625 0.2197265625 0.25 0.193359375 0.24609375 0.0 -0.00048828125 0.0 0.0 0.5908203125 0.1494140625 0.546875 0.23828125 0.498046875 0.25048828125 0.4755859375 0.2509765625 0.4248046875 0.2490234375 0.337890625 0.25146484375 0.3056640625 0.25439453125 0.2939453125 0.25439453125 0.2802734375
2 0.6337890625 0.2509765625 0.64013671875 0.3291015625 0.64208984375 0.4658203125 0.88818359375 0.5283203125 0.99853515625 0.5615234375 0.998046875 0.0009765625 0.62646484375 0.0009765625 0.63427734375 0.09765625 0.63232421875 0.2041015625
0 0.6650390625 0.5390625 0.59814453125 0.4716796875 0.5654296875 0.44140625 0.548828125 0.431640625 0.5146484375 0.4306640625 0.45263671875 0.4287109375 0.4150390625 0.4326171875 0.392578125 0.4296875 0.36328125 0.44140625 0.3251953125 0.4814453125 0.23876953125 0.533203125 0.134765625 0.5810546875 0.04345703125 0.6279296875 -0.0009765625 0.6474609375 -0.0009765625 0.99609375 0.99658203125 0.998046875 0.998046875 0.8505859375 0.8583984375 0.6923828125 0.71142578125 0.5810546875
4 0.4638671875 0.3984375 0.458984375 0.3798828125 0.45263671875 0.375 0.44873046875 0.3720703125 0.44189453125 0.369140625 0.43505859375 0.36328125 0.43310546875 0.3623046875 0.4306640625 0.3623046875 0.4267578125 0.361328125 0.4228515625 0.357421875 0.41650390625 0.349609375 0.41064453125 0.34765625 0.40869140625 0.3525390625 0.40234375 0.369140625 0.40576171875 0.380859375 0.412109375 0.3955078125 0.41552734375 0.3994140625 0.427734375 0.4091796875 0.43310546875 0.4111328125 0.44091796875 0.4169921875 0.44189453125 0.4169921875 0.447265625 0.41796875 0.44970703125 0.4189453125 0.45361328125 0.4208984375 0.458984375 0.421875 0.46826171875 0.4169921875
5 0.41943359375 0.4111328125 0.40576171875 0.4150390625 0.41064453125 0.4375 0.41650390625 0.4521484375 0.43212890625 0.4462890625 0.435546875 0.4375 0.43408203125 0.4287109375 0.4306640625 0.416015625 0.423828125 0.4111328125
5 0.45458984375 0.4091796875 0.4462890625 0.4130859375 0.43798828125 0.41796875 0.4306640625 0.427734375 0.4287109375 0.43359375 0.42822265625 0.439453125 0.439453125 0.4453125 0.455078125 0.4453125 0.45751953125 0.4453125 0.46728515625 0.4375 0.4716796875 0.423828125 0.4716796875 0.4111328125 0.4638671875 0.4091796875
5 0.50048828125 0.4443359375 0.47802734375 0.4453125 0.47509765625 0.451171875 0.4716796875 0.451171875 0.4697265625 0.4501953125 0.46875 0.447265625 0.46337890625 0.447265625 0.4619140625 0.451171875 0.45751953125 0.4521484375 0.45458984375 0.4482421875 0.4541015625 0.443359375 0.44970703125 0.443359375 0.44873046875 0.439453125 0.44921875 0.4208984375 0.45849609375 0.41796875 0.46044921875 0.412109375 0.46484375 0.408203125 0.4775390625 0.4091796875 0.48681640625 0.4091796875 0.49560546875 0.41796875 0.5048828125 0.4208984375 0.50830078125 0.42578125 0.51123046875 0.43359375 0.509765625 0.4423828125 0.50830078125 0.4453125 0.50537109375 0.4482421875 0.501953125 0.4482421875
5 0.34912109375 0.41015625 0.3359375 0.4052734375 0.32373046875 0.4111328125 0.322265625 0.4228515625 0.32470703125 0.455078125 0.32763671875 0.4736328125 0.33349609375 0.482421875 0.34130859375 0.482421875 0.34716796875 0.4658203125 0.3505859375 0.4384765625 0.35107421875 0.4189453125
4 0.310546875 0.431640625 0.31103515625 0.3056640625 0.30810546875 0.240234375 0.291015625 0.2099609375 0.28076171875 0.1943359375 0.27197265625 0.173828125 0.27099609375 0.140625 0.28369140625 0.0947265625 0.2978515625 0.06640625 0.31982421875 0.0478515625 0.35498046875 0.0322265625 0.36669921875 0.03125 0.37744140625 0.03125 0.40234375 0.0283203125 0.40625 0.0 0.474609375 0.001953125 0.47509765625 0.0224609375 0.46630859375 0.0478515625 0.470703125 0.0673828125 0.4775390625 0.0791015625 0.4833984375 0.0947265625 0.4833984375 0.1171875 0.484375 0.1357421875 0.48291015625 0.1640625 0.48681640625 0.1787109375 0.49169921875 0.193359375 0.48583984375 0.2080078125 0.46435546875 0.2216796875 0.44677734375 0.240234375 0.4345703125 0.2509765625 0.4267578125 0.2626953125 0.416015625 0.2626953125 0.40576171875 0.255859375 0.3974609375 0.248046875 0.38671875 0.255859375 0.38037109375 0.259765625 0.36376953125 0.2734375 0.3525390625 0.2890625 0.34521484375 0.298828125 0.337890625 0.3173828125 0.33544921875 0.3447265625 0.33447265625 0.3740234375 0.3330078125 0.388671875 0.33203125 0.41015625 0.3271484375 0.4306640625
5 0.28759765625 0.4072265625 0.31201171875 0.40625 0.31640625 0.4189453125 0.30029296875 0.4228515625 0.2880859375 0.4228515625 0.28466796875 0.4150390625
5 0.40234375 0.39453125 0.3857421875 0.390625 0.36865234375 0.392578125 0.35400390625 0.3974609375 0.3486328125 0.4111328125 0.3427734375 0.4365234375 0.3369140625 0.4375 0.333984375 0.443359375 0.3369140625 0.4541015625 0.33642578125 0.466796875 0.333984375 0.4970703125 0.33740234375 0.53125 0.341796875 0.5361328125 0.34912109375 0.5341796875 0.35546875 0.5263671875 0.37353515625 0.5263671875 0.39892578125 0.5205078125 0.4013671875 0.52734375 0.40869140625 0.525390625 0.41259765625 0.5146484375 0.41748046875 0.515625 0.41943359375 0.509765625 0.41943359375 0.4892578125 0.4189453125 0.4560546875 0.41796875 0.4423828125 0.4189453125 0.435546875 0.4169921875 0.4296875 0.41259765625 0.4189453125 0.40869140625 0.4013671875
5 0.31298828125 0.48046875 0.3125 0.443359375 0.3017578125 0.4306640625 0.2880859375 0.423828125 0.2939453125 0.4560546875 0.2958984375 0.486328125 0.2900390625 0.4921875 0.29052734375 0.501953125 0.2978515625 0.5087890625 0.30322265625 0.50390625
5 0.26904296875 0.40625 0.23974609375 0.4072265625 0.22216796875 0.4111328125 0.21630859375 0.4169921875 0.20751953125 0.427734375 0.205078125 0.4365234375 0.240234375 0.4501953125 0.25537109375 0.46875 0.25830078125 0.486328125 0.2607421875 0.5029296875 0.26220703125 0.51171875 0.2705078125 0.515625 0.283203125 0.5126953125 0.29150390625 0.5078125 0.30419921875 0.50390625 0.3076171875 0.48046875 0.30419921875 0.4462890625 0.2998046875 0.431640625 0.29736328125 0.4169921875 0.2900390625 0.4072265625 0.27978515625 0.404296875
5 0.18798828125 0.423828125 0.21142578125 0.4248046875 0.22900390625 0.423828125 0.25048828125 0.4423828125 0.26611328125 0.4462890625 0.27001953125 0.4609375 0.27099609375 0.484375 0.27294921875 0.505859375 0.271484375 0.5107421875 0.25537109375 0.515625 0.25146484375 0.5234375 0.244140625 0.5361328125 0.232421875 0.5390625 0.2236328125 0.5380859375 0.21630859375 0.5302734375 0.21337890625 0.521484375 0.1796875 0.521484375 0.1748046875 0.4775390625 0.16357421875 0.4560546875 0.16015625 0.4365234375 0.171875 0.427734375 0.18310546875 0.4228515625
4 0.19287109375 0.552734375 0.18603515625 0.373046875 0.18896484375 0.1669921875 0.20654296875 0.1728515625 0.2275390625 0.1611328125 0.24755859375 0.158203125 0.271484375 0.1591796875 0.2841796875 0.1298828125 0.330078125 0.0927734375 0.3447265625 0.076171875 0.3408203125 0.044921875 0.3466796875 0.017578125 0.34912109375 0.0 0.01806640625 0.0 0.01806640625 0.021484375 0.02490234375 0.0390625 0.03564453125 0.0478515625 0.04345703125 0.0546875 0.0556640625 0.0634765625 0.068359375 0.068359375 0.0654296875 0.0908203125 0.0654296875 0.1044921875 0.068359375 0.1142578125 0.07421875 0.1162109375 0.07666015625 0.1259765625 0.08154296875 0.1396484375 0.09228515625 0.1591796875 0.10205078125 0.169921875 0.12890625 0.150390625 0.13720703125 0.1630859375 0.1611328125 0.181640625 0.16455078125 0.15625 0.17041015625 0.154296875 0.171875 0.1953125 0.1708984375 0.3046875 0.1708984375 0.404296875 0.1708984375 0.466796875 0.1708984375 0.5498046875 0.18212890625 0.5517578125
5 0.14111328125 0.427734375 0.09716796875 0.42578125 0.083984375 0.42578125 0.06982421875 0.4267578125 0.05517578125 0.4365234375 0.0703125 0.4599609375 0.10498046875 0.486328125 0.150390625 0.509765625 0.1689453125 0.52734375 0.169921875 0.5546875 0.1796875 0.5556640625 0.1875 0.5537109375 0.18994140625 0.5224609375 0.18505859375 0.482421875 0.18017578125 0.4638671875 0.16455078125 0.4384765625 0.15576171875 0.4287109375
4 0.595703125 0.2607421875 0.59619140625 0.380859375 0.5859375 0.3828125 0.580078125 0.2509765625 0.5615234375 0.244140625 0.55615234375 0.2431640625 0.5439453125 0.25 0.5322265625 0.2509765625 0.52490234375 0.2412109375 0.51416015625 0.2333984375 0.505859375 0.2333984375 0.50146484375 0.2392578125 0.4951171875 0.234375 0.48974609375 0.236328125 0.48486328125 0.224609375 0.4765625 0.216796875 0.47216796875 0.203125 0.4716796875 0.18359375 0.47314453125 0.1708984375 0.4833984375 0.1669921875 0.4873046875 0.162109375 0.48681640625 0.1513671875 0.4853515625 0.134765625 0.4853515625 0.119140625 0.48779296875 0.109375 0.48876953125 0.09765625 0.4833984375 0.083984375 0.4833984375 0.0537109375 0.48388671875 0.03125 0.4912109375 0.017578125 0.50341796875 0.01171875 0.50341796875 0.0009765625 0.65087890625 0.001953125 0.6552734375 0.0615234375 0.65576171875 0.1025390625 0.65576171875 0.12890625 0.65478515625 0.1484375 0.65185546875 0.1650390625 0.64990234375 0.18359375 0.6455078125 0.2060546875 0.6416015625 0.2138671875 0.63330078125 0.2265625 0.6259765625 0.23046875 0.6220703125 0.2373046875 0.6162109375 0.2431640625 0.60693359375 0.2431640625 0.6005859375 0.2412109375 0.595703125 0.2470703125
4 0.63623046875 0.3408203125 0.6337890625 0.3095703125 0.6201171875 0.2802734375 0.611328125 0.2626953125 0.59814453125 0.22265625 0.59765625 0.1923828125 0.62158203125 0.1923828125 0.6298828125 0.1904296875 0.64306640625 0.18359375 0.64599609375 0.2158203125 0.64404296875 0.259765625 0.646484375 0.3193359375 0.6484375 0.375 0.64306640625 0.380859375 0.6396484375 0.380859375 0.63818359375 0.3642578125
4 0.62939453125 0.298828125 0.6083984375 0.3115234375 0.58642578125 0.330078125 0.5771484375 0.349609375 0.572265625 0.3642578125 0.56640625 0.3720703125 0.5615234375 0.37890625 0.55615234375 0.390625 0.548828125 0.4052734375 0.54931640625 0.419921875 0.54736328125 0.4296875 0.544921875 0.4560546875 0.5517578125 0.4619140625 0.5595703125 0.4541015625 0.56689453125 0.4423828125 0.56396484375 0.435546875 0.5615234375 0.4296875 0.57177734375 0.4130859375 0.62255859375 0.373046875 0.64208984375 0.3994140625 0.64794921875 0.3876953125 0.65283203125 0.353515625 0.65283203125 0.3359375 0.6533203125 0.3125 0.65283203125 0.294921875 0.65087890625 0.2841796875 0.64501953125 0.279296875 0.63623046875 0.287109375
5 0.56787109375 0.41015625 0.55859375 0.421875 0.5546875 0.4482421875 0.5615234375 0.4560546875 0.57421875 0.453125 0.580078125 0.447265625 0.58154296875 0.4189453125 0.57861328125 0.3984375 0.572265625 0.400390625
5 0.63037109375 0.3671875 0.59814453125 0.3701171875 0.58251953125 0.3671875 0.576171875 0.375 0.5732421875 0.3984375 0.56982421875 0.4287109375 0.572265625 0.4580078125 0.5751953125 0.4765625 0.5849609375 0.478515625 0.58984375 0.4306640625 0.60400390625 0.41015625 0.623046875 0.404296875 0.63818359375 0.3994140625 0.64501953125 0.3828125 0.64501953125 0.3642578125
4 0.59326171875 0.486328125 0.58837890625 0.48828125 0.58154296875 0.4892578125 0.57666015625 0.48828125 0.57470703125 0.482421875 0.57275390625 0.462890625 0.572265625 0.447265625 0.57861328125 0.4287109375 0.57958984375 0.4189453125 0.587890625 0.4091796875 0.59521484375 0.3955078125 0.5986328125 0.3857421875 0.60546875 0.3759765625 0.61474609375 0.3759765625 0.62353515625 0.376953125 0.63330078125 0.369140625 0.6396484375 0.3720703125 0.640625 0.3896484375 0.6318359375 0.4072265625 0.6220703125 0.423828125 0.60498046875 0.435546875 0.60693359375 0.453125 0.60546875 0.4677734375 0.60498046875 0.4853515625 0.6044921875 0.4873046875 0.59912109375 0.48828125
4 0.66357421875 0.353515625 0.6640625 0.259765625 0.67822265625 0.2509765625 0.70263671875 0.2216796875 0.7080078125 0.1943359375 0.70654296875 0.1689453125 0.7060546875 0.1484375 0.70361328125 0.1279296875 0.708984375 0.0966796875 0.70947265625 0.0849609375 0.7109375 0.0634765625 0.71044921875 0.0009765625 0.5771484375 0.00390625 0.57666015625 0.0224609375 0.5771484375 0.04296875 0.57666015625 0.0498046875 0.564453125 0.060546875 0.56005859375 0.060546875 0.55322265625 0.0712890625 0.556640625 0.0908203125 0.5634765625 0.111328125 0.5654296875 0.1357421875 0.57568359375 0.1513671875 0.58349609375 0.1640625 0.59814453125 0.19921875 0.609375 0.208984375 0.61376953125 0.220703125 0.619140625 0.234375 0.6318359375 0.244140625 0.6416015625 0.2412109375 0.64111328125 0.396484375 0.6455078125 0.4384765625 0.69384765625 0.3974609375 0.72119140625 0.3857421875 0.7255859375 0.361328125 0.72412109375 0.3349609375 0.7216796875 0.306640625 0.72802734375 0.2783203125 0.724609375 0.25 0.71728515625 0.25 0.70849609375 0.2744140625 0.70263671875 0.30078125 0.70263671875 0.326171875 0.69775390625 0.3203125 0.69482421875 0.2939453125 0.6884765625 0.29296875 0.685546875 0.3017578125 0.677734375 0.30078125 0.67236328125 0.30859375 0.67529296875 0.3388671875 0.68017578125 0.3623046875 0.67919921875 0.375 0.67333984375 0.375 0.66748046875 0.36328125
5 0.697265625 0.3173828125 0.671875 0.3232421875 0.66162109375 0.3271484375 0.65234375 0.3349609375 0.64453125 0.3564453125 0.63134765625 0.3837890625 0.625 0.3984375 0.6162109375 0.4033203125 0.609375 0.4111328125 0.60498046875 0.419921875 0.59912109375 0.4345703125 0.5986328125 0.4453125 0.5986328125 0.45703125 0.5986328125 0.4716796875 0.59912109375 0.4833984375 0.60302734375 0.4873046875 0.60888671875 0.490234375 0.681640625 0.43359375 0.73486328125 0.3818359375 0.79296875 0.35546875 0.7919921875 0.3408203125 0.7880859375 0.3154296875 0.78515625 0.3056640625 0.73583984375 0.3125
5 0.6806640625 0.392578125 0.66357421875 0.4091796875 0.65576171875 0.419921875 0.6474609375 0.42578125 0.6279296875 0.439453125 0.6162109375 0.443359375 0.60986328125 0.4453125 0.60546875 0.4541015625 0.60205078125 0.4599609375 0.6005859375 0.46875 0.6005859375 0.484375 0.603515625 0.4912109375 0.60791015625 0.498046875 0.61474609375 0.50390625 0.62744140625 0.4931640625 0.67626953125 0.416015625 0.6865234375 0.400390625 0.6904296875 0.38671875 0.685546875 0.388671875
5 0.6943359375 0.3759765625 0.67041015625 0.4013671875 0.64892578125 0.4208984375 0.62841796875 0.439453125 0.6181640625 0.4638671875 0.61572265625 0.4794921875 0.6171875 0.5009765625 0.61865234375 0.505859375 0.630859375 0.509765625 0.6376953125 0.5126953125 0.64697265625 0.51171875 0.65966796875 0.525390625 0.6689453125 0.525390625 0.681640625 0.5185546875 0.68505859375 0.513671875 0.7021484375 0.50390625 0.708984375 0.4677734375 0.7138671875 0.40625 0.70751953125 0.3720703125
5 0.7333984375 0.357421875 0.70947265625 0.3681640625 0.6953125 0.3798828125 0.69384765625 0.3935546875 0.6875 0.427734375 0.68212890625 0.4716796875 0.68212890625 0.4951171875 0.68505859375 0.505859375 0.69384765625 0.513671875 0.7001953125 0.5283203125 0.70947265625 0.5361328125 0.732421875 0.5361328125 0.744140625 0.5224609375 0.75341796875 0.4091796875 0.7509765625 0.37109375 0.73828125 0.3505859375
4 0.76953125 0.328125 0.7607421875 0.0 0.72265625 0.0009765625 0.7216796875 0.0498046875 0.7255859375 0.0986328125 0.72314453125 0.12890625 0.72412109375 0.1748046875 0.72998046875 0.2822265625 0.732421875 0.359375 0.732421875 0.41796875 0.7275390625 0.5498046875 0.7412109375 0.55078125 0.76806640625 0.54296875 0.77197265625 0.3662109375
4 0.80859375 0.3486328125 0.8056640625 0.3232421875 0.8154296875 0.2900390625 0.8095703125 0.2744140625 0.80810546875 0.2568359375 0.80859375 0.23046875 0.810546875 0.212890625 0.81640625 0.2021484375 0.8212890625 0.1953125 0.82373046875 0.1845703125 0.82861328125 0.173828125 0.83447265625 0.1640625 0.8359375 0.1494140625 0.8466796875 0.154296875 0.85546875 0.16015625 0.859375 0.1650390625 0.865234375 0.169921875 0.86962890625 0.1806640625 0.875 0.1884765625 0.8779296875 0.1748046875 0.87841796875 0.1640625 0.8828125 0.158203125 0.88525390625 0.154296875 0.89208984375 0.1630859375 0.896484375 0.16796875 0.9013671875 0.1689453125 0.9072265625 0.162109375 0.9072265625 0.13671875 0.9111328125 0.115234375 0.92529296875 0.115234375 0.9306640625 0.1318359375 0.93408203125 0.14453125 0.94287109375 0.169921875 0.9501953125 0.201171875 0.9599609375 0.2216796875 0.96240234375 0.240234375 0.9638671875 0.2548828125 0.9619140625 0.2705078125 0.96337890625 0.2919921875 0.94189453125 0.3125 0.916015625 0.333984375 0.89013671875 0.345703125 0.875 0.345703125 0.83642578125 0.3486328125 0.818359375 0.349609375
5 0.841796875 0.330078125 0.8125 0.333984375 0.7880859375 0.3388671875 0.77978515625 0.3369140625 0.76123046875 0.341796875 0.755859375 0.349609375 0.759765625 0.3623046875 0.75244140625 0.3896484375 0.7470703125 0.4248046875 0.75146484375 0.4716796875 0.828125 0.431640625 0.87744140625 0.419921875 0.91357421875 0.328125 0.90283203125 0.322265625 0.8671875 0.3291015625
5 0.95556640625 0.2802734375 0.9287109375 0.2958984375 0.8984375 0.3154296875 0.8740234375 0.349609375 0.84375 0.390625 0.81689453125 0.4072265625 0.78369140625 0.419921875 0.75146484375 0.4365234375 0.73974609375 0.4619140625 0.73095703125 0.490234375 0.73095703125 0.537109375 0.74169921875 0.5654296875 0.77099609375 0.580078125 0.7880859375 0.591796875 0.80224609375 0.6259765625 0.82177734375 0.6337890625 0.8466796875 0.6396484375 0.8681640625 0.630859375 0.88671875 0.5908203125 0.9072265625 0.583984375 0.99853515625 0.5869140625 0.99755859375 0.271484375 0.978515625 0.2685546875 0.96337890625 0.2744140625
5 0.095703125 0.4658203125 0.07861328125 0.44140625 0.056640625 0.42578125 0.0380859375 0.41796875 0.015625 0.416015625 0.01904296875 0.5078125 0.046875 0.525390625 0.07373046875 0.564453125 0.083984375 0.5869140625 0.10888671875 0.58984375 0.12353515625 0.5869140625 0.14404296875 0.5830078125 0.15087890625 0.57421875 0.173828125 0.5654296875 0.1787109375 0.5380859375 0.17724609375 0.515625 0.16259765625 0.486328125 0.13623046875 0.4765625 0.10302734375 0.47265625
4 0.02587890625 0.3291015625 0.02685546875 0.2783203125 0.02880859375 0.248046875 0.0380859375 0.22265625 0.04248046875 0.203125 0.03759765625 0.185546875 0.02978515625 0.1591796875 0.03564453125 0.12890625 0.03173828125 0.1015625 0.037109375 0.0888671875 0.04443359375 0.0986328125 0.0537109375 0.107421875 0.06884765625 0.0830078125 0.08154296875 0.078125 0.1083984375 0.07421875 0.134765625 0.0615234375 0.13720703125 0.0458984375 0.13818359375 0.0302734375 0.13671875 0.0146484375 0.13330078125 0.0 -0.00048828125 0.0 0.0 0.5302734375 0.02880859375 0.525390625 0.02978515625 0.4853515625 0.02880859375 0.45703125 0.02978515625 0.423828125 0.02978515625 0.4091796875 0.02490234375 0.396484375 0.02392578125 0.37109375 0.02392578125 0.3505859375
4 0.1103515625 0.6025390625 0.05322265625 0.630859375 0.02783203125 0.638671875 0.0 0.6328125 -0.0009765625 0.576171875 0.0 0.5126953125 0.0107421875 0.533203125 0.02734375 0.5078125 0.02880859375 0.4873046875 0.0400390625 0.490234375 0.0537109375 0.4912109375 0.05859375 0.5009765625 0.06640625 0.5107421875 0.07373046875 0.513671875 0.08056640625 0.5166015625 0.0869140625 0.533203125 0.09033203125 0.5478515625 0.09912109375 0.5537109375 0.10546875 0.5634765625 0.109375 0.572265625 0.1142578125 0.5810546875 0.115234375 0.5908203125
