0 0.1220703125 0.5224609375 0.45458984375 0.427734375 0.5166015625 0.4296875 0.63916015625 0.4365234375 0.8974609375 0.46875 0.9990234375 0.4853515625 0.99755859375 0.9970703125 0.0 0.9970703125 -0.0009765625 0.5556640625
4 0.31201171875 0.3037109375 0.32080078125 0.306640625 0.32861328125 0.3115234375 0.36181640625 0.2861328125 0.36962890625 0.28515625 0.37646484375 0.294921875 0.3818359375 0.2841796875 0.3857421875 0.2783203125 0.390625 0.26953125 0.39306640625 0.2734375 0.3974609375 0.2705078125 0.40234375 0.2685546875 0.4033203125 0.267578125 0.40869140625 0.2685546875 0.41259765625 0.2734375 0.4189453125 0.275390625 0.421875 0.2880859375 0.4248046875 0.2958984375 0.42578125 0.29296875 0.4287109375 0.2958984375 0.4306640625 0.2998046875 0.43505859375 0.291015625 0.44287109375 0.302734375 0.4453125 0.30859375 0.44970703125 0.3154296875 0.451171875 0.3203125 0.44970703125 0.328125 0.45263671875 0.3359375 0.45947265625 0.328125 0.4638671875 0.404296875 0.4521484375 0.419921875 0.31201171875 0.3896484375
2 0.45556640625 0.146484375 0.46337890625 0.1474609375 0.47705078125 0.1103515625 0.5361328125 0.111328125 0.55078125 0.1455078125 0.55859375 0.146484375 0.55810546875 0.1630859375 0.564453125 0.1630859375 0.56396484375 0.12890625 0.5634765625 0.1259765625 0.576171875 0.0751953125 0.576171875 0.0537109375 0.57275390625 0.05078125 0.5791015625 0.0322265625 0.59814453125 0.0 0.99853515625 0.0 0.99853515625 0.46875 0.904296875 0.4755859375 0.61474609375 0.4404296875 0.474609375 0.41796875 0.45556640625 0.390625
4 0.56396484375 0.20703125 0.55419921875 0.1923828125 0.54736328125 0.1875 0.541015625 0.1923828125 0.53515625 0.203125 0.53173828125 0.2080078125 0.5263671875 0.2041015625 0.517578125 0.2099609375 0.51318359375 0.2041015625 0.50927734375 0.203125 0.50390625 0.2138671875 0.5068359375 0.2265625 0.50390625 0.240234375 0.50048828125 0.248046875 0.50146484375 0.255859375 0.5048828125 0.265625 0.501953125 0.2685546875 0.501953125 0.27734375 0.50244140625 0.2841796875 0.4990234375 0.2841796875 0.49755859375 0.294921875 0.4990234375 0.3017578125 0.5009765625 0.3046875 0.4970703125 0.3095703125 0.4970703125 0.3232421875 0.5 0.33984375 0.50341796875 0.3466796875 0.5078125 0.3603515625 0.5087890625 0.369140625 0.51123046875 0.3759765625 0.515625 0.3779296875 0.51416015625 0.3857421875 0.51953125 0.3876953125 0.52685546875 0.38671875 0.5390625 0.4208984375 0.56787109375 0.4326171875 0.5654296875 0.3505859375 0.5634765625 0.2783203125 0.56884765625 0.2734375 0.568359375 0.2255859375 0.564453125 0.224609375
5 0.4287109375 0.4013671875 0.4326171875 0.396484375 0.43994140625 0.3935546875 0.4482421875 0.39453125 0.45263671875 0.4130859375 0.43701171875 0.4130859375
5 0.45166015625 0.4892578125 0.4677734375 0.4873046875 0.46826171875 0.490234375 0.47119140625 0.4912109375 0.47314453125 0.49609375 0.48046875 0.4951171875 0.4833984375 0.48828125 0.48388671875 0.4521484375 0.4814453125 0.4404296875 0.48046875 0.4375 0.4833984375 0.4365234375 0.48486328125 0.4326171875 0.48388671875 0.4287109375 0.48291015625 0.427734375 0.4775390625 0.427734375 0.47412109375 0.4140625 0.470703125 0.40625 0.45751953125 0.404296875 0.44482421875 0.40625 0.4384765625 0.408203125
5 0.5263671875 0.3974609375 0.51806640625 0.3955078125 0.4931640625 0.3974609375 0.490234375 0.419921875 0.48779296875 0.447265625 0.48779296875 0.4560546875 0.49169921875 0.4599609375 0.49462890625 0.4599609375 0.4990234375 0.46875 0.50390625 0.46875 0.5078125 0.4658203125 0.509765625 0.4619140625 0.52294921875 0.4619140625 0.5361328125 0.4287109375
5 0.640625 0.400390625 0.6474609375 0.3955078125 0.65771484375 0.3916015625 0.681640625 0.3935546875 0.6845703125 0.396484375 0.6884765625 0.4091796875 0.68798828125 0.4619140625 0.6826171875 0.4736328125 0.68017578125 0.4716796875 0.67919921875 0.4658203125 0.654296875 0.4658203125 0.6533203125 0.470703125 0.65234375 0.474609375 0.646484375 0.4736328125 0.64599609375 0.4658203125 0.6279296875 0.4580078125 0.630859375 0.431640625
1 0.9130859375 0.4619140625 0.94189453125 0.4609375 0.94384765625 0.50390625 0.91552734375 0.5048828125
1 0.9130859375 0.5771484375 0.99853515625 0.6220703125 0.9990234375 0.560546875 0.91259765625 0.56640625
5 0.4140625 0.3798828125 0.42138671875 0.3798828125 0.4287109375 0.3828125 0.43505859375 0.396484375 0.4404296875 0.4052734375 0.44482421875 0.416015625 0.447265625 0.427734375 0.44970703125 0.4296875 0.45068359375 0.43359375 0.4501953125 0.439453125 0.45361328125 0.453125 0.45556640625 0.46484375 0.45556640625 0.48046875 0.4560546875 0.5 0.4560546875 0.51953125 0.453125 0.5283203125
5 0.36328125 0.3759765625 0.37353515625 0.375 0.39208984375 0.3759765625 0.3974609375 0.3759765625 0.41259765625 0.37890625 0.41796875 0.37890625 0.4287109375 0.3837890625 0.435546875 0.396484375 0.44384765625 0.431640625 0.44873046875 0.4462890625 0.45263671875 0.4736328125 0.4541015625 0.50390625 0.453125 0.541015625 0.45166015625 0.55859375 0.44873046875 0.564453125 0.4384765625 0.564453125 0.435546875 0.546875 0.42578125 0.5546875 0.419921875 0.5830078125 0.4140625 0.5888671875 0.40576171875 0.5908203125 0.400390625 0.5654296875 0.39111328125 0.568359375 0.369140625 0.5732421875 0.35546875 0.4697265625
2 0.28515625 0.00390625 0.2919921875 0.056640625 0.296875 0.0849609375 0.298828125 0.0859375 0.30078125 0.0888671875 0.30517578125 0.123046875 0.30029296875 0.1259765625 0.3056640625 0.1640625 0.30908203125 0.1669921875 0.3095703125 0.2041015625 0.31201171875 0.3759765625 0.1103515625 0.421875 -0.0009765625 0.443359375 -0.00048828125 0.0 0.283203125 0.0
5 0.138671875 0.388671875 0.12451171875 0.3759765625 0.10302734375 0.365234375 0.0869140625 0.361328125 0.01953125 0.4130859375 0.00439453125 0.42578125 -0.0009765625 0.43359375 -0.0009765625 0.5849609375 0.10595703125 0.5087890625
5 0.32568359375 0.3798828125 0.318359375 0.3720703125 0.310546875 0.3623046875 0.2958984375 0.3544921875 0.279296875 0.3515625 0.26953125 0.3515625 0.26513671875 0.35546875 0.26318359375 0.3623046875 0.2431640625 0.3603515625 0.2265625 0.3583984375 0.2158203125 0.359375 0.20751953125 0.35546875 0.17724609375 0.3505859375 0.16015625 0.3515625 0.14453125 0.361328125 0.12890625 0.380859375 0.0966796875 0.4375 0.01416015625 0.611328125 0.0185546875 0.6923828125 0.0234375 0.7080078125 0.0283203125 0.7109375 0.0498046875 0.70703125 0.05322265625 0.697265625 0.17529296875 0.6962890625 0.2177734375 0.6953125 0.22314453125 0.716796875 0.2275390625 0.7236328125 0.25244140625 0.716796875 0.26123046875 0.7041015625 0.26806640625 0.6689453125 0.3125 0.62890625 0.33837890625 0.5439453125
