4 0.5390625 0.2734375 0.5517578125 0.2744140625 0.55517578125 0.275390625 0.55810546875 0.2724609375 0.56298828125 0.2705078125 0.56884765625 0.27734375 0.5703125 0.462890625 0.49560546875 0.455078125 0.494140625 0.3017578125
2 0.5751953125 0.0966796875 0.5927734375 0.0712890625 0.59228515625 0.009765625 0.5947265625 0.0 0.99853515625 0.0 0.99853515625 0.7001953125 0.578125 0.4658203125 0.57763671875 0.416015625 0.56640625 0.4150390625 0.56396484375 0.240234375 0.568359375 0.201171875 0.5751953125 0.1962890625 0.57373046875 0.1484375 0.5751953125 0.1396484375
1 0.64599609375 0.474609375 0.6767578125 0.4736328125 0.728515625 0.46875 0.728515625 0.4814453125 0.64501953125 0.4873046875
1 0.61083984375 0.47265625 0.595703125 0.4736328125 0.583984375 0.474609375 0.57568359375 0.4736328125 0.55322265625 0.4765625 0.58984375 0.4892578125 0.6123046875 0.4833984375
1 0.97607421875 0.5458984375 0.8603515625 0.51953125 0.71826171875 0.4853515625 0.63623046875 0.49609375 0.67578125 0.53125 0.998046875 0.7021484375 0.99853515625 0.5537109375
4 0.52197265625 0.4189453125 0.5341796875 0.4033203125 0.54150390625 0.392578125 0.5390625 0.380859375 0.54833984375 0.3623046875 0.54833984375 0.341796875 0.54833984375 0.318359375 0.55322265625 0.298828125 0.55322265625 0.2734375 0.55322265625 0.25 0.5576171875 0.2255859375 0.5576171875 0.212890625 0.5556640625 0.197265625 0.5576171875 0.1845703125 0.55078125 0.177734375 0.55126953125 0.1689453125 0.5478515625 0.162109375 0.54248046875 0.1611328125 0.498046875 0.1943359375 0.50341796875 0.4189453125 0.50830078125 0.4248046875 0.51513671875 0.4248046875
2 0.505859375 0.4599609375 0.50537109375 0.265625 0.333984375 0.234375 0.33544921875 0.3876953125 0.40087890625 0.4912109375 0.4921875 0.4921875 0.50537109375 0.466796875
4 0.20654296875 0.130859375 0.23193359375 0.1640625 0.24609375 0.1884765625 0.30810546875 0.2587890625 0.31787109375 0.27734375 0.32470703125 0.3076171875 0.32275390625 0.3310546875 0.32861328125 0.349609375 0.3291015625 0.3740234375 0.32421875 0.3876953125 0.3134765625 0.38671875 0.30810546875 0.3916015625 0.30078125 0.3896484375 0.2939453125 0.408203125 0.29443359375 0.447265625 0.29052734375 0.447265625 0.29052734375 0.408203125 0.28857421875 0.4140625 0.28515625 0.412109375 0.2861328125 0.44140625 0.27587890625 0.4423828125 0.27685546875 0.4208984375 0.2744140625 0.412109375 0.27294921875 0.4365234375 0.27001953125 0.4365234375 0.27001953125 0.4208984375 0.267578125 0.400390625 0.26611328125 0.44140625 0.2626953125 0.4404296875 0.26318359375 0.412109375 0.2626953125 0.3955078125 0.259765625 0.384765625 0.25537109375 0.408203125 0.25537109375 0.4375 0.22509765625 0.4384765625 0.22314453125 0.4091796875 0.21630859375 0.380859375 0.20361328125 0.3603515625 0.19921875 0.388671875 0.19921875 0.4345703125 0.1923828125 0.4296875 0.1923828125 0.39453125 0.1865234375 0.37109375 0.181640625 0.3564453125 0.17822265625 0.37890625 0.1787109375 0.408203125 0.17822265625 0.4375 0.17236328125 0.4365234375 0.17138671875 0.4072265625 0.1708984375 0.3798828125 0.1689453125 0.3701171875 0.16552734375 0.3837890625 0.16162109375 0.4013671875 0.16259765625 0.4404296875 0.1533203125 0.4267578125 0.14990234375 0.3798828125 0.13037109375 0.35546875 0.1015625 0.3251953125 0.08984375 0.3427734375 0.07666015625 0.3515625 0.05615234375 0.28125 0.091796875 0.1748046875 0.1494140625 0.142578125
4 0.513671875 0.08203125 0.52880859375 0.0791015625 0.5380859375 0.087890625 0.5419921875 0.1025390625 0.54541015625 0.12109375 0.54443359375 0.13671875 0.5419921875 0.1640625 0.5400390625 0.177734375 0.5341796875 0.1923828125 0.52587890625 0.2080078125 0.5205078125 0.2294921875 0.51904296875 0.2490234375 0.515625 0.2626953125 0.5087890625 0.27734375 0.50390625 0.28125 0.50048828125 0.27734375 0.4951171875 0.291015625 0.486328125 0.3037109375 0.4755859375 0.3173828125 0.4619140625 0.3203125 0.45068359375 0.3173828125 0.44091796875 0.3134765625 0.4384765625 0.310546875 0.43505859375 0.3603515625 0.43115234375 0.392578125 0.431640625 0.45703125 0.423828125 0.4560546875 0.42333984375 0.4130859375 0.42138671875 0.3955078125 0.40283203125 0.392578125 0.35986328125 0.376953125 0.3544921875 0.3408203125 0.34375 0.30078125 0.3408203125 0.3154296875 0.32763671875 0.326171875 0.322265625 0.3134765625 0.3173828125 0.2880859375 0.31787109375 0.2646484375 0.3173828125 0.2548828125 0.28662109375 0.275390625 0.27734375 0.267578125 0.26171875 0.2265625 0.248046875 0.2060546875 0.23828125 0.181640625 0.2294921875 0.11328125 0.2939453125 0.0 0.49755859375 0.001953125 0.49609375 0.0126953125 0.4912109375 0.0126953125 0.5 0.0234375 0.5048828125 0.041015625 0.5126953125 0.0615234375 0.515625 0.07421875
4 0.47216796875 0.4609375 0.47216796875 0.4462890625 0.46875 0.44140625 0.43115234375 0.4443359375 0.42919921875 0.4609375 0.43896484375 0.4716796875
1 0.49658203125 0.4677734375 0.47509765625 0.4755859375 0.42431640625 0.4736328125 0.41845703125 0.494140625 0.505859375 0.482421875 0.50732421875 0.4736328125
0 0.98193359375 0.66015625 0.8330078125 0.5888671875 0.71533203125 0.5361328125 0.65380859375 0.5087890625 0.6533203125 0.501953125 0.66162109375 0.49609375 0.7275390625 0.4873046875 0.72802734375 0.4794921875 0.6494140625 0.48046875 0.60546875 0.4814453125 0.5888671875 0.482421875 0.56689453125 0.4794921875 0.5498046875 0.4736328125 0.50927734375 0.4697265625 0.49560546875 0.478515625 0.482421875 0.4794921875 0.45703125 0.4833984375 0.423828125 0.4833984375 0.31005859375 0.4501953125 0.29248046875 0.4501953125 0.1591796875 0.4521484375 -0.0009765625 0.498046875 0.0 0.99609375 0.998046875 0.9970703125 0.99853515625 0.666015625
5 0.3125 0.4345703125 0.30615234375 0.431640625 0.30029296875 0.435546875 0.2958984375 0.4375 0.2939453125 0.439453125 0.29443359375 0.4482421875 0.31005859375 0.44921875
5 0.27783203125 0.4462890625 0.28076171875 0.4384765625 0.2841796875 0.43359375 0.29345703125 0.435546875 0.296875 0.4453125 0.29638671875 0.453125 0.29541015625 0.4580078125 0.27880859375 0.4560546875 0.27783203125 0.4501953125
5 0.2275390625 0.4462890625 0.228515625 0.439453125 0.23046875 0.4345703125 0.2373046875 0.4326171875 0.2421875 0.4345703125 0.24658203125 0.447265625 0.2470703125 0.46484375 0.2421875 0.4658203125 0.23095703125 0.4658203125
5 0.2509765625 0.4755859375 0.24658203125 0.4755859375 0.24560546875 0.462890625 0.24658203125 0.4521484375 0.24853515625 0.4443359375 0.25244140625 0.4375 0.25830078125 0.4365234375
5 0.27685546875 0.4775390625 0.27685546875 0.4599609375 0.27587890625 0.455078125 0.27783203125 0.4541015625 0.27783203125 0.451171875 0.2763671875 0.44921875 0.27587890625 0.44921875 0.2734375 0.439453125 0.271484375 0.435546875 0.26171875 0.4345703125 0.2548828125 0.4375 0.251953125 0.4482421875 0.24951171875 0.44921875 0.25048828125 0.4521484375 0.2509765625 0.453125 0.25 0.458984375 0.25048828125 0.4755859375 0.25537109375 0.4775390625 0.25537109375 0.4755859375 0.2705078125 0.474609375 0.2705078125 0.4775390625
5 0.2138671875 0.44140625 0.21142578125 0.4267578125 0.19189453125 0.4267578125 0.185546875 0.427734375 0.18212890625 0.4345703125 0.185546875 0.46484375 0.19970703125 0.4658203125 0.20068359375 0.4677734375 0.20263671875 0.46875 0.203125 0.4677734375 0.2041015625 0.46484375 0.2080078125 0.4638671875
5 0.220703125 0.4384765625 0.2119140625 0.439453125 0.2080078125 0.4462890625 0.20703125 0.4482421875 0.205078125 0.44921875 0.205078125 0.4521484375 0.20703125 0.4541015625 0.2060546875 0.4638671875 0.2060546875 0.4755859375 0.2060546875 0.4775390625 0.2099609375 0.4775390625 0.21044921875 0.474609375 0.2275390625 0.474609375 0.2275390625 0.478515625 0.23193359375 0.478515625 0.232421875 0.4658203125 0.23193359375 0.4560546875 0.23291015625 0.4541015625 0.2333984375 0.4521484375 0.232421875 0.4501953125 0.23095703125 0.4501953125 0.22802734375 0.44140625 0.22705078125 0.439453125
5 0.18798828125 0.455078125 0.18701171875 0.4404296875 0.18359375 0.431640625 0.17626953125 0.4267578125 0.1630859375 0.4287109375 0.15771484375 0.43359375 0.15771484375 0.46875 0.16650390625 0.46875 0.169921875 0.4677734375 0.1708984375 0.470703125 0.1728515625 0.4716796875 0.17529296875 0.470703125 0.17626953125 0.4677734375 0.18212890625 0.4658203125 0.18310546875 0.4697265625 0.185546875 0.470703125 0.1875 0.46875 0.18798828125 0.4609375
4 0.19482421875 0.208984375 0.24169921875 0.1708984375 0.27685546875 0.1416015625 0.3076171875 0.0966796875 0.3095703125 0.048828125 0.30224609375 0.0078125 0.2900390625 0.0 0.0 0.0009765625 0.0 0.525390625 0.01416015625 0.5224609375 0.0380859375 0.515625 0.07763671875 0.509765625 0.125 0.4970703125 0.15283203125 0.484375 0.16064453125 0.4853515625 0.1611328125 0.4560546875 0.15478515625 0.4287109375 0.15478515625 0.37890625 0.15869140625 0.3349609375 0.16552734375 0.27734375 0.177734375 0.2333984375 0.18896484375 0.21875
5 0.51318359375 0.447265625 0.5048828125 0.4482421875 0.4970703125 0.453125 0.49365234375 0.4619140625 0.4931640625 0.4765625 0.49365234375 0.4794921875 0.5146484375 0.4775390625
5 0.54150390625 0.4111328125 0.5283203125 0.41015625 0.51708984375 0.4130859375 0.513671875 0.421875 0.51171875 0.435546875 0.5087890625 0.435546875 0.50830078125 0.4404296875 0.5087890625 0.443359375 0.51025390625 0.4462890625 0.51025390625 0.4609375 0.5107421875 0.4814453125 0.51123046875 0.4873046875 0.5166015625 0.4873046875 0.5166015625 0.482421875 0.52978515625 0.48046875 0.5439453125 0.4814453125 0.5439453125 0.4873046875 0.55029296875 0.4873046875 0.55029296875 0.474609375 0.54931640625 0.4521484375 0.54931640625 0.443359375 0.55126953125 0.4423828125 0.55224609375 0.4375 0.55126953125 0.43359375 0.54833984375 0.43359375 0.54638671875 0.4208984375 0.54443359375 0.4130859375
5 0.42724609375 0.537109375 0.42724609375 0.5078125 0.4267578125 0.478515625 0.42138671875 0.4560546875 0.42822265625 0.4521484375 0.42919921875 0.4453125 0.42822265625 0.431640625 0.42333984375 0.4306640625 0.41845703125 0.43359375 0.41259765625 0.4033203125 0.40625 0.3876953125 0.39990234375 0.3779296875 0.38623046875 0.3740234375 0.37255859375 0.373046875 0.37158203125 0.361328125 0.35009765625 0.36328125 0.349609375 0.3720703125 0.328125 0.375 0.3203125 0.376953125 0.3154296875 0.39453125 0.31103515625 0.423828125 0.3076171875 0.4677734375 0.306640625 0.515625 0.30712890625 0.5361328125 0.30859375 0.5498046875 0.31005859375 0.56640625 0.31298828125 0.580078125 0.32421875 0.5771484375 0.32666015625 0.5595703125 0.3935546875 0.5556640625 0.39501953125 0.5712890625 0.396484375 0.57421875 0.4091796875 0.5732421875 0.4111328125 0.54296875 0.416015625 0.5400390625 0.4169921875 0.5556640625 0.42724609375 0.5546875
