2 0.7509765625 0.205078125 0.73388671875 0.208984375 0.724609375 0.208984375 0.71923828125 0.212890625 0.71044921875 0.21875 0.70751953125 0.2216796875 0.7041015625 0.224609375 0.70166015625 0.23046875 0.68896484375 0.2333984375 0.68798828125 0.2275390625 0.685546875 0.224609375 0.6806640625 0.173828125 0.6787109375 0.1767578125 0.67724609375 0.201171875 0.673828125 0.173828125 0.6611328125 0.1279296875 0.650390625 0.1083984375 0.6416015625 0.1005859375 0.6337890625 0.09765625 0.6259765625 0.1005859375 0.619140625 0.10546875 0.6103515625 0.115234375 0.595703125 0.1455078125 0.58935546875 0.1640625 0.57861328125 0.1708984375 0.57080078125 0.1728515625 0.52490234375 0.1728515625 0.47998046875 0.1748046875 0.48046875 0.154296875 0.474609375 0.1279296875 0.46826171875 0.109375 0.45361328125 0.0751953125 0.4306640625 0.0400390625 0.4072265625 0.001953125 0.0 0.001953125 0.0 0.509765625 0.083984375 0.49609375 0.20947265625 0.484375 0.287109375 0.4697265625 0.42236328125 0.4658203125 0.51708984375 0.453125 0.607421875 0.447265625 0.67578125 0.439453125 0.70849609375 0.4345703125 0.7470703125 0.4306640625 0.7861328125 0.4296875 0.8212890625 0.4296875 0.81787109375 0.1298828125 0.80859375 0.142578125 0.80029296875 0.1669921875 0.7861328125 0.177734375 0.76806640625 0.173828125 0.763671875 0.1796875 0.7578125 0.1806640625 0.75390625 0.197265625
0 0.76220703125 0.4287109375 0.7490234375 0.42578125 0.73828125 0.421875 0.7275390625 0.421875 0.720703125 0.423828125 0.71240234375 0.427734375 0.70361328125 0.4287109375 0.69775390625 0.4306640625 0.68017578125 0.4345703125 0.6767578125 0.4345703125 0.6689453125 0.4326171875 0.6376953125 0.4384765625 0.5986328125 0.44140625 0.56298828125 0.447265625 0.5048828125 0.4462890625 0.4189453125 0.44921875 0.2841796875 0.4658203125 0.265625 0.470703125 0.203125 0.48046875 0.1494140625 0.48828125 0.0 0.5048828125 -0.0009765625 0.9970703125 0.998046875 0.99609375 0.99755859375 0.517578125 0.79931640625 0.4453125 0.7802734375 0.431640625
4 0.693359375 0.2939453125 0.68701171875 0.2880859375 0.681640625 0.283203125 0.6767578125 0.283203125 0.6728515625 0.2900390625 0.671875 0.296875 0.6728515625 0.306640625 0.677734375 0.306640625 0.67724609375 0.30859375 0.67333984375 0.310546875 0.673828125 0.322265625 0.67626953125 0.326171875 0.67822265625 0.330078125 0.67822265625 0.333984375 0.67333984375 0.33203125 0.67333984375 0.3369140625 0.67333984375 0.3466796875 0.67626953125 0.3544921875 0.67626953125 0.3564453125 0.671875 0.3544921875 0.6728515625 0.365234375 0.67333984375 0.3759765625 0.673828125 0.3857421875 0.67578125 0.390625 0.67919921875 0.3935546875 0.68359375 0.400390625 0.6884765625 0.40625 0.6923828125 0.408203125 0.6962890625 0.408203125 0.69921875 0.40625 0.7060546875 0.4013671875 0.7080078125 0.3955078125 0.712890625 0.3857421875 0.71630859375 0.37890625 0.71630859375 0.3720703125 0.7158203125 0.3583984375 0.7138671875 0.34375 0.7109375 0.328125 0.70849609375 0.3173828125 0.7060546875 0.3076171875 0.70361328125 0.3037109375 0.70068359375 0.2998046875 0.69873046875 0.296875 0.6962890625 0.294921875
5 0.72900390625 0.4140625 0.71826171875 0.416015625 0.71923828125 0.435546875 0.72509765625 0.43359375 0.72705078125 0.4384765625 0.7294921875 0.435546875 0.73095703125 0.421875
5 0.6591796875 0.4287109375 0.658203125 0.4140625 0.64892578125 0.4130859375 0.64501953125 0.416015625 0.638671875 0.419921875 0.6357421875 0.42578125 0.6328125 0.4306640625 0.6337890625 0.439453125 0.640625 0.439453125 0.65869140625 0.4365234375
5 0.4560546875 0.4365234375 0.45458984375 0.419921875 0.44921875 0.4208984375 0.43212890625 0.4228515625 0.4345703125 0.4384765625
5 0.43115234375 0.41796875 0.419921875 0.41796875 0.41357421875 0.4189453125 0.41015625 0.42578125 0.40869140625 0.4384765625 0.43310546875 0.4423828125 0.43505859375 0.4306640625 0.43310546875 0.419921875
3 0.67333984375 0.421875 0.65966796875 0.4248046875 0.6396484375 0.4248046875 0.62841796875 0.4248046875 0.611328125 0.42578125 0.5966796875 0.42578125 0.56396484375 0.4296875 0.5498046875 0.4326171875 0.544921875 0.4287109375 0.52734375 0.4296875 0.5107421875 0.4296875 0.49365234375 0.4296875 0.47705078125 0.4296875 0.4609375 0.431640625 0.43994140625 0.431640625 0.41796875 0.43359375 0.40087890625 0.431640625 0.32666015625 0.4365234375 0.30078125 0.44140625 0.30224609375 0.4892578125 0.31103515625 0.4892578125 0.32080078125 0.484375 0.4150390625 0.4677734375 0.4580078125 0.458984375 0.4775390625 0.4560546875 0.50634765625 0.4521484375 0.53466796875 0.4501953125 0.5888671875 0.4462890625 0.6103515625 0.4462890625 0.63037109375 0.4443359375 0.67724609375 0.4423828125 0.6787109375 0.4443359375 0.6787109375 0.45703125 0.68212890625 0.4609375 0.68994140625 0.466796875 0.69091796875 0.4453125 0.6953125 0.4404296875 0.6962890625 0.4384765625 0.6962890625 0.4228515625 0.6884765625 0.421875
5 0.66552734375 0.466796875 0.65576171875 0.46484375 0.65576171875 0.4755859375 0.66650390625 0.4765625
5 0.658203125 0.46484375 0.658203125 0.4560546875 0.65869140625 0.4560546875 0.65966796875 0.453125 0.65869140625 0.44921875 0.65625 0.44921875 0.654296875 0.4375 0.6513671875 0.4365234375 0.63671875 0.435546875 0.634765625 0.4375 0.63134765625 0.447265625 0.62841796875 0.44921875 0.62841796875 0.4521484375 0.62890625 0.4560546875 0.62890625 0.4609375 0.62939453125 0.4697265625 0.6298828125 0.474609375 0.6328125 0.4755859375 0.6357421875 0.4736328125 0.63671875 0.4716796875 0.650390625 0.47265625 0.65478515625 0.474609375 0.6572265625 0.474609375 0.6572265625 0.4697265625
4 0.73486328125 0.21875 0.732421875 0.2138671875 0.72900390625 0.2109375 0.72802734375 0.212890625 0.72607421875 0.212890625 0.72509765625 0.2119140625 0.7236328125 0.2138671875 0.7216796875 0.2177734375 0.7197265625 0.21875 0.7158203125 0.21484375 0.71435546875 0.21484375 0.71435546875 0.21875 0.71435546875 0.2216796875 0.71484375 0.2265625 0.71142578125 0.23046875 0.70947265625 0.2314453125 0.7080078125 0.232421875 0.7060546875 0.234375 0.70458984375 0.23828125 0.70458984375 0.2421875 0.7041015625 0.25390625 0.70263671875 0.2587890625 0.701171875 0.26171875 0.69970703125 0.2685546875 0.701171875 0.2724609375 0.70166015625 0.28125 0.703125 0.2861328125 0.7060546875 0.2939453125 0.705078125 0.2978515625 0.703125 0.2978515625 0.6982421875 0.2958984375 0.693359375 0.2939453125 0.6982421875 0.3037109375 0.69921875 0.310546875 0.6982421875 0.3193359375 0.69677734375 0.32421875 0.69775390625 0.33203125 0.69970703125 0.3388671875 0.701171875 0.3486328125 0.70263671875 0.357421875 0.7041015625 0.36328125 0.70556640625 0.3720703125 0.70751953125 0.3779296875 0.70947265625 0.3818359375 0.71044921875 0.3828125 0.71240234375 0.3828125 0.71435546875 0.37890625 0.71728515625 0.3740234375 0.720703125 0.380859375 0.720703125 0.3837890625 0.7216796875 0.3876953125 0.724609375 0.388671875 0.7255859375 0.390625 0.7255859375 0.3955078125 0.7265625 0.3984375 0.728515625 0.400390625 0.7294921875 0.3955078125 0.73095703125 0.3935546875 0.7333984375 0.392578125 0.736328125 0.388671875 0.73974609375 0.388671875 0.73974609375 0.3828125 0.73974609375 0.3759765625 0.740234375 0.3671875 0.73974609375 0.357421875 0.74169921875 0.369140625 0.7421875 0.3740234375 0.74609375 0.3779296875 0.7490234375 0.37890625 0.7529296875 0.373046875 0.7529296875 0.3603515625 0.75537109375 0.3564453125 0.7578125 0.3564453125 0.7587890625 0.36328125 0.7587890625 0.3701171875 0.75830078125 0.3779296875 0.7587890625 0.3837890625 0.7607421875 0.38671875 0.763671875 0.3896484375 0.76708984375 0.39453125 0.76708984375 0.400390625 0.76708984375 0.4052734375 0.7666015625 0.4130859375 0.76611328125 0.4228515625 0.76611328125 0.4287109375 0.76611328125 0.431640625 0.76611328125 0.4326171875 0.77001953125 0.4345703125 0.7734375 0.4345703125 0.7744140625 0.431640625 0.7744140625 0.4248046875 0.77734375 0.40625 0.77783203125 0.396484375 0.77978515625 0.384765625 0.78076171875 0.44140625 0.78466796875 0.4384765625 0.79052734375 0.4189453125 0.7900390625 0.3984375 0.7900390625 0.3896484375 0.79248046875 0.3798828125 0.79443359375 0.3759765625 0.796875 0.3720703125 0.80224609375 0.365234375 0.80419921875 0.361328125 0.8076171875 0.353515625 0.8115234375 0.3505859375 0.81494140625 0.3359375 0.81494140625 0.1787109375 0.8056640625 0.1767578125 0.78857421875 0.1767578125 0.78466796875 0.1767578125 0.779296875 0.1796875 0.77392578125 0.1787109375 0.7685546875 0.181640625 0.76220703125 0.1875 0.7607421875 0.189453125 0.75927734375 0.193359375 0.755859375 0.1953125 0.75390625 0.1953125 0.74853515625 0.197265625 0.74609375 0.203125 0.744140625 0.20703125 0.74267578125 0.208984375 0.73779296875 0.212890625
5 0.72314453125 0.412109375 0.71923828125 0.4072265625 0.716796875 0.4072265625 0.71240234375 0.4072265625 0.7109375 0.4111328125 0.7080078125 0.41796875 0.70947265625 0.4267578125 0.71240234375 0.4326171875 0.71875 0.4365234375 0.7236328125 0.439453125 0.72314453125 0.421875
5 0.70361328125 0.4130859375 0.7197265625 0.412109375 0.72265625 0.41796875 0.72509765625 0.4326171875 0.7236328125 0.453125 0.72021484375 0.4541015625 0.7177734375 0.44921875 0.7041015625 0.4482421875 0.70263671875 0.455078125 0.6982421875 0.4541015625 0.69873046875 0.44140625 0.69970703125 0.427734375
2 0.80859375 0.31640625 0.80712890625 0.0009765625 0.998046875 0.0 0.998046875 0.4287109375 0.841796875 0.423828125 0.818359375 0.4169921875 0.81787109375 0.3447265625 0.81005859375 0.34765625 0.8017578125 0.34765625 0.798828125 0.345703125 0.798828125 0.3310546875
4 0.97314453125 0.3720703125 0.97119140625 0.3427734375 0.96875 0.3310546875 0.96875 0.322265625 0.96875 0.3154296875 0.97216796875 0.30078125 0.97216796875 0.2880859375 0.97119140625 0.265625 0.9736328125 0.251953125 0.97021484375 0.24609375 0.96875 0.2353515625 0.97216796875 0.2236328125 0.97412109375 0.1923828125 0.96875 0.197265625 0.96533203125 0.2021484375 0.9658203125 0.2109375 0.96484375 0.2197265625 0.95947265625 0.224609375 0.9560546875 0.2255859375 0.9541015625 0.2197265625 0.95068359375 0.2080078125 0.9423828125 0.2041015625 0.935546875 0.1962890625 0.9306640625 0.2021484375 0.921875 0.2021484375 0.92138671875 0.1865234375 0.91455078125 0.1904296875 0.91552734375 0.203125 0.9130859375 0.2138671875 0.90576171875 0.2197265625 0.8974609375 0.2197265625 0.8955078125 0.2119140625 0.89697265625 0.2021484375 0.8955078125 0.19140625 0.8935546875 0.1826171875 0.8935546875 0.1669921875 0.88916015625 0.166015625 0.8857421875 0.1748046875 0.8837890625 0.173828125 0.87890625 0.177734375 0.8740234375 0.1806640625 0.869140625 0.1796875 0.86767578125 0.17578125 0.86669921875 0.1728515625 0.87158203125 0.154296875 0.8681640625 0.150390625 0.86376953125 0.1455078125 0.86376953125 0.12890625 0.86279296875 0.1171875 0.85693359375 0.1142578125 0.8505859375 0.11328125 0.8427734375 0.1162109375 0.833984375 0.123046875 0.83203125 0.1357421875 0.830078125 0.1494140625 0.830078125 0.166015625 0.82861328125 0.1767578125 0.82568359375 0.1826171875 0.81787109375 0.1826171875 0.81640625 0.189453125 0.8125 0.1962890625 0.8125 0.2021484375 0.81005859375 0.20703125 0.80810546875 0.2177734375 0.80859375 0.228515625 0.80419921875 0.23828125 0.80126953125 0.2392578125 0.7958984375 0.23046875 0.7900390625 0.2265625 0.787109375 0.2353515625 0.78515625 0.2412109375 0.77880859375 0.2412109375 0.775390625 0.236328125 0.771484375 0.2294921875 0.7705078125 0.220703125 0.76318359375 0.2119140625 0.7578125 0.208984375 0.75634765625 0.1953125 0.75048828125 0.189453125 0.7509765625 0.1806640625 0.75830078125 0.171875 0.7568359375 0.1591796875 0.74853515625 0.1640625 0.7470703125 0.1533203125 0.74658203125 0.14453125 0.7529296875 0.1396484375 0.75390625 0.1279296875 0.748046875 0.1298828125 0.7412109375 0.1337890625 0.73779296875 0.130859375 0.73681640625 0.1171875 0.73291015625 0.1103515625 0.73291015625 0.0986328125 0.7294921875 0.0888671875 0.7275390625 0.0830078125 0.72216796875 0.078125 0.71484375 0.083984375 0.7138671875 0.07421875 0.71728515625 0.06640625 0.71728515625 0.0576171875 0.71533203125 0.0517578125 0.70947265625 0.041015625 0.7060546875 0.0302734375 0.70654296875 0.0224609375 0.69482421875 0.0185546875 0.689453125 0.009765625 0.68603515625 0.0078125 0.68408203125 0.0087890625 0.6806640625 0.0087890625 0.67578125 0.0068359375 0.67578125 0.0 0.998046875 0.0009765625 0.998046875 0.16796875 0.9951171875 0.177734375 0.9951171875 0.19921875 0.99658203125 0.234375 0.99560546875 0.271484375 0.9951171875 0.30859375 0.99609375 0.3310546875 0.9951171875 0.3623046875 0.9951171875 0.3779296875
5 0.77392578125 0.6318359375 0.77197265625 0.6474609375 0.76953125 0.654296875 0.76416015625 0.65625 0.75439453125 0.65625 0.75048828125 0.6533203125 0.7470703125 0.642578125 0.74560546875 0.61328125 0.74560546875 0.578125 0.744140625 0.5634765625 0.74365234375 0.541015625 0.748046875 0.515625 0.7607421875 0.4833984375 0.751953125 0.482421875 0.74951171875 0.478515625 0.75048828125 0.4638671875 0.75244140625 0.4541015625 0.76318359375 0.4521484375 0.7685546875 0.455078125 0.771484375 0.4638671875 0.77685546875 0.447265625 0.7880859375 0.419921875 0.8017578125 0.3876953125 0.81640625 0.373046875 0.82666015625 0.359375 0.83984375 0.349609375 0.85546875 0.345703125 0.87109375 0.34375 0.88134765625 0.3505859375 0.8876953125 0.357421875 0.931640625 0.3525390625 0.9453125 0.3486328125 0.96240234375 0.34375 0.97705078125 0.3466796875 0.9873046875 0.349609375 0.998046875 0.3623046875 0.99755859375 0.73828125 0.98974609375 0.6953125 0.98291015625 0.6923828125 0.97314453125 0.6826171875 0.96826171875 0.6923828125 0.95654296875 0.6845703125 0.93603515625 0.6728515625 0.92041015625 0.673828125 0.89794921875 0.6865234375 0.8701171875 0.6904296875 0.8544921875 0.7255859375 0.84130859375 0.728515625 0.828125 0.7265625 0.8173828125 0.72265625 0.81298828125 0.7158203125 0.8056640625 0.6611328125 0.78515625 0.640625
5 0.59521484375 0.41015625 0.5927734375 0.40625 0.59033203125 0.408203125 0.57080078125 0.4091796875 0.5693359375 0.4072265625 0.5673828125 0.4072265625 0.5615234375 0.427734375 0.55810546875 0.4482421875 0.55810546875 0.4560546875 0.55810546875 0.46484375 0.55810546875 0.4736328125 0.55908203125 0.4765625 0.5615234375 0.4794921875 0.56591796875 0.4794921875 0.56787109375 0.478515625 0.5693359375 0.4736328125 0.583984375 0.474609375 0.595703125 0.47265625 0.595703125 0.4775390625 0.60009765625 0.478515625 0.6025390625 0.4775390625 0.60302734375 0.474609375 0.603515625 0.46875 0.603515625 0.4521484375 0.60302734375 0.4384765625 0.6044921875 0.4375 0.60498046875 0.4345703125 0.6044921875 0.4306640625 0.60009765625 0.427734375
1 0.30078125 0.4775390625 0.2744140625 0.48046875 0.2529296875 0.478515625 0.20703125 0.48046875 0.197265625 0.474609375 0.23291015625 0.47265625 0.2734375 0.4677734375 0.29541015625 0.4658203125 0.30078125 0.46484375
1 0.1611328125 0.5009765625 -0.0009765625 0.53125 0.0 0.4931640625 0.125 0.482421875 0.1494140625 0.48046875 0.1650390625 0.4814453125 0.18115234375 0.478515625 0.1943359375 0.4775390625 0.1982421875 0.4873046875 0.1845703125 0.494140625
5 0.38134765625 0.3984375 0.36474609375 0.400390625 0.35546875 0.4013671875 0.3505859375 0.4013671875 0.345703125 0.408203125 0.33642578125 0.4140625 0.32861328125 0.431640625 0.32177734375 0.435546875 0.3212890625 0.4404296875 0.32421875 0.4443359375 0.3193359375 0.4501953125 0.314453125 0.4599609375 0.31396484375 0.4697265625 0.31689453125 0.48046875 0.31689453125 0.4990234375 0.318359375 0.5087890625 0.32177734375 0.5107421875 0.328125 0.5087890625 0.3310546875 0.5 0.341796875 0.5 0.34375 0.50390625 0.3466796875 0.5068359375 0.3515625 0.50390625 0.35302734375 0.498046875 0.3701171875 0.49609375 0.3701171875 0.5 0.375 0.50390625 0.38232421875 0.4990234375 0.38330078125 0.4912109375 0.39013671875 0.4892578125 0.39111328125 0.498046875 0.39892578125 0.5 0.40234375 0.4921875 0.40234375 0.478515625 0.40283203125 0.462890625 0.4013671875 0.41796875 0.39697265625 0.400390625
