4 0.47412109375 0.337890625 0.4873046875 0.3408203125 0.4970703125 0.341796875 0.50244140625 0.353515625 0.50830078125 0.3974609375 0.474609375 0.4052734375
4 0.54345703125 0.33203125 0.52978515625 0.3603515625 0.52001953125 0.376953125 0.5146484375 0.3974609375 0.5478515625 0.3994140625
2 0.47412109375 0.310546875 0.47265625 0.2919921875 0.46337890625 0.29296875 0.46240234375 0.26953125 0.4521484375 0.265625 0.45166015625 0.2265625 0.44775390625 0.2138671875 0.4404296875 0.2138671875 0.43994140625 0.1962890625 0.4296875 0.166015625 0.42919921875 0.1455078125 0.4189453125 0.14453125 0.41357421875 0.12890625 0.41357421875 0.1142578125 0.40283203125 0.0986328125 0.38134765625 0.0546875 0.373046875 0.052734375 0.3671875 0.01953125 0.36767578125 0.0009765625 -0.00048828125 0.0009765625 -0.0009765625 0.35546875 0.14404296875 0.4755859375 0.39208984375 0.4921875 0.48095703125 0.4345703125 0.4794921875 0.3154296875
2 0.6005859375 0.15625 0.6005859375 0.1826171875 0.59375 0.1875 0.59375 0.193359375 0.5888671875 0.2060546875 0.58056640625 0.208984375 0.57275390625 0.220703125 0.5732421875 0.232421875 0.5673828125 0.244140625 0.56640625 0.2529296875 0.5595703125 0.251953125 0.5576171875 0.259765625 0.5576171875 0.2744140625 0.544921875 0.349609375 0.546875 0.41015625 0.546875 0.4423828125 0.6474609375 0.4921875 0.99853515625 0.458984375 0.99853515625 0.0009765625 0.6787109375 0.0 0.6357421875 0.0908203125 0.61669921875 0.1357421875 0.61669921875 0.15234375
0 0.14990234375 0.521484375 0.48828125 0.4248046875 0.52099609375 0.419921875 0.6337890625 0.4501953125 0.7998046875 0.4609375 0.99755859375 0.5771484375 0.998046875 0.5771484375 0.998046875 0.9970703125 -0.0009765625 0.99609375 -0.0009765625 0.5859375
1 0.57958984375 0.4501953125 0.6240234375 0.462890625 0.7138671875 0.4677734375 0.76123046875 0.466796875 0.77001953125 0.4482421875 0.708984375 0.4453125 0.6552734375 0.4404296875
5 0.5146484375 0.42578125 0.5185546875 0.42578125 0.5205078125 0.416015625 0.5146484375 0.416015625 0.51123046875 0.416015625
5 0.52978515625 0.431640625 0.5234375 0.431640625 0.52294921875 0.4326171875 0.521484375 0.4326171875 0.521484375 0.4267578125 0.52294921875 0.4189453125 0.5302734375 0.416015625
4 0.55078125 0.2685546875 0.5400390625 0.275390625 0.5322265625 0.2744140625 0.5263671875 0.2822265625 0.52685546875 0.2978515625 0.52197265625 0.3193359375 0.525390625 0.333984375 0.52587890625 0.357421875 0.53076171875 0.36328125 0.53955078125 0.3623046875 0.546875 0.361328125 0.5537109375 0.3642578125 0.55615234375 0.3662109375 0.55419921875 0.376953125 0.5546875 0.3876953125 0.55322265625 0.4013671875 0.552734375 0.4150390625 0.5537109375 0.4150390625 0.55615234375 0.3876953125 0.55517578125 0.376953125 0.5576171875 0.3662109375 0.56298828125 0.3623046875 0.56640625 0.365234375 0.56640625 0.4111328125 0.5673828125 0.4111328125 0.56787109375 0.361328125 0.56787109375 0.353515625 0.57275390625 0.3466796875 0.5732421875 0.3369140625 0.58056640625 0.341796875 0.580078125 0.3330078125 0.58056640625 0.3251953125 0.5888671875 0.3251953125 0.59033203125 0.3251953125 0.5888671875 0.365234375 0.5888671875 0.423828125 0.5908203125 0.423828125 0.59033203125 0.361328125 0.59130859375 0.3330078125 0.59423828125 0.32421875 0.60009765625 0.333984375 0.60546875 0.3310546875 0.61376953125 0.3359375 0.61474609375 0.34765625 0.6162109375 0.359375 0.61962890625 0.3671875 0.6259765625 0.36328125 0.62939453125 0.3447265625 0.623046875 0.3349609375 0.62451171875 0.32421875 0.6298828125 0.3134765625 0.63134765625 0.3037109375 0.62841796875 0.2890625 0.62890625 0.2783203125 0.63037109375 0.2626953125 0.63134765625 0.2509765625 0.6259765625 0.23828125 0.625 0.224609375 0.6162109375 0.2138671875 0.607421875 0.212890625 0.6044921875 0.1982421875 0.60009765625 0.18359375 0.59423828125 0.1875 0.58984375 0.2080078125 0.58642578125 0.21875 0.5810546875 0.2236328125 0.57421875 0.234375 0.56982421875 0.2431640625 0.57080078125 0.2509765625 0.57470703125 0.255859375 0.56884765625 0.26171875 0.56494140625 0.2705078125 0.560546875 0.26953125 0.5556640625 0.26953125
5 0.52734375 0.4404296875 0.52734375 0.4228515625 0.529296875 0.4091796875 0.54150390625 0.4091796875 0.5439453125 0.419921875 0.54443359375 0.4326171875 0.5439453125 0.4404296875 0.541015625 0.4404296875 0.541015625 0.4365234375 0.5302734375 0.4365234375 0.53076171875 0.4404296875
4 0.80029296875 0.3310546875 0.80908203125 0.3095703125 0.81103515625 0.29296875 0.8154296875 0.2724609375 0.82275390625 0.2646484375 0.83349609375 0.2626953125 0.8369140625 0.2763671875 0.8427734375 0.2919921875 0.84814453125 0.296875 0.8544921875 0.2919921875 0.859375 0.302734375 0.8720703125 0.310546875 0.88330078125 0.3056640625 0.89111328125 0.2900390625 0.89453125 0.263671875 0.904296875 0.2666015625 0.90966796875 0.2509765625 0.90283203125 0.2275390625 0.9130859375 0.234375 0.9248046875 0.2548828125 0.9345703125 0.2548828125 0.93994140625 0.2529296875 0.9404296875 0.2412109375 0.951171875 0.2353515625 0.9619140625 0.24609375 0.9638671875 0.2568359375 0.9736328125 0.2744140625 0.984375 0.3046875 0.98828125 0.361328125 0.99853515625 0.3671875 0.99853515625 0.28515625 0.99755859375 0.2744140625 0.9990234375 0.25390625 0.99853515625 0.0 0.779296875 0.0009765625 0.7353515625 0.091796875 0.71044921875 0.119140625 0.70556640625 0.1357421875 0.708984375 0.1513671875 0.70947265625 0.16796875 0.70849609375 0.1767578125 0.69970703125 0.1884765625 0.6923828125 0.2060546875 0.6826171875 0.23046875 0.6826171875 0.244140625 0.6875 0.255859375 0.69091796875 0.26171875 0.69140625 0.2744140625 0.69970703125 0.2861328125 0.71337890625 0.287109375 0.72021484375 0.2802734375 0.7275390625 0.283203125 0.72998046875 0.2958984375 0.73388671875 0.3125 0.73876953125 0.318359375 0.74560546875 0.310546875 0.7568359375 0.2978515625 0.7607421875 0.251953125 0.76611328125 0.2421875 0.7734375 0.263671875 0.7783203125 0.3154296875 0.7900390625 0.3583984375
4 0.80517578125 0.3828125 0.80419921875 0.291015625 0.80419921875 0.2080078125 0.80517578125 0.1640625 0.80810546875 0.1455078125 0.80712890625 0.130859375 0.81884765625 0.134765625 0.841796875 0.130859375 0.85400390625 0.123046875 0.869140625 0.107421875 0.87109375 0.107421875 0.8681640625 0.21484375 0.86767578125 0.3056640625 0.8681640625 0.3876953125 0.8779296875 0.4169921875 0.8896484375 0.3984375 0.8857421875 0.3125 0.88671875 0.236328125 0.88671875 0.1337890625 0.88818359375 0.0712890625 0.8984375 0.0576171875 0.9140625 0.0556640625 0.9326171875 0.0537109375 0.94970703125 0.0400390625 0.9580078125 0.01953125 0.96533203125 0.0009765625 0.5126953125 0.0 0.5107421875 0.005859375 0.5068359375 0.0068359375 0.50146484375 0.01953125 0.50732421875 0.03125 0.521484375 0.01953125 0.529296875 0.0146484375 0.53759765625 0.0234375 0.537109375 0.0439453125 0.5400390625 0.07421875 0.552734375 0.0869140625 0.56689453125 0.08203125 0.580078125 0.0615234375 0.591796875 0.0595703125 0.60205078125 0.0673828125 0.6142578125 0.0908203125 0.62158203125 0.103515625 0.63671875 0.130859375 0.64453125 0.1484375 0.64990234375 0.1630859375 0.65625 0.1748046875 0.6640625 0.171875 0.6669921875 0.15625 0.67578125 0.1484375 0.6826171875 0.1416015625 0.68212890625 0.1240234375 0.685546875 0.099609375 0.68896484375 0.0869140625 0.6943359375 0.107421875 0.6943359375 0.125 0.69921875 0.1337890625 0.7080078125 0.130859375 0.71337890625 0.1171875 0.71630859375 0.111328125 0.72607421875 0.109375 0.7353515625 0.1181640625 0.74560546875 0.130859375 0.75244140625 0.13671875 0.76025390625 0.138671875 0.767578125 0.1376953125 0.775390625 0.1337890625 0.78515625 0.138671875 0.7890625 0.1455078125 0.78857421875 0.2412109375 0.78759765625 0.3974609375
5 0.892578125 0.4091796875 0.87939453125 0.3876953125 0.87158203125 0.376953125 0.85595703125 0.373046875 0.82275390625 0.3740234375 0.8017578125 0.3779296875 0.7880859375 0.3857421875 0.77392578125 0.412109375 0.76611328125 0.435546875 0.76123046875 0.4384765625 0.759765625 0.4453125 0.763671875 0.44921875 0.7607421875 0.462890625 0.755859375 0.4814453125 0.755859375 0.505859375 0.75732421875 0.53515625 0.76025390625 0.546875 0.7705078125 0.544921875 0.7724609375 0.533203125 0.78955078125 0.5380859375 0.79052734375 0.5546875 0.7939453125 0.5673828125 0.8046875 0.5654296875 0.806640625 0.5439453125 0.8427734375 0.541015625
5 0.94287109375 0.3759765625 0.90625 0.384765625 0.88818359375 0.3935546875 0.87451171875 0.412109375 0.86181640625 0.44140625 0.853515625 0.4384765625 0.849609375 0.4453125 0.85009765625 0.455078125 0.85546875 0.458984375 0.8466796875 0.4716796875 0.83935546875 0.494140625 0.8369140625 0.525390625 0.8408203125 0.5703125 0.84521484375 0.587890625 0.86279296875 0.591796875 0.86474609375 0.578125 0.8974609375 0.5869140625 0.8994140625 0.6044921875 0.904296875 0.6220703125 0.923828125 0.6240234375 0.93115234375 0.595703125 0.99853515625 0.5908203125 0.998046875 0.3701171875 0.96435546875 0.3720703125
5 0.51611328125 0.4423828125 0.515625 0.4267578125 0.51416015625 0.4169921875 0.51220703125 0.4111328125 0.50244140625 0.412109375 0.4990234375 0.419921875 0.4990234375 0.4375 0.50048828125 0.443359375 0.50244140625 0.443359375 0.50244140625 0.44140625 0.51318359375 0.44140625 0.513671875 0.4423828125
4 0.46142578125 0.388671875 0.46728515625 0.384765625 0.47216796875 0.384765625 0.474609375 0.3935546875 0.47802734375 0.4033203125 0.478515625 0.41015625 0.4765625 0.4140625 0.4736328125 0.4169921875 0.4609375 0.40625
5 0.455078125 0.4248046875 0.44970703125 0.41796875 0.443359375 0.41796875 0.44482421875 0.443359375 0.4560546875 0.4423828125
5 0.41357421875 0.416015625 0.43359375 0.416015625 0.43798828125 0.44921875 0.43212890625 0.451171875 0.431640625 0.4482421875 0.42041015625 0.4482421875
4 0.2822265625 0.3916015625 0.28125 0.3388671875 0.283203125 0.30078125 0.2900390625 0.2919921875 0.30029296875 0.2802734375 0.30615234375 0.2802734375 0.31298828125 0.2607421875 0.3173828125 0.275390625 0.3232421875 0.28515625 0.33203125 0.2919921875 0.33642578125 0.2978515625 0.33837890625 0.310546875 0.34521484375 0.3173828125 0.3544921875 0.3134765625 0.3583984375 0.3076171875 0.35595703125 0.28515625 0.36279296875 0.2998046875 0.3681640625 0.3203125 0.37158203125 0.3310546875 0.376953125 0.3359375 0.3818359375 0.3310546875 0.38427734375 0.3212890625 0.38720703125 0.3134765625 0.39453125 0.3017578125 0.39306640625 0.2880859375 0.39404296875 0.2724609375 0.39306640625 0.259765625 0.39208984375 0.244140625 0.38818359375 0.234375 0.3916015625 0.2314453125 0.3935546875 0.21875 0.39111328125 0.2080078125 0.38330078125 0.2001953125 0.37890625 0.1884765625 0.38671875 0.1767578125 0.39111328125 0.1630859375 0.39501953125 0.150390625 0.3935546875 0.134765625 0.38916015625 0.1220703125 0.384765625 0.1103515625 0.37939453125 0.099609375 0.3759765625 0.091796875 0.37548828125 0.0869140625 0.37841796875 0.0830078125 0.37744140625 0.0693359375 0.3720703125 0.0576171875 0.3662109375 0.046875 0.35546875 0.029296875 0.3447265625 0.0302734375 0.33642578125 0.0107421875 0.3330078125 0.0 0.07177734375 0.0 0.0693359375 0.107421875 0.10595703125 0.2099609375 0.10546875 0.244140625 0.11181640625 0.2919921875 0.119140625 0.3251953125 0.12109375 0.3916015625 0.12744140625 0.3974609375 0.12890625 0.3193359375 0.1455078125 0.2822265625 0.1484375 0.2529296875 0.1484375 0.208984375 0.150390625 0.1923828125 0.1591796875 0.1982421875 0.17041015625 0.2080078125 0.18017578125 0.20703125 0.1884765625 0.208984375 0.1904296875 0.2158203125 0.1767578125 0.228515625 0.16748046875 0.228515625 0.16259765625 0.2275390625 0.1591796875 0.244140625 0.15234375 0.2568359375 0.15625 0.2724609375 0.1640625 0.2802734375 0.16748046875 0.298828125 0.16943359375 0.3125 0.181640625 0.3134765625 0.193359375 0.3095703125 0.19140625 0.2900390625 0.1982421875 0.267578125 0.20556640625 0.27734375 0.21240234375 0.2958984375 0.22412109375 0.3017578125 0.234375 0.30078125 0.23828125 0.294921875 0.23974609375 0.283203125 0.24267578125 0.2822265625 0.251953125 0.2919921875 0.255859375 0.30078125 0.25927734375 0.3330078125 0.26220703125 0.353515625 0.26171875 0.3681640625 0.26318359375 0.4326171875 0.271484375 0.4228515625 0.2705078125 0.37109375 0.26953125 0.3349609375 0.2724609375 0.3154296875 0.27685546875 0.3037109375 0.27685546875 0.35546875 0.2783203125 0.4072265625
5 0.345703125 0.3515625 0.40625 0.353515625 0.41064453125 0.35546875 0.4140625 0.3603515625 0.4150390625 0.380859375 0.4169921875 0.40625 0.4208984375 0.4072265625 0.4228515625 0.41015625 0.423828125 0.4169921875 0.421875 0.419921875 0.416015625 0.421875 0.41943359375 0.4501953125 0.41845703125 0.4697265625 0.41845703125 0.4951171875 0.41748046875 0.5185546875 0.41552734375 0.5263671875 0.41064453125 0.5263671875 0.4052734375 0.5234375 0.40478515625 0.515625 0.404296875 0.5078125 0.3994140625 0.5068359375 0.3994140625 0.5 0.3857421875 0.5 0.341796875 0.392578125 0.3447265625 0.361328125
5 0.1494140625 0.4384765625 0.15185546875 0.400390625 0.15771484375 0.3681640625 0.16162109375 0.357421875 0.1650390625 0.3564453125 0.16748046875 0.3505859375 0.17041015625 0.349609375 0.18212890625 0.3515625 0.21728515625 0.3525390625 0.21826171875 0.3466796875 0.2265625 0.34765625 0.2353515625 0.3525390625 0.23779296875 0.3583984375 0.244140625 0.3623046875 0.24951171875 0.373046875 0.25732421875 0.3994140625 0.259765625 0.4130859375 0.26220703125 0.408203125 0.265625 0.40625 0.27099609375 0.4111328125 0.2548828125 0.51171875 0.248046875 0.513671875 0.24755859375 0.529296875 0.24560546875 0.5390625 0.24072265625 0.544921875 0.23486328125 0.541015625 0.23193359375 0.5302734375 0.23291015625 0.5224609375 0.1982421875 0.5244140625 0.19775390625 0.5302734375 0.1875 0.53125 0.18603515625 0.525390625 0.18115234375 0.5263671875
5 0.38720703125 0.544921875 0.38818359375 0.50390625 0.38671875 0.478515625 0.37890625 0.45703125 0.3896484375 0.455078125 0.390625 0.443359375 0.38818359375 0.4375 0.380859375 0.4365234375 0.38037109375 0.4443359375 0.37548828125 0.4306640625 0.36962890625 0.4091796875 0.36181640625 0.39453125 0.35693359375 0.3896484375 0.326171875 0.3837890625 0.30029296875 0.3837890625 0.2880859375 0.38671875 0.279296875 0.3935546875 0.27294921875 0.4072265625 0.26611328125 0.4296875 0.2607421875 0.4453125 0.25732421875 0.4599609375 0.25341796875 0.494140625 0.25244140625 0.525390625 0.251953125 0.552734375 0.2548828125 0.576171875 0.25634765625 0.578125 0.2626953125 0.5810546875 0.267578125 0.576171875 0.271484375 0.5654296875 0.271484375 0.5576171875 0.28466796875 0.5556640625 0.28466796875 0.548828125 0.2890625 0.5478515625 0.2900390625 0.556640625 0.29638671875 0.55859375 0.298828125 0.5576171875 0.30078125 0.552734375 0.34912109375 0.5576171875 0.349609375 0.5712890625 0.35205078125 0.58203125 0.36181640625 0.5830078125 0.365234375 0.5791015625 0.3662109375 0.5498046875 0.37353515625 0.544921875 0.37451171875 0.5615234375 0.37841796875 0.5625 0.38525390625 0.5595703125
4 0.04443359375 0.2294921875 0.06298828125 0.2060546875 0.0771484375 0.18359375 0.0869140625 0.14453125 0.0966796875 0.1123046875 0.09521484375 0.09375 0.08935546875 0.0673828125 0.083984375 0.037109375 0.0791015625 0.005859375 0.076171875 0.0 -0.00048828125 0.0 -0.0009765625 0.197265625
5 0.19921875 0.6689453125 0.1982421875 0.58984375 0.1884765625 0.541015625 0.17333984375 0.490234375 0.17724609375 0.474609375 0.1767578125 0.462890625 0.16650390625 0.453125 0.15380859375 0.4462890625 0.14794921875 0.427734375 0.12060546875 0.3701171875 0.091796875 0.3251953125 0.0595703125 0.2958984375 -0.0009765625 0.267578125 0.0 0.931640625 0.009765625 0.90625 0.0146484375 0.8603515625 0.14208984375 0.7548828125 0.1474609375 0.7890625 0.15869140625 0.7958984375 0.1728515625 0.787109375 0.1875 0.7705078125 0.19580078125 0.7392578125
