0 0.5048828125 0.40234375 0.47607421875 0.404296875 0.4609375 0.408203125 0.44580078125 0.4287109375 0.40771484375 0.462890625 0.37548828125 0.4658203125 0.35693359375 0.4638671875 0.3359375 0.4814453125 0.15576171875 0.52734375 0.05712890625 0.564453125 -0.0009765625 0.6005859375 -0.0009765625 0.9951171875 0.95556640625 0.9990234375 0.87890625 0.8525390625 0.7255859375 0.6279296875 0.6416015625 0.5068359375 0.6416015625 0.4912109375 0.6796875 0.4853515625 0.68701171875 0.4775390625 0.68310546875 0.4619140625 0.64404296875 0.4580078125 0.62060546875 0.4462890625 0.59716796875 0.4296875 0.56689453125 0.400390625
2 0.48095703125 0.0576171875 0.48095703125 0.0 0.603515625 0.0009765625 0.59619140625 0.4208984375 0.44921875 0.4140625 0.45166015625 0.0810546875 0.4755859375 0.0751953125 0.48095703125 0.0751953125
4 0.4814453125 0.3076171875 0.4853515625 0.3212890625 0.486328125 0.3271484375 0.48681640625 0.3369140625 0.48876953125 0.3408203125 0.49462890625 0.3447265625 0.4951171875 0.3515625 0.49169921875 0.357421875 0.48193359375 0.36328125 0.48779296875 0.3828125 0.4814453125 0.388671875 0.47412109375 0.388671875 0.47119140625 0.38671875 0.4560546875 0.3798828125 0.4560546875 0.3642578125 0.45556640625 0.34765625 0.45703125 0.3310546875 0.4580078125 0.3232421875 0.46923828125 0.3232421875 0.4755859375 0.3212890625
4 0.56005859375 0.0615234375 0.5546875 0.0615234375 0.54931640625 0.06640625 0.54443359375 0.0673828125 0.53857421875 0.0673828125 0.5361328125 0.0791015625 0.5341796875 0.0966796875 0.53125 0.1123046875 0.52783203125 0.1220703125 0.52587890625 0.1357421875 0.52734375 0.1552734375 0.53076171875 0.1591796875 0.53662109375 0.166015625 0.5380859375 0.1767578125 0.53857421875 0.185546875 0.537109375 0.189453125 0.53515625 0.19140625 0.53125 0.1884765625 0.52685546875 0.189453125 0.52685546875 0.2041015625 0.52197265625 0.2109375 0.51611328125 0.2216796875 0.5146484375 0.240234375 0.515625 0.2568359375 0.515625 0.27734375 0.51708984375 0.2900390625 0.5224609375 0.30078125 0.52392578125 0.3056640625 0.52685546875 0.3115234375 0.53125 0.31640625 0.53515625 0.318359375 0.54052734375 0.318359375 0.54736328125 0.3193359375 0.55419921875 0.322265625 0.5595703125 0.318359375 0.560546875 0.326171875 0.5615234375 0.3310546875 0.5634765625 0.3330078125 0.572265625 0.3359375 0.5771484375 0.3369140625 0.57958984375 0.3232421875 0.57958984375 0.263671875 0.583984375 0.1953125 0.57958984375 0.0947265625 0.57275390625 0.06640625 0.5673828125 0.0546875
2 0.48583984375 0.287109375 0.486328125 0.1884765625 0.486328125 0.181640625 0.49365234375 0.1669921875 0.49267578125 0.1240234375 0.4892578125 0.103515625 0.47998046875 0.060546875 0.46728515625 0.0556640625 0.45263671875 0.046875 0.44775390625 0.0009765625 -0.00048828125 0.00390625 -0.0009765625 0.5703125 0.0771484375 0.5556640625 0.12353515625 0.533203125 0.1787109375 0.513671875 0.3447265625 0.4697265625 0.37646484375 0.4716796875 0.4033203125 0.4677734375 0.46142578125 0.435546875 0.45703125 0.357421875 0.45703125 0.3310546875 0.4775390625 0.330078125 0.4814453125 0.3232421875 0.4853515625 0.3125
2 0.67236328125 0.4619140625 0.6533203125 0.4638671875 0.609375 0.4560546875 0.5693359375 0.4453125 0.56640625 0.349609375 0.56494140625 0.3134765625 0.56787109375 0.2724609375 0.56787109375 0.2412109375 0.56494140625 0.126953125 0.564453125 0.0751953125 0.564453125 0.029296875 0.57275390625 0.0078125 0.580078125 0.0 0.9970703125 0.0009765625 0.998046875 0.4287109375 0.90771484375 0.458984375 0.72314453125 0.4580078125
5 0.50927734375 0.396484375 0.49609375 0.396484375 0.48876953125 0.3974609375 0.48681640625 0.4052734375 0.48583984375 0.416015625 0.482421875 0.421875 0.48193359375 0.4287109375 0.482421875 0.435546875 0.48291015625 0.447265625 0.48388671875 0.451171875 0.48876953125 0.44921875 0.4921875 0.451171875 0.4990234375 0.4384765625 0.5068359375 0.4150390625
1 0.634765625 0.439453125 0.63134765625 0.4404296875 0.62744140625 0.4375 0.619140625 0.4326171875 0.6142578125 0.43359375 0.60888671875 0.439453125 0.611328125 0.45703125 0.6298828125 0.4580078125 0.63818359375 0.462890625 0.65185546875 0.4658203125 0.6630859375 0.4697265625 0.681640625 0.462890625 0.68212890625 0.455078125 0.6708984375 0.455078125 0.662109375 0.4521484375 0.654296875 0.4482421875 0.64599609375 0.447265625
1 0.3916015625 0.4794921875 0.361328125 0.4755859375 0.36083984375 0.46484375 0.3681640625 0.4619140625 0.37353515625 0.4619140625 0.38037109375 0.4638671875 0.39306640625 0.4609375 0.3994140625 0.4658203125
5 0.41357421875 0.40234375 0.40234375 0.4033203125 0.39697265625 0.4052734375 0.39306640625 0.41015625 0.3896484375 0.416015625 0.38671875 0.423828125 0.38427734375 0.431640625 0.3828125 0.4423828125 0.3828125 0.4560546875 0.38330078125 0.4658203125 0.38671875 0.474609375 0.3916015625 0.4833984375 0.3974609375 0.482421875 0.40185546875 0.4755859375 0.4189453125 0.474609375 0.42138671875 0.482421875 0.4267578125 0.4833984375 0.4326171875 0.4775390625 0.44140625 0.4775390625 0.44482421875 0.4814453125 0.46484375 0.4775390625 0.4658203125 0.4814453125 0.46875 0.484375 0.4736328125 0.4833984375 0.47509765625 0.4765625 0.47705078125 0.4755859375 0.4794921875 0.462890625 0.4794921875 0.453125 0.4775390625 0.4423828125 0.4736328125 0.4375 0.46435546875 0.4296875 0.4580078125 0.4208984375 0.44775390625 0.4091796875 0.443359375 0.4072265625 0.427734375 0.4052734375
5 0.36083984375 0.4375 0.35205078125 0.4189453125 0.34521484375 0.4140625 0.33154296875 0.41796875 0.34228515625 0.44140625 0.34814453125 0.4677734375 0.35302734375 0.4921875 0.3583984375 0.5029296875 0.36376953125 0.5107421875 0.36572265625 0.5107421875 0.3681640625 0.5 0.3681640625 0.4892578125 0.3681640625 0.4736328125 0.3681640625 0.458984375 0.36474609375 0.447265625
1 0.1474609375 0.5615234375 0.11083984375 0.5791015625 0.072265625 0.58984375 0.02783203125 0.60546875 0.0234375 0.568359375 0.0263671875 0.5458984375 0.04052734375 0.5380859375 0.0537109375 0.5419921875 0.08984375 0.5400390625 0.10205078125 0.5380859375 0.10693359375 0.5322265625 0.10693359375 0.5244140625 0.10693359375 0.51171875 0.10791015625 0.5048828125 0.12158203125 0.498046875 0.1279296875 0.5009765625 0.12841796875 0.5224609375 0.15087890625 0.5205078125
1 0.62890625 0.55859375 0.60693359375 0.5244140625 0.5927734375 0.501953125 0.58544921875 0.4921875 0.5869140625 0.4833984375 0.59228515625 0.482421875 0.64306640625 0.4775390625 0.6806640625 0.4736328125 0.90185546875 0.4638671875 0.953125 0.447265625 0.998046875 0.4580078125 0.998046875 0.998046875 0.89013671875 0.9990234375 0.8623046875 0.9404296875 0.771484375 0.787109375 0.70458984375 0.6728515625 0.65234375 0.59375
3 0.95068359375 0.3955078125 0.943359375 0.3916015625 0.9384765625 0.3984375 0.912109375 0.404296875 0.8916015625 0.40625 0.87939453125 0.40625 0.86767578125 0.4091796875 0.86767578125 0.435546875 0.88037109375 0.4375 0.88037109375 0.482421875 0.8935546875 0.48046875 0.9150390625 0.482421875 0.95654296875 0.482421875 0.95947265625 0.3994140625
4 0.9541015625 0.1884765625 0.94384765625 0.189453125 0.939453125 0.1884765625 0.9365234375 0.1904296875 0.93603515625 0.1953125 0.935546875 0.2041015625 0.93310546875 0.205078125 0.927734375 0.19921875 0.91943359375 0.193359375 0.90966796875 0.1943359375 0.904296875 0.1982421875 0.89794921875 0.2001953125 0.8935546875 0.2001953125 0.88525390625 0.20703125 0.880859375 0.2021484375 0.87939453125 0.2001953125 0.873046875 0.1953125 0.86865234375 0.189453125 0.86474609375 0.1884765625 0.8603515625 0.197265625 0.85546875 0.205078125 0.85009765625 0.2080078125 0.84765625 0.2001953125 0.849609375 0.193359375 0.85009765625 0.185546875 0.84716796875 0.1787109375 0.84716796875 0.171875 0.84375 0.1689453125 0.84326171875 0.1630859375 0.8466796875 0.1611328125 0.849609375 0.154296875 0.84912109375 0.15234375 0.84375 0.1455078125 0.84228515625 0.138671875 0.83740234375 0.134765625 0.83544921875 0.1298828125 0.83203125 0.140625 0.830078125 0.1279296875 0.82470703125 0.1259765625 0.82470703125 0.109375 0.82470703125 0.0986328125 0.82080078125 0.0908203125 0.81591796875 0.08984375 0.8056640625 0.091796875 0.8046875 0.087890625 0.80517578125 0.0732421875 0.80517578125 0.0634765625 0.80615234375 0.0576171875 0.80712890625 0.0458984375 0.8076171875 0.0419921875 0.81494140625 0.0400390625 0.81884765625 0.037109375 0.8173828125 0.0341796875 0.8154296875 0.0322265625 0.8173828125 0.021484375 0.81640625 0.0146484375 0.8203125 0.0126953125 0.8154296875 0.0009765625 0.95361328125 0.0009765625
2 0.9716796875 0.841796875 0.9560546875 0.828125 0.95556640625 0.8076171875 0.95654296875 0.7919921875 0.95458984375 0.634765625 0.95263671875 0.4345703125 0.9521484375 0.3662109375 0.95263671875 0.1982421875 0.9501953125 0.1513671875 0.94775390625 0.0 0.99853515625 0.001953125 0.99755859375 0.8720703125
5 0.55029296875 0.5322265625 0.505859375 0.5341796875 0.50537109375 0.5439453125 0.50341796875 0.5478515625 0.4990234375 0.548828125 0.49072265625 0.5458984375 0.48974609375 0.5322265625 0.490234375 0.5166015625 0.490234375 0.4990234375 0.490234375 0.48828125 0.48974609375 0.4794921875 0.48876953125 0.4658203125 0.48974609375 0.4501953125 0.49462890625 0.4306640625 0.49853515625 0.4140625 0.50732421875 0.3857421875 0.52978515625 0.3798828125 0.54736328125 0.3798828125 0.5625 0.3818359375 0.57470703125 0.3916015625 0.5810546875 0.423828125 0.58544921875 0.427734375 0.58642578125 0.4345703125 0.5849609375 0.439453125 0.5869140625 0.4619140625 0.5859375 0.529296875 0.5849609375 0.544921875 0.58251953125 0.5498046875 0.5751953125 0.548828125 0.57177734375 0.5439453125 0.5703125 0.53125
5 0.19970703125 0.4228515625 0.189453125 0.4248046875 0.1826171875 0.4326171875 0.1708984375 0.4541015625 0.16357421875 0.4521484375 0.16064453125 0.4560546875 0.16015625 0.46484375 0.16357421875 0.4697265625 0.15185546875 0.482421875 0.14501953125 0.501953125 0.1435546875 0.5283203125 0.1435546875 0.5498046875 0.150390625 0.556640625 0.16552734375 0.513671875 0.18505859375 0.47265625
5 0.36328125 0.611328125 0.36669921875 0.6044921875 0.36669921875 0.58984375 0.365234375 0.548828125 0.36474609375 0.517578125 0.3642578125 0.4912109375 0.35693359375 0.46484375 0.3486328125 0.4482421875 0.34326171875 0.4189453125 0.33447265625 0.3984375 0.3251953125 0.38671875 0.3017578125 0.3828125 0.2509765625 0.388671875 0.2265625 0.392578125 0.21630859375 0.3994140625 0.20849609375 0.404296875 0.201171875 0.4091796875 0.18798828125 0.4384765625 0.17626953125 0.470703125 0.166015625 0.4736328125 0.166015625 0.4873046875 0.1669921875 0.4921875 0.16357421875 0.5029296875 0.154296875 0.5185546875 0.146484375 0.533203125 0.14404296875 0.576171875 0.14501953125 0.6025390625 0.1484375 0.6376953125 0.15087890625 0.6533203125 0.15380859375 0.6650390625 0.1591796875 0.6796875 0.166015625 0.685546875 0.17822265625 0.6826171875 0.18310546875 0.6748046875 0.1865234375 0.654296875 0.29638671875 0.6474609375 0.30126953125 0.66015625 0.31005859375 0.662109375 0.3212890625 0.6630859375 0.33056640625 0.6572265625 0.33349609375 0.6484375 0.333984375 0.6181640625 0.345703125 0.6044921875 0.3466796875 0.6142578125 0.35498046875 0.6171875
5 0.021484375 0.6826171875 0.02685546875 0.642578125 0.02978515625 0.630859375 0.033203125 0.61328125 0.03662109375 0.5986328125 0.037109375 0.5849609375 0.0361328125 0.5673828125 0.03466796875 0.5400390625 0.02978515625 0.5166015625 0.02197265625 0.4990234375 0.01513671875 0.4921875 0.00537109375 0.484375 -0.0009765625 0.4716796875 -0.0009765625 0.71875 0.0068359375 0.71484375 0.01220703125 0.7099609375 0.01953125 0.6943359375
