4 0.31494140625 0.3056640625 0.31884765625 0.3056640625 0.3232421875 0.306640625 0.32763671875 0.310546875 0.3310546875 0.298828125 0.3359375 0.29296875 0.33984375 0.294921875 0.341796875 0.298828125 0.3408203125 0.3056640625 0.34228515625 0.3115234375 0.3388671875 0.3173828125 0.33984375 0.3203125 0.34423828125 0.3212890625 0.3486328125 0.3154296875 0.349609375 0.310546875 0.3515625 0.3125 0.3525390625 0.3037109375 0.35693359375 0.2958984375 0.3603515625 0.2958984375 0.36279296875 0.3017578125 0.36376953125 0.2939453125 0.36572265625 0.287109375 0.36962890625 0.28515625 0.373046875 0.2900390625 0.37646484375 0.2958984375 0.37939453125 0.2890625 0.38232421875 0.2802734375 0.384765625 0.283203125 0.38818359375 0.2705078125 0.392578125 0.2705078125 0.39404296875 0.2763671875 0.39599609375 0.2685546875 0.40234375 0.2685546875 0.4033203125 0.2646484375 0.4052734375 0.26953125 0.4111328125 0.26953125 0.412109375 0.2744140625 0.41455078125 0.2734375 0.41943359375 0.27734375 0.42138671875 0.28515625 0.42431640625 0.2958984375 0.4267578125 0.291015625 0.43212890625 0.298828125 0.4345703125 0.291015625 0.439453125 0.2958984375 0.44482421875 0.3076171875 0.44873046875 0.3154296875 0.4501953125 0.318359375 0.4501953125 0.32421875 0.4560546875 0.337890625 0.46484375 0.4091796875 0.41796875 0.42578125 0.30615234375 0.419921875
2 0.4560546875 0.1474609375 0.4638671875 0.146484375 0.4775390625 0.111328125 0.53759765625 0.111328125 0.55078125 0.1455078125 0.55810546875 0.1455078125 0.55810546875 0.1630859375 0.56396484375 0.1630859375 0.564453125 0.1328125 0.56298828125 0.1259765625 0.57666015625 0.07421875 0.57666015625 0.0546875 0.5732421875 0.05078125 0.580078125 0.033203125 0.59912109375 0.0 0.99853515625 0.0 0.99853515625 0.57421875 0.4638671875 0.4404296875 0.4560546875 0.330078125
2 0.0 0.0009765625 0.28369140625 0.0 0.296875 0.0869140625 0.2998046875 0.087890625 0.30517578125 0.1220703125 0.30029296875 0.125 0.3076171875 0.1669921875 0.30859375 0.1669921875 0.30908203125 0.375 -0.0009765625 0.451171875
4 0.56005859375 0.205078125 0.55322265625 0.1962890625 0.54833984375 0.1865234375 0.54150390625 0.1904296875 0.537109375 0.2001953125 0.53564453125 0.2080078125 0.52880859375 0.20703125 0.52099609375 0.2109375 0.515625 0.2060546875 0.5126953125 0.2001953125 0.5078125 0.2021484375 0.5029296875 0.212890625 0.505859375 0.22265625 0.5068359375 0.234375 0.5029296875 0.2412109375 0.5009765625 0.251953125 0.5029296875 0.259765625 0.501953125 0.26953125 0.5009765625 0.275390625 0.50439453125 0.287109375 0.5 0.28515625 0.4970703125 0.294921875 0.4990234375 0.302734375 0.501953125 0.306640625 0.4970703125 0.3115234375 0.498046875 0.3203125 0.49755859375 0.33203125 0.5 0.3466796875 0.50244140625 0.3466796875 0.5048828125 0.345703125 0.5078125 0.3505859375 0.53466796875 0.4052734375 0.53857421875 0.3974609375 0.54443359375 0.390625 0.55322265625 0.3837890625 0.5576171875 0.3740234375 0.5546875 0.3671875 0.5419921875 0.3505859375 0.54150390625 0.333984375 0.5458984375 0.3359375 0.5517578125 0.3505859375 0.5576171875 0.3525390625 0.5595703125 0.3564453125 0.56494140625 0.3525390625 0.56396484375 0.27734375 0.5693359375 0.271484375 0.56884765625 0.224609375 0.564453125 0.2177734375 0.5625 0.2109375
0 0.53271484375 0.451171875 0.564453125 0.4580078125 0.638671875 0.458984375 0.798828125 0.4697265625 0.99853515625 0.49609375 0.998046875 0.998046875 -0.0009765625 0.9970703125 -0.0009765625 0.4140625 0.4501953125 0.4423828125
1 0.7646484375 0.482421875 0.8056640625 0.486328125 0.8720703125 0.4912109375 0.8935546875 0.4931640625 0.89306640625 0.470703125 0.86572265625 0.4677734375 0.8115234375 0.4599609375 0.7607421875 0.462890625
5 0.53759765625 0.4052734375 0.5517578125 0.408203125 0.55224609375 0.4462890625 0.55029296875 0.4482421875 0.55029296875 0.4560546875 0.54541015625 0.4560546875 0.54541015625 0.4501953125 0.53564453125 0.4501953125
5 0.68408203125 0.3935546875 0.671875 0.390625 0.66015625 0.3916015625 0.6474609375 0.39453125 0.64306640625 0.3974609375 0.63818359375 0.4111328125 0.63671875 0.4189453125 0.63232421875 0.4169921875 0.63134765625 0.4248046875 0.63330078125 0.4267578125 0.634765625 0.4267578125 0.6318359375 0.4345703125 0.62890625 0.4462890625 0.64111328125 0.4697265625 0.65673828125 0.46875 0.66357421875 0.47265625 0.6650390625 0.4736328125 0.66796875 0.4736328125 0.6689453125 0.470703125 0.6708984375 0.4677734375 0.67138671875 0.4736328125 0.6767578125 0.4736328125 0.67724609375 0.46875 0.68212890625 0.4658203125 0.68701171875 0.4150390625
3 0.7626953125 0.4140625 0.79150390625 0.4130859375 0.7919921875 0.447265625 0.763671875 0.4482421875
5 0.45166015625 0.4306640625 0.44189453125 0.408203125 0.4375 0.39453125 0.43017578125 0.3837890625 0.42138671875 0.3779296875 0.4033203125 0.375 0.376953125 0.3740234375 0.357421875 0.376953125 0.34326171875 0.380859375 0.32958984375 0.39453125 0.3486328125 0.576171875 0.375 0.5771484375 0.392578125 0.57421875 0.39990234375 0.572265625 0.40087890625 0.583984375 0.40234375 0.5888671875 0.4150390625 0.5859375 0.41796875 0.5810546875 0.41845703125 0.5625 0.435546875 0.5458984375 0.43701171875 0.560546875 0.439453125 0.5654296875 0.4501953125 0.5634765625 0.45263671875 0.5576171875 0.45703125 0.494140625
5 0.11181640625 0.369140625 0.0869140625 0.3603515625 0.0634765625 0.359375 0.0419921875 0.357421875 0.021484375 0.3564453125 0.01953125 0.5283203125 0.107421875 0.4736328125 0.123046875 0.3935546875
5 0.33740234375 0.40625 0.32958984375 0.384765625 0.31640625 0.37109375 0.30712890625 0.3603515625 0.29296875 0.3525390625 0.27978515625 0.3515625 0.26953125 0.3515625 0.26513671875 0.35546875 0.263671875 0.3603515625 0.234375 0.3603515625 0.21484375 0.3583984375 0.19482421875 0.3515625 0.17822265625 0.3505859375 0.11181640625 0.4091796875 0.0986328125 0.4384765625 0.09375 0.447265625 0.08544921875 0.4443359375 0.078125 0.4462890625 0.07421875 0.4521484375 0.07275390625 0.4609375 0.0751953125 0.470703125 0.076171875 0.4716796875 0.05419921875 0.4853515625 0.0361328125 0.498046875 0.0009765625 0.5302734375 0.01123046875 0.6474609375 0.1015625 0.701171875 0.1708984375 0.6943359375 0.20458984375 0.6953125 0.228515625 0.697265625 0.23046875 0.7119140625 0.23388671875 0.7197265625 0.25146484375 0.7177734375 0.26416015625 0.705078125 0.26806640625 0.669921875 0.31396484375 0.62890625 0.318359375 0.6435546875 0.322265625 0.6474609375 0.34130859375 0.6416015625 0.345703125 0.615234375 0.34716796875 0.595703125 0.357421875 0.548828125 0.35791015625 0.53125 0.3544921875 0.51953125 0.3544921875 0.4931640625 0.3515625 0.458984375 0.34375 0.427734375
