2 0.34521484375 0.1435546875 0.32958984375 0.1455078125 0.32666015625 0.154296875 0.3046875 0.1640625 0.30712890625 0.2275390625 0.32861328125 0.240234375 0.33984375 0.2509765625 0.35546875 0.2392578125 0.3740234375 0.263671875 0.39501953125 0.27734375 0.41015625 0.26171875 0.4091796875 0.244140625 0.40625 0.1806640625 0.36962890625 0.1591796875 0.349609375 0.146484375
0 0.712890625 0.6611328125 0.62255859375 0.54296875 0.59326171875 0.4609375 0.60400390625 0.4462890625 0.58984375 0.4404296875 0.6806640625 0.4375 0.81298828125 0.4189453125 0.94873046875 0.3984375 0.92333984375 0.3681640625 0.822265625 0.390625 0.7685546875 0.396484375 0.666015625 0.41015625 0.64111328125 0.412109375 0.60400390625 0.4140625 0.57861328125 0.39453125 0.52392578125 0.38671875 0.40625 0.3857421875 0.25146484375 0.4208984375 0.18017578125 0.427734375 0.142578125 0.43359375 0.13134765625 0.4501953125 0.0 0.5185546875 -0.0009765625 0.99609375 0.95458984375 0.9990234375
4 0.25927734375 0.2431640625 0.26416015625 0.2470703125 0.27197265625 0.228515625 0.28369140625 0.224609375 0.291015625 0.2314453125 0.32763671875 0.2392578125 0.34716796875 0.236328125 0.36328125 0.23046875 0.3759765625 0.2421875 0.3818359375 0.24609375 0.3876953125 0.2568359375 0.39453125 0.2626953125 0.39990234375 0.2529296875 0.41064453125 0.2451171875 0.42333984375 0.24609375 0.43115234375 0.2626953125 0.4365234375 0.275390625 0.4423828125 0.26171875 0.4541015625 0.263671875 0.4619140625 0.27734375 0.46923828125 0.279296875 0.47607421875 0.287109375 0.48046875 0.275390625 0.49072265625 0.2744140625 0.501953125 0.2724609375 0.5107421875 0.2900390625 0.52099609375 0.2978515625 0.52978515625 0.2900390625 0.53466796875 0.28125 0.5439453125 0.28125 0.54931640625 0.2880859375 0.55615234375 0.279296875 0.56201171875 0.2822265625 0.572265625 0.2568359375 0.5849609375 0.25390625 0.59912109375 0.2421875 0.9365234375 0.2451171875 0.94921875 0.37890625 0.86181640625 0.3798828125 0.80615234375 0.3896484375 0.76611328125 0.3857421875 0.71337890625 0.400390625 0.66064453125 0.40625 0.60791015625 0.400390625 0.587890625 0.3974609375 0.56591796875 0.400390625 0.54736328125 0.4052734375 0.505859375 0.404296875 0.3857421875 0.408203125 0.32666015625 0.40234375 0.259765625 0.3935546875 0.26025390625 0.3583984375
5 0.82177734375 0.3818359375 0.8193359375 0.3857421875 0.814453125 0.3876953125 0.81005859375 0.3896484375 0.80908203125 0.3916015625 0.81005859375 0.4013671875 0.81201171875 0.4033203125 0.81982421875 0.40234375 0.82470703125 0.400390625 0.82763671875 0.3984375 0.828125 0.3896484375 0.82763671875 0.3818359375 0.82568359375 0.3798828125
5 0.83544921875 0.3701171875 0.8251953125 0.375 0.82470703125 0.388671875 0.82470703125 0.3984375 0.82666015625 0.404296875 0.828125 0.4091796875 0.83251953125 0.408203125 0.83740234375 0.4091796875 0.83984375 0.404296875 0.85546875 0.404296875 0.85302734375 0.37890625 0.84765625 0.3720703125 0.84130859375 0.37109375
5 0.68896484375 0.3935546875 0.6748046875 0.3935546875 0.669921875 0.392578125 0.6650390625 0.3974609375 0.6650390625 0.4140625 0.6689453125 0.4169921875 0.67822265625 0.416015625 0.6904296875 0.4140625 0.69580078125 0.412109375 0.6953125 0.40625 0.69384765625 0.4013671875 0.693359375 0.396484375
5 0.71826171875 0.392578125 0.71142578125 0.39453125 0.70849609375 0.40625 0.7080078125 0.4140625 0.71044921875 0.4189453125 0.71484375 0.419921875 0.7216796875 0.419921875 0.728515625 0.41796875 0.732421875 0.41796875 0.74267578125 0.4189453125 0.7490234375 0.4169921875 0.75048828125 0.412109375 0.74755859375 0.4072265625 0.744140625 0.40234375 0.73681640625 0.3984375 0.7333984375 0.39453125 0.72998046875 0.390625 0.7275390625 0.390625 0.72412109375 0.390625 0.720703125 0.390625
2 0.2978515625 0.2109375 0.29150390625 0.2333984375 0.28125 0.2607421875 0.27880859375 0.2666015625 0.2744140625 0.2685546875 0.27197265625 0.2822265625 0.2666015625 0.283203125 0.265625 0.2890625 0.2646484375 0.2978515625 0.26220703125 0.2978515625 0.25927734375 0.23046875 0.2255859375 0.2236328125 0.20556640625 0.21875 0.18994140625 0.2216796875 0.18798828125 0.1728515625 0.16552734375 0.1728515625 0.087890625 0.16796875 -0.0009765625 0.1630859375 -0.0009765625 0.498046875 0.29345703125 0.4541015625 0.37353515625 0.427734375 0.36865234375 0.3623046875 0.36865234375 0.2998046875 0.36181640625 0.2802734375 0.353515625 0.2666015625 0.33642578125 0.2373046875 0.33251953125 0.228515625 0.33203125 0.2197265625 0.3291015625 0.2197265625 0.3271484375 0.2265625 0.31396484375 0.22265625 0.31298828125 0.2138671875 0.310546875 0.2109375 0.30615234375 0.2109375 0.30615234375 0.2158203125 0.3056640625 0.2158203125 0.30322265625 0.2138671875
5 0.5732421875 0.4296875 0.5751953125 0.4345703125 0.5791015625 0.4345703125 0.5830078125 0.431640625 0.58642578125 0.4306640625 0.58837890625 0.4287109375 0.58740234375 0.4140625 0.5859375 0.3994140625 0.58251953125 0.3955078125 0.57421875 0.3916015625 0.56494140625 0.39453125 0.5615234375 0.3955078125 0.5576171875 0.3984375 0.55810546875 0.40625 0.5654296875 0.4111328125 0.5703125 0.419921875
5 0.544921875 0.3818359375 0.552734375 0.3955078125 0.55859375 0.4072265625 0.552734375 0.408203125 0.5478515625 0.408203125 0.546875 0.404296875 0.546875 0.3916015625
5 0.56298828125 0.4365234375 0.57421875 0.4326171875 0.57470703125 0.4287109375 0.57421875 0.4169921875 0.5751953125 0.4130859375 0.5751953125 0.41015625 0.56787109375 0.4013671875 0.55859375 0.3994140625 0.55029296875 0.400390625 0.54541015625 0.40234375 0.54638671875 0.4150390625 0.548828125 0.42578125 0.552734375 0.4326171875 0.5546875 0.4384765625 0.5595703125 0.4375
1 0.73876953125 0.748046875 0.6533203125 0.6279296875 0.57275390625 0.5146484375 0.56640625 0.498046875 0.56298828125 0.4853515625 0.5625 0.4677734375 0.56689453125 0.4599609375 0.58349609375 0.44921875 0.56787109375 0.44140625 0.56884765625 0.4384765625 0.5771484375 0.435546875 0.5966796875 0.4306640625 0.61474609375 0.427734375 0.64111328125 0.423828125 0.6396484375 0.4267578125 0.640625 0.4287109375 0.64208984375 0.4287109375 0.65087890625 0.4296875 0.67919921875 0.4326171875 0.68994140625 0.4345703125 0.7021484375 0.4375 0.71826171875 0.439453125 0.7265625 0.4462890625 0.7294921875 0.44921875 0.7265625 0.451171875 0.71533203125 0.453125 0.7119140625 0.4599609375 0.7119140625 0.462890625 0.7119140625 0.4638671875 0.7158203125 0.4658203125 0.72216796875 0.4658203125 0.7265625 0.46875 0.734375 0.46875 0.75244140625 0.47265625 0.767578125 0.4755859375 0.7841796875 0.474609375 0.79248046875 0.48046875 0.80029296875 0.478515625 0.8134765625 0.4775390625 0.8486328125 0.48046875 0.86328125 0.4775390625 0.87060546875 0.490234375 0.8955078125 0.4921875 0.9375 0.4931640625 0.9833984375 0.5029296875 0.9990234375 0.5068359375 0.9970703125 0.998046875 0.92578125 0.9990234375 0.900390625 0.970703125 0.85205078125 0.8994140625 0.80322265625 0.833984375 0.7705078125 0.787109375
4 0.77734375 0.427734375 0.7802734375 0.4189453125 0.783203125 0.4052734375 0.783203125 0.388671875 0.779296875 0.3720703125 0.76904296875 0.3720703125 0.7578125 0.3740234375 0.75439453125 0.3740234375 0.73876953125 0.3623046875 0.73388671875 0.3466796875 0.7255859375 0.330078125 0.71533203125 0.2919921875 0.7021484375 0.2666015625 0.68359375 0.2626953125 0.66064453125 0.2666015625 0.63818359375 0.2646484375 0.62109375 0.25390625 0.61181640625 0.2490234375 0.60693359375 0.248046875 0.6005859375 0.2470703125 0.591796875 0.2490234375 0.58154296875 0.24609375 0.572265625 0.2314453125 0.5673828125 0.2275390625 0.572265625 0.2197265625 0.57568359375 0.2109375 0.57373046875 0.2001953125 0.57861328125 0.1923828125 0.57373046875 0.1826171875 0.57275390625 0.173828125 0.5732421875 0.1640625 0.57861328125 0.1572265625 0.57080078125 0.1474609375 0.5712890625 0.1328125 0.5732421875 0.1259765625 0.578125 0.1201171875 0.5791015625 0.1103515625 0.5771484375 0.1005859375 0.572265625 0.08984375 0.57421875 0.08203125 0.57470703125 0.068359375 0.5869140625 0.0576171875 0.5849609375 0.072265625 0.59033203125 0.0771484375 0.59326171875 0.068359375 0.599609375 0.060546875 0.6005859375 0.0703125 0.60498046875 0.0634765625 0.60791015625 0.056640625 0.60400390625 0.0419921875 0.6103515625 0.0302734375 0.6064453125 0.0166015625 0.61279296875 0.009765625 0.62060546875 0.00390625 0.62109375 0.025390625 0.62841796875 0.021484375 0.634765625 0.0263671875 0.63916015625 0.03515625 0.64306640625 0.0234375 0.6376953125 0.013671875 0.6337890625 0.0009765625 0.908203125 0.001953125 0.9111328125 0.0888671875 0.89794921875 0.14453125 0.88720703125 0.197265625 0.8720703125 0.2421875 0.86328125 0.27734375 0.8671875 0.4091796875 0.85107421875 0.4189453125 0.84228515625 0.33984375 0.806640625 0.35546875 0.80712890625 0.396484375 0.81103515625 0.4169921875 0.80322265625 0.4287109375
5 0.46630859375 0.3740234375 0.46630859375 0.3603515625 0.466796875 0.3466796875 0.46728515625 0.333984375 0.470703125 0.326171875 0.47412109375 0.3212890625 0.48828125 0.314453125 0.50732421875 0.3125 0.5224609375 0.3115234375 0.53564453125 0.314453125 0.54150390625 0.3203125 0.54541015625 0.330078125 0.54833984375 0.345703125 0.5478515625 0.3818359375 0.548828125 0.419921875 0.53759765625 0.3955078125 0.51123046875 0.3857421875
5 0.5078125 0.3798828125 0.52392578125 0.37890625 0.53466796875 0.380859375 0.54150390625 0.390625 0.5517578125 0.412109375 0.55419921875 0.431640625 0.55908203125 0.4482421875 0.56201171875 0.45703125 0.56640625 0.4716796875 0.56689453125 0.4892578125 0.56787109375 0.525390625 0.56640625 0.5673828125 0.560546875 0.5693359375 0.5478515625 0.5693359375 0.54052734375 0.48828125 0.52978515625 0.4365234375 0.51416015625 0.38671875
4 0.11083984375 0.4013671875 0.1103515625 0.427734375 0.1162109375 0.427734375 0.115234375 0.3515625 0.123046875 0.3525390625 0.13330078125 0.349609375 0.12744140625 0.3388671875 0.1337890625 0.341796875 0.140625 0.349609375 0.146484375 0.349609375 0.1513671875 0.349609375 0.15673828125 0.3447265625 0.162109375 0.337890625 0.16748046875 0.3251953125 0.16845703125 0.3154296875 0.1630859375 0.306640625 0.16357421875 0.296875 0.1591796875 0.2822265625 0.15576171875 0.2783203125 0.14990234375 0.279296875 0.14794921875 0.283203125 0.14453125 0.2724609375 0.14111328125 0.2685546875 0.1396484375 0.259765625 0.140625 0.25390625 0.14013671875 0.2490234375 0.1357421875 0.24609375 0.1357421875 0.2373046875 0.138671875 0.2275390625 0.13818359375 0.22265625 0.13330078125 0.21484375 0.12158203125 0.21484375 0.115234375 0.2177734375 0.1103515625 0.2177734375 0.10400390625 0.2197265625 0.1044921875 0.2099609375 0.1025390625 0.1982421875 0.099609375 0.193359375 0.09716796875 0.1943359375 0.09130859375 0.1865234375 0.08935546875 0.1787109375 0.087890625 0.1708984375 0.0830078125 0.1630859375 0.07666015625 0.162109375 0.06689453125 0.1611328125 0.0634765625 0.15625 0.060546875 0.1484375 0.05615234375 0.1455078125 0.05126953125 0.1435546875 0.0458984375 0.1416015625 0.03955078125 0.1416015625 0.037109375 0.1435546875 0.03369140625 0.140625 0.029296875 0.1328125 0.02197265625 0.126953125 0.0166015625 0.134765625 0.009765625 0.138671875 0.005859375 0.1328125 0.00830078125 0.1171875 0.00732421875 0.107421875 0.0029296875 0.09765625 0.0029296875 0.0888671875 0.00244140625 0.078125 0.00146484375 0.06640625 0.0 0.0634765625 0.0 0.064453125 0.0 0.4091796875 0.00390625 0.4091796875 0.009765625 0.408203125 0.01611328125 0.408203125 0.02392578125 0.4052734375 0.03125 0.40234375 0.04443359375 0.3984375 0.046875 0.4443359375 0.05322265625 0.439453125 0.05712890625 0.419921875 0.0615234375 0.42578125 0.06689453125 0.4248046875 0.06982421875 0.4208984375 0.07275390625 0.4130859375 0.07177734375 0.396484375 0.07177734375 0.3857421875 0.07421875 0.3916015625 0.076171875 0.39453125 0.080078125 0.39453125 0.0810546875 0.3876953125 0.08056640625 0.3818359375 0.0830078125 0.3857421875 0.08984375 0.3857421875 0.09765625 0.3837890625 0.1015625 0.37890625 0.10205078125 0.373046875 0.10400390625 0.361328125 0.111328125 0.3515625
5 0.36572265625 0.373046875 0.341796875 0.3740234375 0.3330078125 0.375 0.34814453125 0.419921875 0.35693359375 0.455078125 0.36328125 0.4677734375 0.3818359375 0.4228515625 0.39013671875 0.3876953125 0.38671875 0.37890625 0.37939453125 0.3740234375 0.3779296875 0.369140625 0.37548828125 0.369140625 0.37353515625 0.369140625 0.3701171875 0.3740234375
5 0.21923828125 0.4111328125 0.19677734375 0.4140625 0.1845703125 0.4150390625 0.1748046875 0.419921875 0.16796875 0.4248046875 0.16015625 0.435546875 0.1572265625 0.451171875 0.1552734375 0.4736328125 0.17041015625 0.4970703125 0.173828125 0.51953125 0.1748046875 0.5439453125 0.18896484375 0.5380859375 0.19091796875 0.54296875 0.19482421875 0.546875 0.19970703125 0.546875 0.20361328125 0.537109375 0.20849609375 0.5361328125 0.2109375 0.537109375 0.22265625 0.533203125 0.2392578125 0.4169921875 0.23388671875 0.412109375 0.22509765625 0.4111328125
5 0.26416015625 0.3681640625 0.25244140625 0.369140625 0.2451171875 0.3779296875 0.23193359375 0.4169921875 0.2265625 0.4404296875 0.2236328125 0.4462890625 0.2236328125 0.4560546875 0.2216796875 0.4775390625 0.21826171875 0.5087890625 0.21826171875 0.5400390625 0.22021484375 0.5498046875 0.2216796875 0.58203125 0.2236328125 0.595703125 0.23974609375 0.595703125 0.24365234375 0.576171875 0.25390625 0.572265625 0.259765625 0.572265625 0.26318359375 0.5771484375 0.27099609375 0.578125 0.2724609375 0.5712890625 0.32080078125 0.5673828125 0.32666015625 0.5927734375 0.3427734375 0.5869140625 0.3642578125 0.458984375 0.361328125 0.447265625 0.3564453125 0.421875 0.3486328125 0.39453125 0.33984375 0.3798828125 0.3291015625 0.3671875 0.314453125 0.3662109375 0.29248046875 0.3662109375 0.27099609375 0.3681640625
5 0.08935546875 0.4248046875 0.11669921875 0.4228515625 0.13427734375 0.4267578125 0.14208984375 0.4365234375 0.158203125 0.4599609375 0.162109375 0.4580078125 0.16845703125 0.4609375 0.16943359375 0.4677734375 0.16650390625 0.474609375 0.1748046875 0.4892578125 0.18017578125 0.5009765625 0.18017578125 0.533203125 0.1796875 0.5576171875 0.17529296875 0.5673828125 0.1640625 0.5703125 0.15625 0.556640625 0.13671875 0.56640625 0.1279296875 0.568359375 0.05859375 0.5009765625 0.0302734375 0.4541015625 0.0380859375 0.4462890625 0.04296875 0.4384765625 0.0537109375 0.4345703125 0.07666015625 0.4287109375
5 0.3349609375 0.6474609375 0.33740234375 0.6748046875 0.33984375 0.6904296875 0.34521484375 0.7001953125 0.36767578125 0.6982421875 0.37451171875 0.6689453125 0.38818359375 0.6640625 0.3994140625 0.6611328125 0.5146484375 0.6640625 0.51708984375 0.6962890625 0.54443359375 0.703125 0.5478515625 0.6943359375 0.55029296875 0.6669921875 0.55029296875 0.6455078125 0.55419921875 0.638671875 0.55419921875 0.6171875 0.55322265625 0.5625 0.55322265625 0.5126953125 0.546875 0.474609375 0.55712890625 0.470703125 0.55810546875 0.45703125 0.5556640625 0.4443359375 0.5419921875 0.443359375 0.53759765625 0.4423828125 0.51904296875 0.3828125 0.48046875 0.37109375 0.44189453125 0.369140625 0.40869140625 0.37109375 0.38671875 0.3798828125 0.37890625 0.400390625 0.359375 0.458984375 0.34716796875 0.474609375 0.34326171875 0.4912109375 0.3388671875 0.52734375 0.33642578125 0.568359375 0.3359375 0.60546875
5 0.00244140625 0.869140625 0.087890625 0.806640625 0.09765625 0.8232421875 0.12060546875 0.8193359375 0.13623046875 0.8046875 0.1416015625 0.7578125 0.1533203125 0.7392578125 0.14990234375 0.7099609375 0.14794921875 0.64453125 0.13916015625 0.595703125 0.13720703125 0.57421875 0.1279296875 0.5546875 0.09521484375 0.5126953125 0.09130859375 0.4765625 0.07666015625 0.4677734375 0.0634765625 0.4658203125 0.05908203125 0.466796875 0.0576171875 0.474609375 -0.0009765625 0.3955078125
4 0.8603515625 0.42578125 0.8505859375 0.380859375 0.83935546875 0.3369140625 0.83447265625 0.2841796875 0.83056640625 0.24609375 0.82421875 0.232421875 0.82275390625 0.2216796875 0.82080078125 0.2001953125 0.81982421875 0.185546875 0.82080078125 0.166015625 0.8212890625 0.154296875 0.82177734375 0.1376953125 0.8193359375 0.1103515625 0.822265625 0.0947265625 0.82373046875 0.0654296875 0.82177734375 0.04296875 0.822265625 0.021484375 0.82421875 0.0126953125 0.82421875 0.0009765625 0.99853515625 0.0 0.99755859375 0.5205078125 0.978515625 0.5068359375 0.96435546875 0.505859375 0.94580078125 0.50390625 0.916015625 0.4970703125 0.89599609375 0.5 0.87939453125 0.4990234375 0.86376953125 0.4921875 0.85986328125 0.482421875 0.85986328125 0.46875 0.859375 0.45703125 0.8564453125 0.4501953125 0.8564453125 0.4404296875
