2 0.47314453125 0.232421875 0.58740234375 0.2314453125 0.630859375 0.2314453125 0.630859375 0.4833984375 0.4638671875 0.46875 0.43701171875 0.23828125
4 0.62255859375 0.1845703125 0.6064453125 0.1875 0.591796875 0.1923828125 0.5849609375 0.216796875 0.57763671875 0.2353515625 0.5693359375 0.2587890625 0.564453125 0.2763671875 0.56689453125 0.2880859375 0.5712890625 0.2939453125 0.576171875 0.2919921875 0.5771484375 0.30078125 0.57373046875 0.3212890625 0.57177734375 0.3369140625 0.57421875 0.3525390625 0.5791015625 0.3623046875 0.583984375 0.3720703125 0.5908203125 0.3720703125 0.59912109375 0.37890625 0.60302734375 0.3828125 0.599609375 0.3916015625 0.6044921875 0.3994140625 0.6103515625 0.3876953125 0.61767578125 0.3779296875 0.6240234375 0.369140625
5 0.603515625 0.4267578125 0.59912109375 0.427734375 0.59619140625 0.43359375 0.59375 0.4384765625 0.5908203125 0.44140625 0.5908203125 0.4521484375 0.61279296875 0.4501953125 0.6123046875 0.431640625 0.607421875 0.427734375
4 0.4384765625 0.08984375 0.447265625 0.1025390625 0.45751953125 0.1181640625 0.46728515625 0.134765625 0.4755859375 0.146484375 0.47216796875 0.169921875 0.46826171875 0.1884765625 0.4755859375 0.2021484375 0.4794921875 0.22265625 0.4892578125 0.2392578125 0.49267578125 0.2470703125 0.48388671875 0.251953125 0.484375 0.263671875 0.47705078125 0.279296875 0.4697265625 0.2939453125 0.4345703125 0.29296875
2 0.4375 0.0126953125 0.435546875 0.0634765625 0.4404296875 0.09765625 0.4404296875 0.2822265625 0.48828125 0.2861328125 0.49169921875 0.2900390625 0.490234375 0.4609375 0.42138671875 0.4619140625 -0.0009765625 0.478515625 -0.00048828125 0.0 0.43701171875 0.0
2 0.646484375 0.5341796875 0.62109375 0.509765625 0.62109375 0.3095703125 0.60888671875 0.28125 0.60986328125 0.21875 0.61474609375 0.1748046875 0.61376953125 0.0 0.99853515625 0.0 0.99853515625 0.5517578125
1 0.63818359375 0.5234375 0.99853515625 0.537109375 0.99853515625 0.61328125 0.47802734375 0.591796875 0.46337890625 0.5146484375 0.490234375 0.4833984375 0.6220703125 0.4658203125 0.62060546875 0.4921875
0 0.556640625 0.5556640625 0.615234375 0.564453125 0.7880859375 0.576171875 0.998046875 0.59765625 0.998046875 0.998046875 -0.0009765625 0.9970703125 -0.0009765625 0.458984375 0.10302734375 0.45703125 0.234375 0.4423828125 0.466796875 0.47265625 0.505859375 0.46875 0.5341796875 0.4658203125 0.62109375 0.4599609375 0.62060546875 0.4716796875 0.537109375 0.48046875 0.50146484375 0.494140625 0.48974609375 0.5 0.48193359375 0.5107421875 0.48388671875 0.5322265625 0.5009765625 0.54296875 0.529296875 0.55078125
4 0.3681640625 0.3916015625 0.36572265625 0.376953125 0.35888671875 0.369140625 0.3505859375 0.365234375 0.34228515625 0.3662109375 0.3349609375 0.3701171875 0.33056640625 0.3779296875
4 0.2470703125 0.361328125 0.2451171875 0.3427734375 0.24560546875 0.314453125 0.2470703125 0.3095703125 0.24462890625 0.2919921875 0.2431640625 0.2783203125 0.244140625 0.244140625 0.255859375 0.208984375 0.26513671875 0.1923828125 0.26904296875 0.181640625 0.27294921875 0.177734375 0.28076171875 0.154296875 0.28662109375 0.1669921875 0.2939453125 0.16796875 0.29736328125 0.1591796875 0.30078125 0.1484375 0.30029296875 0.134765625 0.3037109375 0.1220703125 0.30859375 0.1328125 0.31591796875 0.1337890625 0.31591796875 0.119140625 0.314453125 0.1083984375 0.3212890625 0.1015625 0.326171875 0.09765625 0.33056640625 0.107421875 0.33935546875 0.111328125 0.34716796875 0.1015625 0.34716796875 0.0859375 0.3544921875 0.07421875 0.36279296875 0.0732421875 0.36474609375 0.080078125 0.36279296875 0.087890625 0.3662109375 0.0947265625 0.3720703125 0.0869140625 0.37255859375 0.08203125 0.376953125 0.0869140625 0.38525390625 0.078125 0.3876953125 0.080078125 0.38916015625 0.0947265625 0.3896484375 0.11328125 0.39306640625 0.1240234375 0.39990234375 0.1357421875 0.4072265625 0.1455078125 0.4130859375 0.140625 0.42333984375 0.1259765625 0.43017578125 0.115234375 0.44140625 0.1064453125 0.4482421875 0.1025390625 0.44873046875 0.0908203125 0.44873046875 0.076171875 0.4453125 0.0673828125 0.44482421875 0.056640625 0.44091796875 0.0458984375 0.44091796875 0.0361328125 0.443359375 0.025390625 0.4453125 0.0146484375 0.44970703125 0.0078125 0.451171875 0.0 0.013671875 0.0 0.0146484375 0.009765625 0.021484375 0.013671875 0.0234375 0.017578125 0.02880859375 0.0302734375 0.03076171875 0.0439453125 0.037109375 0.0537109375 0.044921875 0.0419921875 0.0546875 0.0390625 0.05810546875 0.0439453125 0.0576171875 0.0615234375 0.05810546875 0.078125 0.06396484375 0.08984375 0.0712890625 0.083984375 0.0791015625 0.0869140625 0.091796875 0.0849609375 0.10009765625 0.0810546875 0.10302734375 0.0634765625 0.1005859375 0.03515625 0.10888671875 0.0341796875 0.11083984375 0.05078125 0.10302734375 0.0703125 0.1025390625 0.0859375 0.1005859375 0.09765625 0.1015625 0.1083984375 0.10693359375 0.115234375 0.115234375 0.1005859375 0.12060546875 0.11328125 0.11767578125 0.1240234375 0.11865234375 0.134765625 0.123046875 0.1455078125 0.12255859375 0.158203125 0.13134765625 0.1640625 0.1337890625 0.177734375 0.138671875 0.1787109375 0.146484375 0.1787109375 0.1572265625 0.1748046875 0.1669921875 0.1650390625 0.177734375 0.1767578125 0.18359375 0.1923828125 0.1962890625 0.201171875 0.2158203125 0.208984375 0.22216796875 0.2255859375 0.2275390625 0.2421875 0.22607421875 0.2646484375 0.22998046875 0.365234375
4 0.21728515625 0.408203125 0.21728515625 0.3974609375 0.22021484375 0.380859375 0.22607421875 0.3642578125 0.23388671875 0.3564453125 0.244140625 0.3564453125 0.25244140625 0.361328125 0.26220703125 0.369140625 0.26708984375 0.380859375
5 0.2158203125 0.41015625 0.20849609375 0.4072265625 0.19921875 0.408203125 0.18994140625 0.41796875 0.18310546875 0.427734375 0.17431640625 0.4326171875 0.1748046875 0.4560546875 0.18408203125 0.4599609375 0.19970703125 0.4580078125
5 0.14697265625 0.4091796875 0.15625 0.408203125 0.1669921875 0.412109375 0.173828125 0.4189453125 0.1767578125 0.4326171875 0.177734375 0.4462890625 0.17626953125 0.451171875 0.171875 0.4560546875 0.17041015625 0.462890625 0.16650390625 0.46484375 0.16162109375 0.4619140625 0.16015625 0.458984375 0.14892578125 0.458984375
1 0.09521484375 0.4560546875 0.052734375 0.4560546875 0.0009765625 0.455078125 0.00146484375 0.466796875 0.0986328125 0.4658203125
5 0.05908203125 0.4345703125 0.0537109375 0.416015625 0.04833984375 0.404296875 0.04296875 0.3994140625 0.0146484375 0.3994140625 0.00244140625 0.41015625 0.0009765625 0.4619140625 0.0078125 0.4619140625 0.0107421875 0.466796875 0.01611328125 0.4677734375 0.02001953125 0.46484375 0.0224609375 0.46484375 0.02880859375 0.466796875 0.03466796875 0.4658203125 0.03662109375 0.4619140625 0.044921875 0.462890625 0.04638671875 0.4658203125 0.04931640625 0.4677734375 0.052734375 0.466796875 0.05712890625 0.4609375
1 0.19921875 0.513671875 0.16845703125 0.5166015625 0.1015625 0.515625 -0.0009765625 0.5126953125 -0.0009765625 0.484375 0.21337890625 0.4765625
4 0.1376953125 0.3505859375 0.125 0.3388671875 0.119140625 0.3349609375 0.11328125 0.3349609375 0.107421875 0.3359375 0.10107421875 0.3408203125 0.09130859375 0.3525390625 0.0849609375 0.3671875 0.08154296875 0.390625 0.08203125 0.4208984375 0.08837890625 0.4453125 0.0947265625 0.4599609375 0.095703125 0.470703125 0.10205078125 0.470703125 0.11669921875 0.470703125 0.1357421875 0.4697265625 0.14404296875 0.4677734375 0.14697265625 0.45703125 0.14892578125 0.4326171875 0.14990234375 0.4091796875 0.1484375 0.3837890625 0.14404296875 0.3623046875
5 0.25048828125 0.552734375 0.2744140625 0.5546875 0.27783203125 0.5625 0.28369140625 0.5673828125 0.29052734375 0.5654296875 0.29638671875 0.5625 0.2998046875 0.5576171875 0.37451171875 0.56640625 0.376953125 0.5791015625 0.38330078125 0.5888671875 0.39013671875 0.5927734375 0.40087890625 0.591796875 0.40869140625 0.5869140625 0.41455078125 0.5751953125 0.4287109375 0.5703125 0.43408203125 0.5771484375 0.443359375 0.580078125 0.45263671875 0.578125 0.45849609375 0.572265625 0.4619140625 0.5615234375 0.478515625 0.5576171875 0.48388671875 0.546875 0.48583984375 0.521484375 0.4814453125 0.490234375 0.47900390625 0.478515625 0.4541015625 0.45703125 0.4375 0.4501953125 0.4287109375 0.447265625 0.40087890625 0.412109375 0.37353515625 0.38671875 0.3486328125 0.376953125 0.31640625 0.3720703125 0.28271484375 0.37109375 0.25732421875 0.37890625 0.22998046875 0.3935546875 0.2138671875 0.4072265625 0.2021484375 0.423828125 0.1962890625 0.44140625 0.19677734375 0.46875 0.1962890625 0.48046875 0.193359375 0.4892578125 0.193359375 0.51171875 0.1953125 0.52734375 0.208984375 0.54296875 0.2119140625 0.5595703125 0.21826171875 0.572265625 0.224609375 0.5751953125 0.23486328125 0.5751953125 0.24365234375 0.568359375 0.24951171875 0.55859375
