2 0.5029296875 0.3095703125 0.49658203125 0.3095703125 0.4912109375 0.30078125 0.4873046875 0.2978515625 0.47900390625 0.29296875 0.47509765625 0.287109375 0.46923828125 0.2841796875 0.4619140625 0.2744140625 0.4599609375 0.263671875 0.45556640625 0.263671875 0.45068359375 0.255859375 0.44287109375 0.2509765625 0.43701171875 0.2392578125 0.43212890625 0.240234375 0.427734375 0.234375 0.42578125 0.23046875 0.42041015625 0.2197265625 0.41162109375 0.2021484375 0.39990234375 0.185546875 0.18505859375 0.0 0.0 0.0 0.0 0.5556640625 0.208984375 0.4833984375 0.30224609375 0.4599609375 0.3505859375 0.4296875 0.39306640625 0.4345703125 0.4072265625 0.4306640625 0.43408203125 0.427734375 0.46826171875 0.419921875 0.48974609375 0.4228515625 0.5078125 0.4248046875 0.5654296875 0.4443359375 0.595703125 0.4560546875 0.6689453125 0.474609375 0.79931640625 0.548828125 0.93115234375 0.5986328125 0.99853515625 0.6328125 0.99853515625 0.0009765625 0.5791015625 0.0009765625 0.5771484375 0.0107421875 0.572265625 0.0205078125 0.5546875 0.02734375 0.54296875 0.03125 0.53955078125 0.041015625 0.54248046875 0.076171875 0.54248046875 0.1240234375 0.5419921875 0.1435546875 0.53466796875 0.1640625 0.53271484375 0.1826171875 0.5283203125 0.2021484375 0.52685546875 0.208984375 0.52392578125 0.220703125 0.521484375 0.23828125 0.52001953125 0.265625 0.52001953125 0.318359375 0.51708984375 0.318359375 0.5107421875 0.3203125 0.5087890625 0.318359375
0 0.15673828125 0.548828125 0.34423828125 0.4599609375 0.35791015625 0.447265625 0.3740234375 0.451171875 0.38330078125 0.443359375 0.38671875 0.43359375 0.3984375 0.43359375 0.41943359375 0.4306640625 0.4306640625 0.423828125 0.44677734375 0.421875 0.47802734375 0.423828125 0.4873046875 0.423828125 0.49853515625 0.421875 0.51171875 0.4228515625 0.5458984375 0.439453125 0.58837890625 0.455078125 0.6630859375 0.482421875 0.77685546875 0.5478515625 0.86083984375 0.5927734375 0.93603515625 0.625 0.998046875 0.66015625 0.9970703125 0.787109375 0.947265625 0.8046875 0.95263671875 0.8232421875 0.9658203125 0.833984375 0.97802734375 0.8427734375 0.99267578125 0.859375 0.99853515625 0.8701171875 0.998046875 0.998046875 0.95361328125 0.9990234375 0.7138671875 0.9990234375 0.0 0.99609375 -0.0009765625 0.6240234375
5 0.4794921875 0.408203125 0.4736328125 0.4072265625 0.4716796875 0.4111328125 0.4716796875 0.419921875 0.47119140625 0.4287109375 0.47314453125 0.4306640625 0.47607421875 0.427734375 0.47998046875 0.427734375 0.4814453125 0.4306640625 0.48486328125 0.4296875 0.484375 0.421875 0.482421875 0.408203125
5 0.50244140625 0.4052734375 0.4970703125 0.4072265625 0.49365234375 0.4150390625 0.49365234375 0.4267578125 0.4951171875 0.4365234375 0.49755859375 0.439453125 0.50048828125 0.423828125 0.5029296875 0.4130859375
5 0.4609375 0.408203125 0.4560546875 0.4091796875 0.4609375 0.423828125 0.466796875 0.42578125 0.47216796875 0.427734375 0.47509765625 0.4267578125 0.47509765625 0.41796875 0.47216796875 0.4140625 0.46826171875 0.4111328125 0.46337890625 0.4091796875
5 0.4404296875 0.4091796875 0.43603515625 0.41015625 0.4345703125 0.412109375 0.435546875 0.4208984375 0.4365234375 0.42578125 0.439453125 0.4267578125 0.44287109375 0.427734375 0.447265625 0.427734375 0.4501953125 0.4267578125 0.4501953125 0.4208984375 0.44921875 0.4150390625 0.4462890625 0.4111328125 0.4423828125 0.41015625
5 0.513671875 0.404296875 0.50146484375 0.4072265625 0.50048828125 0.4169921875 0.49853515625 0.427734375 0.49853515625 0.4365234375 0.50146484375 0.439453125 0.50341796875 0.4267578125 0.505859375 0.416015625 0.509765625 0.41015625 0.513671875 0.41015625
5 0.43408203125 0.4091796875 0.4296875 0.408203125 0.4287109375 0.4111328125 0.4296875 0.4208984375 0.43115234375 0.4267578125 0.4326171875 0.4287109375 0.43505859375 0.4287109375 0.43701171875 0.4248046875 0.43701171875 0.419921875 0.4365234375 0.4130859375
5 0.42724609375 0.408203125 0.41943359375 0.4091796875 0.41650390625 0.412109375 0.41552734375 0.423828125 0.41552734375 0.4296875 0.41796875 0.4345703125 0.42626953125 0.4326171875 0.4306640625 0.4365234375 0.43505859375 0.435546875 0.43603515625 0.4287109375 0.43603515625 0.4248046875 0.43505859375 0.4189453125 0.43310546875 0.4130859375 0.43115234375 0.4091796875
5 0.5087890625 0.4453125 0.50390625 0.4443359375 0.50146484375 0.4404296875 0.50244140625 0.4306640625 0.5029296875 0.4189453125 0.50634765625 0.41015625 0.51025390625 0.41015625 0.51318359375 0.408203125 0.5146484375 0.408203125 0.5126953125 0.4169921875 0.51220703125 0.42578125 0.51123046875 0.435546875 0.51123046875 0.4423828125
5 0.52783203125 0.4033203125 0.51904296875 0.40234375 0.513671875 0.4052734375 0.51220703125 0.41796875 0.509765625 0.4326171875 0.509765625 0.4453125 0.51318359375 0.44921875 0.51513671875 0.44921875 0.517578125 0.447265625 0.51904296875 0.4345703125 0.52392578125 0.4189453125 0.53125 0.4150390625 0.53564453125 0.4111328125 0.537109375 0.40625 0.53515625 0.4033203125
5 0.5595703125 0.3896484375 0.54443359375 0.3916015625 0.54052734375 0.39453125 0.537109375 0.4033203125 0.533203125 0.4208984375 0.53076171875 0.4423828125 0.5302734375 0.4482421875 0.5302734375 0.45703125 0.53173828125 0.4638671875 0.5361328125 0.470703125 0.54345703125 0.47265625 0.5458984375 0.4609375 0.55712890625 0.4599609375 0.564453125 0.4267578125 0.572265625 0.4111328125 0.5751953125 0.40234375 0.5751953125 0.396484375 0.57177734375 0.390625 0.56689453125 0.3896484375
5 0.56787109375 0.396484375 0.56201171875 0.396484375 0.5595703125 0.3974609375 0.55712890625 0.4052734375 0.55419921875 0.412109375 0.55224609375 0.4150390625 0.5517578125 0.41796875 0.5517578125 0.4228515625 0.54931640625 0.4296875 0.5478515625 0.439453125 0.546875 0.453125 0.54638671875 0.4658203125 0.5498046875 0.4755859375 0.556640625 0.478515625 0.56201171875 0.4462890625 0.56982421875 0.42578125 0.5830078125 0.416015625 0.58740234375 0.4130859375 0.59033203125 0.408203125 0.5849609375 0.3994140625 0.580078125 0.3984375 0.57275390625 0.3974609375
5 0.5576171875 0.4794921875 0.5615234375 0.486328125 0.5673828125 0.48828125 0.5703125 0.484375 0.58642578125 0.482421875 0.5966796875 0.4794921875 0.60693359375 0.4375 0.6083984375 0.4052734375 0.59912109375 0.40234375 0.58837890625 0.4033203125 0.58154296875 0.400390625 0.5703125 0.400390625 0.56689453125 0.4111328125 0.564453125 0.4189453125 0.5615234375 0.4228515625 0.5595703125 0.4228515625 0.5576171875 0.4248046875 0.5556640625 0.42578125 0.55419921875 0.427734375 0.55419921875 0.431640625 0.55615234375 0.4345703125 0.55322265625 0.439453125 0.5517578125 0.447265625 0.55029296875 0.45703125 0.55029296875 0.46875 0.55029296875 0.4765625 0.55322265625 0.482421875 0.5556640625 0.482421875
5 0.22998046875 0.3994140625 0.2216796875 0.400390625 0.21484375 0.4111328125 0.21337890625 0.453125 0.240234375 0.4580078125 0.25341796875 0.455078125 0.25439453125 0.412109375 0.2529296875 0.3955078125 0.2392578125 0.3955078125
4 0.39208984375 0.3251953125 0.400390625 0.3076171875 0.40576171875 0.294921875 0.41357421875 0.2890625 0.4169921875 0.2783203125 0.4169921875 0.2607421875 0.41748046875 0.248046875 0.41748046875 0.2333984375 0.41796875 0.2119140625 0.41015625 0.203125 0.40234375 0.18359375 0.3994140625 0.1591796875 0.3955078125 0.1513671875 0.38818359375 0.138671875 0.38818359375 0.12109375 0.3828125 0.1123046875 0.37890625 0.1005859375 0.376953125 0.09375 0.37158203125 0.0849609375 0.36474609375 0.0791015625 0.35302734375 0.0791015625 0.34716796875 0.0546875 0.35009765625 0.0390625 0.34228515625 0.03515625 0.33349609375 0.033203125 0.322265625 0.0361328125 0.32177734375 0.029296875 0.318359375 0.021484375 0.31396484375 0.01171875 0.30908203125 0.0029296875 0.3076171875 0.0009765625 0.1708984375 0.0 0.171875 0.0673828125 0.17333984375 0.19140625 0.173828125 0.2138671875 0.18212890625 0.2109375 0.19091796875 0.2138671875 0.1962890625 0.2275390625 0.2021484375 0.283203125 0.20068359375 0.396484375 0.20166015625 0.4658203125 0.2216796875 0.46484375 0.21923828125 0.390625 0.2265625 0.3466796875 0.23828125 0.3056640625 0.24951171875 0.4033203125 0.25 0.43359375 0.265625 0.431640625 0.26611328125 0.3408203125 0.27392578125 0.3447265625 0.27880859375 0.375 0.28564453125 0.373046875 0.30078125 0.3603515625 0.31103515625 0.359375 0.31494140625 0.3662109375 0.32080078125 0.37109375 0.32568359375 0.3740234375 0.33447265625 0.3759765625 0.341796875 0.376953125 0.34765625 0.3837890625 0.35107421875 0.392578125 0.35693359375 0.396484375 0.3603515625 0.396484375 0.36376953125 0.3916015625 0.36962890625 0.3876953125 0.373046875 0.3896484375 0.3798828125 0.38671875 0.3818359375 0.376953125 0.38671875 0.3603515625 0.3876953125 0.34375 0.38671875 0.3330078125 0.3837890625 0.330078125
5 0.3828125 0.404296875 0.3896484375 0.4052734375 0.392578125 0.4130859375 0.39501953125 0.41796875 0.3994140625 0.4228515625 0.3974609375 0.42578125 0.396484375 0.4375 0.396484375 0.4482421875 0.396484375 0.451171875 0.3896484375 0.4521484375 0.38037109375 0.4521484375 0.37060546875 0.4521484375 0.36669921875 0.4521484375 0.36572265625 0.4482421875 0.3662109375 0.4326171875 0.36669921875 0.41796875 0.3681640625 0.4130859375 0.37060546875 0.4091796875 0.373046875 0.4052734375 0.37646484375 0.4052734375 0.37890625 0.4052734375
1 0.33935546875 0.484375 0.30517578125 0.50390625 0.18896484375 0.5595703125 0.0 0.64453125 0.0 0.515625 0.04296875 0.5068359375 0.11865234375 0.48828125 0.1298828125 0.4765625 0.1298828125 0.4619140625 0.14208984375 0.4384765625 0.1708984375 0.4443359375 0.1953125 0.4287109375 0.2578125 0.4248046875 0.30029296875 0.4453125 0.3154296875 0.4443359375 0.34326171875 0.4384765625 0.35107421875 0.4365234375 0.36083984375 0.435546875 0.36279296875 0.439453125 0.34912109375 0.451171875 0.3662109375 0.453125 0.375 0.4501953125 0.38525390625 0.4501953125 0.392578125 0.44921875 0.39501953125 0.4521484375 0.39013671875 0.458984375 0.36962890625 0.466796875 0.35498046875 0.4765625 0.3466796875 0.4814453125
5 0.3486328125 0.3681640625 0.31640625 0.3662109375 0.31689453125 0.453125 0.326171875 0.453125 0.333984375 0.453125 0.33740234375 0.45703125 0.34423828125 0.45703125 0.3486328125 0.4521484375 0.3544921875 0.4521484375 0.35546875 0.421875 0.3544921875 0.392578125 0.3515625 0.3759765625
5 0.65283203125 0.3876953125 0.6259765625 0.390625 0.61376953125 0.392578125 0.6044921875 0.408203125 0.5986328125 0.4267578125 0.595703125 0.423828125 0.5908203125 0.4248046875 0.5888671875 0.4267578125 0.5888671875 0.4345703125 0.591796875 0.4423828125 0.58935546875 0.4599609375 0.5869140625 0.4833984375 0.587890625 0.501953125 0.5888671875 0.5146484375 0.5927734375 0.5185546875 0.59912109375 0.5224609375 0.60205078125 0.529296875 0.6103515625 0.5322265625 0.61572265625 0.5302734375 0.61962890625 0.5224609375 0.6328125 0.517578125 0.64208984375 0.515625 0.67041015625 0.4189453125 0.67236328125 0.3916015625 0.66162109375 0.3896484375
1 0.759765625 0.568359375 0.7373046875 0.552734375 0.7626953125 0.48828125 0.783203125 0.505859375 0.79296875 0.5146484375 0.8037109375 0.51953125 0.8271484375 0.5224609375 0.86474609375 0.533203125 0.99853515625 0.5732421875 0.99853515625 0.7060546875 0.83349609375 0.6083984375 0.7802734375 0.578125
5 0.7041015625 0.38671875 0.6767578125 0.388671875 0.662109375 0.39453125 0.65576171875 0.4111328125 0.6513671875 0.42578125 0.6435546875 0.4267578125 0.63623046875 0.4267578125 0.6328125 0.4326171875 0.63330078125 0.44140625 0.6357421875 0.44921875 0.64453125 0.4501953125 0.638671875 0.46484375 0.6337890625 0.484375 0.63232421875 0.5068359375 0.6328125 0.537109375 0.6376953125 0.556640625 0.64453125 0.5595703125 0.6533203125 0.5595703125 0.6572265625 0.564453125 0.662109375 0.5791015625 0.67138671875 0.5810546875 0.68017578125 0.5791015625 0.689453125 0.560546875 0.75 0.560546875 0.75537109375 0.5791015625 0.75927734375 0.58984375 0.771484375 0.58984375 0.77880859375 0.583984375 0.78173828125 0.515625 0.7802734375 0.486328125 0.77783203125 0.447265625 0.76904296875 0.4287109375 0.76025390625 0.4013671875 0.75 0.388671875 0.724609375 0.38671875
1 0.984375 0.77734375 0.9580078125 0.7802734375 0.93798828125 0.779296875 0.91650390625 0.783203125 0.90966796875 0.7919921875 0.90576171875 0.810546875 0.90576171875 0.8310546875 0.90625 0.8466796875 0.92431640625 0.861328125 0.998046875 0.9189453125 0.99853515625 0.76953125
