2 0.4423828125 0.36328125 0.44970703125 0.3662109375 0.455078125 0.37109375 0.462890625 0.3720703125 0.46630859375 0.3701171875 0.4677734375 0.361328125 0.46728515625 0.3505859375 0.46923828125 0.34375 0.4755859375 0.34375 0.47900390625 0.3388671875 0.48193359375 0.3310546875 0.4853515625 0.326171875 0.48974609375 0.3203125 0.49365234375 0.314453125 0.49755859375 0.310546875 0.50830078125 0.2939453125 0.5166015625 0.26171875 0.51806640625 0.24609375 0.51806640625 0.2373046875 0.52783203125 0.23828125 0.5283203125 0.2607421875 0.5283203125 0.345703125 0.5322265625 0.412109375 0.529296875 0.4404296875 0.515625 0.4365234375 0.50146484375 0.42578125 0.4892578125 0.4306640625 0.47412109375 0.427734375 0.46630859375 0.4287109375 0.45263671875 0.4306640625 0.4384765625 0.4296875 0.4365234375 0.404296875 0.43603515625 0.3798828125 0.435546875 0.36328125 0.435546875 0.3603515625 0.43896484375 0.3603515625
4 0.43505859375 0.3642578125 0.43798828125 0.3623046875 0.44091796875 0.3681640625 0.4423828125 0.3759765625 0.4443359375 0.3798828125 0.44580078125 0.384765625 0.44580078125 0.3876953125 0.4443359375 0.3974609375 0.44140625 0.4052734375 0.4375 0.412109375 0.4375 0.40234375 0.43701171875 0.392578125 0.435546875 0.384765625 0.4345703125 0.37109375
4 0.50146484375 0.287109375 0.4990234375 0.2919921875 0.50146484375 0.2978515625 0.50244140625 0.302734375 0.5009765625 0.3076171875 0.49951171875 0.3095703125 0.4990234375 0.314453125 0.5 0.3203125 0.5048828125 0.3232421875 0.50390625 0.3271484375 0.5029296875 0.3310546875 0.505859375 0.3369140625 0.50830078125 0.341796875 0.5107421875 0.345703125 0.51318359375 0.349609375 0.51220703125 0.3603515625 0.513671875 0.3642578125 0.515625 0.369140625 0.51904296875 0.369140625 0.5244140625 0.3701171875 0.5283203125 0.369140625 0.5283203125 0.3388671875 0.525390625 0.2998046875 0.52880859375 0.291015625 0.5302734375 0.271484375 0.53173828125 0.2490234375 0.53173828125 0.234375 0.52685546875 0.2353515625 0.5224609375 0.240234375 0.5205078125 0.240234375 0.51416015625 0.240234375 0.515625 0.2509765625 0.51171875 0.2548828125 0.51025390625 0.2529296875 0.50927734375 0.2529296875 0.5078125 0.2568359375 0.50634765625 0.2587890625 0.50537109375 0.2646484375 0.50390625 0.2685546875 0.50634765625 0.2744140625 0.50634765625 0.2802734375 0.5048828125 0.28515625
2 0.4384765625 0.3583984375 0.4375 0.3486328125 0.4375 0.3408203125 0.43701171875 0.3349609375 0.43603515625 0.32421875 0.43505859375 0.31640625 0.43408203125 0.3076171875 0.431640625 0.291015625 0.4306640625 0.291015625 0.4296875 0.28125 0.4287109375 0.27734375 0.42822265625 0.267578125 0.4248046875 0.26171875 0.41943359375 0.2529296875 0.41796875 0.24609375 0.41650390625 0.2431640625 0.41650390625 0.234375 0.412109375 0.2265625 0.4111328125 0.2119140625 0.4013671875 0.19921875 0.396484375 0.19140625 0.38818359375 0.1689453125 0.380859375 0.16015625 0.37890625 0.1357421875 0.35986328125 0.1318359375 0.34326171875 0.1064453125 0.328125 0.1044921875 0.32275390625 0.09375 0.31982421875 0.05078125 0.31640625 0.0 0.0 0.001953125 -0.0009765625 0.56640625 0.15673828125 0.5283203125 0.34716796875 0.46875 0.3828125 0.4453125 0.41943359375 0.4375 0.4384765625 0.4248046875 0.4384765625 0.4033203125 0.4384765625 0.384765625 0.4365234375 0.37890625
2 0.53369140625 0.2060546875 0.53125 0.2138671875 0.52685546875 0.2197265625 0.525390625 0.2294921875 0.5263671875 0.240234375 0.5283203125 0.2421875 0.52880859375 0.2490234375 0.52490234375 0.25390625 0.525390625 0.267578125 0.52685546875 0.267578125 0.5263671875 0.271484375 0.5263671875 0.28125 0.5244140625 0.2841796875 0.52490234375 0.3017578125 0.52587890625 0.3271484375 0.52490234375 0.3359375 0.52490234375 0.3515625 0.5224609375 0.353515625 0.5224609375 0.369140625 0.5224609375 0.38671875 0.525390625 0.3876953125 0.5244140625 0.40234375 0.52734375 0.4091796875 0.529296875 0.4453125 0.5478515625 0.451171875 0.55908203125 0.4658203125 0.5791015625 0.482421875 0.64501953125 0.5126953125 0.78662109375 0.5966796875 0.98779296875 0.7373046875 0.99853515625 0.7451171875 0.998046875 0.0009765625 0.56884765625 0.0009765625 0.56396484375 0.0126953125 0.56103515625 0.03125 0.556640625 0.048828125 0.546875 0.1162109375 0.5390625 0.1201171875 0.5390625 0.134765625 0.53271484375 0.142578125 0.5322265625 0.162109375
0 0.16552734375 0.5595703125 0.37744140625 0.4755859375 0.37109375 0.455078125 0.39111328125 0.4482421875 0.419921875 0.439453125 0.435546875 0.43359375 0.4501953125 0.4287109375 0.458984375 0.4287109375 0.4697265625 0.4248046875 0.47802734375 0.427734375 0.4892578125 0.4248046875 0.5068359375 0.4326171875 0.5224609375 0.4453125 0.55078125 0.4716796875 0.611328125 0.541015625 0.75146484375 0.7001953125 0.9833984375 0.96484375 0.998046875 0.982421875 0.9970703125 0.998046875 -0.0009765625 0.99609375 0.0 0.619140625 0.08251953125 0.5947265625
5 0.4580078125 0.4189453125 0.4638671875 0.416015625 0.46435546875 0.4267578125 0.46240234375 0.43359375 0.4580078125 0.4365234375 0.45654296875 0.43359375 0.45654296875 0.423828125
5 0.46875 0.412109375 0.4619140625 0.416015625 0.45947265625 0.4267578125 0.46044921875 0.4326171875 0.46142578125 0.435546875 0.4658203125 0.435546875 0.47119140625 0.4365234375 0.47119140625 0.427734375 0.470703125 0.41796875
5 0.48291015625 0.419921875 0.47900390625 0.421875 0.4765625 0.421875 0.47607421875 0.4287109375 0.478515625 0.43359375 0.48193359375 0.43359375 0.482421875 0.4296875 0.48291015625 0.4267578125 0.48291015625 0.4228515625
5 0.486328125 0.41796875 0.48291015625 0.419921875 0.48193359375 0.423828125 0.48193359375 0.4296875 0.48486328125 0.431640625 0.48681640625 0.4306640625 0.48779296875 0.4248046875 0.4892578125 0.41796875
5 0.49267578125 0.416015625 0.48828125 0.416015625 0.48583984375 0.421875 0.4853515625 0.4248046875 0.4853515625 0.4296875 0.48779296875 0.4326171875 0.49072265625 0.4326171875 0.4921875 0.4296875 0.49267578125 0.423828125
5 0.49658203125 0.4169921875 0.48974609375 0.41796875 0.48974609375 0.4287109375 0.4921875 0.431640625 0.4951171875 0.431640625 0.49951171875 0.42578125 0.49951171875 0.419921875 0.49853515625 0.4169921875
5 0.44482421875 0.419921875 0.45068359375 0.4189453125 0.45263671875 0.4248046875 0.45263671875 0.4306640625 0.4521484375 0.4326171875 0.44921875 0.43359375 0.4482421875 0.43359375 0.4462890625 0.4287109375
5 0.439453125 0.416015625 0.4443359375 0.416015625 0.44775390625 0.41796875 0.44775390625 0.4228515625 0.4482421875 0.431640625 0.447265625 0.435546875 0.4453125 0.435546875 0.44140625 0.435546875 0.44091796875 0.4326171875 0.4404296875 0.4208984375
5 0.43310546875 0.416015625 0.43798828125 0.416015625 0.44140625 0.4169921875 0.4423828125 0.42578125 0.44189453125 0.4326171875 0.43994140625 0.435546875 0.4375 0.4384765625 0.4345703125 0.4384765625 0.43017578125 0.4384765625 0.42822265625 0.4267578125 0.42724609375 0.41796875 0.4306640625 0.4169921875
5 0.42333984375 0.4208984375 0.43017578125 0.41796875 0.4326171875 0.4248046875 0.43359375 0.43359375 0.43310546875 0.4404296875 0.43115234375 0.4423828125 0.4267578125 0.4423828125 0.42529296875 0.439453125 0.42431640625 0.42578125
5 0.4228515625 0.416015625 0.419921875 0.4150390625 0.4150390625 0.4150390625 0.4130859375 0.4189453125 0.41455078125 0.4296875 0.41650390625 0.443359375 0.41650390625 0.4482421875 0.42041015625 0.44921875 0.42431640625 0.44921875 0.42724609375 0.4443359375 0.427734375 0.43359375 0.42724609375 0.4248046875 0.4248046875 0.4189453125
5 0.40576171875 0.41796875 0.4130859375 0.416015625 0.41748046875 0.421875 0.4189453125 0.4296875 0.419921875 0.44140625 0.41943359375 0.443359375 0.41845703125 0.447265625 0.416015625 0.451171875 0.4130859375 0.4501953125 0.41162109375 0.4453125 0.4091796875 0.43359375 0.40771484375 0.423828125
5 0.3779296875 0.423828125 0.39013671875 0.423828125 0.39208984375 0.42578125 0.388671875 0.4521484375 0.3857421875 0.458984375 0.37744140625 0.4609375 0.37548828125 0.4501953125 0.37158203125 0.4345703125 0.3701171875 0.423828125 0.37158203125 0.416015625 0.3740234375 0.416015625 0.376953125 0.4189453125
5 0.51123046875 0.4111328125 0.50244140625 0.4111328125 0.49951171875 0.416015625 0.4970703125 0.421875 0.494140625 0.4345703125 0.494140625 0.4462890625 0.498046875 0.4501953125 0.50439453125 0.44921875 0.5146484375 0.443359375 0.5146484375 0.42578125 0.51611328125 0.4169921875 0.5146484375 0.4130859375
5 0.49951171875 0.4521484375 0.49658203125 0.453125 0.494140625 0.447265625 0.49462890625 0.43359375 0.49658203125 0.421875 0.5029296875 0.4189453125 0.5048828125 0.4189453125 0.51025390625 0.421875 0.5107421875 0.427734375 0.5087890625 0.4384765625 0.5078125 0.4462890625 0.50537109375 0.453125
5 0.51953125 0.419921875 0.513671875 0.419921875 0.51123046875 0.4208984375 0.5078125 0.4228515625 0.50634765625 0.4267578125 0.50390625 0.4306640625 0.5029296875 0.4375 0.50390625 0.4462890625 0.50439453125 0.4521484375 0.5107421875 0.453125 0.513671875 0.4521484375 0.51806640625 0.4453125 0.51904296875 0.4326171875
1 0.5263671875 0.470703125 0.51806640625 0.4658203125 0.509765625 0.4619140625 0.50390625 0.458984375 0.49951171875 0.453125 0.51123046875 0.451171875 0.521484375 0.4423828125 0.529296875 0.4384765625 0.5380859375 0.4404296875 0.54296875 0.4453125 0.5517578125 0.44921875 0.568359375 0.4599609375 0.57666015625 0.4599609375 0.5849609375 0.46484375 0.6015625 0.47265625 0.60888671875 0.466796875 0.61279296875 0.4716796875 0.6162109375 0.4794921875 0.6181640625 0.4814453125 0.6240234375 0.48046875 0.6240234375 0.4853515625 0.62939453125 0.4892578125 0.63330078125 0.4873046875 0.63427734375 0.4912109375 0.64111328125 0.4921875 0.65673828125 0.4990234375 0.6611328125 0.501953125 0.66796875 0.501953125 0.6796875 0.5068359375 0.912109375 0.607421875 0.93603515625 0.6201171875 0.9521484375 0.6259765625 0.96484375 0.62890625 0.99853515625 0.646484375 0.998046875 0.998046875 0.94287109375 0.9990234375 0.9228515625 0.9716796875 0.869140625 0.9033203125 0.751953125 0.7529296875 0.6728515625 0.6552734375 0.5634765625 0.517578125 0.54736328125 0.4951171875 0.5390625 0.4873046875 0.5322265625 0.4775390625
4 0.53369140625 0.4638671875 0.52734375 0.458984375 0.521484375 0.458984375 0.515625 0.45703125 0.5087890625 0.4560546875 0.509765625 0.443359375 0.51171875 0.4326171875 0.51416015625 0.4248046875 0.5166015625 0.419921875 0.51953125 0.4169921875 0.52587890625 0.4169921875 0.52880859375 0.419921875 0.53173828125 0.4248046875 0.5341796875 0.4287109375 0.537109375 0.4365234375 0.5380859375 0.4462890625 0.53857421875 0.4541015625 0.53857421875 0.4580078125 0.537109375 0.4619140625
1 0.40478515625 0.474609375 0.40283203125 0.4638671875 0.3896484375 0.4580078125 0.3779296875 0.45703125 0.3427734375 0.4453125 0.33642578125 0.4541015625 0.3212890625 0.4619140625 0.28076171875 0.4697265625 0.26416015625 0.4697265625 0.25048828125 0.470703125 0.2392578125 0.4716796875 0.23193359375 0.47265625 0.2216796875 0.47265625 0.21435546875 0.478515625 0.20849609375 0.48046875 0.189453125 0.4853515625 0.17578125 0.4892578125 0.1337890625 0.498046875 0.1181640625 0.5009765625 0.0849609375 0.5087890625 0.0 0.5263671875 0.00048828125 0.6806640625 0.09619140625 0.623046875 0.23583984375 0.5556640625 0.3271484375 0.5126953125 0.3955078125 0.48046875
5 0.40283203125 0.4150390625 0.39404296875 0.416015625 0.3896484375 0.4169921875 0.3876953125 0.4267578125 0.38671875 0.43359375 0.384765625 0.439453125 0.3837890625 0.4501953125 0.3828125 0.4609375 0.38330078125 0.466796875 0.388671875 0.4677734375 0.39111328125 0.462890625 0.40576171875 0.4638671875 0.40771484375 0.46875 0.4130859375 0.466796875 0.41455078125 0.4609375 0.41259765625 0.4423828125 0.41552734375 0.4384765625 0.416015625 0.43359375 0.4130859375 0.4296875 0.41162109375 0.42578125 0.41015625 0.4189453125 0.4052734375 0.4150390625
5 0.36181640625 0.396484375 0.3525390625 0.396484375 0.34814453125 0.400390625 0.34814453125 0.404296875 0.34765625 0.4140625 0.34619140625 0.4169921875 0.3408203125 0.423828125 0.33154296875 0.4267578125 0.3349609375 0.4404296875 0.3349609375 0.45703125 0.33447265625 0.474609375 0.35986328125 0.46875 0.36865234375 0.4697265625 0.3759765625 0.46875 0.37744140625 0.4638671875 0.37890625 0.443359375 0.37744140625 0.4248046875 0.37353515625 0.4150390625 0.373046875 0.4052734375 0.373046875 0.4013671875 0.37158203125 0.3994140625
2 0.2783203125 0.3388671875 0.25634765625 0.341796875 0.25634765625 0.34765625 0.26416015625 0.3486328125 0.267578125 0.3701171875 0.26708984375 0.443359375 0.26806640625 0.486328125 0.27294921875 0.4853515625 0.27392578125 0.4794921875 0.2763671875 0.4794921875 0.2783203125 0.4873046875 0.291015625 0.484375 0.291015625 0.48046875 0.2978515625 0.48046875 0.3037109375 0.4794921875 0.30126953125 0.36328125 0.3095703125 0.3583984375 0.33984375 0.3525390625 0.3388671875 0.3466796875 0.31640625 0.3369140625 0.291015625 0.3408203125
5 0.72021484375 0.318359375 0.7158203125 0.3271484375 0.7080078125 0.3427734375 0.69921875 0.3740234375 0.69140625 0.4072265625 0.689453125 0.421875 0.6865234375 0.416015625 0.6806640625 0.4140625 0.6748046875 0.4130859375 0.669921875 0.4208984375 0.6708984375 0.4404296875 0.671875 0.4521484375 0.68359375 0.455078125 0.6806640625 0.4638671875 0.67578125 0.4921875 0.673828125 0.5224609375 0.6767578125 0.5703125 0.67724609375 0.5947265625 0.67822265625 0.609375 0.68115234375 0.6171875 0.69091796875 0.623046875 0.70166015625 0.62109375 0.70361328125 0.59765625 0.720703125 0.603515625 0.72021484375 0.625 0.72216796875 0.6416015625 0.724609375 0.6572265625 0.7294921875 0.671875 0.75244140625 0.6708984375 0.763671875 0.626953125 0.7939453125 0.62890625 0.84326171875 0.6142578125 0.853515625 0.61328125 0.86083984375 0.6171875 0.87353515625 0.615234375 0.8779296875 0.6455078125 0.88232421875 0.66015625 0.90087890625 0.6650390625 0.9111328125 0.6611328125 0.91748046875 0.6328125 0.916015625 0.6015625 0.9189453125 0.5908203125 0.92431640625 0.5732421875 0.927734375 0.5390625 0.92578125 0.509765625 0.92431640625 0.482421875 0.92431640625 0.4541015625 0.92236328125 0.427734375 0.91796875 0.3857421875 0.90478515625 0.31640625 0.8994140625 0.294921875 0.890625 0.2890625 0.88427734375 0.2763671875 0.86767578125 0.2744140625 0.8525390625 0.2705078125 0.83984375 0.271484375 0.79931640625 0.26953125 0.77294921875 0.2724609375 0.75634765625 0.2802734375 0.73876953125 0.2919921875
