0 0.0 0.64453125 0.4267578125 0.408203125 0.6572265625 0.390625 0.99951171875 0.740234375 0.99951171875 0.9990234375 0.0 0.9990234375
1 0.0 0.607421875 0.0 0.7861328125 0.2998046875 0.5927734375 0.154296875 0.5546875 0.13720703125 0.548828125
2 0.36376953125 0.0 0.36474609375 0.0703125 0.36572265625 0.072265625 0.36572265625 0.07421875 0.3642578125 0.07421875 0.36376953125 0.0791015625 0.3740234375 0.0947265625 0.38134765625 0.1162109375 0.380859375 0.1201171875 0.380859375 0.126953125 0.37646484375 0.1318359375 0.376953125 0.1640625 0.4013671875 0.1650390625 0.404296875 0.146484375 0.4072265625 0.146484375 0.40966796875 0.15625 0.41162109375 0.15625 0.4111328125 0.1396484375 0.4091796875 0.1396484375 0.4091796875 0.134765625 0.40869140625 0.1328125 0.40966796875 0.1328125 0.41064453125 0.1357421875 0.412109375 0.1376953125 0.4140625 0.1376953125 0.4150390625 0.12109375 0.41796875 0.060546875 0.423828125 0.060546875 0.466796875 0.0625 0.5263671875 0.0625 0.5263671875 0.0458984375 0.5283203125 0.04296875 0.53955078125 0.0439453125 0.53955078125 0.0634765625 0.5927734375 0.0634765625 0.59521484375 0.0615234375 0.61083984375 0.0634765625 0.6142578125 0.05078125 0.61669921875 0.0439453125 0.62109375 0.0302734375 0.64990234375 0.025390625 0.6572265625 0.0107421875 0.65673828125 0.0 0.99951171875 0.0 0.99951171875 0.6826171875 0.595703125 0.451171875 0.52734375 0.4677734375 0.37890625 0.4736328125 0.14794921875 0.5693359375 0.1318359375 0.580078125 0.0927734375 0.59765625 0.02880859375 0.6220703125 0.0 0.6357421875 0.0 0.0
5 0.42236328125 0.4365234375 0.4306640625 0.435546875 0.4453125 0.435546875 0.44775390625 0.4423828125 0.4501953125 0.451171875 0.45263671875 0.4609375 0.45361328125 0.46875 0.453125 0.474609375 0.45361328125 0.4892578125 0.453125 0.4931640625 0.4482421875 0.49609375 0.44482421875 0.49609375 0.44482421875 0.4921875 0.43408203125 0.4921875
5 0.40576171875 0.4375 0.4091796875 0.4365234375 0.4306640625 0.4365234375 0.43310546875 0.4384765625 0.43603515625 0.4501953125 0.43701171875 0.4560546875 0.43994140625 0.458984375 0.43994140625 0.4619140625 0.43896484375 0.462890625 0.43994140625 0.47265625 0.439453125 0.498046875 0.4365234375 0.5048828125 0.4326171875 0.5048828125 0.4326171875 0.4990234375 0.3974609375 0.4990234375 0.39697265625 0.4619140625
5 0.33984375 0.4404296875 0.34619140625 0.431640625 0.35498046875 0.4287109375 0.390625 0.4287109375 0.3935546875 0.4296875 0.39697265625 0.4404296875 0.40234375 0.4638671875 0.40869140625 0.46484375 0.40869140625 0.46875 0.404296875 0.4716796875 0.4072265625 0.484375 0.408203125 0.501953125 0.40869140625 0.5234375 0.408203125 0.546875 0.4072265625 0.548828125 0.40625 0.5517578125 0.404296875 0.55078125 0.40380859375 0.533203125 0.4033203125 0.533203125 0.404296875 0.560546875 0.4013671875 0.5625 0.39306640625 0.5625 0.39306640625 0.5556640625 0.35791015625 0.5556640625
5 0.27587890625 0.4306640625 0.3154296875 0.4306640625 0.3447265625 0.4326171875 0.34912109375 0.4384765625 0.3583984375 0.46875 0.36328125 0.4755859375 0.36572265625 0.5009765625 0.36669921875 0.5087890625 0.3671875 0.53515625 0.3671875 0.55859375 0.3671875 0.5703125 0.365234375 0.5751953125 0.3544921875 0.576171875 0.353515625 0.5673828125 0.35009765625 0.5693359375 0.35009765625 0.587890625 0.3486328125 0.5927734375 0.34326171875 0.5947265625 0.33349609375 0.5947265625 0.3330078125 0.580078125 0.298828125 0.5830078125
5 0.20166015625 0.4306640625 0.2158203125 0.423828125 0.22705078125 0.4208984375 0.2568359375 0.423828125 0.28076171875 0.4287109375 0.287109375 0.4326171875 0.296875 0.4609375 0.30517578125 0.4892578125 0.30908203125 0.501953125 0.31103515625 0.53125 0.310546875 0.5634765625 0.3095703125 0.5927734375 0.30810546875 0.60546875 0.3046875 0.6123046875 0.294921875 0.6142578125 0.29345703125 0.6025390625 0.29345703125 0.59375 0.28173828125 0.6044921875 0.28076171875 0.6259765625 0.279296875 0.6357421875 0.27587890625 0.638671875 0.26318359375 0.638671875 0.26220703125 0.62109375 0.244140625 0.6240234375 0.22021484375 0.6240234375 0.171875 0.6171875 0.1708984375 0.626953125 0.16796875 0.6328125 0.162109375 0.6357421875 0.1552734375 0.6337890625 0.15234375 0.6259765625 0.15087890625 0.6142578125 0.15087890625 0.6083984375 0.1513671875 0.60546875 0.1484375 0.599609375 0.14892578125 0.5947265625 0.150390625 0.5869140625 0.1494140625 0.5625 0.150390625 0.5400390625 0.1533203125 0.521484375 0.1572265625 0.509765625 0.16552734375 0.4970703125 0.1669921875 0.4951171875 0.1630859375 0.490234375 0.1630859375 0.4853515625 0.16455078125 0.4794921875 0.166015625 0.4775390625 0.1708984375 0.4775390625 0.173828125 0.4775390625 0.1748046875 0.4775390625 0.185546875 0.453125 0.1923828125 0.4423828125
5 0.5419921875 0.4384765625 0.537109375 0.439453125 0.53369140625 0.451171875 0.53173828125 0.4501953125 0.529296875 0.4501953125 0.529296875 0.4541015625 0.53173828125 0.455078125 0.533203125 0.455078125 0.5322265625 0.45703125 0.53076171875 0.4638671875 0.5302734375 0.484375 0.5302734375 0.486328125 0.53662109375 0.490234375
5 0.541015625 0.4375 0.56298828125 0.4375 0.55224609375 0.498046875 0.5458984375 0.4970703125 0.5458984375 0.5 0.54541015625 0.501953125 0.54248046875 0.50390625 0.53955078125 0.50390625 0.5380859375 0.501953125 0.53466796875 0.4990234375 0.53466796875 0.4716796875 0.53466796875 0.45703125
5 0.57568359375 0.423828125 0.564453125 0.4248046875 0.56103515625 0.4296875 0.55517578125 0.455078125 0.5546875 0.451171875 0.5498046875 0.451171875 0.54931640625 0.4560546875 0.5498046875 0.458984375 0.55419921875 0.458984375 0.5546875 0.458984375 0.55224609375 0.486328125 0.55029296875 0.4921875 0.5498046875 0.4990234375 0.5498046875 0.50390625 0.55029296875 0.51171875 0.55224609375 0.5146484375 0.55419921875 0.5146484375 0.55517578125 0.5146484375 0.57080078125 0.44140625
5 0.591796875 0.42578125 0.5830078125 0.4267578125 0.58251953125 0.421875 0.5791015625 0.4208984375 0.5771484375 0.421875 0.57470703125 0.42578125 0.57373046875 0.427734375 0.5732421875 0.4287109375 0.5703125 0.4326171875 0.56689453125 0.4404296875 0.564453125 0.4501953125 0.56298828125 0.4560546875 0.56201171875 0.4599609375 0.5615234375 0.4609375 0.56103515625 0.4619140625 0.560546875 0.4560546875 0.55859375 0.455078125 0.5556640625 0.4560546875 0.55517578125 0.4609375 0.5556640625 0.4638671875 0.55712890625 0.4658203125 0.55859375 0.4658203125 0.5556640625 0.474609375 0.5546875 0.48046875 0.55517578125 0.5107421875 0.55517578125 0.5205078125 0.55712890625 0.5224609375 0.5634765625 0.5224609375 0.56396484375 0.5185546875 0.564453125 0.5185546875 0.564453125 0.5244140625 0.5654296875 0.52734375 0.56689453125 0.5283203125 0.5703125 0.5283203125 0.5849609375 0.4638671875
5 0.6171875 0.4267578125 0.59033203125 0.4267578125 0.58837890625 0.4287109375 0.583984375 0.4384765625 0.580078125 0.44921875 0.578125 0.458984375 0.5771484375 0.462890625 0.576171875 0.458984375 0.57275390625 0.4609375 0.572265625 0.4619140625 0.57470703125 0.4736328125 0.572265625 0.478515625 0.5712890625 0.48046875 0.57080078125 0.486328125 0.5703125 0.53515625 0.5703125 0.537109375 0.5712890625 0.5380859375 0.57568359375 0.537109375 0.576171875 0.53125 0.578125 0.5322265625 0.57861328125 0.544921875 0.57958984375 0.55078125 0.58837890625 0.55078125
5 0.62158203125 0.4267578125 0.60791015625 0.427734375 0.6015625 0.4423828125 0.5986328125 0.4501953125 0.59619140625 0.45703125 0.59521484375 0.462890625 0.59423828125 0.4697265625 0.59326171875 0.47265625 0.5927734375 0.4658203125 0.59130859375 0.462890625 0.5869140625 0.462890625 0.58349609375 0.4638671875 0.583984375 0.4677734375 0.58447265625 0.4736328125 0.5869140625 0.4755859375 0.59130859375 0.4755859375 0.59033203125 0.48046875 0.58935546875 0.486328125 0.587890625 0.486328125 0.5849609375 0.498046875 0.5849609375 0.5009765625 0.5849609375 0.5546875 0.58740234375 0.5595703125 0.5947265625 0.5595703125 0.59521484375 0.5576171875 0.59521484375 0.5498046875 0.59912109375 0.55078125
5 0.70458984375 0.4140625 0.7021484375 0.41015625 0.68115234375 0.40625 0.650390625 0.4072265625 0.62841796875 0.4072265625 0.626953125 0.408203125 0.6259765625 0.41015625 0.623046875 0.412109375 0.62109375 0.419921875 0.61865234375 0.4296875 0.61376953125 0.447265625 0.611328125 0.4609375 0.611328125 0.4619140625 0.611328125 0.462890625 0.6083984375 0.462890625 0.60693359375 0.4560546875 0.5986328125 0.4560546875 0.595703125 0.4609375 0.59619140625 0.466796875 0.5966796875 0.4697265625 0.59716796875 0.4716796875 0.60595703125 0.4736328125 0.59765625 0.5048828125 0.5986328125 0.5517578125 0.599609375 0.5732421875 0.6015625 0.5869140625 0.60498046875 0.587890625 0.6123046875 0.5859375 0.61279296875 0.572265625 0.6142578125 0.5732421875 0.6142578125 0.5947265625 0.61474609375 0.6025390625 0.6171875 0.6064453125 0.626953125 0.6064453125 0.62744140625 0.583984375 0.63671875 0.583984375 0.638671875 0.5791015625 0.68017578125 0.578125 0.73876953125 0.4736328125 0.71435546875 0.4609375 0.71337890625 0.4501953125 0.71044921875 0.4375 0.708984375 0.42578125
5 0.72607421875 0.4248046875 0.7216796875 0.4404296875 0.7158203125 0.453125 0.7119140625 0.462890625 0.70751953125 0.47265625 0.7060546875 0.4765625 0.7060546875 0.4775390625 0.69873046875 0.4775390625 0.69482421875 0.478515625 0.6923828125 0.4853515625 0.69140625 0.490234375 0.69482421875 0.5009765625 0.6962890625 0.501953125 0.69677734375 0.5087890625 0.69140625 0.5146484375 0.68505859375 0.5263671875 0.68212890625 0.541015625 0.6796875 0.552734375 0.67919921875 0.5673828125 0.6767578125 0.5703125 0.67626953125 0.5947265625 0.6796875 0.6171875 0.6796875 0.658203125 0.6806640625 0.67578125 0.68310546875 0.6806640625 0.6962890625 0.6875 0.69970703125 0.673828125 0.70068359375 0.650390625 0.70751953125 0.6474609375 0.72998046875 0.6640625 0.72998046875 0.697265625 0.73193359375 0.71875 0.7373046875 0.73828125 0.75244140625 0.740234375 0.75927734375 0.72265625 0.75830078125 0.70703125 0.880859375 0.7138671875 0.92138671875 0.48046875 0.916015625 0.46875 0.90283203125 0.443359375 0.89453125 0.4296875 0.8876953125 0.421875 0.87451171875 0.416015625 0.83251953125 0.4091796875 0.77734375 0.40625 0.75 0.408203125 0.73583984375 0.4150390625
5 0.99951171875 0.3896484375 0.97705078125 0.3994140625 0.94873046875 0.431640625 0.91796875 0.48046875 0.89794921875 0.5166015625 0.8974609375 0.5068359375 0.88134765625 0.50390625 0.87353515625 0.5048828125 0.8671875 0.5087890625 0.86328125 0.5166015625 0.8623046875 0.5283203125 0.86328125 0.5390625 0.8681640625 0.548828125 0.87109375 0.552734375 0.876953125 0.5576171875 0.87255859375 0.560546875 0.8583984375 0.564453125 0.83740234375 0.5732421875 0.826171875 0.5966796875 0.8203125 0.6103515625 0.81201171875 0.6298828125 0.8076171875 0.65625 0.8056640625 0.6923828125 0.80908203125 0.7275390625 0.81103515625 0.736328125 0.8115234375 0.798828125 0.8134765625 0.826171875 0.81787109375 0.857421875 0.8232421875 0.876953125 0.8349609375 0.880859375 0.85595703125 0.888671875 0.86865234375 0.8720703125 0.8740234375 0.845703125 0.87353515625 0.830078125 0.99951171875 0.9404296875
