1 0.13818359375 0.56640625 0.150390625 0.5673828125 0.3154296875 0.501953125 0.322265625 0.46875 0.060546875 0.5390625
0 0.080078125 0.255859375 1.0 0.353515625 1.0 1.0 0.0 1.0 0.0 0.23828125
1 0.98681640625 0.60546875 0.88818359375 0.59375 0.8271484375 0.5771484375 0.7705078125 0.5498046875 0.69482421875 0.513671875 0.66796875 0.501953125 0.64404296875 0.4951171875 0.62353515625 0.4853515625 0.60546875 0.4755859375 0.5888671875 0.4677734375 0.57958984375 0.45703125 0.59375 0.4541015625 0.623046875 0.4453125 0.64306640625 0.451171875 0.71142578125 0.4580078125 1.0 0.5078125 1.0 0.607421875
2 0.0048828125 0.56640625 0.20703125 0.505859375 0.3037109375 0.4892578125 0.328125 0.46875 0.3759765625 0.4580078125 0.421875 0.453125 0.46533203125 0.4482421875 0.509765625 0.4462890625 0.54833984375 0.4423828125 0.5908203125 0.443359375 0.62890625 0.447265625 0.65185546875 0.455078125 0.66796875 0.4658203125 0.716796875 0.4775390625 0.88525390625 0.517578125 0.93701171875 0.5322265625 1.0 0.5380859375 1.0 0.0 0.6279296875 0.0 0.6376953125 0.005859375 0.638671875 0.0595703125 0.63330078125 0.0771484375 0.63525390625 0.1025390625 0.6318359375 0.1162109375 0.63427734375 0.1201171875 0.63525390625 0.1728515625 0.6064453125 0.1787109375 0.59326171875 0.1748046875 0.5927734375 0.1669921875 0.58642578125 0.1630859375 0.58349609375 0.177734375 0.5751953125 0.1865234375 0.57666015625 0.1708984375 0.572265625 0.1708984375 0.57177734375 0.193359375 0.56396484375 0.2119140625 0.55712890625 0.212890625 0.55712890625 0.201171875 0.546875 0.203125 0.546875 0.2109375 0.53076171875 0.2080078125 0.53076171875 0.1943359375 0.52490234375 0.1953125 0.5244140625 0.2060546875 0.51708984375 0.18359375 0.51708984375 0.1767578125 0.490234375 0.173828125 0.4794921875 0.169921875 0.4775390625 0.16015625 0.4755859375 0.1708984375 0.43017578125 0.16796875 0.3994140625 0.17578125 0.3994140625 0.1669921875 0.39306640625 0.16796875 0.39306640625 0.1767578125 0.390625 0.1787109375 0.37939453125 0.2099609375 0.376953125 0.037109375 0.3564453125 0.0 0.0 0.0 0.0 0.56640625
5 0.5927734375 0.4267578125 0.5830078125 0.42578125 0.578125 0.42578125 0.56982421875 0.4365234375 0.57177734375 0.4443359375 0.57373046875 0.4453125 0.580078125 0.4453125 0.5859375 0.4453125 0.5927734375 0.4443359375 0.59375 0.443359375 0.59619140625 0.4384765625 0.59619140625 0.435546875 0.5947265625 0.4296875
5 0.57080078125 0.4287109375 0.5634765625 0.427734375 0.55859375 0.4287109375 0.5595703125 0.43359375 0.56201171875 0.4443359375 0.56884765625 0.4453125 0.57177734375 0.4453125 0.57275390625 0.4404296875 0.57275390625 0.4345703125 0.57177734375 0.4296875
5 0.5517578125 0.4296875 0.546875 0.4248046875 0.5390625 0.4248046875 0.53369140625 0.431640625 0.533203125 0.4453125 0.53369140625 0.447265625 0.541015625 0.4443359375
5 0.5576171875 0.42578125 0.54833984375 0.427734375 0.54296875 0.431640625 0.5390625 0.4375 0.5380859375 0.44140625 0.53857421875 0.4453125 0.541015625 0.4482421875 0.5458984375 0.4482421875 0.5517578125 0.4482421875 0.55908203125 0.4482421875 0.56298828125 0.4482421875 0.56494140625 0.443359375 0.56494140625 0.4384765625 0.5634765625 0.4306640625 0.5595703125 0.427734375
5 0.50439453125 0.4404296875 0.48828125 0.4267578125 0.46875 0.427734375 0.4619140625 0.4384765625 0.46240234375 0.451171875 0.4677734375 0.453125 0.46875 0.4560546875 0.47119140625 0.4580078125 0.47314453125 0.45703125 0.47412109375 0.455078125 0.47509765625 0.455078125 0.47705078125 0.455078125 0.4794921875 0.45703125 0.48095703125 0.45703125 0.48193359375 0.455078125 0.494140625 0.455078125 0.4970703125 0.45703125 0.49951171875 0.45703125 0.50341796875 0.453125 0.5078125 0.4462890625
5 0.53125 0.42578125 0.52490234375 0.4248046875 0.51611328125 0.4267578125 0.5126953125 0.435546875 0.51123046875 0.4482421875 0.5107421875 0.4599609375 0.5107421875 0.46484375 0.51171875 0.46875 0.51416015625 0.46875 0.51513671875 0.4677734375 0.51513671875 0.4638671875 0.52783203125 0.4638671875 0.52978515625 0.4638671875 0.53271484375 0.46484375 0.5341796875 0.4677734375 0.537109375 0.4677734375 0.537109375 0.45703125 0.537109375 0.4443359375 0.53515625 0.4345703125 0.53369140625 0.4287109375
5 0.43359375 0.4306640625 0.4228515625 0.4296875 0.427734375 0.4677734375 0.43603515625 0.46875
4 0.35888671875 0.421875 0.35888671875 0.3837890625 0.35888671875 0.3662109375 0.35888671875 0.34765625 0.35888671875 0.333984375 0.359375 0.32421875 0.35986328125 0.314453125 0.35986328125 0.3046875 0.35791015625 0.2919921875 0.3583984375 0.2802734375 0.361328125 0.275390625 0.36279296875 0.2734375 0.36376953125 0.27734375 0.36572265625 0.2841796875 0.369140625 0.2841796875 0.37109375 0.2822265625 0.37353515625 0.28515625 0.38037109375 0.30078125 0.3798828125 0.3076171875 0.38037109375 0.3896484375 0.3837890625 0.3837890625 0.3857421875 0.3779296875 0.3896484375 0.37109375 0.392578125 0.3701171875 0.39794921875 0.3701171875 0.40087890625 0.37109375 0.3994140625 0.36328125 0.39794921875 0.353515625 0.39990234375 0.345703125 0.3974609375 0.3408203125 0.39453125 0.3388671875 0.3984375 0.337890625 0.4013671875 0.333984375 0.39892578125 0.3271484375 0.39501953125 0.31640625 0.39501953125 0.310546875 0.39111328125 0.3076171875 0.39013671875 0.302734375 0.39453125 0.3017578125 0.39892578125 0.3017578125 0.400390625 0.294921875 0.400390625 0.2919921875 0.39501953125 0.28515625 0.39697265625 0.275390625 0.39501953125 0.2626953125 0.3974609375 0.2587890625 0.40380859375 0.2578125 0.41162109375 0.2578125 0.4150390625 0.25390625 0.4169921875 0.2470703125 0.416015625 0.2333984375 0.4150390625 0.2236328125 0.41259765625 0.2109375 0.40966796875 0.1923828125 0.40625 0.1943359375 0.40185546875 0.19921875 0.39453125 0.1962890625 0.39013671875 0.1923828125 0.3857421875 0.1953125 0.388671875 0.1875 0.39404296875 0.173828125 0.39306640625 0.1689453125 0.396484375 0.1669921875 0.40087890625 0.1669921875 0.40234375 0.1689453125 0.40625 0.171875 0.40625 0.1650390625 0.4111328125 0.1640625 0.4150390625 0.1630859375 0.408203125 0.15625 0.4150390625 0.15234375 0.41943359375 0.1484375 0.41650390625 0.1416015625 0.42431640625 0.1396484375 0.4296875 0.1337890625 0.4384765625 0.134765625 0.4453125 0.1357421875 0.44873046875 0.12890625 0.44775390625 0.123046875 0.44384765625 0.1171875 0.4482421875 0.111328125 0.4541015625 0.1083984375 0.4619140625 0.10546875 0.46240234375 0.0947265625 0.45654296875 0.076171875 0.44970703125 0.0771484375 0.44580078125 0.07421875 0.4462890625 0.0703125 0.44873046875 0.0634765625 0.44482421875 0.060546875 0.439453125 0.0654296875 0.4384765625 0.0556640625 0.43505859375 0.0517578125 0.43212890625 0.0576171875 0.42919921875 0.05859375 0.431640625 0.0498046875 0.431640625 0.0419921875 0.42431640625 0.04296875 0.42138671875 0.044921875 0.419921875 0.0322265625 0.41748046875 0.0302734375 0.4150390625 0.037109375 0.412109375 0.0302734375 0.40966796875 0.03515625 0.40478515625 0.0205078125 0.3984375 0.0 0.228515625 0.0 0.22998046875 0.001953125 0.23388671875 0.0068359375 0.23828125 0.009765625 0.24169921875 0.0087890625 0.2470703125 0.0146484375 0.25341796875 0.015625 0.255859375 0.0205078125 0.26171875 0.0283203125 0.267578125 0.0341796875 0.2666015625 0.0380859375 0.2587890625 0.0341796875 0.2529296875 0.0302734375 0.24658203125 0.025390625 0.2412109375 0.029296875 0.23828125 0.0234375 0.2373046875 0.0234375 0.23681640625 0.0341796875 0.23486328125 0.048828125 0.234375 0.056640625 0.240234375 0.0576171875 0.24853515625 0.05859375 0.24951171875 0.0712890625 0.25439453125 0.0810546875 0.26025390625 0.09375 0.26123046875 0.1005859375 0.2607421875 0.1025390625 0.255859375 0.095703125 0.2509765625 0.099609375 0.244140625 0.0966796875 0.24072265625 0.0927734375 0.234375 0.107421875 0.23583984375 0.11328125 0.23779296875 0.1171875 0.2431640625 0.1162109375 0.2451171875 0.1201171875 0.2451171875 0.1318359375 0.24951171875 0.1396484375 0.25634765625 0.1357421875 0.2646484375 0.1416015625 0.27099609375 0.150390625 0.26416015625 0.1552734375 0.2607421875 0.158203125 0.2529296875 0.15625 0.2509765625 0.1533203125 0.25048828125 0.16015625 0.25 0.1630859375 0.244140625 0.1611328125 0.240234375 0.1611328125 0.236328125 0.1533203125 0.23388671875 0.162109375 0.2431640625 0.16796875 0.2421875 0.1748046875 0.236328125 0.1748046875 0.22412109375 0.16796875 0.22265625 0.1728515625 0.22705078125 0.1806640625 0.2353515625 0.1904296875 0.240234375 0.1982421875 0.25830078125 0.2041015625 0.25634765625 0.2109375 0.259765625 0.2216796875 0.26513671875 0.23046875 0.267578125 0.23828125 0.27392578125 0.2373046875 0.27490234375 0.2333984375 0.2705078125 0.2255859375 0.2802734375 0.232421875 0.28173828125 0.2412109375 0.283203125 0.2578125 0.2841796875 0.2744140625 0.2841796875 0.30859375 0.28369140625 0.3232421875 0.28466796875 0.3505859375 0.28564453125 0.390625 0.28515625 0.4306640625 0.28955078125 0.4443359375 0.2900390625 0.4345703125 0.28955078125 0.3310546875 0.28955078125 0.326171875 0.28955078125 0.3173828125 0.2880859375 0.3076171875 0.28955078125 0.2900390625 0.28955078125 0.2822265625 0.2890625 0.2666015625 0.2880859375 0.259765625 0.28955078125 0.244140625 0.294921875 0.248046875 0.29833984375 0.240234375 0.2998046875 0.232421875 0.30078125 0.2216796875 0.3046875 0.21875 0.30859375 0.2236328125 0.31494140625 0.2275390625 0.31982421875 0.2294921875 0.3232421875 0.2265625 0.32373046875 0.220703125 0.31982421875 0.216796875 0.32177734375 0.21484375 0.33056640625 0.2216796875 0.3369140625 0.2255859375 0.3388671875 0.216796875 0.33935546875 0.2080078125 0.3369140625 0.19921875 0.33349609375 0.1962890625 0.326171875 0.1923828125 0.31982421875 0.1953125 0.31591796875 0.1982421875 0.31494140625 0.19140625 0.3193359375 0.1845703125 0.32666015625 0.1865234375 0.3330078125 0.1875 0.3369140625 0.19140625 0.34228515625 0.2001953125 0.34716796875 0.2119140625 0.3486328125 0.2177734375 0.35205078125 0.2255859375 0.3544921875 0.2548828125 0.3544921875 0.291015625 0.35400390625 0.314453125 0.35400390625 0.34375 0.35400390625 0.3818359375 0.353515625 0.4248046875
5 0.408203125 0.431640625 0.40576171875 0.421875 0.3935546875 0.419921875 0.3798828125 0.4208984375 0.38037109375 0.4306640625 0.392578125 0.47265625 0.39501953125 0.4765625 0.3974609375 0.4765625 0.40283203125 0.4599609375
5 0.39208984375 0.4306640625 0.3779296875 0.427734375 0.3759765625 0.431640625 0.384765625 0.466796875 0.38623046875 0.478515625 0.3876953125 0.48046875 0.390625 0.4794921875 0.3935546875 0.4775390625 0.39599609375 0.4775390625 0.396484375 0.47265625 0.3974609375 0.4580078125 0.39599609375 0.451171875 0.39599609375 0.4443359375 0.3955078125 0.439453125 0.3935546875 0.4326171875
5 0.36083984375 0.42578125 0.3798828125 0.4296875 0.384765625 0.4365234375 0.38671875 0.4482421875 0.38720703125 0.462890625 0.3876953125 0.4736328125 0.38720703125 0.4794921875 0.38623046875 0.482421875 0.38330078125 0.482421875 0.37744140625 0.482421875 0.37646484375 0.4775390625 0.37109375 0.47265625 0.36083984375 0.4658203125
4 0.3798828125 0.47265625 0.376953125 0.48046875 0.373046875 0.4814453125 0.3701171875 0.4814453125 0.3671875 0.4736328125 0.37060546875 0.4677734375
5 0.32421875 0.4287109375 0.31494140625 0.4287109375 0.30908203125 0.4423828125 0.3076171875 0.4443359375 0.30419921875 0.443359375 0.3056640625 0.4482421875 0.3046875 0.45703125 0.30126953125 0.466796875 0.2978515625 0.482421875 0.29833984375 0.4853515625 0.30029296875 0.490234375 0.30419921875 0.4912109375 0.31298828125 0.4921875 0.31787109375 0.4873046875
4 0.314453125 0.5 0.29541015625 0.501953125 0.294921875 0.4921875 0.29833984375 0.4892578125 0.3037109375 0.48828125 0.3076171875 0.4892578125 0.3125 0.4921875
5 0.24560546875 0.43359375 0.24755859375 0.4248046875 0.2529296875 0.419921875 0.2607421875 0.421875 0.27685546875 0.423828125 0.27880859375 0.421875 0.283203125 0.421875 0.2861328125 0.4248046875 0.2900390625 0.4326171875 0.294921875 0.4521484375 0.2978515625 0.46875 0.29931640625 0.486328125 0.29833984375 0.4990234375 0.29638671875 0.5087890625 0.29345703125 0.5107421875 0.29150390625 0.5107421875 0.2890625 0.5107421875 0.2880859375 0.5078125 0.287109375 0.501953125 0.2822265625 0.501953125 0.2822265625 0.5107421875 0.28076171875 0.515625 0.2783203125 0.5166015625 0.27392578125 0.5166015625 0.26904296875 0.5166015625 0.26416015625 0.5029296875 0.2470703125 0.4677734375
5 0.25537109375 0.4287109375 0.232421875 0.4267578125 0.21533203125 0.427734375 0.20654296875 0.431640625 0.197265625 0.4482421875 0.20751953125 0.5048828125 0.21484375 0.525390625 0.22119140625 0.525390625 0.23828125 0.5244140625 0.24072265625 0.5283203125 0.24560546875 0.53125 0.24853515625 0.5302734375 0.25048828125 0.5283203125 0.25146484375 0.5185546875 0.25830078125 0.5146484375 0.25927734375 0.5205078125 0.26220703125 0.525390625 0.267578125 0.5244140625 0.26904296875 0.5126953125 0.26904296875 0.494140625 0.26806640625 0.4716796875 0.263671875 0.4580078125 0.25927734375 0.4326171875
5 0.14697265625 0.453125 0.15771484375 0.447265625 0.17333984375 0.4453125 0.18701171875 0.447265625 0.20068359375 0.451171875 0.20458984375 0.4599609375 0.20751953125 0.470703125 0.2119140625 0.474609375 0.21923828125 0.4765625 0.22119140625 0.4853515625 0.22119140625 0.5048828125 0.2197265625 0.5185546875 0.22021484375 0.5263671875 0.21826171875 0.5361328125 0.21630859375 0.5390625 0.21337890625 0.5400390625 0.20947265625 0.5400390625 0.20703125 0.5380859375 0.2060546875 0.5322265625 0.1923828125 0.5341796875 0.19091796875 0.544921875 0.1884765625 0.5478515625 0.181640625 0.5478515625 0.17822265625 0.5439453125 0.1708984375 0.541015625 0.15478515625 0.5419921875 0.1318359375 0.4853515625
5 0.01513671875 0.419921875 0.05126953125 0.408203125 0.09228515625 0.408203125 0.11474609375 0.412109375 0.1328125 0.4228515625 0.1435546875 0.4423828125 0.15576171875 0.466796875 0.1591796875 0.4794921875 0.158203125 0.5185546875 0.15771484375 0.541015625 0.1552734375 0.5537109375 0.15576171875 0.5673828125 0.1552734375 0.5830078125 0.1533203125 0.595703125 0.15087890625 0.599609375 0.14599609375 0.6025390625 0.13818359375 0.6015625 0.13037109375 0.578125 0.09130859375 0.5908203125 0.0888671875 0.609375 0.0859375 0.6201171875 0.08251953125 0.6259765625 0.07177734375 0.626953125 0.0673828125 0.6220703125 0.0615234375 0.603515625 0.0 0.607421875 0.0 0.4287109375 0.01171875 0.421875
5 0.349609375 0.416015625 0.3369140625 0.4169921875 0.32763671875 0.41796875 0.32177734375 0.421875 0.31640625 0.4384765625 0.31298828125 0.4443359375 0.31103515625 0.4462890625 0.310546875 0.4482421875 0.31201171875 0.453125 0.3115234375 0.458984375 0.310546875 0.4755859375 0.310546875 0.4873046875 0.31103515625 0.498046875 0.3115234375 0.5048828125 0.3125 0.5068359375 0.31396484375 0.509765625 0.31591796875 0.509765625 0.31884765625 0.509765625 0.3193359375 0.505859375 0.3193359375 0.5009765625 0.32275390625 0.5 0.32373046875 0.501953125 0.32421875 0.505859375 0.3271484375 0.5068359375 0.3291015625 0.505859375 0.32958984375 0.50390625 0.33056640625 0.5 0.35400390625 0.4970703125 0.3544921875 0.50390625 0.35791015625 0.505859375 0.36083984375 0.505859375 0.361328125 0.5009765625 0.3623046875 0.4931640625 0.36376953125 0.498046875 0.36474609375 0.5009765625 0.3671875 0.501953125 0.3701171875 0.5009765625 0.37060546875 0.4931640625 0.37060546875 0.484375 0.37060546875 0.46875 0.369140625 0.453125 0.36572265625 0.435546875 0.359375 0.41796875
5 0.42333984375 0.42578125 0.40283203125 0.4287109375 0.3994140625 0.4443359375 0.39794921875 0.443359375 0.39697265625 0.443359375 0.3955078125 0.443359375 0.3955078125 0.4453125 0.3955078125 0.44921875 0.39794921875 0.44921875 0.39599609375 0.46875 0.39697265625 0.4775390625 0.3984375 0.4814453125 0.4013671875 0.4814453125 0.40478515625 0.4814453125 0.40576171875 0.478515625 0.40625 0.4755859375 0.42333984375 0.47265625 0.42333984375 0.4775390625 0.42431640625 0.478515625 0.4287109375 0.478515625 0.4306640625 0.474609375 0.431640625 0.470703125 0.4326171875 0.4609375 0.43115234375 0.4501953125 0.42919921875 0.4404296875 0.42529296875 0.4287109375
4 0.623046875 0.302734375 0.61328125 0.3115234375 0.6103515625 0.318359375 0.607421875 0.3193359375 0.6044921875 0.3193359375 0.60302734375 0.328125 0.60009765625 0.3427734375 0.595703125 0.3505859375 0.5947265625 0.357421875 0.59716796875 0.3701171875 0.6015625 0.37890625 0.6083984375 0.3828125 0.61572265625 0.376953125 0.62158203125 0.373046875 0.61962890625 0.396484375 0.62451171875 0.400390625 0.62890625 0.404296875 0.6328125 0.404296875 0.63623046875 0.4033203125 0.63818359375 0.400390625 0.63818359375 0.3876953125 0.638671875 0.3740234375 0.63818359375 0.359375 0.63427734375 0.3486328125 0.6337890625 0.3388671875 0.634765625 0.3330078125 0.634765625 0.314453125 0.62451171875 0.310546875
