0 0.98681640625 0.7236328125 0.6181640625 0.4404296875 0.58642578125 0.4443359375 0.578125 0.4365234375 0.55029296875 0.4345703125 0.4638671875 0.4482421875 0.083984375 0.5205078125 0.0 0.56640625 0.0 1.0 1.0 1.0 1.0 0.72265625
2 0.5380859375 0.1025390625 0.5419921875 0.32421875 0.5439453125 0.3271484375 0.5546875 0.328125 0.55517578125 0.3544921875 0.56201171875 0.35546875 0.56396484375 0.3603515625 0.580078125 0.36328125 0.59375 0.400390625 0.59619140625 0.4267578125 0.59375 0.4423828125 0.5791015625 0.443359375 0.560546875 0.4453125 0.54345703125 0.4453125 0.50830078125 0.45703125 0.498046875 0.4599609375 0.48876953125 0.462890625 0.44921875 0.4677734375 0.3681640625 0.4873046875 0.21923828125 0.5380859375 0.013671875 0.5947265625 0.0 0.599609375 0.0 0.0 0.4208984375 0.0 0.4208984375 0.0048828125 0.42041015625 0.0087890625 0.4228515625 0.0107421875 0.42919921875 0.0107421875 0.4287109375 0.017578125 0.4306640625 0.0205078125 0.43603515625 0.0380859375 0.4345703125 0.0419921875 0.4345703125 0.064453125 0.44873046875 0.0703125 0.45556640625 0.0908203125 0.470703125 0.0908203125 0.49658203125 0.08984375 0.51611328125 0.091796875 0.51806640625 0.0966796875
2 0.97705078125 0.5830078125 0.7431640625 0.51953125 0.7197265625 0.0 1.0 0.0 1.0 0.5810546875
4 0.58349609375 0.4521484375 0.57861328125 0.4482421875 0.5771484375 0.4384765625 0.5771484375 0.4267578125 0.57568359375 0.4208984375 0.57373046875 0.416015625 0.57177734375 0.4091796875 0.57080078125 0.4052734375 0.5693359375 0.4013671875 0.56689453125 0.3984375 0.5615234375 0.3974609375 0.55712890625 0.3935546875 0.55419921875 0.384765625 0.55322265625 0.3759765625 0.56103515625 0.375 0.56396484375 0.373046875 0.55810546875 0.3642578125 0.55810546875 0.35546875 0.56103515625 0.3515625 0.5634765625 0.3544921875 0.56640625 0.357421875 0.5703125 0.3447265625 0.57470703125 0.33984375 0.57421875 0.3369140625 0.57080078125 0.333984375 0.56982421875 0.3232421875 0.57275390625 0.3154296875 0.57470703125 0.31640625 0.57470703125 0.3095703125 0.57568359375 0.3037109375 0.57763671875 0.3046875 0.57763671875 0.2998046875 0.580078125 0.3017578125 0.58447265625 0.30859375 0.58935546875 0.3125 0.58984375 0.3095703125 0.5908203125 0.3037109375 0.5927734375 0.298828125 0.59228515625 0.2880859375 0.59521484375 0.2861328125 0.599609375 0.283203125 0.5986328125 0.2646484375 0.60009765625 0.2548828125 0.6044921875 0.244140625 0.61474609375 0.2412109375 0.64013671875 0.302734375 0.6474609375 0.38671875 0.6484375 0.4482421875 0.6435546875 0.478515625 0.6318359375 0.494140625 0.62548828125 0.49609375 0.61962890625 0.4912109375 0.6171875 0.48828125 0.60693359375 0.4873046875 0.5966796875 0.4912109375 0.59716796875 0.4814453125 0.5966796875 0.4755859375 0.59521484375 0.474609375 0.58984375 0.4765625 0.5888671875 0.470703125 0.591796875 0.4609375 0.59033203125 0.4580078125 0.59033203125 0.455078125 0.59033203125 0.4462890625
5 0.5849609375 0.4345703125 0.58203125 0.435546875 0.580078125 0.4375 0.5791015625 0.4423828125 0.57861328125 0.4482421875 0.5791015625 0.455078125 0.58154296875 0.4560546875 0.58349609375 0.453125 0.58642578125 0.4521484375 0.5888671875 0.451171875 0.59033203125 0.4375 0.58935546875 0.4345703125 0.58740234375 0.4345703125
5 0.59375 0.4306640625 0.58984375 0.431640625 0.58740234375 0.4375 0.58642578125 0.447265625 0.58642578125 0.4580078125 0.58740234375 0.462890625 0.591796875 0.4609375 0.59130859375 0.4560546875 0.591796875 0.451171875 0.5927734375 0.4462890625 0.5927734375 0.4423828125 0.5927734375 0.439453125 0.59375 0.4375 0.5947265625 0.4326171875 0.59521484375 0.4306640625
5 0.5556640625 0.45703125 0.56103515625 0.4560546875 0.5615234375 0.4580078125 0.56201171875 0.4580078125 0.56298828125 0.45703125 0.564453125 0.4541015625 0.56396484375 0.4501953125 0.5625 0.4462890625 0.5615234375 0.4462890625 0.56103515625 0.4443359375 0.5595703125 0.443359375 0.5576171875 0.4404296875 0.55615234375 0.439453125 0.55224609375 0.4375 0.54931640625 0.439453125 0.54541015625 0.44140625 0.54541015625 0.453125 0.546875 0.45703125 0.54833984375 0.4580078125 0.55078125 0.4580078125 0.55224609375 0.4580078125 0.55322265625 0.458984375 0.55419921875 0.458984375 0.55517578125 0.458984375
5 0.568359375 0.4521484375 0.56787109375 0.4541015625 0.5673828125 0.4541015625 0.56689453125 0.4482421875 0.56689453125 0.4443359375 0.56787109375 0.439453125 0.56982421875 0.4375 0.572265625 0.4365234375 0.57421875 0.4375 0.57568359375 0.4404296875 0.576171875 0.4453125 0.576171875 0.451171875 0.576171875 0.4541015625 0.57568359375 0.4541015625 0.5751953125 0.451171875
5 0.47021484375 0.439453125 0.47021484375 0.4365234375 0.46923828125 0.4326171875 0.47412109375 0.4296875 0.4775390625 0.4296875 0.4814453125 0.4287109375 0.484375 0.4287109375 0.4873046875 0.431640625 0.48876953125 0.435546875 0.4921875 0.443359375 0.49365234375 0.447265625 0.49462890625 0.453125 0.4931640625 0.4599609375 0.4931640625 0.466796875 0.49267578125 0.46875 0.49169921875 0.4677734375 0.48974609375 0.4658203125 0.48876953125 0.4677734375 0.48779296875 0.4697265625 0.4853515625 0.4697265625 0.484375 0.46484375 0.47509765625 0.4658203125
5 0.44580078125 0.435546875 0.4482421875 0.4326171875 0.45068359375 0.4306640625 0.46142578125 0.4287109375 0.46826171875 0.4287109375 0.4716796875 0.4375 0.4736328125 0.4423828125 0.47509765625 0.4404296875 0.4765625 0.4423828125 0.47607421875 0.4453125 0.4755859375 0.44921875 0.4765625 0.4619140625 0.4755859375 0.466796875 0.47509765625 0.4716796875 0.47412109375 0.4736328125 0.4716796875 0.474609375 0.4697265625 0.474609375 0.46923828125 0.4716796875 0.46142578125 0.4736328125 0.45361328125 0.4736328125
5 0.4404296875 0.4306640625 0.44287109375 0.4306640625 0.44580078125 0.4287109375 0.44873046875 0.4326171875 0.451171875 0.4384765625 0.45263671875 0.443359375 0.453125 0.4443359375 0.4560546875 0.443359375 0.45751953125 0.4443359375 0.4580078125 0.44921875 0.45703125 0.4521484375 0.4580078125 0.4609375 0.45849609375 0.46875 0.45654296875 0.474609375 0.4541015625 0.4765625
5 0.36865234375 0.4248046875 0.369140625 0.4169921875 0.37060546875 0.3984375 0.37158203125 0.3798828125 0.37353515625 0.3701171875 0.375 0.3671875 0.40966796875 0.3623046875 0.41748046875 0.3642578125 0.427734375 0.369140625 0.43017578125 0.373046875 0.43212890625 0.3828125 0.4365234375 0.4091796875 0.43798828125 0.4208984375 0.43798828125 0.4375 0.43115234375 0.4580078125
5 0.3193359375 0.43359375 0.3203125 0.4296875 0.322265625 0.4267578125 0.32666015625 0.423828125 0.337890625 0.421875 0.33935546875 0.421875 0.3408203125 0.419921875 0.34228515625 0.419921875 0.34619140625 0.4208984375 0.359375 0.419921875 0.36572265625 0.419921875 0.3720703125 0.4248046875 0.37353515625 0.4306640625 0.3740234375 0.4443359375 0.37109375 0.513671875 0.36279296875 0.5146484375 0.35498046875 0.515625 0.34716796875 0.5166015625 0.33740234375 0.5068359375
5 0.2470703125 0.47265625 0.24951171875 0.46484375 0.2529296875 0.4560546875 0.25927734375 0.4404296875 0.2607421875 0.4306640625 0.26708984375 0.42578125 0.28857421875 0.423828125 0.30908203125 0.42578125 0.32080078125 0.4296875 0.328125 0.4404296875 0.33349609375 0.455078125 0.33447265625 0.453125 0.3369140625 0.45703125 0.337890625 0.4599609375 0.33642578125 0.4658203125 0.33984375 0.4697265625 0.3447265625 0.4794921875 0.34716796875 0.4921875 0.34619140625 0.5205078125 0.34619140625 0.533203125 0.34423828125 0.5361328125 0.33984375 0.5361328125 0.33642578125 0.5341796875 0.33447265625 0.5283203125 0.333984375 0.52734375 0.32666015625 0.52734375 0.32666015625 0.5361328125 0.32568359375 0.5419921875 0.32275390625 0.546875 0.31787109375 0.546875 0.3125 0.544921875 0.3125 0.5380859375 0.31201171875 0.533203125 0.302734375 0.5341796875 0.29833984375 0.533203125 0.296875 0.5322265625 0.28466796875 0.5322265625 0.28466796875 0.5361328125 0.2822265625 0.544921875 0.27880859375 0.5478515625 0.2744140625 0.5458984375 0.2734375 0.5361328125 0.27294921875 0.5341796875 0.26416015625 0.5361328125
5 0.1455078125 0.4423828125 0.14892578125 0.435546875 0.1552734375 0.4287109375 0.17041015625 0.423828125 0.1865234375 0.421875 0.20654296875 0.4208984375 0.22021484375 0.423828125 0.23583984375 0.4423828125 0.24365234375 0.458984375 0.2470703125 0.455078125 0.251953125 0.458984375 0.25146484375 0.46875 0.25244140625 0.474609375 0.26220703125 0.4931640625 0.2666015625 0.5029296875 0.26806640625 0.5419921875 0.26708984375 0.55859375 0.26513671875 0.5693359375 0.26171875 0.5703125 0.2568359375 0.5703125 0.25341796875 0.56640625 0.2529296875 0.5595703125 0.251953125 0.5546875 0.2421875 0.5537109375 0.23291015625 0.5546875 0.22998046875 0.5576171875 0.2294921875 0.5576171875 0.228515625 0.568359375 0.22705078125 0.5771484375 0.2265625 0.583984375 0.22265625 0.587890625 0.216796875 0.587890625 0.212890625 0.5849609375 0.20947265625 0.57421875 0.20947265625 0.568359375 0.20947265625 0.5673828125 0.19384765625 0.5673828125 0.193359375 0.57421875 0.1923828125 0.578125 0.1884765625 0.5791015625 0.181640625 0.5791015625 0.1796875 0.5732421875 0.1796875 0.5712890625 0.17236328125 0.5712890625
5 0.0224609375 0.44921875 0.0224609375 0.439453125 0.02490234375 0.4306640625 0.02685546875 0.4267578125 0.02685546875 0.4140625 0.03466796875 0.4091796875 0.056640625 0.4033203125 0.0751953125 0.4013671875 0.0986328125 0.3994140625 0.12109375 0.4033203125 0.13525390625 0.412109375 0.14501953125 0.4306640625 0.154296875 0.458984375 0.1572265625 0.453125 0.1630859375 0.455078125 0.16650390625 0.458984375 0.166015625 0.466796875 0.1630859375 0.4716796875 0.16845703125 0.486328125 0.1708984375 0.5068359375 0.171875 0.5205078125 0.1767578125 0.5302734375 0.17822265625 0.548828125 0.17724609375 0.5712890625 0.1767578125 0.5859375 0.173828125 0.595703125 0.17041015625 0.6015625 0.16455078125 0.6044921875 0.15869140625 0.6015625 0.15771484375 0.59375 0.13623046875 0.6015625 0.134765625 0.61328125 0.13134765625 0.625 0.12255859375 0.626953125 0.11328125 0.626953125 0.1083984375 0.6220703125 0.10693359375 0.6123046875 0.10546875 0.6015625 0.091796875 0.6025390625 0.07763671875 0.6064453125
5 0.0185546875 0.6435546875 0.05322265625 0.63671875 0.05419921875 0.6533203125 0.0615234375 0.65625 0.07470703125 0.65234375 0.08056640625 0.6416015625 0.0849609375 0.626953125 0.08447265625 0.5947265625 0.08203125 0.5751953125 0.08203125 0.5537109375 0.0791015625 0.53125 0.0693359375 0.5107421875 0.0576171875 0.48828125 0.056640625 0.4814453125 0.052734375 0.4736328125 0.04638671875 0.4697265625 0.0185546875 0.43359375 0.00439453125 0.41796875 0.0 0.4150390625 0.0 0.646484375
5 0.3740234375 0.5361328125 0.37353515625 0.5458984375 0.37109375 0.55078125 0.3662109375 0.552734375 0.361328125 0.5498046875 0.35888671875 0.5380859375 0.35888671875 0.515625 0.35888671875 0.4873046875 0.36181640625 0.4697265625 0.3681640625 0.4453125 0.37255859375 0.42578125 0.375 0.419921875 0.37939453125 0.416015625 0.39892578125 0.4130859375 0.400390625 0.41015625 0.40087890625 0.41015625 0.40185546875 0.412109375 0.4130859375 0.4111328125 0.4248046875 0.4111328125 0.43505859375 0.416015625 0.4443359375 0.4326171875 0.44775390625 0.4443359375 0.44873046875 0.453125 0.451171875 0.4482421875 0.45556640625 0.4462890625 0.4599609375 0.4482421875 0.4599609375 0.4560546875 0.453125 0.4609375 0.45703125 0.4716796875 0.45849609375 0.482421875 0.458984375 0.51171875 0.45849609375 0.52734375 0.4580078125 0.53515625 0.45751953125 0.5361328125 0.451171875 0.537109375 0.44921875 0.537109375 0.44775390625 0.5322265625 0.44873046875 0.52734375 0.4453125 0.52734375 0.44580078125 0.5390625 0.443359375 0.54296875 0.43994140625 0.546875 0.43603515625 0.546875 0.4306640625 0.54296875 0.43017578125 0.5341796875 0.39208984375 0.53515625 0.39208984375 0.5400390625 0.390625 0.54296875 0.38720703125 0.544921875 0.38232421875 0.5439453125 0.3818359375 0.5341796875
4 0.66943359375 0.5361328125 0.65185546875 0.5400390625 0.6318359375 0.5400390625 0.62353515625 0.537109375 0.62353515625 0.5244140625 0.62841796875 0.513671875 0.62890625 0.50390625 0.62890625 0.4892578125 0.6318359375 0.3095703125 0.61328125 0.2705078125 0.6103515625 0.248046875 0.6064453125 0.2392578125 0.60302734375 0.2333984375 0.60302734375 0.220703125 0.60107421875 0.2177734375 0.5869140625 0.2177734375 0.57958984375 0.2158203125 0.57763671875 0.2080078125 0.57470703125 0.2080078125 0.57080078125 0.205078125 0.56884765625 0.1943359375 0.5703125 0.185546875 0.5732421875 0.185546875 0.5712890625 0.1826171875 0.56787109375 0.181640625 0.5654296875 0.173828125 0.5654296875 0.1572265625 0.56884765625 0.146484375 0.57275390625 0.1455078125 0.57421875 0.138671875 0.57421875 0.134765625 0.57177734375 0.134765625 0.5673828125 0.1376953125 0.5615234375 0.1337890625 0.5546875 0.1240234375 0.552734375 0.115234375 0.5556640625 0.1015625 0.5576171875 0.1015625 0.55810546875 0.08984375 0.560546875 0.087890625 0.5634765625 0.087890625 0.56640625 0.0859375 0.5703125 0.0810546875 0.5693359375 0.076171875 0.56689453125 0.07421875 0.56640625 0.0703125 0.56396484375 0.06640625 0.5595703125 0.0654296875 0.5595703125 0.0576171875 0.56103515625 0.0419921875 0.56396484375 0.037109375 0.5576171875 0.0380859375 0.55126953125 0.0380859375 0.5439453125 0.03515625 0.54150390625 0.0283203125 0.54150390625 0.01953125 0.54296875 0.0126953125 0.546875 0.013671875 0.55419921875 0.0185546875 0.56005859375 0.015625 0.56396484375 0.0166015625 0.5673828125 0.0166015625 0.5703125 0.0126953125 0.57568359375 0.01171875 0.57958984375 0.0078125 0.5810546875 0.0048828125 0.58056640625 0.0 0.876953125 0.0 0.88134765625 0.0185546875 0.8837890625 0.046875 0.8828125 0.0751953125 0.87939453125 0.0908203125 0.8701171875 0.1064453125 0.85693359375 0.1142578125 0.85302734375 0.11328125 0.84814453125 0.126953125 0.84716796875 0.142578125 0.8564453125 0.14453125 0.86669921875 0.140625 0.873046875 0.1328125 0.87841796875 0.1357421875 0.88134765625 0.1494140625 0.87841796875 0.158203125 0.86767578125 0.166015625 0.8544921875 0.17578125 0.8486328125 0.1826171875 0.8466796875 0.19140625 0.849609375 0.1982421875 0.86279296875 0.1962890625 0.8701171875 0.193359375 0.8759765625 0.193359375 0.8779296875 0.2041015625 0.8798828125 0.2138671875 0.884765625 0.22265625 0.88525390625 0.236328125 0.8837890625 0.2490234375 0.875 0.25390625 0.8564453125 0.2666015625 0.8544921875 0.28125 0.8544921875 0.2978515625 0.8544921875 0.314453125 0.841796875 0.330078125 0.83349609375 0.3486328125 0.82568359375 0.36328125 0.82666015625 0.38671875 0.82666015625 0.4140625 0.81201171875 0.4560546875 0.71923828125 0.482421875
5 0.685546875 0.5908203125 0.67919921875 0.591796875 0.6748046875 0.587890625 0.67431640625 0.5791015625 0.673828125 0.5625 0.67333984375 0.5390625 0.671875 0.51953125 0.671875 0.5068359375 0.67236328125 0.4931640625 0.67578125 0.484375 0.677734375 0.4794921875 0.669921875 0.478515625 0.6689453125 0.470703125 0.6689453125 0.4638671875 0.671875 0.458984375 0.67724609375 0.458984375 0.6806640625 0.458984375 0.6826171875 0.4599609375 0.68798828125 0.4345703125 0.69091796875 0.421875 0.6953125 0.41015625 0.701171875 0.40234375 0.74267578125 0.3935546875 0.767578125 0.392578125 0.7822265625 0.39453125 0.787109375 0.3955078125 0.7939453125 0.4091796875 0.806640625 0.4375 0.80859375 0.5234375 0.783203125 0.5771484375 0.76025390625 0.5791015625 0.74560546875 0.58203125 0.73193359375 0.5849609375 0.7158203125 0.5849609375 0.71337890625 0.5859375 0.712890625 0.5986328125 0.71337890625 0.611328125 0.71142578125 0.6220703125 0.70166015625 0.623046875 0.697265625 0.619140625 0.69384765625 0.611328125 0.6923828125 0.591796875 0.693359375 0.572265625 0.68896484375 0.5712890625 0.68603515625 0.572265625
5 0.77880859375 0.7021484375 0.7646484375 0.7021484375 0.76025390625 0.69140625 0.7548828125 0.638671875 0.75341796875 0.6005859375 0.75244140625 0.5615234375 0.7529296875 0.548828125 0.7666015625 0.5205078125 0.77783203125 0.505859375 0.7802734375 0.4990234375 0.77197265625 0.4931640625 0.76904296875 0.484375 0.7705078125 0.4794921875 0.77685546875 0.4765625 0.78173828125 0.4765625 0.7841796875 0.4775390625 0.79736328125 0.4423828125 0.80712890625 0.4150390625 0.81982421875 0.39453125 0.83203125 0.380859375 0.84716796875 0.3720703125 0.8681640625 0.3662109375 0.89697265625 0.359375 0.9228515625 0.35546875 0.9453125 0.3544921875 0.9755859375 0.3544921875 0.994140625 0.3544921875 1.0 0.3564453125 0.99951171875 0.7412109375 0.939453125 0.75 0.90380859375 0.75 0.88671875 0.7529296875 0.8828125 0.7568359375 0.8818359375 0.7841796875 0.87744140625 0.8037109375 0.8681640625 0.806640625 0.8447265625 0.80078125 0.83984375 0.783203125 0.8349609375 0.7626953125 0.83349609375 0.73828125 0.8330078125 0.724609375 0.7841796875 0.685546875 0.7841796875 0.693359375 0.78173828125 0.701171875
