0 1.00048828125 0.30859375 0.78466796875 0.328125 0.66455078125 0.32421875 0.42138671875 0.34765625 0.0 0.3642578125 0.0 1.0 1.0 1.0
1 0.47412109375 0.41015625 0.4423828125 0.40625 0.435546875 0.404296875 0.11962890625 0.4130859375 0.00048828125 0.4208984375 0.0 0.478515625 0.099609375 0.46875 0.18701171875 0.4638671875 0.26025390625 0.45703125 0.3466796875 0.447265625 0.39404296875 0.447265625 0.42724609375 0.4443359375 0.46044921875 0.4375 0.48876953125 0.4296875 0.498046875 0.4267578125 0.50390625 0.423828125 0.50537109375 0.4189453125 0.5 0.4140625 0.4912109375 0.4111328125
1 0.0869140625 0.84765625 0.03466796875 0.86328125 0.0 0.8671875 0.00048828125 0.54296875 0.2900390625 0.5693359375 0.35107421875 0.6357421875 0.26025390625 0.7119140625 0.19921875 0.7607421875 0.15478515625 0.798828125 0.12109375 0.826171875 0.10400390625 0.8388671875
1 0.88134765625 0.40625 0.86328125 0.412109375 0.849609375 0.41796875 0.8310546875 0.431640625 0.82177734375 0.443359375 0.81396484375 0.4697265625 0.81103515625 0.4912109375 0.814453125 0.5068359375 0.82080078125 0.5185546875 0.826171875 0.5263671875 0.84814453125 0.548828125 0.88232421875 0.5751953125 0.93359375 0.6064453125 1.0 0.6435546875 1.0 0.427734375
2 0.51904296875 0.1630859375 0.5185546875 0.0380859375 0.51611328125 0.0341796875 0.51611328125 0.0322265625 0.54052734375 0.0244140625 0.5400390625 0.0078125 0.53759765625 0.0009765625 0.470703125 0.001953125 0.458984375 0.005859375 0.458984375 0.0029296875 0.4541015625 0.0068359375 0.4521484375 0.0087890625 0.4482421875 0.0107421875 0.44775390625 0.0009765625 0.0 0.0009765625 0.0 0.2373046875 0.37744140625 0.43359375 0.4208984375 0.4267578125 0.4375 0.4169921875 0.4384765625 0.4130859375 0.43896484375 0.3818359375 0.6806640625 0.2958984375 0.73779296875 0.29296875 0.77490234375 0.30078125 0.8359375 0.291015625 0.8857421875 0.3046875 0.94580078125 0.314453125 1.0 0.1376953125 0.99951171875 0.0283203125 0.9931640625 0.0302734375 0.9892578125 0.0341796875 0.98388671875 0.0283203125 0.9501953125 0.01953125 0.94140625 0.0234375 0.93994140625 0.02734375 0.9365234375 0.025390625 0.91845703125 0.0302734375 0.91357421875 0.037109375 0.9130859375 0.033203125 0.88720703125 0.029296875 0.84716796875 0.0439453125 0.84765625 0.0654296875 0.80419921875 0.0791015625 0.80078125 0.07421875 0.7998046875 0.07421875 0.79833984375 0.0830078125 0.79736328125 0.0947265625 0.765625 0.103515625 0.76611328125 0.1259765625 0.72021484375 0.1123046875 0.69287109375 0.1181640625 0.693359375 0.140625 0.6767578125 0.1591796875 0.51904296875 0.1748046875
4 0.32275390625 0.1396484375 0.318359375 0.1298828125 0.3056640625 0.1279296875 0.2939453125 0.1240234375 0.28076171875 0.12890625 0.26708984375 0.1328125 0.25341796875 0.140625 0.20849609375 0.140625 0.20361328125 0.1142578125 0.19580078125 0.095703125 0.1953125 0.072265625 0.1875 0.0556640625 0.1796875 0.0341796875 0.16455078125 0.0185546875 0.15771484375 0.0048828125 0.15283203125 0.0009765625 0.0 0.0009765625 0.0 0.212890625 0.3408203125 0.1826171875 0.3271484375 0.1474609375
4 0.95947265625 0.1142578125 0.96533203125 0.09765625 0.98388671875 0.1015625 0.98583984375 0.0859375 0.98974609375 0.0693359375 0.9951171875 0.05078125 1.0 0.041015625 0.99951171875 0.1240234375 0.978515625 0.126953125
4 0.7607421875 0.359375 0.75146484375 0.3408203125 0.7373046875 0.3388671875 0.71826171875 0.3359375 0.69775390625 0.3447265625 0.697265625 0.3984375 0.76171875 0.384765625
4 0.5751953125 0.3115234375 0.56396484375 0.3056640625 0.5576171875 0.3076171875 0.55078125 0.302734375 0.546875 0.3203125 0.53857421875 0.3369140625 0.5283203125 0.3291015625 0.52099609375 0.3037109375 0.52099609375 0.3037109375 0.5185546875 0.3037109375 0.51513671875 0.3291015625 0.51171875 0.330078125 0.51025390625 0.287109375 0.5029296875 0.2734375 0.44482421875 0.28125 0.4462890625 0.3359375 0.43701171875 0.3388671875 0.4384765625 0.388671875 0.5126953125 0.392578125 0.54833984375 0.392578125 0.57568359375 0.39453125
4 0.07177734375 0.2958984375 0.06689453125 0.2802734375 0.04345703125 0.291015625 0.05712890625 0.2509765625 0.05078125 0.2412109375 0.04296875 0.248046875 0.03076171875 0.2421875 0.01025390625 0.2333984375 0.0 0.236328125 0.0 0.41015625 0.08642578125 0.3720703125 0.06982421875 0.3544921875 0.06396484375 0.3447265625 0.05908203125 0.3388671875 0.06884765625 0.3212890625 0.07177734375 0.30859375
4 0.15087890625 0.541015625 0.14794921875 0.2978515625 0.1533203125 0.26953125 0.17724609375 0.275390625 0.20068359375 0.279296875 0.20849609375 0.251953125 0.19140625 0.2265625 0.173828125 0.2294921875 0.15087890625 0.205078125 0.154296875 0.189453125 0.17431640625 0.1416015625 0.1826171875 0.115234375 0.18310546875 0.076171875 0.1865234375 0.048828125 0.1796875 0.0302734375 0.169921875 0.0185546875 0.16552734375 0.005859375 0.16455078125 0.0 0.0888671875 0.0 0.08740234375 0.025390625 0.0888671875 0.111328125 0.10400390625 0.1572265625 0.10986328125 0.1826171875 0.13232421875 0.1982421875 0.13525390625 0.2392578125 0.1171875 0.2490234375 0.1044921875 0.2412109375 0.09814453125 0.25 0.10205078125 0.26171875 0.11376953125 0.2744140625 0.08837890625 0.29296875 0.09326171875 0.3173828125 0.1064453125 0.302734375 0.123046875 0.291015625 0.1416015625 0.296875 0.14501953125 0.5390625
4 0.39404296875 0.0146484375 0.37841796875 0.0390625 0.3798828125 0.056640625 0.37109375 0.07421875 0.37158203125 0.0888671875 0.37158203125 0.0986328125 0.3701171875 0.1142578125 0.37255859375 0.1298828125 0.375 0.1611328125 0.37158203125 0.201171875 0.37109375 0.216796875 0.37841796875 0.228515625 0.39111328125 0.234375 0.39111328125 0.2724609375 0.3974609375 0.2861328125 0.4033203125 0.3193359375 0.4052734375 0.3583984375 0.408203125 0.49609375 0.41064453125 0.49609375 0.40869140625 0.369140625 0.41455078125 0.3310546875 0.419921875 0.29296875 0.43017578125 0.291015625 0.4423828125 0.26953125 0.4384765625 0.2490234375 0.41259765625 0.2421875 0.4189453125 0.22265625 0.41064453125 0.208984375 0.4072265625 0.1943359375 0.40966796875 0.171875 0.41650390625 0.185546875 0.42724609375 0.193359375 0.421875 0.1640625 0.41552734375 0.1376953125 0.41748046875 0.1201171875 0.4140625 0.0908203125 0.4189453125 0.083984375 0.41796875 0.048828125 0.40380859375 0.0224609375
4 0.98291015625 0.2685546875 0.97802734375 0.2705078125 0.9658203125 0.263671875 0.95361328125 0.271484375 0.95849609375 0.2783203125 0.95849609375 0.29296875 0.95361328125 0.2890625 0.953125 0.3037109375 0.95263671875 0.322265625 0.9453125 0.3291015625 0.9404296875 0.3515625 0.9365234375 0.3642578125 0.9423828125 0.38671875 0.9462890625 0.4072265625 0.94580078125 0.423828125 0.9375 0.4267578125 0.93701171875 0.44921875 0.9267578125 0.44921875 0.9208984375 0.4658203125 0.91552734375 0.4716796875 0.9150390625 0.4765625 0.91943359375 0.4794921875 0.9375 0.4755859375 0.947265625 0.4833984375 0.9609375 0.4794921875 0.97802734375 0.47265625 0.98779296875 0.47265625 1.0 0.46875 1.0 0.26953125 0.998046875 0.26953125 0.994140625 0.28125 0.98974609375 0.2841796875 0.98583984375 0.2841796875
