0 0.2080078125 0.5126953125 0.42822265625 0.4462890625 0.56787109375 0.44140625 0.64404296875 0.4443359375 0.76416015625 0.50390625 1.0 0.658203125 1.0 1.0 0.0 1.0 0.0 0.75
1 0.4443359375 0.44140625 0.630859375 0.4345703125 0.63134765625 0.4501953125 0.5966796875 0.4521484375 0.53369140625 0.451171875 0.486328125 0.453125 0.44580078125 0.453125
4 0.20751953125 0.0029296875 0.64306640625 0.0009765625 0.6328125 0.4443359375 0.60888671875 0.4453125 0.53271484375 0.4462890625 0.49658203125 0.4462890625 0.44482421875 0.4462890625 0.22900390625 0.44921875 0.22119140625 0.2958984375 0.2109375 0.080078125
5 0.55078125 0.4150390625 0.55615234375 0.4140625 0.57080078125 0.4189453125 0.576171875 0.4287109375 0.556640625 0.4501953125 0.54736328125 0.451171875 0.5439453125 0.453125 0.5400390625 0.453125 0.53759765625 0.4501953125 0.5322265625 0.4453125 0.5322265625 0.4404296875 0.533203125 0.431640625 0.5380859375 0.427734375 0.54345703125 0.4248046875 0.546875 0.419921875
5 0.59130859375 0.4228515625 0.59765625 0.412109375 0.611328125 0.4169921875 0.61572265625 0.4228515625 0.6162109375 0.4326171875 0.6171875 0.439453125 0.6171875 0.4462890625 0.61474609375 0.451171875 0.611328125 0.453125 0.60791015625 0.44921875 0.60009765625 0.4501953125
5 0.63525390625 0.42578125 0.63330078125 0.4482421875 0.62744140625 0.4521484375 0.625 0.4501953125 0.62353515625 0.447265625 0.62255859375 0.4423828125 0.625 0.43359375 0.62841796875 0.427734375 0.63134765625 0.42578125
1 0.60205078125 0.45703125 0.61083984375 0.455078125 0.6328125 0.4521484375 0.6904296875 0.4658203125 0.6748046875 0.4814453125 0.6474609375 0.4853515625 0.6201171875 0.48046875 0.60546875 0.478515625 0.599609375 0.4677734375
5 0.42138671875 0.421875 0.431640625 0.41796875 0.44482421875 0.41796875 0.44775390625 0.42578125 0.4501953125 0.43359375 0.4501953125 0.443359375 0.44921875 0.453125 0.44677734375 0.45703125 0.44189453125 0.45703125 0.4404296875 0.4521484375 0.43603515625 0.4501953125 0.41552734375 0.4521484375 0.41162109375 0.4326171875
1 0.64697265625 0.505859375 0.6611328125 0.4921875 0.68212890625 0.48828125 0.8759765625 0.484375 1.0 0.5302734375 0.9990234375 0.724609375 0.916015625 0.6787109375 0.84228515625 0.6416015625 0.6728515625 0.5341796875 0.64990234375 0.5205078125 0.6435546875 0.513671875 0.64404296875 0.5078125 0.6455078125 0.5068359375
2 0.0009765625 0.001953125 0.22900390625 0.0009765625 0.2294921875 0.0390625 0.2314453125 0.046875 0.232421875 0.0595703125 0.2333984375 0.087890625 0.2412109375 0.115234375 0.25927734375 0.1240234375 0.2626953125 0.13671875 0.26318359375 0.1474609375 0.26318359375 0.1826171875 0.2685546875 0.1865234375 0.275390625 0.1904296875 0.2734375 0.1953125 0.26953125 0.1982421875 0.2646484375 0.2060546875 0.2626953125 0.2109375 0.26220703125 0.2177734375 0.26171875 0.224609375 0.25927734375 0.23046875 0.2548828125 0.23046875 0.24951171875 0.2314453125 0.24658203125 0.2373046875 0.2451171875 0.240234375 0.23974609375 0.240234375 0.23681640625 0.236328125 0.23291015625 0.2333984375 0.23095703125 0.2392578125 0.23291015625 0.2451171875 0.23193359375 0.4072265625 0.224609375 0.427734375 0.1630859375 0.44921875 0.1142578125 0.4541015625 0.08642578125 0.4521484375 0.06201171875 0.4541015625 0.03759765625 0.455078125 0.0244140625 0.455078125 0.0 0.4541015625
4 0.40576171875 0.193359375 0.390625 0.19140625 0.3828125 0.1904296875 0.3740234375 0.2021484375 0.36181640625 0.1962890625 0.3291015625 0.1513671875 0.31787109375 0.11328125 0.306640625 0.0185546875 0.3017578125 0.0 0.5185546875 0.0 0.51220703125 0.0205078125 0.50732421875 0.03125 0.49658203125 0.0400390625 0.48828125 0.046875 0.4921875 0.0576171875 0.501953125 0.0693359375 0.51025390625 0.08203125 0.51416015625 0.0908203125 0.51416015625 0.103515625 0.51318359375 0.11328125 0.50537109375 0.12109375 0.50048828125 0.1279296875 0.4931640625 0.13671875 0.48388671875 0.1435546875 0.4765625 0.1474609375 0.4677734375 0.15234375 0.4609375 0.15234375 0.4560546875 0.1435546875 0.44775390625 0.1533203125 0.4453125 0.166015625 0.439453125 0.17578125 0.43212890625 0.189453125 0.427734375 0.19140625 0.421875 0.19140625 0.41748046875 0.189453125 0.4150390625 0.1962890625 0.416015625 0.23046875 0.4150390625 0.251953125 0.4130859375 0.2802734375 0.41259765625 0.3447265625 0.4130859375 0.373046875 0.4150390625 0.412109375 0.41845703125 0.427734375 0.4228515625 0.4404296875 0.42724609375 0.4501953125 0.4326171875 0.4501953125 0.43603515625 0.453125 0.4375 0.4658203125 0.43359375 0.4794921875 0.43017578125 0.494140625 0.431640625 0.50390625 0.43017578125 0.5068359375 0.42529296875 0.5068359375 0.412109375 0.4990234375 0.4013671875 0.4072265625 0.3994140625 0.333984375 0.40087890625 0.29296875 0.40185546875 0.2470703125 0.4052734375 0.2001953125
5 0.35546875 0.3984375 0.36865234375 0.3974609375 0.3876953125 0.396484375 0.39990234375 0.3994140625 0.40380859375 0.4033203125 0.41064453125 0.42578125 0.4130859375 0.431640625 0.41650390625 0.4326171875 0.419921875 0.4384765625 0.4189453125 0.4423828125 0.416015625 0.4482421875 0.41748046875 0.470703125 0.41748046875 0.501953125 0.41748046875 0.513671875 0.4150390625 0.5263671875 0.40966796875 0.5341796875 0.39208984375 0.5341796875 0.36767578125 0.525390625 0.353515625 0.484375 0.34619140625 0.4296875 0.3505859375 0.4091796875
4 0.3447265625 0.412109375 0.34521484375 0.3857421875 0.345703125 0.3447265625 0.3447265625 0.275390625 0.3427734375 0.2275390625 0.3447265625 0.1982421875 0.34521484375 0.17578125 0.34423828125 0.1455078125 0.337890625 0.142578125 0.3271484375 0.146484375 0.31201171875 0.1494140625 0.30859375 0.1484375 0.3017578125 0.158203125 0.294921875 0.16015625 0.28515625 0.1611328125 0.279296875 0.154296875 0.27099609375 0.1552734375 0.2607421875 0.1494140625 0.255859375 0.1416015625 0.25048828125 0.146484375 0.244140625 0.1591796875 0.2353515625 0.1640625 0.22802734375 0.1611328125 0.22119140625 0.1572265625 0.212890625 0.1572265625 0.2060546875 0.1455078125 0.19921875 0.1416015625 0.19775390625 0.1357421875 0.1982421875 0.1318359375 0.20361328125 0.125 0.2080078125 0.115234375 0.20849609375 0.1005859375 0.21044921875 0.08984375 0.21435546875 0.0869140625 0.2197265625 0.08203125 0.22412109375 0.0673828125 0.22509765625 0.05859375 0.2294921875 0.0546875 0.23583984375 0.0546875 0.24658203125 0.05859375 0.25537109375 0.0556640625 0.26708984375 0.0458984375 0.27294921875 0.0341796875 0.27783203125 0.0283203125 0.28076171875 0.0205078125 0.2802734375 0.0146484375 0.27490234375 0.0078125 0.27001953125 0.0 0.37060546875 0.0029296875 0.36572265625 0.03515625 0.3583984375 0.095703125 0.35693359375 0.1904296875 0.35791015625 0.2060546875 0.359375 0.2138671875 0.35546875 0.2333984375 0.35595703125 0.3076171875 0.357421875 0.3642578125 0.35888671875 0.421875 0.35791015625 0.4599609375 0.345703125 0.4150390625
5 0.236328125 0.4169921875 0.24267578125 0.404296875 0.25537109375 0.396484375 0.27978515625 0.3896484375 0.30859375 0.3876953125 0.3310546875 0.3896484375 0.3447265625 0.3994140625 0.3583984375 0.4365234375 0.361328125 0.447265625 0.3623046875 0.44140625 0.36865234375 0.44140625 0.3740234375 0.4423828125 0.376953125 0.44921875 0.37890625 0.458984375 0.37890625 0.4658203125 0.369140625 0.4736328125 0.37548828125 0.490234375 0.38330078125 0.513671875 0.384765625 0.5361328125 0.3857421875 0.5537109375 0.384765625 0.5771484375 0.38037109375 0.5927734375 0.3740234375 0.5947265625 0.36474609375 0.59375 0.35986328125 0.587890625 0.357421875 0.5810546875 0.357421875 0.5947265625 0.35595703125 0.6103515625 0.35302734375 0.6201171875 0.3466796875 0.623046875 0.3359375 0.6220703125 0.3310546875 0.6064453125 0.3271484375 0.587890625 0.3046875 0.5927734375 0.27978515625 0.5830078125 0.26171875 0.5078125 0.2451171875 0.443359375
5 0.1005859375 0.4091796875 0.11474609375 0.404296875 0.15869140625 0.3994140625 0.20166015625 0.3984375 0.23486328125 0.4013671875 0.251953125 0.412109375 0.26611328125 0.4423828125 0.2724609375 0.45703125 0.27880859375 0.4814453125 0.28466796875 0.4775390625 0.29443359375 0.482421875 0.29541015625 0.4921875 0.2958984375 0.5009765625 0.3017578125 0.513671875 0.30615234375 0.5400390625 0.30908203125 0.58203125 0.31005859375 0.615234375 0.31005859375 0.640625 0.30810546875 0.6552734375 0.29931640625 0.66015625 0.29150390625 0.65625 0.287109375 0.6484375 0.28515625 0.6318359375 0.2783203125 0.6328125 0.271484375 0.6357421875 0.2626953125 0.638671875 0.2490234375 0.6474609375 0.2490234375 0.669921875 0.2470703125 0.6943359375 0.2412109375 0.71484375 0.2294921875 0.72265625 0.208984375 0.712890625 0.1572265625 0.583984375 0.10546875 0.4423828125
5 0.01611328125 0.349609375 0.06689453125 0.3583984375 0.1015625 0.384765625 0.13720703125 0.4326171875 0.1572265625 0.47265625 0.16064453125 0.4794921875 0.17236328125 0.4794921875 0.17724609375 0.482421875 0.17919921875 0.4970703125 0.17724609375 0.517578125 0.19482421875 0.5390625 0.20556640625 0.5654296875 0.2109375 0.6064453125 0.212890625 0.6279296875 0.2158203125 0.6484375 0.21923828125 0.6962890625 0.21435546875 0.740234375 0.205078125 0.765625 0.18017578125 0.779296875 0.16748046875 0.7724609375 0.158203125 0.7421875 0.1181640625 0.767578125 0.08447265625 0.79296875 0.0673828125 0.8046875 0.05810546875 0.8134765625 0.05126953125 0.865234375 0.04296875 0.9130859375 0.0185546875 0.939453125 0.0 0.958984375 0.00048828125 0.349609375 0.0087890625 0.3486328125 0.013671875 0.3486328125
5 0.55712890625 0.427734375 0.55859375 0.4228515625 0.564453125 0.4208984375 0.57568359375 0.4208984375 0.5771484375 0.42578125 0.56689453125 0.462890625 0.560546875 0.4658203125 0.5595703125 0.4697265625 0.55712890625 0.470703125 0.55419921875 0.4677734375 0.5517578125 0.466796875 0.55126953125 0.458984375 0.552734375 0.4443359375 0.55517578125 0.4345703125
5 0.59814453125 0.4267578125 0.60302734375 0.44140625 0.6044921875 0.46484375 0.603515625 0.4736328125 0.6025390625 0.4775390625 0.59814453125 0.4794921875 0.59375 0.4765625 0.59033203125 0.474609375 0.5732421875 0.474609375 0.5712890625 0.478515625 0.56494140625 0.478515625 0.56201171875 0.4765625 0.5615234375 0.4697265625 0.560546875 0.4580078125 0.5654296875 0.43359375 0.57177734375 0.4208984375 0.5869140625 0.4208984375 0.59423828125 0.4208984375
2 0.62744140625 0.1552734375 0.83056640625 0.0546875 0.8388671875 0.4150390625 0.67822265625 0.470703125 0.65673828125 0.466796875 0.64794921875 0.458984375 0.62890625 0.453125 0.6279296875 0.3359375 0.6279296875 0.197265625
2 0.828125 0.0 1.0 0.0 1.0 0.5693359375 0.9423828125 0.5478515625 0.89013671875 0.5302734375 0.8271484375 0.4658203125 0.8271484375 0.216796875 0.82763671875 0.0908203125
4 0.67919921875 0.2744140625 0.67578125 0.263671875 0.671875 0.2587890625 0.65966796875 0.2626953125 0.6474609375 0.2548828125 0.6396484375 0.23828125 0.630859375 0.228515625 0.62646484375 0.216796875 0.62548828125 0.2080078125 0.625 0.1962890625 0.615234375 0.189453125 0.60791015625 0.18359375 0.60009765625 0.1748046875 0.591796875 0.16796875 0.5849609375 0.158203125 0.580078125 0.134765625 0.578125 0.12109375 0.5751953125 0.1171875 0.5703125 0.1298828125 0.5615234375 0.12890625 0.5556640625 0.1279296875 0.54443359375 0.1318359375 0.53662109375 0.12109375 0.537109375 0.0791015625 0.5341796875 0.0751953125 0.5263671875 0.080078125 0.5205078125 0.076171875 0.51708984375 0.0556640625 0.51611328125 0.0341796875 0.51220703125 0.0224609375 0.5078125 0.0048828125 0.50439453125 0.0 0.8974609375 0.0009765625 0.896484375 0.0068359375 0.89404296875 0.0205078125 0.892578125 0.029296875 0.89794921875 0.0400390625 0.90234375 0.048828125 0.91552734375 0.056640625 0.91943359375 0.0634765625 0.92236328125 0.0732421875 0.92041015625 0.0830078125 0.91259765625 0.095703125 0.90185546875 0.09765625 0.890625 0.09375 0.8837890625 0.0849609375 0.8779296875 0.0615234375 0.8701171875 0.0576171875 0.86279296875 0.0693359375 0.85400390625 0.0791015625 0.84375 0.0927734375 0.841796875 0.1005859375 0.845703125 0.1044921875 0.84814453125 0.1103515625 0.8447265625 0.1259765625 0.84326171875 0.1357421875 0.8359375 0.146484375 0.83203125 0.142578125 0.8232421875 0.1376953125 0.8154296875 0.138671875 0.8095703125 0.1318359375 0.8056640625 0.1416015625 0.806640625 0.150390625 0.8134765625 0.15234375 0.81982421875 0.154296875 0.8310546875 0.158203125 0.83642578125 0.158203125 0.837890625 0.1640625 0.8251953125 0.1748046875 0.81884765625 0.173828125 0.8134765625 0.181640625 0.81396484375 0.1875 0.81298828125 0.2001953125 0.80859375 0.2001953125 0.80224609375 0.19921875 0.79931640625 0.2080078125 0.79296875 0.2041015625 0.78662109375 0.1962890625 0.7822265625 0.20703125 0.77587890625 0.2080078125 0.77099609375 0.208984375 0.76904296875 0.2353515625 0.76953125 0.2646484375 0.767578125 0.361328125 0.76708984375 0.384765625 0.7509765625 0.3896484375 0.75244140625 0.3310546875 0.74951171875 0.2607421875 0.75048828125 0.2236328125 0.74951171875 0.2158203125 0.74560546875 0.2158203125 0.748046875 0.2001953125 0.74169921875 0.19921875 0.73974609375 0.1962890625 0.74658203125 0.1826171875 0.7509765625 0.17578125 0.75 0.1572265625 0.74755859375 0.142578125 0.7431640625 0.1416015625 0.73779296875 0.140625 0.72802734375 0.138671875 0.7236328125 0.138671875 0.71630859375 0.1552734375 0.71533203125 0.1689453125 0.71923828125 0.1767578125 0.72021484375 0.1865234375 0.71923828125 0.197265625 0.7177734375 0.2060546875 0.712890625 0.2119140625 0.70703125 0.2138671875 0.7021484375 0.212890625 0.6953125 0.216796875 0.7001953125 0.2275390625 0.70068359375 0.248046875 0.68994140625 0.3037109375 0.69189453125 0.41796875 0.67919921875 0.45703125 0.6796875 0.3359375 0.67919921875 0.291015625
5 0.6728515625 0.4326171875 0.67578125 0.4287109375 0.68310546875 0.4267578125 0.68603515625 0.4208984375 0.68701171875 0.4150390625 0.689453125 0.4091796875 0.6923828125 0.404296875 0.69677734375 0.4013671875 0.7001953125 0.3984375 0.708984375 0.3984375 0.67822265625 0.4951171875 0.67529296875 0.4921875 0.67236328125 0.4755859375 0.6728515625 0.4619140625 0.67822265625 0.4443359375 0.67626953125 0.4404296875 0.67333984375 0.4365234375
5 0.71044921875 0.392578125 0.7333984375 0.3896484375 0.75146484375 0.3916015625 0.7158203125 0.587890625 0.70703125 0.615234375 0.6982421875 0.6171875 0.69140625 0.609375 0.69140625 0.5869140625 0.69140625 0.5751953125 0.689453125 0.57421875 0.68603515625 0.57421875 0.685546875 0.583984375 0.68115234375 0.59375 0.67431640625 0.58984375 0.6708984375 0.58203125 0.669921875 0.5546875 0.67041015625 0.5205078125 0.671875 0.4951171875 0.67578125 0.46875 0.67041015625 0.4677734375 0.66748046875 0.4609375 0.66796875 0.453125 0.67236328125 0.4501953125 0.68017578125 0.4501953125 0.68310546875 0.4521484375 0.68603515625 0.443359375 0.6943359375 0.419921875 0.7001953125 0.400390625 0.70458984375 0.3955078125
5 0.7314453125 0.4345703125 0.7392578125 0.40625 0.74755859375 0.38671875 0.76953125 0.3759765625 0.8095703125 0.3759765625 0.84326171875 0.3798828125 0.8681640625 0.390625 0.8720703125 0.4111328125 0.88525390625 0.4609375 0.8916015625 0.4990234375 0.892578125 0.5263671875 0.89794921875 0.548828125 0.90234375 0.560546875 0.9072265625 0.587890625 0.90673828125 0.6181640625 0.904296875 0.6376953125 0.900390625 0.6552734375 0.89697265625 0.6689453125 0.88720703125 0.6708984375 0.87744140625 0.669921875 0.87255859375 0.662109375 0.869140625 0.6494140625 0.8544921875 0.64453125 0.82568359375 0.63671875 0.7802734375 0.6376953125 0.7744140625 0.662109375 0.7626953125 0.6748046875 0.7490234375 0.671875 0.74072265625 0.6640625 0.73974609375 0.642578125 0.73779296875 0.626953125 0.72705078125 0.6201171875 0.72265625 0.619140625 0.72021484375 0.6318359375 0.71923828125 0.6376953125 0.71240234375 0.6396484375 0.70849609375 0.6337890625 0.7060546875 0.6064453125 0.70458984375 0.5615234375 0.70703125 0.537109375 0.71240234375 0.5224609375 0.71484375 0.498046875 0.7197265625 0.4638671875 0.7158203125 0.455078125 0.71630859375 0.443359375 0.7197265625 0.4384765625 0.7265625 0.4365234375
