0 0.75146484375 0.380859375 0.5400390625 0.4013671875 0.42138671875 0.39453125 0.0 0.4091796875 0.0 1.0 0.0 1.0 1.0 1.0 1.0 0.4638671875
1 0.4287109375 0.4541015625 0.42529296875 0.451171875 0.42578125 0.451171875 0.4345703125 0.44921875 0.4375 0.443359375 0.43310546875 0.4287109375 0.0 0.439453125 0.0 0.56640625 0.1318359375 0.529296875 0.2021484375 0.5107421875 0.20849609375 0.5068359375 0.2353515625 0.5009765625 0.3125 0.484375 0.3515625 0.474609375 0.369140625 0.470703125 0.392578125 0.462890625 0.4091796875 0.4580078125
2 0.53125 0.3505859375 0.53125 0.3681640625 0.55029296875 0.3671875 0.548828125 0.3046875 0.5361328125 0.3046875 0.53369140625 0.3115234375 0.53369140625 0.3408203125
2 0.50439453125 0.3935546875 0.50439453125 0.296875 0.4921875 0.2958984375 0.48974609375 0.2802734375 0.4873046875 0.294921875 0.48193359375 0.2958984375 0.48193359375 0.2861328125 0.4814453125 0.2841796875 0.48095703125 0.2529296875 0.47900390625 0.2529296875 0.47900390625 0.2607421875 0.478515625 0.2607421875 0.47802734375 0.2392578125 0.47705078125 0.23828125 0.47705078125 0.181640625 0.47412109375 0.1669921875 0.46630859375 0.1669921875 0.4658203125 0.1640625 0.4521484375 0.1640625 0.45263671875 0.15625 0.4501953125 0.1513671875 0.447265625 0.154296875 0.447265625 0.1376953125 0.4443359375 0.126953125 0.4404296875 0.1240234375 0.43994140625 0.1103515625 0.4345703125 0.109375 0.43408203125 0.115234375 0.4287109375 0.115234375 0.42822265625 0.1103515625 0.42431640625 0.109375 0.4169921875 0.384765625 0.42041015625 0.439453125 0.43212890625 0.4404296875 0.45263671875 0.4404296875 0.4794921875 0.44921875 0.4853515625 0.4501953125 0.501953125 0.443359375
2 0.078125 0.5 0.044921875 0.5068359375 0.0 0.5126953125 0.0 0.0 0.42529296875 0.0009765625 0.42529296875 0.4189453125 0.423828125 0.4423828125 0.3916015625 0.451171875 0.3662109375 0.4580078125 0.35205078125 0.45703125 0.3251953125 0.4619140625 0.31640625 0.4619140625 0.30224609375 0.4609375 0.30224609375 0.4658203125 0.2734375 0.46875 0.201171875 0.4814453125 0.15673828125 0.4853515625 0.095703125 0.4951171875
5 0.513671875 0.4423828125 0.51318359375 0.4296875 0.51171875 0.4228515625 0.50390625 0.4228515625 0.5 0.4267578125 0.50390625 0.4423828125 0.505859375 0.4423828125 0.50634765625 0.439453125 0.51123046875 0.439453125 0.51171875 0.4423828125
5 0.529296875 0.4462890625 0.529296875 0.4384765625 0.52880859375 0.4326171875 0.5263671875 0.4228515625 0.517578125 0.423828125 0.51513671875 0.435546875 0.51513671875 0.4462890625 0.517578125 0.4462890625 0.517578125 0.443359375 0.52685546875 0.443359375 0.52685546875 0.4462890625
2 0.607421875 0.4423828125 0.58837890625 0.4443359375 0.5703125 0.4453125 0.54638671875 0.4267578125 0.54638671875 0.3818359375 0.54638671875 0.3056640625 0.5478515625 0.2939453125 0.5478515625 0.275390625 0.5517578125 0.2490234375 0.5556640625 0.2431640625 0.560546875 0.22265625 0.56689453125 0.2138671875 0.57861328125 0.2099609375 0.58251953125 0.2080078125 0.5888671875 0.1806640625 0.58935546875 0.146484375 0.5947265625 0.146484375 0.5947265625 0.134765625 0.5966796875 0.1357421875 0.5966796875 0.1474609375 0.6064453125 0.1474609375 0.6064453125 0.0009765625 1.0 0.0 1.0 0.4501953125 0.6630859375 0.4951171875 0.63134765625 0.474609375 0.62841796875 0.4599609375 0.60986328125 0.451171875 0.6103515625 0.44140625
4 0.56591796875 0.3818359375 0.5625 0.3798828125 0.5595703125 0.373046875 0.5517578125 0.3642578125 0.5517578125 0.34375 0.55029296875 0.3291015625 0.5478515625 0.32421875 0.5498046875 0.3115234375 0.54931640625 0.291015625 0.55078125 0.2841796875 0.5576171875 0.275390625 0.5654296875 0.2783203125 0.5712890625 0.2822265625 0.58056640625 0.275390625 0.587890625 0.263671875 0.59521484375 0.259765625 0.60400390625 0.2568359375 0.60595703125 0.2587890625 0.60595703125 0.31640625 0.59716796875 0.3271484375 0.59716796875 0.3330078125 0.5986328125 0.3330078125 0.60009765625 0.376953125 0.59765625 0.3798828125 0.59814453125 0.3837890625 0.60693359375 0.3798828125 0.6064453125 0.3994140625 0.5869140625 0.404296875 0.58642578125 0.44140625 0.58447265625 0.44140625 0.583984375 0.40625 0.56787109375 0.41015625 0.56689453125 0.4013671875 0.5654296875 0.390625
1 0.50927734375 0.451171875 0.5078125 0.44921875 0.50537109375 0.4482421875 0.482421875 0.4482421875 0.47900390625 0.451171875 0.47119140625 0.455078125 0.46240234375 0.458984375 0.39794921875 0.4931640625 0.3974609375 0.501953125 0.431640625 0.501953125 0.443359375 0.5009765625 0.45166015625 0.4990234375 0.4638671875 0.494140625 0.47216796875 0.48828125 0.486328125 0.4765625 0.4921875 0.46875 0.50244140625 0.458984375
2 0.48046875 0.38671875 0.48046875 0.3935546875 0.49462890625 0.3955078125 0.4951171875 0.4228515625 0.49365234375 0.4580078125 0.50439453125 0.4501953125 0.50439453125 0.4248046875 0.50341796875 0.3896484375 0.494140625 0.38671875
3 0.4814453125 0.466796875 0.482421875 0.423828125 0.498046875 0.423828125 0.49755859375 0.45703125
1 0.59326171875 0.4462890625 0.58349609375 0.443359375 0.57177734375 0.4453125 0.5712890625 0.447265625 0.572265625 0.4482421875 0.5888671875 0.4482421875
1 0.61669921875 0.44921875 0.607421875 0.447265625 0.5927734375 0.447265625 0.580078125 0.44921875 0.57861328125 0.451171875 0.57861328125 0.455078125 0.60595703125 0.4619140625 0.61669921875 0.4658203125 0.61865234375 0.4677734375 0.61767578125 0.4697265625 0.60498046875 0.47265625 0.59912109375 0.474609375 0.59912109375 0.48046875 0.6201171875 0.4873046875 0.63232421875 0.4951171875 0.64599609375 0.50390625 0.65673828125 0.51171875 0.662109375 0.5166015625 0.6640625 0.5166015625 0.6650390625 0.5205078125 0.6640625 0.525390625 0.65673828125 0.53515625 0.6533203125 0.5537109375 0.65234375 0.56640625 0.65283203125 0.5732421875 0.65576171875 0.580078125 0.66650390625 0.58203125 0.6787109375 0.580078125 0.7060546875 0.484375 0.6416015625 0.453125 0.62841796875 0.4501953125
5 0.54248046875 0.4228515625 0.53955078125 0.423828125 0.5380859375 0.4287109375 0.53662109375 0.43359375 0.5361328125 0.44140625 0.53564453125 0.453125 0.53759765625 0.4541015625 0.55322265625 0.455078125 0.55322265625 0.447265625 0.55126953125 0.4248046875
5 0.5654296875 0.423828125 0.5595703125 0.42578125 0.55712890625 0.431640625 0.55908203125 0.4501953125 0.5703125 0.4501953125 0.5703125 0.453125 0.57275390625 0.453125 0.5732421875 0.4462890625 0.5732421875 0.4384765625 0.572265625 0.4326171875 0.5703125 0.42578125
5 0.5595703125 0.4580078125 0.5595703125 0.4462890625 0.55859375 0.4375 0.5576171875 0.4296875 0.55517578125 0.4208984375 0.54931640625 0.4208984375 0.54296875 0.4208984375 0.54052734375 0.4287109375 0.5380859375 0.4384765625 0.5380859375 0.4580078125 0.54052734375 0.4580078125 0.541015625 0.455078125 0.54150390625 0.4541015625 0.5498046875 0.455078125 0.5556640625 0.455078125 0.5556640625 0.4580078125
4 0.6904296875 0.4091796875 0.68603515625 0.4130859375 0.68603515625 0.41796875 0.6806640625 0.416015625 0.67529296875 0.416015625 0.671875 0.4189453125 0.66845703125 0.427734375 0.6689453125 0.4375 0.66748046875 0.4423828125 0.66748046875 0.4482421875 0.6689453125 0.462890625 0.669921875 0.4697265625 0.673828125 0.4765625 0.68994140625 0.451171875 0.69287109375 0.4140625
4 0.7080078125 0.2529296875 0.70458984375 0.2529296875 0.70361328125 0.265625 0.70556640625 0.27734375 0.7080078125 0.283203125 0.7138671875 0.28125 0.71533203125 0.287109375 0.72021484375 0.2900390625 0.724609375 0.294921875 0.7294921875 0.2939453125 0.7333984375 0.3017578125 0.7373046875 0.30859375 0.73779296875 0.30859375 0.73876953125 0.263671875 0.7421875 0.2548828125 0.74169921875 0.2099609375 0.73876953125 0.2041015625 0.73681640625 0.212890625 0.73291015625 0.220703125 0.73193359375 0.2333984375 0.73388671875 0.2421875 0.7353515625 0.244140625 0.73486328125 0.2470703125 0.7294921875 0.2490234375 0.72509765625 0.248046875 0.72216796875 0.244140625 0.71875 0.2451171875 0.71826171875 0.2509765625 0.7158203125 0.2509765625 0.71435546875 0.2470703125 0.71240234375 0.244140625 0.7109375 0.244140625
5 0.8203125 0.376953125 0.80712890625 0.3681640625 0.80029296875 0.3662109375 0.791015625 0.365234375 0.7705078125 0.369140625 0.7646484375 0.3701171875 0.74560546875 0.37109375 0.72314453125 0.375 0.71728515625 0.373046875 0.708984375 0.373046875 0.70166015625 0.3779296875 0.69580078125 0.38671875 0.6923828125 0.3974609375 0.6796875 0.4482421875 0.677734375 0.4404296875 0.67431640625 0.4375 0.669921875 0.4404296875 0.66748046875 0.4501953125 0.66748046875 0.4580078125 0.669921875 0.4658203125 0.67138671875 0.4697265625 0.66650390625 0.4794921875 0.66357421875 0.494140625 0.6630859375 0.515625 0.6630859375 0.53515625 0.66357421875 0.556640625 0.6650390625 0.5947265625 0.66650390625 0.60546875 0.66943359375 0.6103515625 0.673828125 0.6103515625 0.6796875 0.6103515625 0.6826171875 0.6064453125 0.68359375 0.5986328125 0.68359375 0.587890625 0.68896484375 0.5927734375 0.68994140625 0.619140625 0.69140625 0.6376953125 0.69384765625 0.6416015625 0.69677734375 0.64453125 0.7021484375 0.6435546875 0.70947265625 0.6416015625 0.71240234375 0.6357421875 0.7138671875 0.6171875 0.7138671875 0.6044921875 0.7275390625 0.6044921875 0.7783203125 0.6005859375 0.8076171875 0.59765625 0.82763671875 0.583984375
4 0.775390625 0.4873046875 0.7783203125 0.5908203125 0.779296875 0.642578125 0.814453125 0.6455078125 0.88671875 0.4306640625 0.880859375 0.4072265625 0.87744140625 0.314453125 0.87109375 0.2333984375 0.8642578125 0.12890625 0.86083984375 0.087890625 0.8564453125 0.0 0.8310546875 0.0 0.7978515625 0.0 0.8017578125 0.0703125 0.80322265625 0.1376953125 0.80517578125 0.2333984375 0.806640625 0.28515625 0.80810546875 0.3203125 0.81005859375 0.4248046875 0.8095703125 0.546875 0.80859375 0.587890625 0.8046875 0.5947265625 0.79833984375 0.55859375 0.7900390625 0.4921875 0.77880859375 0.4873046875
5 0.85888671875 0.7548828125 0.8525390625 0.779296875 0.83935546875 0.78515625 0.828125 0.78515625 0.81884765625 0.7724609375 0.8125 0.7548828125 0.80517578125 0.697265625 0.80419921875 0.611328125 0.80712890625 0.576171875 0.81103515625 0.560546875 0.818359375 0.5419921875 0.83154296875 0.5224609375 0.830078125 0.505859375 0.83349609375 0.4912109375 0.8408203125 0.4814453125 0.849609375 0.4814453125 0.86328125 0.451171875 0.8935546875 0.392578125 0.912109375 0.3701171875 0.939453125 0.3525390625 0.9716796875 0.341796875 1.0 0.3388671875 0.99951171875 0.9677734375 0.98681640625 0.951171875 0.97705078125 0.9267578125 0.97216796875 0.892578125 0.9736328125 0.8515625 0.90234375 0.787109375
