0 0.30517578125 0.447265625 0.44775390625 0.4423828125 0.59130859375 0.44140625 0.6875 0.4541015625 0.85400390625 0.6064453125 1.0 0.7265625 0.99951171875 1.0 0.00048828125 1.0 0.0 0.5341796875 0.1279296875 0.501953125 0.2197265625 0.474609375
1 0.462890625 0.453125 0.5869140625 0.451171875 0.673828125 0.455078125 0.677734375 0.46875 0.6025390625 0.474609375 0.56591796875 0.4755859375 0.50390625 0.4736328125 0.45556640625 0.466796875
1 0.71240234375 0.453125 1.0 0.5400390625 1.0 0.8564453125 0.80810546875 0.68359375 0.68603515625 0.5703125 0.61328125 0.50390625 0.603515625 0.4951171875 0.60302734375 0.486328125 0.634765625 0.4755859375 0.66748046875 0.470703125 0.68798828125 0.4658203125
2 0.27001953125 0.1962890625 0.2841796875 0.19921875 0.28466796875 0.2099609375 0.3125 0.201171875 0.32763671875 0.177734375 0.341796875 0.1767578125 0.34228515625 0.1708984375 0.34130859375 0.16015625 0.37109375 0.150390625 0.404296875 0.1552734375 0.4052734375 0.1826171875 0.412109375 0.181640625 0.41259765625 0.177734375 0.41162109375 0.1728515625 0.423828125 0.1689453125 0.42919921875 0.166015625 0.43115234375 0.1572265625 0.4423828125 0.1572265625 0.4404296875 0.4443359375 0.37548828125 0.453125 0.26708984375 0.455078125
4 0.31640625 0.3916015625 0.31591796875 0.384765625 0.31640625 0.376953125 0.31884765625 0.37109375 0.32080078125 0.3642578125 0.3251953125 0.359375 0.3291015625 0.36328125 0.33154296875 0.365234375 0.3349609375 0.3583984375 0.3349609375 0.3486328125 0.3349609375 0.3427734375 0.3349609375 0.333984375 0.33642578125 0.330078125 0.33935546875 0.322265625 0.34423828125 0.3271484375 0.3486328125 0.3291015625 0.35009765625 0.330078125 0.35595703125 0.3310546875 0.361328125 0.33203125 0.3623046875 0.3359375 0.36376953125 0.3427734375 0.36669921875 0.3486328125 0.3681640625 0.3525390625 0.37060546875 0.3583984375 0.37353515625 0.3662109375 0.375 0.3671875 0.38037109375 0.3671875 0.38427734375 0.3671875 0.388671875 0.365234375 0.388671875 0.3583984375 0.38671875 0.345703125 0.38623046875 0.33203125 0.38720703125 0.328125 0.39013671875 0.32421875 0.39111328125 0.3134765625 0.3974609375 0.296875 0.4033203125 0.29296875 0.40966796875 0.2880859375 0.4150390625 0.28515625 0.41845703125 0.28515625 0.42333984375 0.4462890625 0.38818359375 0.453125 0.33837890625 0.42578125 0.32373046875 0.40625
2 0.40673828125 0.4052734375 0.4111328125 0.3876953125 0.41552734375 0.375 0.41552734375 0.2509765625 0.41162109375 0.2451171875 0.416015625 0.23046875 0.42138671875 0.2158203125 0.419921875 0.2041015625 0.423828125 0.189453125 0.4404296875 0.1611328125 0.44091796875 0.146484375 0.44287109375 0.146484375 0.4423828125 0.1337890625 0.44775390625 0.1240234375 0.44921875 0.107421875 0.45068359375 0.1103515625 0.45068359375 0.115234375 0.4560546875 0.1083984375 0.45751953125 0.1044921875 0.4580078125 0.091796875 0.470703125 0.072265625 0.4853515625 0.0458984375 0.486328125 0.021484375 0.48974609375 0.0185546875 0.50146484375 0.01953125 0.517578125 0.00390625 0.51708984375 0.0 0.68017578125 0.0 0.67724609375 0.466796875 0.5947265625 0.4658203125 0.548828125 0.46484375 0.4892578125 0.4580078125 0.41552734375 0.431640625 0.41552734375 0.412109375 0.40673828125 0.4111328125
2 0.66943359375 0.0 1.0 0.0009765625 0.99951171875 0.5791015625 0.8720703125 0.541015625 0.7314453125 0.494140625 0.7197265625 0.49609375 0.70361328125 0.4873046875 0.69775390625 0.48828125 0.69482421875 0.4853515625 0.67529296875 0.48046875 0.6728515625 0.3583984375 0.669921875 0.03515625
5 0.39208984375 0.435546875 0.3974609375 0.4296875 0.4033203125 0.4296875 0.40478515625 0.4482421875 0.400390625 0.458984375 0.392578125 0.4404296875
5 0.404296875 0.423828125 0.41357421875 0.421875 0.41748046875 0.4208984375 0.42041015625 0.431640625 0.4091796875 0.458984375 0.404296875 0.4609375 0.4013671875 0.458984375 0.400390625 0.447265625 0.40185546875 0.435546875 0.40234375 0.4267578125 0.40234375 0.4248046875
5 0.421875 0.427734375 0.4150390625 0.4599609375 0.41162109375 0.4619140625 0.40771484375 0.458984375 0.4072265625 0.451171875 0.40966796875 0.4375 0.4140625 0.4296875 0.41943359375 0.427734375
5 0.43212890625 0.42578125 0.43310546875 0.435546875 0.42724609375 0.4599609375 0.42333984375 0.4609375 0.42138671875 0.462890625 0.41357421875 0.4619140625 0.412109375 0.453125 0.4150390625 0.4404296875 0.41943359375 0.4287109375 0.4248046875 0.42578125
5 0.43896484375 0.4296875 0.4326171875 0.46484375 0.4287109375 0.4658203125 0.42626953125 0.462890625 0.42529296875 0.453125 0.4267578125 0.4423828125 0.42919921875 0.431640625 0.43603515625 0.4296875
5 0.447265625 0.4228515625 0.4560546875 0.42578125 0.44921875 0.4482421875 0.4423828125 0.4658203125 0.4384765625 0.4658203125 0.431640625 0.46484375 0.431640625 0.4521484375 0.43408203125 0.439453125 0.4375 0.4287109375 0.4453125 0.423828125
5 0.462890625 0.42578125 0.470703125 0.4267578125 0.4775390625 0.4375 0.466796875 0.4599609375 0.4560546875 0.4609375 0.45361328125 0.466796875 0.44921875 0.4658203125 0.44091796875 0.4638671875 0.44140625 0.455078125 0.443359375 0.443359375 0.4453125 0.4365234375 0.45166015625 0.4267578125 0.45751953125 0.42578125 0.4609375 0.42578125
1 0.19091796875 0.4931640625 0.177734375 0.57421875 0.0947265625 0.6083984375 0.0 0.6455078125 0.0 0.544921875 0.08056640625 0.5283203125 0.15380859375 0.5078125
2 0.26708984375 0.021484375 0.271484375 0.205078125 0.30029296875 0.228515625 0.29931640625 0.255859375 0.2734375 0.263671875 0.2724609375 0.416015625 0.1728515625 0.5146484375 0.13330078125 0.52734375 0.05029296875 0.5478515625 0.013671875 0.560546875 0.0 0.5615234375 0.0 0.001953125 0.26708984375 0.0009765625
5 0.380859375 0.4111328125 0.39013671875 0.41015625 0.3984375 0.4345703125 0.4013671875 0.453125 0.4033203125 0.4931640625 0.39990234375 0.50390625 0.396484375 0.501953125 0.3955078125 0.494140625 0.3955078125 0.49609375 0.39404296875 0.5068359375 0.388671875 0.509765625 0.380859375 0.5068359375 0.376953125 0.4716796875 0.37841796875 0.42578125
5 0.3095703125 0.388671875 0.330078125 0.3837890625 0.3662109375 0.3828125 0.38232421875 0.3857421875 0.38623046875 0.431640625 0.388671875 0.48046875 0.38818359375 0.509765625 0.38330078125 0.5146484375 0.37890625 0.51171875 0.375 0.501953125 0.373046875 0.501953125 0.37060546875 0.50390625 0.3701171875 0.5087890625 0.36962890625 0.5166015625 0.3681640625 0.5224609375 0.361328125 0.5224609375 0.359375 0.515625 0.35888671875 0.51171875 0.34912109375 0.5146484375 0.33447265625 0.5146484375 0.33154296875 0.5205078125 0.32666015625 0.5205078125 0.3232421875 0.5126953125 0.31982421875 0.5126953125 0.3134765625 0.5126953125 0.31201171875 0.5205078125 0.30712890625 0.5283203125 0.29736328125 0.5283203125 0.29736328125 0.4609375 0.30029296875 0.4462890625 0.296875 0.4423828125 0.2958984375 0.4326171875 0.29638671875 0.423828125 0.298828125 0.4208984375 0.302734375 0.42578125 0.30517578125 0.41015625 0.3076171875 0.3935546875
5 0.19921875 0.435546875 0.208984375 0.41796875 0.22412109375 0.4111328125 0.2646484375 0.4072265625 0.27783203125 0.4111328125 0.2880859375 0.419921875 0.29541015625 0.4453125 0.3017578125 0.47265625 0.302734375 0.4912109375 0.3046875 0.5205078125 0.30224609375 0.5478515625 0.2998046875 0.5537109375 0.2919921875 0.5546875 0.2900390625 0.548828125 0.28857421875 0.541015625 0.28173828125 0.5439453125 0.28173828125 0.5556640625 0.27978515625 0.564453125 0.27587890625 0.568359375 0.26318359375 0.5703125 0.25537109375 0.5634765625 0.251953125 0.5546875 0.22119140625 0.560546875 0.19677734375 0.5634765625 0.19580078125 0.5693359375 0.1875 0.580078125 0.1748046875 0.5751953125 0.16943359375 0.5595703125 0.16845703125 0.5439453125 0.1689453125 0.5322265625 0.17236328125 0.5126953125 0.17431640625 0.4970703125 0.1806640625 0.48046875 0.1826171875 0.4765625 0.17919921875 0.4716796875 0.17822265625 0.462890625 0.18017578125 0.458984375 0.18896484375 0.455078125 0.1923828125 0.4501953125 0.197265625 0.439453125
4 0.6044921875 0.4375 0.6103515625 0.4384765625 0.6171875 0.4404296875 0.62158203125 0.4423828125 0.62744140625 0.4453125 0.62890625 0.4541015625 0.6279296875 0.4638671875 0.6279296875 0.46875 0.62939453125 0.48046875 0.61865234375 0.4794921875 0.611328125 0.4765625 0.607421875 0.474609375 0.60400390625 0.48828125 0.60400390625 0.5 0.599609375 0.49609375 0.599609375 0.4853515625 0.599609375 0.4794921875 0.59765625 0.4736328125 0.59326171875 0.4697265625 0.5908203125 0.4638671875 0.5947265625 0.4482421875 0.5966796875 0.4443359375
