0 0.0126953125 0.3486328125 1.0 0.3955078125 1.0 0.9990234375 0.0 1.0 0.0 0.3349609375
1 0.00830078125 0.576171875 0.3681640625 0.48046875 0.49072265625 0.4482421875 0.48486328125 0.44140625 0.443359375 0.4365234375 0.298828125 0.45703125 0.1904296875 0.45703125 0.029296875 0.474609375 0.0 0.474609375 0.0 0.578125
1 0.978515625 0.9931640625 0.673828125 0.5234375 0.6328125 0.4404296875 0.7177734375 0.421875 1.0 0.5009765625 1.0 1.0
2 0.39208984375 0.0 0.39404296875 0.0087890625 0.4033203125 0.0087890625 0.40234375 0.001953125 0.40771484375 0.0029296875 0.408203125 0.0078125 0.41162109375 0.0087890625 0.41455078125 0.0 0.41796875 0.0 0.4169921875 0.0439453125 0.44677734375 0.0458984375 0.447265625 0.0791015625 0.4873046875 0.080078125 0.48779296875 0.0869140625 0.498046875 0.087890625 0.4990234375 0.185546875 0.53759765625 0.1884765625 0.5380859375 0.181640625 0.54541015625 0.181640625 0.54638671875 0.1884765625 0.5830078125 0.19140625 0.58544921875 0.181640625 0.5869140625 0.181640625 0.58740234375 0.1767578125 0.58935546875 0.1767578125 0.5908203125 0.18359375 0.59521484375 0.1845703125 0.595703125 0.1787109375 0.60205078125 0.1787109375 0.60205078125 0.1845703125 0.60986328125 0.1865234375 0.60888671875 0.1806640625 0.61669921875 0.1796875 0.6171875 0.1865234375 0.619140625 0.1875 0.6220703125 0.1826171875 0.62548828125 0.189453125 0.626953125 0.1884765625 0.62646484375 0.181640625 0.6318359375 0.181640625 0.63232421875 0.189453125 0.6455078125 0.189453125 0.64453125 0.0634765625 0.6474609375 0.0556640625 0.6474609375 0.02734375 0.65185546875 0.01171875 0.671875 0.0068359375 0.68359375 0.017578125 0.6865234375 0.0166015625 0.68603515625 0.0 1.0 0.0 1.0 0.5205078125 0.9990234375 0.5185546875 0.8642578125 0.4892578125 0.841796875 0.4814453125 0.79248046875 0.4697265625 0.7861328125 0.4716796875 0.77294921875 0.4609375 0.7392578125 0.451171875 0.73291015625 0.4541015625 0.73291015625 0.4453125 0.716796875 0.4453125 0.708984375 0.4375 0.69677734375 0.4287109375 0.67724609375 0.4375 0.6435546875 0.4287109375 0.6337890625 0.431640625 0.611328125 0.4296875 0.56494140625 0.4296875 0.45361328125 0.4482421875 0.42529296875 0.44921875 0.37841796875 0.455078125 0.37646484375 0.45703125 0.36962890625 0.45703125 0.3681640625 0.453125 0.349609375 0.453125 0.34912109375 0.4609375 0.33984375 0.4609375 0.33984375 0.4541015625 0.32666015625 0.4541015625 0.30859375 0.46484375 0.28369140625 0.4755859375 0.26123046875 0.4736328125 0.220703125 0.4765625 0.0634765625 0.509765625 0.0 0.51953125 0.0 0.0
2 0.06787109375 0.341796875 0.13525390625 0.337890625 0.19384765625 0.3486328125 0.1767578125 0.353515625 0.17626953125 0.5126953125 0.140625 0.51171875 0.12451171875 0.5146484375 0.11572265625 0.5244140625 0.0830078125 0.5234375 0.0830078125 0.5048828125 0.06982421875 0.5068359375
5 0.47021484375 0.41796875 0.4599609375 0.41796875 0.45703125 0.421875 0.455078125 0.427734375 0.45263671875 0.4306640625 0.451171875 0.435546875 0.45068359375 0.4384765625 0.451171875 0.4501953125 0.45263671875 0.451171875 0.4541015625 0.4501953125 0.4560546875 0.44921875 0.45703125 0.44921875 0.45849609375 0.4501953125 0.46044921875 0.4501953125 0.4619140625 0.4482421875 0.4658203125 0.4482421875 0.46630859375 0.4501953125 0.46875 0.451171875 0.47021484375 0.44921875 0.470703125 0.447265625 0.47265625 0.447265625 0.4736328125 0.4501953125 0.4765625 0.4501953125 0.4775390625 0.44140625 0.47802734375 0.4345703125 0.4765625 0.427734375 0.47412109375 0.4189453125
5 0.64453125 0.41015625 0.64013671875 0.41015625 0.63916015625 0.4130859375 0.63623046875 0.41796875 0.63525390625 0.4248046875 0.634765625 0.4296875 0.634765625 0.435546875 0.63525390625 0.44140625 0.6357421875 0.4453125 0.63623046875 0.44921875 0.63916015625 0.4501953125 0.640625 0.4453125 0.64208984375 0.4365234375 0.64599609375 0.42578125
4 0.7080078125 0.3310546875 0.69775390625 0.333984375 0.69091796875 0.3310546875 0.68896484375 0.326171875 0.6884765625 0.326171875 0.681640625 0.328125 0.677734375 0.328125 0.6728515625 0.330078125 0.66748046875 0.333984375 0.6650390625 0.349609375 0.66455078125 0.35546875 0.66064453125 0.361328125 0.65966796875 0.361328125 0.65771484375 0.3642578125 0.654296875 0.3701171875 0.65283203125 0.3759765625 0.65576171875 0.3837890625 0.65771484375 0.3896484375 0.658203125 0.40234375 0.65966796875 0.40625 0.66259765625 0.4052734375 0.66650390625 0.4052734375 0.67041015625 0.4052734375 0.6728515625 0.404296875 0.6748046875 0.3984375 0.677734375 0.39453125 0.67822265625 0.3994140625 0.6787109375 0.41015625 0.67626953125 0.4111328125 0.673828125 0.4130859375 0.6748046875 0.4189453125 0.67822265625 0.4189453125 0.68359375 0.419921875 0.68896484375 0.4189453125 0.68896484375 0.4267578125 0.6904296875 0.431640625 0.69677734375 0.4345703125 0.70458984375 0.435546875 0.70947265625 0.4326171875 0.70849609375 0.3984375 0.70849609375 0.3740234375 0.7060546875 0.373046875 0.70556640625 0.3642578125 0.708984375 0.3603515625
5 0.66162109375 0.4013671875 0.64404296875 0.4033203125 0.64111328125 0.412109375 0.63916015625 0.4248046875 0.63818359375 0.4404296875 0.63916015625 0.44921875 0.64013671875 0.453125 0.64208984375 0.453125 0.64306640625 0.4521484375 0.6435546875 0.4501953125 0.6455078125 0.44921875 0.64794921875 0.447265625 0.65087890625 0.447265625 0.65380859375 0.4453125 0.658203125 0.4462890625 0.66455078125 0.443359375 0.66943359375 0.43359375 0.669921875 0.4267578125 0.66748046875 0.412109375 0.66357421875 0.40234375
4 0.77978515625 0.392578125 0.77392578125 0.4169921875 0.7734375 0.4287109375 0.77294921875 0.4375 0.77392578125 0.4404296875 0.7783203125 0.4404296875 0.7841796875 0.4404296875 0.7900390625 0.44140625 0.79248046875 0.4384765625 0.7919921875 0.412109375 0.7890625 0.3984375 0.7861328125 0.4072265625 0.7841796875 0.4130859375 0.78271484375 0.4169921875 0.78076171875 0.396484375
