0 0.0009765625 0.443359375 1.0 0.484375 1.0 1.0 0.0 1.0
1 0.41015625 0.4482421875 1.0 0.47265625 0.99658203125 0.5458984375 0.822265625 0.5380859375 0.685546875 0.521484375 0.62890625 0.53125 0.60595703125 0.5341796875 0.48291015625 0.529296875
2 0.0 0.0009765625 1.0 0.0009765625 1.0 0.5146484375 0.85498046875 0.509765625 0.8134765625 0.5078125 0.59033203125 0.4912109375 0.5302734375 0.4833984375 0.431640625 0.4736328125 0.2861328125 0.474609375 0.08056640625 0.4599609375 0.00048828125 0.453125
4 0.427734375 0.0478515625 0.4228515625 0.03515625 0.4169921875 0.017578125 0.4072265625 0.0 0.48681640625 0.0009765625 0.48779296875 0.0830078125 0.48486328125 0.1611328125 0.48388671875 0.2392578125 0.4833984375 0.267578125 0.47998046875 0.478515625 0.46728515625 0.4658203125 0.46728515625 0.404296875 0.46826171875 0.3466796875 0.46875 0.3134765625 0.46630859375 0.2548828125 0.453125 0.162109375 0.44775390625 0.126953125 0.44091796875 0.1083984375 0.4384765625 0.1005859375 0.4375 0.0908203125 0.43115234375 0.064453125
5 0.60693359375 0.408203125 0.61767578125 0.400390625 0.65380859375 0.4013671875 0.6708984375 0.4033203125 0.6826171875 0.41015625 0.69921875 0.427734375 0.7060546875 0.4658203125 0.724609375 0.509765625 0.7265625 0.5234375 0.72705078125 0.5341796875 0.72314453125 0.5380859375 0.71728515625 0.5380859375 0.70947265625 0.5341796875 0.69970703125 0.5283203125 0.68603515625 0.5234375 0.68310546875 0.5224609375 0.68017578125 0.52734375 0.67333984375 0.5322265625 0.66943359375 0.5322265625 0.6630859375 0.5283203125 0.658203125 0.53515625 0.65478515625 0.5400390625 0.64599609375 0.5400390625 0.6416015625 0.5390625 0.63525390625 0.5322265625 0.6337890625 0.51953125 0.61328125 0.5166015625 0.609375 0.5322265625 0.60546875 0.53515625 0.5966796875 0.5361328125 0.5908203125 0.525390625 0.5888671875 0.5048828125 0.58740234375 0.4970703125 0.58740234375 0.4775390625 0.58935546875 0.455078125 0.5927734375 0.4375 0.59619140625 0.4248046875 0.60400390625 0.4140625
5 0.70703125 0.4140625 0.7255859375 0.4150390625 0.7529296875 0.41796875 0.76953125 0.4169921875 0.78515625 0.42578125 0.80078125 0.44921875 0.8056640625 0.455078125 0.8115234375 0.4541015625 0.81298828125 0.4609375 0.8115234375 0.4677734375 0.8095703125 0.4677734375 0.818359375 0.4775390625 0.82666015625 0.4873046875 0.83056640625 0.5068359375 0.8291015625 0.533203125 0.8271484375 0.5419921875 0.82080078125 0.55078125 0.81640625 0.5517578125 0.8125 0.5478515625 0.81005859375 0.5419921875 0.80810546875 0.541015625 0.77734375 0.541015625 0.7734375 0.5478515625 0.771484375 0.5546875 0.759765625 0.5546875 0.75390625 0.55078125 0.75 0.54296875 0.74853515625 0.5390625 0.7373046875 0.533203125 0.72216796875 0.5341796875 0.70751953125 0.53515625 0.70458984375 0.537109375 0.70166015625 0.5458984375 0.69775390625 0.546875 0.69287109375 0.5458984375 0.6875 0.537109375 0.685546875 0.5244140625 0.67919921875 0.5146484375 0.67919921875 0.498046875 0.6796875 0.4716796875 0.6884765625 0.4501953125 0.6982421875 0.4267578125 0.70166015625 0.41796875 0.70458984375 0.4150390625
5 0.0048828125 0.39453125 0.01708984375 0.3828125 0.06005859375 0.3837890625 0.08349609375 0.3876953125 0.07177734375 0.4482421875 0.05615234375 0.458984375 0.03857421875 0.466796875 0.033203125 0.48046875 0.02587890625 0.484375 0.01611328125 0.482421875 0.0068359375 0.4814453125 0.00341796875 0.46484375
5 0.05517578125 0.404296875 0.06396484375 0.392578125 0.0830078125 0.3837890625 0.0947265625 0.37890625 0.125 0.37890625 0.15185546875 0.3818359375 0.16650390625 0.392578125 0.17431640625 0.4111328125 0.15283203125 0.4658203125 0.1259765625 0.466796875 0.07763671875 0.4755859375 0.04443359375 0.47265625 0.0439453125 0.458984375 0.0458984375 0.4345703125 0.04833984375 0.421875 0.05078125 0.4130859375
5 0.21484375 0.3818359375 0.232421875 0.38671875 0.24267578125 0.3916015625 0.25830078125 0.408203125 0.2744140625 0.42578125 0.29541015625 0.4345703125 0.29638671875 0.4736328125 0.2841796875 0.48046875 0.26904296875 0.486328125 0.26220703125 0.4931640625 0.25341796875 0.48828125 0.25048828125 0.4833984375 0.23193359375 0.48046875 0.2255859375 0.486328125 0.21533203125 0.490234375 0.1904296875 0.5 0.17041015625 0.4970703125 0.1650390625 0.49609375 0.1591796875 0.4833984375 0.158203125 0.478515625 0.154296875 0.470703125 0.15185546875 0.4658203125 0.14990234375 0.4580078125 0.14990234375 0.447265625 0.1513671875 0.4375 0.15185546875 0.42578125 0.15380859375 0.412109375 0.1650390625 0.3974609375 0.1875 0.3837890625
5 0.2900390625 0.4248046875 0.2939453125 0.408203125 0.30126953125 0.39453125 0.3232421875 0.388671875 0.35107421875 0.384765625 0.37939453125 0.384765625 0.40185546875 0.388671875 0.423828125 0.3994140625 0.43994140625 0.41796875 0.46142578125 0.447265625 0.48388671875 0.46875 0.49365234375 0.4775390625 0.49658203125 0.4921875 0.4970703125 0.5146484375 0.4912109375 0.5283203125 0.48291015625 0.537109375 0.47216796875 0.5380859375 0.462890625 0.5439453125 0.45556640625 0.541015625 0.45068359375 0.5380859375 0.44482421875 0.546875 0.4365234375 0.552734375 0.4267578125 0.55078125 0.41845703125 0.5458984375 0.4130859375 0.53515625 0.373046875 0.529296875 0.35888671875 0.5283203125 0.34814453125 0.5341796875 0.341796875 0.5341796875 0.33447265625 0.525390625 0.32470703125 0.5224609375 0.31884765625 0.5322265625 0.31298828125 0.5400390625 0.3017578125 0.5380859375 0.2939453125 0.53125 0.2880859375 0.5185546875 0.28466796875 0.5009765625 0.28271484375 0.48046875 0.2841796875 0.4482421875
1 0.01025390625 0.5224609375 0.0419921875 0.525390625 0.07666015625 0.529296875 0.1435546875 0.5341796875 0.24462890625 0.5458984375 0.3173828125 0.54296875 0.34765625 0.546875 0.3759765625 0.5517578125 0.3837890625 0.556640625 0.37939453125 0.5712890625 0.27587890625 0.662109375 0.18603515625 0.7294921875 0.09912109375 0.7939453125 0.02001953125 0.853515625 0.0029296875 0.8681640625 0.0 0.8740234375 0.00048828125 0.5244140625 0.00634765625 0.5224609375
4 0.1943359375 0.1328125 0.19482421875 0.11328125 0.19482421875 0.095703125 0.1943359375 0.0732421875 0.19189453125 0.0400390625 0.1884765625 0.0 0.24169921875 0.0009765625 0.23583984375 0.0263671875 0.23486328125 0.138671875 0.22607421875 0.2275390625 0.2216796875 0.2958984375 0.21728515625 0.396484375 0.212890625 0.4736328125 0.2197265625 0.52734375 0.22705078125 0.546875 0.2109375 0.552734375 0.154296875 0.5517578125 0.13232421875 0.541015625 0.138671875 0.5322265625 0.154296875 0.525390625 0.16552734375 0.5107421875 0.1728515625 0.4638671875 0.18017578125 0.3662109375 0.1865234375 0.2841796875 0.1923828125 0.201171875 0.19384765625 0.1669921875 0.1943359375 0.1455078125
2 0.01171875 0.0205078125 0.00927734375 0.5166015625 0.01123046875 0.5234375 0.013671875 0.6005859375 0.00146484375 0.60546875 0.0 0.0 0.01171875 0.0 0.01171875 0.0009765625
4 0.7880859375 0.712890625 0.79296875 0.7001953125 0.79345703125 0.6884765625 0.79833984375 0.669921875 0.8037109375 0.6552734375 0.81201171875 0.6435546875 0.81640625 0.630859375 0.81640625 0.6220703125 0.81884765625 0.6025390625 0.8212890625 0.5859375 0.82568359375 0.5673828125 0.8330078125 0.572265625 0.84130859375 0.5830078125 0.85498046875 0.5888671875 0.8642578125 0.5732421875 0.869140625 0.560546875 0.87548828125 0.5517578125 0.88330078125 0.552734375 0.89404296875 0.5517578125 0.89990234375 0.546875 0.908203125 0.5380859375 0.91552734375 0.5341796875 0.923828125 0.529296875 0.92919921875 0.5205078125 0.9375 0.513671875 0.94482421875 0.5078125 0.95556640625 0.50390625 0.96533203125 0.4970703125 0.97412109375 0.494140625 0.9833984375 0.5009765625 0.99072265625 0.501953125 0.99267578125 0.4921875 0.99755859375 0.4794921875 1.0 0.4755859375 1.0 0.9951171875 1.0 1.0 0.9482421875 1.0 0.9384765625 0.9990234375 0.9150390625 0.9638671875 0.86962890625 0.9013671875 0.8154296875 0.8046875 0.7978515625 0.7734375 0.78369140625 0.7451171875 0.78564453125 0.7236328125
