0 1.00048828125 0.4365234375 0.51025390625 0.3779296875 0.0 0.341796875 0.0 1.0 1.0 1.0
2 0.65771484375 0.4931640625 0.57568359375 0.4560546875 0.5400390625 0.4296875 0.541015625 0.3642578125 0.60986328125 0.095703125 0.6298828125 0.0009765625 1.0 0.0009765625 1.0 0.5341796875 0.828125 0.5244140625
1 0.0 0.4580078125 0.0 0.380859375 0.27734375 0.392578125 0.48779296875 0.421875 0.28662109375 0.4619140625 0.380859375 0.478515625 0.3818359375 0.4833984375 0.32373046875 0.4921875 0.30517578125 0.4970703125 0.26708984375 0.498046875 0.1240234375 0.4912109375 0.00048828125 0.4814453125
1 0.58349609375 0.51953125 0.56103515625 0.5107421875 0.55224609375 0.50390625 0.529296875 0.4638671875 0.517578125 0.44140625 0.52880859375 0.42578125 0.6201171875 0.45703125 0.64892578125 0.4658203125 0.66015625 0.46875 0.70654296875 0.478515625 0.79736328125 0.5 0.8193359375 0.5078125 0.84619140625 0.515625 1.0 0.521484375 1.0 0.5478515625 0.83154296875 0.541015625 0.7060546875 0.5361328125 0.64208984375 0.529296875 0.60791015625 0.52734375 0.59228515625 0.5234375
4 0.28955078125 0.44140625 0.2548828125 0.4384765625 0.2568359375 0.4453125 0.2265625 0.4462890625 0.1943359375 0.447265625 0.15673828125 0.447265625 0.1318359375 0.439453125 0.103515625 0.443359375 0.07275390625 0.4462890625 0.0 0.455078125 0.0 0.0009765625 0.49658203125 0.0009765625 0.4931640625 0.0068359375 0.4970703125 0.0185546875 0.5 0.0302734375 0.498046875 0.0458984375 0.494140625 0.0478515625 0.4921875 0.04296875 0.48779296875 0.0263671875 0.4873046875 0.0107421875 0.47802734375 0.0185546875 0.47802734375 0.033203125 0.4873046875 0.046875 0.4912109375 0.060546875 0.4970703125 0.0634765625 0.50341796875 0.0703125 0.50927734375 0.080078125 0.515625 0.07421875 0.50830078125 0.0634765625 0.51513671875 0.0634765625 0.50927734375 0.0419921875 0.5107421875 0.0283203125 0.51123046875 0.037109375 0.51953125 0.0263671875 0.515625 0.015625 0.52099609375 0.015625 0.517578125 0.0009765625 0.61669921875 0.0009765625 0.61279296875 0.01953125 0.61962890625 0.01953125 0.62646484375 0.01171875 0.63330078125 0.01171875 0.63818359375 0.029296875 0.62109375 0.0498046875 0.6279296875 0.05859375 0.64453125 0.064453125 0.64501953125 0.0712890625 0.63623046875 0.0947265625 0.63720703125 0.1171875 0.6455078125 0.1220703125 0.6494140625 0.1435546875 0.6513671875 0.15234375 0.63427734375 0.1904296875 0.63330078125 0.2001953125 0.650390625 0.2080078125 0.654296875 0.2333984375 0.6484375 0.2412109375 0.63720703125 0.2353515625 0.6298828125 0.25 0.6318359375 0.263671875 0.64306640625 0.2587890625 0.64794921875 0.2666015625 0.6376953125 0.283203125 0.634765625 0.3544921875 0.62255859375 0.3515625 0.60498046875 0.353515625 0.60009765625 0.3623046875 0.5908203125 0.4189453125 0.56396484375 0.45703125 0.5341796875 0.4619140625 0.52880859375 0.4521484375 0.49658203125 0.42578125
5 0.4814453125 0.4404296875 0.47900390625 0.4404296875 0.4775390625 0.4453125 0.47705078125 0.4462890625 0.47265625 0.4453125 0.46630859375 0.421875 0.4677734375 0.4150390625 0.47119140625 0.4150390625 0.47607421875 0.41796875 0.47900390625 0.419921875 0.48095703125 0.423828125 0.48193359375 0.4287109375 0.48193359375 0.4345703125
5 0.47119140625 0.4501953125 0.46484375 0.44921875 0.4560546875 0.4150390625 0.458984375 0.4140625 0.4677734375 0.4150390625 0.4697265625 0.4169921875 0.47265625 0.4228515625 0.47509765625 0.4287109375 0.47509765625 0.4375 0.47412109375 0.4423828125 0.4736328125 0.4482421875
5 0.4609375 0.4541015625 0.45458984375 0.451171875 0.443359375 0.4150390625 0.4521484375 0.4130859375 0.4599609375 0.4140625 0.462890625 0.419921875 0.46533203125 0.42578125 0.4658203125 0.4365234375 0.4658203125 0.443359375 0.4658203125 0.4482421875 0.46435546875 0.451171875
5 0.4599609375 0.435546875 0.458984375 0.4287109375 0.4521484375 0.41796875 0.44580078125 0.41796875 0.44970703125 0.455078125 0.45068359375 0.458984375 0.455078125 0.458984375 0.4599609375 0.4541015625 0.4609375 0.4423828125
5 0.44677734375 0.458984375 0.44384765625 0.4609375 0.439453125 0.4609375 0.43701171875 0.453125 0.4326171875 0.4130859375 0.4384765625 0.4130859375 0.44482421875 0.416015625 0.4482421875 0.41796875 0.45166015625 0.4267578125 0.45361328125 0.4345703125 0.4541015625 0.447265625 0.45263671875 0.4580078125 0.45068359375 0.458984375
5 0.42822265625 0.41015625 0.4169921875 0.41015625 0.4306640625 0.4599609375 0.435546875 0.4619140625 0.44140625 0.4609375 0.443359375 0.4580078125 0.4453125 0.4443359375 0.4443359375 0.4326171875 0.4404296875 0.4228515625 0.43505859375 0.4140625 0.4306640625 0.4111328125
5 0.4306640625 0.4287109375 0.421875 0.4248046875 0.412109375 0.4658203125 0.41650390625 0.4677734375 0.4228515625 0.46484375 0.4296875 0.4609375 0.43212890625 0.4541015625 0.43310546875 0.4453125 0.431640625 0.43359375
5 0.41162109375 0.404296875 0.4013671875 0.4033203125 0.392578125 0.40234375 0.37744140625 0.4033203125 0.3935546875 0.423828125 0.40625 0.46484375 0.40966796875 0.4677734375 0.41650390625 0.4677734375 0.4248046875 0.4599609375 0.4267578125 0.4443359375 0.423828125 0.421875 0.41650390625 0.4072265625
5 0.4033203125 0.4365234375 0.4033203125 0.42578125 0.39892578125 0.4140625 0.39501953125 0.4091796875 0.388671875 0.4052734375 0.375 0.40234375 0.3681640625 0.40234375 0.35888671875 0.40625 0.3974609375 0.4462890625
5 0.39111328125 0.4677734375 0.3896484375 0.466796875 0.3876953125 0.4716796875 0.3837890625 0.4736328125 0.37890625 0.47265625 0.369140625 0.451171875 0.369140625 0.4052734375 0.3857421875 0.4150390625 0.3955078125 0.4248046875 0.40234375 0.4267578125 0.40625 0.4326171875 0.40869140625 0.439453125 0.40869140625 0.4453125 0.40869140625 0.45703125 0.4052734375 0.46484375 0.4013671875 0.470703125 0.39794921875 0.4716796875 0.39404296875 0.470703125
5 0.30712890625 0.423828125 0.29345703125 0.4306640625 0.28955078125 0.4345703125 0.287109375 0.447265625 0.28857421875 0.4580078125 0.29052734375 0.4599609375 0.29150390625 0.4609375 0.29248046875 0.462890625 0.3037109375 0.46484375 0.30517578125 0.4619140625 0.32666015625 0.4658203125 0.34228515625 0.46875 0.34375 0.4716796875 0.36181640625 0.4755859375 0.37744140625 0.478515625 0.3818359375 0.470703125 0.38330078125 0.453125 0.38330078125 0.451171875 0.38232421875 0.4267578125 0.373046875 0.4072265625 0.34375 0.4033203125 0.322265625 0.404296875 0.3134765625 0.4130859375
3 0.1796875 0.4833984375 0.18212890625 0.4736328125 0.18212890625 0.3740234375 0.18212890625 0.3671875 0.181640625 0.3564453125 0.17919921875 0.3525390625 0.17724609375 0.35546875 0.1767578125 0.3681640625 0.17578125 0.375 0.17578125 0.3837890625 0.1708984375 0.3828125 0.16796875 0.431640625 0.1669921875 0.4287109375 0.16650390625 0.3720703125 0.166015625 0.361328125 0.16552734375 0.3515625 0.16259765625 0.3515625 0.16064453125 0.3544921875 0.16015625 0.3671875 0.1591796875 0.375 0.1591796875 0.4775390625 0.1611328125 0.4794921875 0.1611328125 0.486328125 0.14697265625 0.4921875 0.14697265625 0.5 0.18408203125 0.5009765625 0.1943359375 0.4990234375 0.19384765625 0.4921875 0.185546875 0.486328125 0.177734375 0.486328125
5 0.5078125 0.427734375 0.50634765625 0.4228515625 0.49853515625 0.4228515625 0.49560546875 0.43359375 0.49609375 0.4443359375 0.49853515625 0.4443359375
5 0.515625 0.4443359375 0.515625 0.44140625 0.51513671875 0.4365234375 0.51611328125 0.435546875 0.51611328125 0.43359375 0.51513671875 0.4326171875 0.51416015625 0.4326171875 0.51171875 0.42578125 0.50634765625 0.4248046875 0.50244140625 0.4248046875 0.5009765625 0.42578125 0.5 0.4296875 0.498046875 0.4326171875 0.498046875 0.4365234375 0.49755859375 0.439453125 0.49658203125 0.447265625 0.49658203125 0.4501953125 0.4970703125 0.453125 0.4990234375 0.4521484375 0.50048828125 0.4501953125 0.51123046875 0.4501953125 0.51171875 0.4541015625 0.51416015625 0.4541015625 0.515625 0.453125 0.515625 0.4501953125
5 0.57373046875 0.4306640625 0.5673828125 0.431640625 0.56103515625 0.4345703125 0.55859375 0.4404296875 0.5703125 0.4736328125 0.61181640625 0.474609375 0.6201171875 0.4755859375 0.6220703125 0.4677734375 0.6220703125 0.458984375 0.6201171875 0.451171875 0.6103515625 0.4443359375 0.58837890625 0.4287109375 0.57470703125 0.4306640625
1 0.79736328125 0.6923828125 0.8427734375 0.7333984375 0.9814453125 0.8544921875 1.0 0.87109375 1.0 0.685546875 0.9794921875 0.6826171875 0.978515625 0.6865234375 0.86865234375 0.689453125 0.8203125 0.6904296875
