0 0.06689453125 0.1220703125 1.0 0.26171875 1.0 1.0 0.0 1.0 0.0 0.109375
1 0.7333984375 0.4580078125 0.58203125 0.462890625 0.58203125 0.453125 0.5849609375 0.4462890625 0.58984375 0.4423828125 0.59423828125 0.4384765625 0.6005859375 0.4326171875 0.607421875 0.4306640625 0.61328125 0.4287109375 0.6201171875 0.427734375 0.626953125 0.4267578125 0.6240234375 0.421875 0.63134765625 0.4208984375 0.63720703125 0.419921875 0.64111328125 0.419921875 0.67236328125 0.421875 0.73779296875 0.4306640625 0.73974609375 0.4482421875
1 0.54150390625 0.4287109375 0.51123046875 0.431640625 0.47802734375 0.435546875 0.447265625 0.439453125 0.43310546875 0.44140625 0.40478515625 0.4453125 0.38720703125 0.447265625 0.365234375 0.451171875 0.34521484375 0.455078125 0.314453125 0.4560546875 0.31494140625 0.4453125 0.392578125 0.4267578125 0.4296875 0.421875 0.49609375 0.4208984375 0.52001953125 0.421875 0.52587890625 0.4228515625 0.53076171875 0.4248046875 0.54248046875 0.4248046875
1 0.00439453125 0.677734375 0.328125 0.52734375 0.38037109375 0.4931640625 0.36962890625 0.4912109375 0.32568359375 0.4970703125 0.3076171875 0.5 0.0 0.5869140625 0.0 0.6787109375
4 0.40966796875 0.1337890625 0.4150390625 0.1240234375 0.4169921875 0.1162109375 0.4189453125 0.115234375 0.41943359375 0.115234375 0.41943359375 0.1181640625 0.4189453125 0.1240234375 0.41796875 0.130859375 0.4189453125 0.1328125 0.41943359375 0.138671875 0.42138671875 0.14453125 0.4248046875 0.1484375 0.4248046875 0.150390625 0.42919921875 0.15234375 0.4306640625 0.1533203125 0.435546875 0.1572265625 0.4365234375 0.162109375 0.43359375 0.16796875 0.43017578125 0.1767578125 0.42919921875 0.1826171875 0.427734375 0.1865234375 0.43115234375 0.1845703125 0.43798828125 0.1806640625 0.4404296875 0.1748046875 0.44140625 0.1708984375 0.44189453125 0.162109375 0.44384765625 0.1513671875 0.44384765625 0.1455078125 0.44677734375 0.1376953125 0.45068359375 0.1259765625 0.45849609375 0.1171875 0.4638671875 0.123046875 0.46630859375 0.130859375 0.4697265625 0.1376953125 0.4697265625 0.1474609375 0.46875 0.15234375 0.46728515625 0.1572265625 0.4677734375 0.166015625 0.47021484375 0.166015625 0.4765625 0.158203125 0.47802734375 0.1640625 0.47802734375 0.169921875 0.4814453125 0.1767578125 0.48486328125 0.177734375 0.4892578125 0.181640625 0.48974609375 0.1728515625 0.49267578125 0.1767578125 0.4970703125 0.1796875 0.50244140625 0.1806640625 0.51025390625 0.1845703125 0.51806640625 0.1806640625 0.5234375 0.1708984375 0.525390625 0.16796875 0.52880859375 0.1728515625 0.5341796875 0.1806640625 0.53662109375 0.1884765625 0.5380859375 0.1962890625 0.537109375 0.2021484375 0.53466796875 0.20703125 0.53515625 0.216796875 0.53515625 0.220703125 0.5380859375 0.2177734375 0.53955078125 0.212890625 0.54296875 0.2138671875 0.54638671875 0.21484375 0.552734375 0.2177734375 0.560546875 0.22265625 0.56298828125 0.2216796875 0.5654296875 0.216796875 0.5703125 0.2119140625 0.57421875 0.2080078125 0.578125 0.2060546875 0.58056640625 0.205078125 0.58544921875 0.2041015625 0.59228515625 0.2060546875 0.59765625 0.2060546875 0.60009765625 0.208984375 0.60595703125 0.2138671875 0.6083984375 0.21875 0.61083984375 0.2197265625 0.61767578125 0.2255859375 0.64111328125 0.263671875 0.64697265625 0.3125 0.6513671875 0.419921875 0.62890625 0.4208984375 0.58837890625 0.423828125 0.55078125 0.4267578125 0.52880859375 0.42578125 0.4755859375 0.4248046875 0.43603515625 0.4228515625 0.43115234375 0.423828125 0.4189453125 0.4189453125 0.41552734375 0.3525390625 0.40234375 0.2509765625 0.400390625 0.22265625
2 0.16845703125 0.4619140625 0.32861328125 0.4443359375 0.384765625 0.4365234375 0.42626953125 0.4306640625 0.42626953125 0.3583984375 0.42919921875 0.3515625 0.42724609375 0.3515625 0.42626953125 0.16015625 0.4375 0.158203125 0.4248046875 0.1474609375 0.423828125 0.1337890625 0.404296875 0.119140625 0.40380859375 0.107421875 0.412109375 0.107421875 0.3828125 0.0732421875 0.38330078125 0.0595703125 0.37939453125 0.056640625 0.3740234375 0.056640625 0.3740234375 0.0244140625 0.36767578125 0.0263671875 0.3671875 0.0205078125 0.36328125 0.0166015625 0.35595703125 0.017578125 0.3564453125 0.0380859375 0.3388671875 0.0234375 0.33837890625 0.0048828125 0.3349609375 0.0048828125 0.3349609375 0.0 0.3271484375 0.0 0.32861328125 0.0146484375 0.318359375 0.005859375 0.31787109375 0.0 0.0 0.0 0.0 0.5107421875
5 0.33154296875 0.400390625 0.31494140625 0.4013671875 0.30078125 0.427734375 0.31298828125 0.4521484375 0.31982421875 0.4541015625 0.32470703125 0.4541015625 0.326171875 0.4541015625 0.3271484375 0.44921875 0.32958984375 0.4462890625 0.3330078125 0.44921875 0.3359375 0.4462890625 0.3369140625 0.44140625 0.337890625 0.4248046875 0.337890625 0.412109375
2 0.1513671875 0.2080078125 0.0 0.123046875 0.0 0.6396484375 0.1552734375 0.5712890625
5 0.357421875 0.41015625 0.34619140625 0.4072265625 0.3369140625 0.4130859375 0.3349609375 0.4267578125 0.33642578125 0.4365234375 0.337890625 0.4443359375 0.3408203125 0.4462890625 0.34326171875 0.4462890625 0.345703125 0.4482421875 0.34765625 0.447265625 0.349609375 0.4443359375 0.3544921875 0.4443359375 0.36083984375 0.4423828125 0.359375 0.4345703125 0.361328125 0.4248046875 0.35986328125 0.4140625
5 0.46533203125 0.40625 0.458984375 0.40625 0.45556640625 0.4091796875 0.4560546875 0.4140625 0.46923828125 0.4140625 0.47314453125 0.412109375 0.47314453125 0.41015625 0.4716796875 0.4072265625 0.46826171875 0.4052734375
3 0.44873046875 0.4501953125 0.44873046875 0.4111328125 0.4462890625 0.41015625 0.4462890625 0.4072265625 0.4453125 0.4072265625 0.4443359375 0.4091796875 0.44287109375 0.41015625 0.4423828125 0.4208984375 0.4423828125 0.44921875 0.44482421875 0.4541015625 0.44384765625 0.455078125 0.44189453125 0.4541015625 0.44140625 0.4169921875 0.439453125 0.4169921875 0.43896484375 0.4052734375 0.43896484375 0.3994140625 0.43798828125 0.396484375 0.43701171875 0.396484375 0.435546875 0.3994140625 0.43701171875 0.4541015625 0.43798828125 0.4560546875 0.44140625 0.45703125 0.44091796875 0.458984375 0.44140625 0.4609375 0.45068359375 0.458984375 0.45068359375 0.4560546875 0.44677734375 0.4541015625
5 0.5849609375 0.3984375 0.578125 0.3994140625 0.576171875 0.404296875 0.57275390625 0.412109375 0.5732421875 0.41796875 0.57568359375 0.4189453125 0.580078125 0.4189453125 0.58349609375 0.41796875 0.58740234375 0.416015625 0.587890625 0.4130859375 0.587890625 0.4072265625 0.58740234375 0.4013671875
1 0.73583984375 0.486328125 0.712890625 0.490234375 0.650390625 0.5 0.62353515625 0.501953125 0.60693359375 0.5068359375 0.60107421875 0.51171875 0.60205078125 0.51953125 0.6103515625 0.533203125 0.6298828125 0.5634765625 0.669921875 0.6162109375 0.71337890625 0.677734375 0.8349609375 0.849609375 0.92626953125 0.98046875 0.935546875 0.984375 0.96923828125 0.990234375 1.0 0.998046875 1.0 0.576171875 0.81103515625 0.4814453125 0.74072265625 0.4833984375
2 0.611328125 0.009765625 0.61376953125 0.25 0.63232421875 0.2705078125 0.64501953125 0.2919921875 0.6455078125 0.439453125 0.69189453125 0.44140625 0.71728515625 0.4453125 0.7216796875 0.44140625 0.73291015625 0.44140625 0.73974609375 0.4423828125 0.73681640625 0.484375 0.7412109375 0.490234375 0.74169921875 0.498046875 0.86767578125 0.5556640625 1.0 0.6005859375 0.99951171875 0.0 0.61083984375 0.0
1 0.5888671875 0.4716796875 0.72607421875 0.4697265625 0.728515625 0.4697265625 0.73095703125 0.4697265625 0.73095703125 0.466796875 0.7294921875 0.46484375 0.72314453125 0.4638671875 0.68310546875 0.46484375 0.61474609375 0.4658203125 0.5888671875 0.46484375 0.587890625 0.46875
