0 0.51953125 0.404296875 0.4130859375 0.4130859375 0.0 0.4697265625 0.0 1.0 0.99951171875 1.0 1.0 0.41015625
1 0.22119140625 0.5126953125 0.1455078125 0.51953125 0.05859375 0.521484375 0.0 0.5283203125 0.0 0.42578125 0.0 0.4248046875 0.3037109375 0.400390625 0.26025390625 0.48046875 0.27978515625 0.4814453125 0.2880859375 0.482421875 0.2919921875 0.4873046875 0.29150390625 0.4912109375 0.279296875 0.49609375 0.25830078125 0.5009765625 0.236328125 0.5078125
1 0.041015625 0.5556640625 0.0 0.556640625 0.00048828125 0.6044921875 0.0390625 0.5859375 0.0517578125 0.578125 0.0576171875 0.5732421875 0.06005859375 0.568359375 0.0576171875 0.560546875 0.0478515625 0.556640625
1 0.63623046875 0.4892578125 0.59228515625 0.47265625 0.60693359375 0.4658203125 0.63330078125 0.4228515625 0.69482421875 0.4169921875 0.7021484375 0.4658203125 0.6591796875 0.4921875 0.64208984375 0.4921875
1 0.87109375 0.48828125 1.0 0.482421875 1.0 0.4384765625 0.84716796875 0.4501953125 0.86376953125 0.484375
1 0.92919921875 0.517578125 0.89208984375 0.5205078125 0.86767578125 0.5283203125 0.86767578125 0.6015625 0.87109375 0.61328125 0.99951171875 0.671875 1.0 0.513671875 0.96923828125 0.513671875
2 0.42236328125 0.3505859375 0.4208984375 0.31640625 0.408203125 0.1923828125 0.40625 0.1904296875 0.40478515625 0.1767578125 0.40234375 0.1748046875 0.40234375 0.1630859375 0.40185546875 0.1591796875 0.39697265625 0.15625 0.39599609375 0.1669921875 0.38720703125 0.166015625 0.3837890625 0.1474609375 0.38134765625 0.1474609375 0.37109375 0.1142578125 0.359375 0.1064453125 0.3603515625 0.0908203125 0.353515625 0.087890625 0.35107421875 0.0849609375 0.35205078125 0.0791015625 0.3544921875 0.080078125 0.34814453125 0.0576171875 0.34375 0.0576171875 0.34228515625 0.041015625 0.3271484375 0.021484375 0.32763671875 0.0009765625 0.0 0.0009765625 0.0 0.50390625 0.04443359375 0.5009765625 0.11328125 0.498046875 0.12158203125 0.4921875 0.1279296875 0.4921875 0.16845703125 0.48046875 0.20849609375 0.4755859375 0.2275390625 0.4658203125 0.236328125 0.46484375 0.25927734375 0.4599609375 0.37939453125 0.435546875 0.4033203125 0.4384765625 0.412109375 0.4384765625 0.43603515625 0.4248046875 0.46044921875 0.423828125 0.48974609375 0.4248046875 0.54541015625 0.431640625 0.65380859375 0.439453125 0.68017578125 0.4521484375 0.875 0.4677734375 0.951171875 0.46484375 1.0 0.4638671875 1.0 0.001953125 0.59326171875 0.0009765625 0.5849609375 0.0322265625 0.58251953125 0.0625 0.583984375 0.0693359375 0.5859375 0.0732421875 0.58642578125 0.1181640625 0.5771484375 0.130859375 0.57373046875 0.1279296875 0.57275390625 0.1318359375 0.5634765625 0.1337890625 0.54638671875 0.1474609375 0.5390625 0.1474609375 0.5390625 0.1630859375 0.537109375 0.1630859375 0.53662109375 0.173828125 0.53369140625 0.1748046875 0.53369140625 0.1669921875 0.5322265625 0.1591796875 0.5302734375 0.1650390625 0.5302734375 0.18359375 0.5302734375 0.1982421875 0.52685546875 0.212890625 0.525390625 0.22265625 0.52490234375 0.232421875 0.52099609375 0.240234375 0.5234375 0.248046875 0.5234375 0.2646484375 0.51025390625 0.2705078125 0.50341796875 0.271484375 0.50341796875 0.2578125 0.5 0.2548828125 0.5 0.2431640625 0.49658203125 0.2392578125 0.49560546875 0.2216796875 0.4951171875 0.2177734375 0.49462890625 0.224609375 0.4931640625 0.236328125 0.48486328125 0.2412109375 0.482421875 0.236328125 0.478515625 0.2197265625 0.4755859375 0.2197265625 0.4775390625 0.2587890625 0.47509765625 0.2607421875 0.47314453125 0.2490234375 0.4716796875 0.263671875 0.4697265625 0.267578125 0.46923828125 0.2890625 0.4609375 0.2900390625 0.458984375 0.291015625 0.45458984375 0.3017578125 0.45361328125 0.3076171875 0.45263671875 0.3115234375 0.4462890625 0.318359375 0.4453125 0.3310546875 0.44287109375 0.3447265625 0.44091796875 0.3466796875 0.4365234375 0.3447265625 0.4296875 0.3515625 0.427734375 0.3486328125
4 0.42236328125 0.4052734375 0.42138671875 0.365234375 0.42626953125 0.3515625 0.42919921875 0.349609375 0.431640625 0.353515625 0.43408203125 0.3681640625 0.43310546875 0.375 0.43359375 0.3779296875 0.43896484375 0.37890625 0.4404296875 0.3662109375 0.4404296875 0.3564453125 0.44140625 0.345703125 0.44482421875 0.34375 0.4453125 0.34765625 0.44580078125 0.412109375 0.4443359375 0.421875 0.43505859375 0.4248046875 0.4248046875 0.4228515625 0.4189453125 0.412109375 0.419921875 0.4072265625
4 0.4794921875 0.33203125 0.4814453125 0.3310546875 0.4833984375 0.3251953125 0.48681640625 0.3203125 0.48779296875 0.3115234375 0.490234375 0.3125 0.49169921875 0.3134765625 0.49365234375 0.3046875 0.49609375 0.3056640625 0.49658203125 0.30859375 0.50048828125 0.30859375 0.5068359375 0.3125 0.50830078125 0.31640625 0.51123046875 0.3115234375 0.5126953125 0.302734375 0.51416015625 0.302734375 0.51708984375 0.3056640625 0.51904296875 0.3134765625 0.51904296875 0.3212890625 0.51904296875 0.328125 0.51953125 0.3359375 0.521484375 0.3388671875 0.5234375 0.3408203125 0.5234375 0.34375 0.52490234375 0.3515625 0.5205078125 0.3466796875 0.5205078125 0.353515625 0.515625 0.3564453125 0.515625 0.359375 0.517578125 0.361328125 0.51611328125 0.36328125 0.513671875 0.36328125 0.51513671875 0.369140625 0.5126953125 0.3681640625 0.51123046875 0.3720703125 0.509765625 0.3720703125 0.5087890625 0.373046875 0.50390625 0.373046875 0.50439453125 0.3779296875 0.50341796875 0.38671875 0.5 0.3857421875 0.49755859375 0.3876953125 0.49462890625 0.3828125 0.498046875 0.3759765625 0.50048828125 0.375 0.50048828125 0.3681640625 0.4970703125 0.3623046875 0.49365234375 0.3671875 0.49072265625 0.359375 0.48828125 0.35546875 0.486328125 0.3564453125 0.4833984375 0.3515625 0.48095703125 0.3466796875 0.48291015625 0.3427734375 0.4794921875 0.337890625
5 0.43359375 0.4130859375 0.4287109375 0.4140625 0.42626953125 0.416015625 0.42578125 0.43359375 0.4287109375 0.435546875 0.43310546875 0.435546875 0.4365234375 0.4326171875 0.43896484375 0.4189453125 0.435546875 0.416015625
4 0.4111328125 0.427734375 0.41162109375 0.3984375 0.412109375 0.349609375 0.41259765625 0.330078125 0.41748046875 0.32421875 0.4208984375 0.32421875 0.4208984375 0.3212890625 0.42529296875 0.3212890625 0.427734375 0.3232421875 0.431640625 0.3232421875 0.43408203125 0.3203125 0.43603515625 0.3154296875 0.435546875 0.310546875 0.4345703125 0.30859375 0.43310546875 0.2939453125 0.43115234375 0.287109375 0.43212890625 0.2822265625 0.43017578125 0.2705078125 0.42822265625 0.2646484375 0.431640625 0.2607421875 0.431640625 0.2529296875 0.4296875 0.248046875 0.42626953125 0.25 0.4267578125 0.2451171875 0.42431640625 0.2451171875 0.42626953125 0.236328125 0.42529296875 0.2294921875 0.4267578125 0.220703125 0.4228515625 0.2216796875 0.42138671875 0.224609375 0.41943359375 0.2216796875 0.41748046875 0.2255859375 0.4169921875 0.2236328125 0.41748046875 0.2197265625 0.41455078125 0.2021484375 0.4140625 0.19921875 0.41064453125 0.2021484375 0.40869140625 0.1875 0.40625 0.2041015625 0.404296875 0.216796875 0.40283203125 0.22265625 0.39794921875 0.216796875 0.39404296875 0.21484375 0.39404296875 0.2265625 0.3955078125 0.23828125 0.39404296875 0.23828125 0.39306640625 0.2470703125 0.3955078125 0.2548828125 0.3955078125 0.2587890625 0.39501953125 0.26171875 0.39501953125 0.2646484375 0.39599609375 0.2705078125 0.39697265625 0.2744140625 0.3896484375 0.271484375 0.38916015625 0.2841796875 0.38916015625 0.296875 0.38720703125 0.2978515625 0.38720703125 0.3056640625 0.3896484375 0.3076171875 0.3896484375 0.3115234375 0.3876953125 0.3154296875 0.39111328125 0.326171875 0.39501953125 0.3232421875 0.3974609375 0.3173828125 0.40087890625 0.3125 0.39990234375 0.32421875 0.4013671875 0.333984375 0.40478515625 0.3359375 0.4072265625 0.3330078125 0.40966796875 0.328125 0.40966796875 0.337890625 0.40966796875 0.359375 0.40869140625 0.3828125 0.40771484375 0.40625 0.40673828125 0.42578125 0.40673828125 0.439453125 0.41162109375 0.4384765625
5 0.48486328125 0.4150390625 0.48095703125 0.4150390625 0.47900390625 0.4189453125 0.47998046875 0.427734375 0.48779296875 0.427734375 0.48779296875 0.423828125 0.4873046875 0.419921875
5 0.490234375 0.443359375 0.48974609375 0.43359375 0.490234375 0.42578125 0.4912109375 0.4208984375 0.490234375 0.4189453125 0.490234375 0.4169921875 0.4912109375 0.4169921875 0.49365234375 0.4169921875 0.4951171875 0.41015625 0.49853515625 0.4091796875 0.50537109375 0.4091796875 0.509765625 0.4111328125 0.5107421875 0.4140625 0.51220703125 0.4208984375 0.513671875 0.4326171875 0.51318359375 0.44140625 0.5126953125 0.4443359375 0.5087890625 0.4443359375 0.50830078125 0.4404296875 0.49462890625 0.4404296875 0.494140625 0.443359375
5 0.42919921875 0.44140625 0.4287109375 0.4267578125 0.4267578125 0.416015625 0.42578125 0.4140625 0.42529296875 0.4130859375 0.4140625 0.4130859375 0.41259765625 0.4169921875 0.4111328125 0.421875 0.41015625 0.4287109375 0.4111328125 0.4384765625 0.41162109375 0.443359375 0.41455078125 0.443359375 0.4150390625 0.439453125 0.42578125 0.439453125 0.42578125 0.44140625
5 0.43505859375 0.443359375 0.4345703125 0.4296875 0.43505859375 0.4228515625 0.4365234375 0.4140625 0.4375 0.41015625 0.43896484375 0.4072265625 0.4443359375 0.40625 0.45068359375 0.40625 0.4521484375 0.4091796875 0.45361328125 0.4130859375 0.4541015625 0.4140625 0.4560546875 0.4150390625 0.45654296875 0.421875 0.455078125 0.4326171875 0.455078125 0.4423828125 0.45166015625 0.4423828125 0.45166015625 0.4384765625 0.43896484375 0.4384765625 0.4384765625 0.443359375
5 0.37060546875 0.4169921875 0.37158203125 0.4541015625 0.376953125 0.451171875 0.3779296875 0.443359375 0.37841796875 0.4326171875 0.3759765625 0.4228515625 0.3740234375 0.4189453125
5 0.36865234375 0.4140625 0.35791015625 0.4140625 0.35595703125 0.41796875 0.36474609375 0.4560546875 0.36865234375 0.4560546875 0.37255859375 0.455078125 0.37451171875 0.4384765625 0.37353515625 0.427734375 0.37158203125 0.4169921875
5 0.3623046875 0.458984375 0.35791015625 0.4580078125 0.353515625 0.4150390625 0.35986328125 0.416015625 0.36181640625 0.4189453125 0.36376953125 0.42578125 0.36474609375 0.4267578125 0.36572265625 0.427734375 0.365234375 0.4306640625 0.365234375 0.4326171875 0.36572265625 0.4404296875 0.365234375 0.45703125
5 0.35009765625 0.408203125 0.33154296875 0.4091796875 0.3291015625 0.4140625 0.34619140625 0.4638671875 0.3515625 0.462890625 0.35205078125 0.4599609375 0.3544921875 0.458984375 0.35498046875 0.4619140625 0.35791015625 0.4609375 0.35888671875 0.458984375 0.359375 0.4404296875 0.357421875 0.4267578125 0.353515625 0.4130859375 0.3515625 0.4091796875
5 0.3388671875 0.4140625 0.330078125 0.4140625 0.3369140625 0.466796875 0.3388671875 0.4677734375 0.341796875 0.466796875 0.3447265625 0.4658203125 0.34619140625 0.4638671875 0.3466796875 0.455078125 0.34619140625 0.4384765625 0.34326171875 0.423828125 0.34033203125 0.416015625
5 0.31005859375 0.41015625 0.3076171875 0.4130859375 0.3046875 0.4228515625 0.31591796875 0.466796875 0.3271484375 0.46875 0.328125 0.47265625 0.3291015625 0.47265625 0.33203125 0.47265625 0.3349609375 0.4697265625 0.3369140625 0.4677734375 0.337890625 0.4580078125 0.33740234375 0.4423828125 0.33642578125 0.435546875 0.3369140625 0.4326171875 0.33642578125 0.4306640625 0.33447265625 0.4287109375 0.3330078125 0.4169921875 0.33154296875 0.412109375 0.32861328125 0.4111328125 0.31201171875 0.41015625
5 0.302734375 0.416015625 0.28271484375 0.416015625 0.27978515625 0.419921875 0.27880859375 0.48046875 0.28759765625 0.484375 0.29443359375 0.486328125 0.30322265625 0.486328125 0.30419921875 0.4833984375 0.30419921875 0.4755859375 0.30859375 0.4736328125 0.30859375 0.4794921875 0.30859375 0.4814453125 0.31298828125 0.482421875 0.3154296875 0.4814453125 0.3154296875 0.4765625 0.31591796875 0.45703125 0.3154296875 0.4423828125 0.3134765625 0.4287109375 0.31005859375 0.419921875
5 0.56103515625 0.4091796875 0.55224609375 0.41015625 0.5498046875 0.4111328125 0.546875 0.419921875 0.54345703125 0.4208984375 0.54296875 0.423828125 0.54443359375 0.42578125 0.54345703125 0.4326171875 0.54296875 0.4423828125 0.54296875 0.44921875 0.5439453125 0.4501953125 0.546875 0.451171875 0.54833984375 0.453125 0.55078125 0.453125 0.55419921875 0.451171875
5 0.572265625 0.4091796875 0.56640625 0.408203125 0.56103515625 0.4091796875 0.5576171875 0.4111328125 0.55517578125 0.41796875 0.55419921875 0.421875 0.55322265625 0.4228515625 0.55126953125 0.423828125 0.55126953125 0.42578125 0.5517578125 0.427734375 0.55126953125 0.435546875 0.5517578125 0.4462890625 0.5517578125 0.4541015625 0.55224609375 0.4541015625 0.5537109375 0.455078125 0.55517578125 0.4560546875 0.55859375 0.4560546875 0.564453125 0.4443359375
5 0.58056640625 0.408203125 0.57275390625 0.408203125 0.56640625 0.4150390625 0.56298828125 0.4228515625 0.5615234375 0.423828125 0.56005859375 0.4248046875 0.5595703125 0.427734375 0.56103515625 0.4306640625 0.5595703125 0.4404296875 0.55859375 0.453125 0.5595703125 0.4580078125 0.56103515625 0.458984375 0.56298828125 0.4580078125 0.56591796875 0.45703125 0.56689453125 0.4599609375 0.568359375 0.4599609375 0.572265625 0.4482421875
5 0.60400390625 0.4072265625 0.6015625 0.4052734375 0.58740234375 0.4052734375 0.57861328125 0.408203125 0.5732421875 0.4208984375 0.57080078125 0.421875 0.5693359375 0.4248046875 0.5693359375 0.4287109375 0.5673828125 0.43359375 0.56689453125 0.4423828125 0.5673828125 0.451171875 0.5673828125 0.458984375 0.568359375 0.4619140625 0.56982421875 0.4638671875 0.57080078125 0.4638671875 0.57275390625 0.4609375 0.57421875 0.4609375 0.57470703125 0.46484375 0.5771484375 0.466796875 0.580078125 0.46484375 0.58447265625 0.4580078125
5 0.61328125 0.412109375 0.6083984375 0.40625 0.595703125 0.408203125 0.5908203125 0.41015625 0.5888671875 0.4130859375 0.5869140625 0.4208984375 0.5849609375 0.4248046875 0.58349609375 0.427734375 0.5830078125 0.4326171875 0.58203125 0.4375 0.58154296875 0.4443359375 0.58056640625 0.453125 0.58056640625 0.462890625 0.58154296875 0.466796875 0.5849609375 0.46875 0.58740234375 0.46875 0.58837890625 0.46875 0.58984375 0.470703125 0.5927734375 0.470703125 0.5947265625 0.4697265625 0.595703125 0.462890625 0.60888671875 0.462890625
5 0.66162109375 0.4482421875 0.66064453125 0.4404296875 0.6611328125 0.43359375 0.6640625 0.4287109375 0.66845703125 0.42578125 0.67236328125 0.4267578125 0.6748046875 0.4287109375 0.67626953125 0.4326171875 0.6767578125 0.4404296875 0.67626953125 0.447265625 0.67724609375 0.4462890625 0.68115234375 0.4267578125 0.68994140625 0.3955078125 0.69580078125 0.37890625 0.69921875 0.37109375 0.70361328125 0.3642578125 0.70947265625 0.3583984375 0.71142578125 0.3525390625 0.71484375 0.3486328125 0.7216796875 0.3427734375 0.7294921875 0.33984375 0.73681640625 0.3388671875 0.74169921875 0.3408203125 0.74462890625 0.345703125 0.78076171875 0.34375 0.783203125 0.341796875 0.7841796875 0.3349609375 0.78515625 0.3349609375 0.78515625 0.341796875 0.7861328125 0.3427734375 0.7939453125 0.3447265625 0.80419921875 0.3466796875 0.80859375 0.34375 0.81494140625 0.3408203125 0.8203125 0.3408203125 0.8251953125 0.34375 0.82861328125 0.3466796875 0.8310546875 0.3515625 0.83154296875 0.353515625 0.8369140625 0.357421875 0.8408203125 0.361328125 0.8447265625 0.369140625 0.85205078125 0.39453125 0.85986328125 0.431640625 0.86474609375 0.4453125 0.86865234375 0.4501953125 0.87109375 0.4541015625 0.87255859375 0.4599609375 0.87353515625 0.47265625 0.873046875 0.482421875 0.8740234375 0.5087890625 0.875 0.5380859375 0.87548828125 0.5634765625 0.875 0.572265625 0.87255859375 0.5888671875 0.87255859375 0.60546875 0.87060546875 0.626953125 0.8681640625 0.642578125 0.86474609375 0.6494140625 0.8583984375 0.6552734375 0.85107421875 0.6552734375 0.8427734375 0.6513671875 0.837890625 0.6376953125 0.833984375 0.6201171875 0.81689453125 0.6162109375 0.8037109375 0.611328125 0.79638671875 0.6015625 0.767578125 0.6005859375 0.76171875 0.60546875 0.751953125 0.6064453125 0.74755859375 0.5986328125 0.72607421875 0.5966796875 0.72265625 0.625 0.71875 0.64453125 0.71337890625 0.6513671875 0.70751953125 0.65234375 0.69873046875 0.6484375 0.6953125 0.638671875 0.6923828125 0.607421875 0.69287109375 0.5859375 0.6845703125 0.5810546875 0.68310546875 0.599609375 0.6796875 0.6103515625 0.67529296875 0.611328125 0.66455078125 0.607421875 0.66064453125 0.6005859375 0.65966796875 0.58203125 0.66015625 0.5390625 0.6591796875 0.521484375 0.65966796875 0.5 0.662109375 0.482421875 0.66650390625 0.4677734375 0.67529296875 0.453125 0.66748046875 0.451171875
