0 0.5810546875 0.42578125 0.53662109375 0.427734375 0.48193359375 0.4296875 0.45556640625 0.431640625 0.42919921875 0.431640625 0.421875 0.4306640625 0.0 0.587890625 0.0 1.0 1.0 1.0 1.0 0.560546875 0.671875 0.4541015625
4 0.50244140625 0.255859375 0.49658203125 0.2568359375 0.4892578125 0.2568359375 0.48681640625 0.2626953125 0.4814453125 0.2587890625 0.47607421875 0.2666015625 0.4716796875 0.2685546875 0.47021484375 0.275390625 0.46630859375 0.26953125 0.46630859375 0.275390625 0.46875 0.2822265625 0.4619140625 0.2822265625 0.46240234375 0.291015625 0.466796875 0.30078125 0.470703125 0.3046875 0.47265625 0.3154296875 0.46728515625 0.3173828125 0.4697265625 0.3203125 0.47119140625 0.3251953125 0.46826171875 0.3310546875 0.50244140625 0.353515625 0.55078125 0.3369140625 0.5478515625 0.3095703125 0.5439453125 0.3037109375 0.5439453125 0.2998046875 0.537109375 0.3017578125 0.533203125 0.306640625 0.5302734375 0.3095703125 0.52978515625 0.3037109375 0.53173828125 0.2998046875 0.52978515625 0.294921875 0.5302734375 0.2880859375 0.5263671875 0.279296875 0.525390625 0.2822265625 0.5244140625 0.2880859375 0.51806640625 0.2880859375 0.51513671875 0.2919921875 0.51416015625 0.291015625 0.51416015625 0.2724609375 0.50927734375 0.26953125 0.5068359375 0.2587890625
2 0.083984375 0.3583984375 0.0 0.36328125 0.00048828125 0.51953125 0.42626953125 0.44140625 0.58642578125 0.4326171875 0.99951171875 0.546875 1.0 0.0009765625 0.59228515625 0.0009765625 0.5888671875 0.01953125 0.59326171875 0.02734375 0.59326171875 0.0625 0.58935546875 0.0771484375 0.59375 0.0849609375 0.59375 0.126953125 0.58935546875 0.1396484375 0.59326171875 0.14453125 0.59375 0.1904296875 0.5908203125 0.197265625 0.5947265625 0.2021484375 0.5947265625 0.25 0.59130859375 0.255859375 0.59521484375 0.2587890625 0.59619140625 0.3095703125 0.58837890625 0.3173828125 0.5869140625 0.3251953125 0.51708984375 0.328125 0.46435546875 0.3310546875 0.462890625 0.1640625 0.46484375 0.1630859375 0.462890625 0.0009765625 0.078125 0.0009765625 0.0791015625 0.0234375 0.08203125 0.025390625 0.08349609375 0.029296875 0.08447265625 0.0869140625 0.080078125 0.087890625 0.08349609375 0.1787109375 0.08642578125 0.1826171875 0.087890625 0.2421875 0.08447265625 0.244140625 0.08642578125 0.3349609375 0.08935546875 0.337890625 0.08984375 0.3603515625 0.0869140625 0.365234375 0.08447265625 0.365234375
5 0.1767578125 0.44140625 0.1748046875 0.4326171875 0.16552734375 0.431640625 0.1572265625 0.43359375 0.154296875 0.439453125 0.177734375 0.453125 0.177734375 0.4453125
5 0.20263671875 0.435546875 0.19873046875 0.4296875 0.17724609375 0.4306640625 0.1708984375 0.4384765625 0.18798828125 0.4462890625
5 0.2705078125 0.4287109375 0.26513671875 0.419921875 0.2509765625 0.419921875 0.24609375 0.421875 0.2431640625 0.4326171875 0.265625 0.4365234375
5 0.3017578125 0.4287109375 0.29833984375 0.4189453125 0.2890625 0.4169921875 0.27978515625 0.4208984375 0.27783203125 0.431640625
5 0.3994140625 0.412109375 0.37890625 0.4111328125 0.365234375 0.3994140625 0.3544921875 0.3984375 0.33642578125 0.40234375 0.3251953125 0.41015625 0.32080078125 0.42578125 0.37158203125 0.4306640625 0.3984375 0.4208984375
3 0.4248046875 0.4033203125 0.40185546875 0.408203125 0.3818359375 0.4150390625 0.3720703125 0.4111328125 0.34716796875 0.41015625 0.3427734375 0.4169921875 0.3427734375 0.421875 0.3115234375 0.419921875 0.26953125 0.419921875 0.22900390625 0.42578125 0.22412109375 0.4287109375 0.2197265625 0.4287109375 0.216796875 0.4365234375 0.21337890625 0.4306640625 0.1689453125 0.4384765625 0.1650390625 0.44140625 0.1591796875 0.4404296875 0.09765625 0.439453125 0.0908203125 0.44140625 0.08837890625 0.4462890625 0.08056640625 0.4404296875 0.072265625 0.4384765625 0.0673828125 0.4345703125 0.0 0.439453125 0.0 0.6513671875 0.07958984375 0.6123046875 0.0625 0.65625 0.08203125 0.6455078125 0.09130859375 0.634765625 0.1083984375 0.6318359375 0.11669921875 0.6474609375 0.12939453125 0.6416015625 0.109375 0.611328125 0.1005859375 0.611328125 0.1005859375 0.6005859375 0.1669921875 0.57421875 0.158203125 0.58203125 0.1435546875 0.6123046875 0.15966796875 0.6064453125 0.1650390625 0.5966796875 0.18115234375 0.5947265625 0.1865234375 0.6005859375 0.197265625 0.5986328125 0.1884765625 0.5927734375 0.181640625 0.578125 0.17236328125 0.5771484375 0.1728515625 0.568359375 0.21142578125 0.548828125 0.19873046875 0.57421875 0.21435546875 0.5732421875 0.2177734375 0.564453125 0.23046875 0.5615234375 0.2353515625 0.568359375 0.244140625 0.5654296875 0.2333984375 0.5517578125 0.22509765625 0.546875 0.22509765625 0.5400390625 0.25830078125 0.52734375 0.25048828125 0.5341796875 0.24072265625 0.5556640625 0.25341796875 0.5498046875 0.25732421875 0.5458984375 0.26953125 0.54296875 0.2734375 0.546875 0.27587890625 0.5458984375 0.27587890625 0.5419921875 0.2822265625 0.5400390625 0.2861328125 0.533203125 0.296875 0.529296875 0.30078125 0.533203125 0.3056640625 0.5302734375 0.3056640625 0.525390625 0.31103515625 0.517578125 0.3193359375 0.513671875 0.3251953125 0.5205078125 0.33154296875 0.5185546875 0.32763671875 0.5107421875 0.33154296875 0.505859375 0.33837890625 0.5068359375 0.33837890625 0.5107421875 0.34814453125 0.5068359375 0.34619140625 0.50390625 0.34814453125 0.4990234375 0.35205078125 0.4990234375 0.35986328125 0.5009765625 0.37158203125 0.4931640625 0.38330078125 0.48046875 0.39306640625 0.4755859375 0.40185546875 0.4697265625 0.41845703125 0.4580078125 0.4345703125 0.4501953125 0.42919921875 0.4453125 0.4248046875 0.439453125 0.4248046875 0.4189453125
1 1.00048828125 0.615234375 0.81640625 0.5341796875 0.7841796875 0.515625 0.81787109375 0.466796875 0.83642578125 0.4736328125 0.90087890625 0.4697265625 0.90087890625 0.4765625 0.9169921875 0.4775390625 0.93310546875 0.470703125 1.0 0.4794921875
1 0.5859375 0.38671875 0.5283203125 0.388671875 0.453125 0.3916015625 0.44482421875 0.41796875 0.44482421875 0.4208984375 0.42431640625 0.4248046875 0.4228515625 0.443359375 0.4921875 0.439453125 0.5439453125 0.4365234375 0.5830078125 0.43359375
5 0.5693359375 0.3681640625 0.56689453125 0.376953125 0.56640625 0.3896484375 0.58056640625 0.388671875 0.580078125 0.375 0.5771484375 0.3681640625
5 0.6240234375 0.3798828125 0.62060546875 0.365234375 0.619140625 0.36328125 0.60302734375 0.36328125 0.58837890625 0.365234375 0.58544921875 0.3701171875 0.58349609375 0.376953125 0.58203125 0.390625 0.58154296875 0.3857421875 0.5771484375 0.3857421875 0.57568359375 0.3876953125 0.5751953125 0.390625 0.57568359375 0.3935546875 0.58056640625 0.3935546875 0.578125 0.404296875 0.578125 0.416015625 0.57763671875 0.4296875 0.578125 0.44140625 0.5791015625 0.4453125 0.5830078125 0.4453125 0.5859375 0.447265625 0.591796875 0.447265625
5 0.6123046875 0.3779296875 0.60205078125 0.3798828125 0.5986328125 0.3857421875 0.59375 0.408203125 0.58984375 0.4091796875 0.5888671875 0.4130859375 0.58935546875 0.416015625 0.5908203125 0.41796875 0.58984375 0.423828125 0.59033203125 0.453125 0.5908203125 0.4619140625 0.59619140625 0.462890625 0.5986328125 0.4677734375 0.6015625 0.46875 0.60791015625 0.46875
5 0.6533203125 0.3798828125 0.6484375 0.3720703125 0.61279296875 0.3779296875 0.60986328125 0.3837890625 0.60693359375 0.4052734375 0.60595703125 0.40625 0.60400390625 0.4052734375 0.6005859375 0.40625 0.599609375 0.41015625 0.599609375 0.4130859375 0.60107421875 0.4150390625 0.6044921875 0.4169921875 0.6044921875 0.421875 0.60498046875 0.4248046875 0.60400390625 0.4306640625 0.60302734375 0.4375 0.60400390625 0.4462890625 0.60498046875 0.46875 0.60595703125 0.482421875 0.6064453125 0.4833984375 0.609375 0.4833984375 0.61181640625 0.4833984375 0.6123046875 0.48046875 0.61279296875 0.4697265625 0.62451171875 0.4658203125
5 0.693359375 0.384765625 0.68701171875 0.3759765625 0.67236328125 0.3740234375 0.64794921875 0.3779296875 0.63818359375 0.380859375 0.63525390625 0.3876953125 0.63134765625 0.4033203125 0.62841796875 0.412109375 0.62744140625 0.408203125 0.62158203125 0.4091796875 0.62109375 0.412109375 0.62109375 0.4169921875 0.623046875 0.4189453125 0.62744140625 0.41796875 0.623046875 0.4326171875 0.623046875 0.46484375 0.62451171875 0.4814453125 0.6259765625 0.486328125 0.62841796875 0.4873046875 0.6337890625 0.4873046875 0.63427734375 0.4931640625 0.6357421875 0.49609375 0.64111328125 0.49609375 0.6435546875 0.4951171875 0.64501953125 0.48828125 0.64501953125 0.48046875 0.65625 0.478515625 0.6591796875 0.48046875 0.662109375 0.48046875 0.666015625 0.4775390625 0.67236328125 0.4775390625 0.6923828125 0.3857421875
5 0.67236328125 0.5126953125 0.67138671875 0.4755859375 0.67138671875 0.462890625 0.67138671875 0.453125 0.67529296875 0.439453125 0.6796875 0.42578125 0.6708984375 0.423828125 0.669921875 0.421875 0.6689453125 0.412109375 0.67041015625 0.408203125 0.6796875 0.4072265625 0.68115234375 0.41015625 0.68212890625 0.4169921875 0.68994140625 0.384765625 0.69482421875 0.3701171875 0.69873046875 0.3642578125 0.70263671875 0.3603515625 0.72119140625 0.3525390625 0.7451171875 0.349609375 0.7724609375 0.349609375 0.78662109375 0.3515625 0.79150390625 0.3544921875 0.7958984375 0.3603515625 0.806640625 0.3896484375 0.8125 0.4130859375 0.8154296875 0.419921875 0.81787109375 0.435546875 0.818359375 0.451171875 0.8203125 0.458984375 0.8232421875 0.4658203125 0.822265625 0.4853515625 0.81982421875 0.5 0.8212890625 0.51953125 0.8193359375 0.5419921875 0.81591796875 0.5478515625 0.80908203125 0.55078125 0.79931640625 0.5458984375 0.7978515625 0.5322265625 0.796875 0.5224609375 0.7509765625 0.52734375 0.71923828125 0.529296875 0.71728515625 0.54296875 0.7138671875 0.5576171875 0.708984375 0.5595703125 0.69970703125 0.55859375 0.697265625 0.5537109375 0.69580078125 0.533203125 0.69482421875 0.5224609375 0.68896484375 0.51953125 0.68896484375 0.53125 0.6875 0.5361328125 0.685546875 0.5380859375 0.6748046875 0.537109375 0.6728515625 0.5283203125 0.671875 0.517578125
