0 0.0 1.0009765625 0.0 0.6005859375 0.11083984375 0.5712890625 0.4873046875 0.4716796875 0.52099609375 0.453125 0.54541015625 0.451171875 1.0 0.572265625 1.0 1.0
1 0.5927734375 0.515625 0.57958984375 0.5185546875 0.5751953125 0.5146484375 0.5712890625 0.505859375 0.568359375 0.5009765625 0.56201171875 0.49609375 0.5576171875 0.48828125 0.5498046875 0.4814453125 0.5576171875 0.48046875 0.5888671875 0.4892578125 0.5986328125 0.501953125 0.59326171875 0.5146484375
2 1.0 0.0 0.6181640625 0.0 0.572265625 0.3779296875 0.599609375 0.4736328125 0.7431640625 0.5 0.99951171875 0.5244140625
4 0.1044921875 0.5732421875 0.0 0.603515625 0.0 0.0009765625 0.49755859375 0.0009765625 0.5048828125 0.01171875 0.509765625 0.03125 0.51318359375 0.046875 0.52099609375 0.046875 0.521484375 0.060546875 0.5166015625 0.0693359375 0.521484375 0.0771484375 0.52099609375 0.0849609375 0.52685546875 0.0986328125 0.51953125 0.1162109375 0.5224609375 0.1337890625 0.521484375 0.14453125 0.51953125 0.15234375 0.51904296875 0.158203125 0.529296875 0.158203125 0.53466796875 0.1513671875 0.52978515625 0.1416015625 0.53759765625 0.1279296875 0.5458984375 0.134765625 0.5439453125 0.1123046875 0.55029296875 0.107421875 0.548828125 0.0927734375 0.54931640625 0.083984375 0.55322265625 0.08203125 0.5615234375 0.07421875 0.5576171875 0.06640625 0.55126953125 0.0654296875 0.5576171875 0.056640625 0.5595703125 0.046875 0.56787109375 0.0478515625 0.568359375 0.0322265625 0.56201171875 0.02734375 0.56884765625 0.013671875 0.56396484375 0.0068359375 0.564453125 0.0009765625 0.79833984375 0.0009765625 0.79296875 0.0078125 0.79736328125 0.0185546875 0.79931640625 0.0302734375 0.80322265625 0.0400390625 0.8212890625 0.0400390625 0.8369140625 0.064453125 0.85595703125 0.087890625 0.8388671875 0.1015625 0.83154296875 0.1240234375 0.81982421875 0.1337890625 0.80078125 0.1181640625 0.791015625 0.123046875 0.78271484375 0.119140625 0.775390625 0.1044921875 0.7802734375 0.0986328125 0.78076171875 0.0849609375 0.79052734375 0.0732421875 0.77490234375 0.06640625 0.75390625 0.06640625 0.75 0.0859375 0.7451171875 0.0859375 0.74462890625 0.0966796875 0.7509765625 0.109375 0.76025390625 0.10546875 0.76708984375 0.111328125 0.76171875 0.140625 0.76171875 0.1669921875 0.7685546875 0.173828125 0.7734375 0.1806640625 0.77880859375 0.1845703125 0.77783203125 0.1982421875 0.76220703125 0.19921875 0.75048828125 0.1962890625 0.7412109375 0.216796875 0.7412109375 0.25 0.73974609375 0.267578125 0.73974609375 0.27734375 0.74169921875 0.283203125 0.7412109375 0.30078125 0.748046875 0.30859375 0.73974609375 0.3173828125 0.751953125 0.333984375 0.744140625 0.3427734375 0.7392578125 0.3388671875 0.73828125 0.361328125 0.7392578125 0.41796875 0.72412109375 0.41796875 0.7255859375 0.3798828125 0.69921875 0.380859375 0.7001953125 0.3662109375 0.7041015625 0.34765625 0.70263671875 0.3076171875 0.70068359375 0.27734375 0.70458984375 0.26171875 0.701171875 0.23046875 0.69677734375 0.220703125 0.70068359375 0.20703125 0.69921875 0.18359375 0.69384765625 0.177734375 0.6943359375 0.162109375 0.67919921875 0.166015625 0.66552734375 0.162109375 0.66748046875 0.185546875 0.67578125 0.1953125 0.6748046875 0.2099609375 0.65478515625 0.240234375 0.65380859375 0.244140625 0.64697265625 0.251953125 0.65234375 0.4482421875 0.65478515625 0.482421875 0.67041015625 0.4892578125 0.67626953125 0.505859375 0.681640625 0.552734375 0.62158203125 0.5615234375 0.625 0.5498046875 0.63818359375 0.5390625 0.6416015625 0.51171875 0.646484375 0.490234375 0.64208984375 0.3427734375 0.6298828125 0.3232421875 0.6220703125 0.3271484375 0.6220703125 0.337890625 0.62646484375 0.341796875 0.6220703125 0.34765625 0.62255859375 0.3603515625 0.62255859375 0.388671875 0.62744140625 0.443359375 0.5947265625 0.505859375 0.57958984375 0.5048828125 0.5712890625 0.5 0.5732421875 0.4912109375 0.56396484375 0.4853515625 0.54931640625 0.4814453125 0.5537109375 0.4794921875 0.55419921875 0.4765625 0.54833984375 0.4775390625 0.54443359375 0.4619140625 0.533203125 0.4677734375 0.513671875 0.4619140625 0.4921875 0.470703125
5 0.53369140625 0.4716796875 0.53369140625 0.46484375 0.533203125 0.4599609375 0.53173828125 0.45703125 0.52197265625 0.45703125 0.521484375 0.4609375 0.52001953125 0.46484375 0.51953125 0.4697265625 0.51953125 0.4736328125 0.51953125 0.478515625 0.52197265625 0.478515625 0.52197265625 0.4765625 0.53076171875 0.4755859375 0.53125 0.478515625 0.53369140625 0.4775390625
5 0.494140625 0.4814453125 0.494140625 0.474609375 0.4931640625 0.4677734375 0.4892578125 0.462890625 0.48486328125 0.458984375 0.4794921875 0.4599609375 0.48583984375 0.48828125 0.48876953125 0.4873046875 0.4921875 0.486328125 0.49365234375 0.484375
5 0.4873046875 0.4794921875 0.48681640625 0.470703125 0.4853515625 0.466796875 0.4814453125 0.4599609375 0.47705078125 0.4580078125 0.4736328125 0.458984375 0.484375 0.48828125 0.486328125 0.4853515625
5 0.47119140625 0.4560546875 0.466796875 0.45703125 0.470703125 0.49609375 0.47216796875 0.4990234375 0.4755859375 0.498046875 0.47705078125 0.49609375 0.478515625 0.4912109375 0.484375 0.4892578125 0.4853515625 0.4833984375 0.4853515625 0.478515625 0.484375 0.46875 0.47998046875 0.466796875 0.4755859375 0.458984375
5 0.46484375 0.4521484375 0.46044921875 0.4501953125 0.45654296875 0.4501953125 0.46142578125 0.5009765625 0.4638671875 0.50390625 0.466796875 0.50390625 0.470703125 0.4990234375 0.47314453125 0.4931640625 0.4736328125 0.4775390625 0.47265625 0.466796875 0.46826171875 0.45703125
5 0.453125 0.5068359375 0.45166015625 0.501953125 0.4453125 0.5029296875 0.4423828125 0.458984375 0.45947265625 0.45703125 0.4619140625 0.4619140625 0.46484375 0.474609375 0.46533203125 0.4873046875 0.46435546875 0.498046875 0.4609375 0.5048828125 0.45751953125 0.5078125 0.45458984375 0.5078125
5 0.41552734375 0.4306640625 0.3720703125 0.4365234375 0.3662109375 0.4375 0.36328125 0.4404296875 0.36181640625 0.443359375 0.35888671875 0.4482421875 0.357421875 0.4580078125 0.4169921875 0.5234375 0.42041015625 0.5234375 0.4228515625 0.5205078125 0.42333984375 0.5166015625 0.42578125 0.5126953125 0.4287109375 0.5126953125 0.43017578125 0.5185546875 0.4326171875 0.5224609375 0.43603515625 0.5234375 0.4384765625 0.5205078125 0.4384765625 0.5185546875 0.4453125 0.515625 0.44677734375 0.5087890625 0.4482421875 0.4951171875 0.44775390625 0.4833984375 0.4462890625 0.4765625 0.45166015625 0.4755859375 0.45751953125 0.4658203125 0.45166015625 0.4501953125 0.44140625 0.4296875 0.43505859375 0.427734375 0.423828125 0.427734375 0.41650390625 0.4306640625
5 0.40576171875 0.453125 0.38232421875 0.4501953125 0.373046875 0.4501953125 0.365234375 0.453125 0.36083984375 0.4560546875 0.3974609375 0.5283203125 0.39990234375 0.53515625 0.40283203125 0.537109375 0.4091796875 0.537109375 0.41455078125 0.53125 0.41650390625 0.5244140625 0.41845703125 0.5234375 0.42138671875 0.521484375 0.423828125 0.5166015625 0.4248046875 0.505859375 0.42333984375 0.4990234375 0.42333984375 0.490234375 0.42236328125 0.482421875 0.4169921875 0.46875 0.41259765625 0.4580078125
5 0.38037109375 0.55078125 0.3837890625 0.5498046875 0.38720703125 0.544921875 0.390625 0.54296875 0.39599609375 0.5302734375 0.3994140625 0.5185546875 0.40185546875 0.5029296875 0.40087890625 0.4970703125 0.39990234375 0.484375 0.39697265625 0.4736328125 0.3935546875 0.4619140625 0.3896484375 0.45703125 0.37646484375 0.4560546875 0.37255859375 0.45703125
5 0.38134765625 0.46484375 0.37744140625 0.4580078125 0.37451171875 0.455078125 0.36181640625 0.4521484375 0.35888671875 0.5400390625 0.365234375 0.556640625 0.36962890625 0.5595703125 0.37451171875 0.560546875 0.37890625 0.556640625 0.3818359375 0.5498046875 0.3837890625 0.5390625 0.3876953125 0.533203125 0.390625 0.5263671875 0.3916015625 0.5146484375 0.390625 0.50390625 0.3896484375 0.49609375 0.388671875 0.484375 0.38525390625 0.47265625
5 0.3369140625 0.4375 0.318359375 0.4365234375 0.30419921875 0.435546875 0.2880859375 0.4384765625 0.28173828125 0.443359375 0.34375 0.55859375 0.34765625 0.5625 0.3525390625 0.56640625 0.35888671875 0.56640625 0.36328125 0.560546875 0.3662109375 0.552734375 0.36669921875 0.544921875 0.3720703125 0.541015625 0.37451171875 0.53515625 0.37646484375 0.525390625 0.376953125 0.5146484375 0.37548828125 0.5029296875 0.37548828125 0.490234375 0.3740234375 0.478515625 0.3662109375 0.458984375 0.3603515625 0.4462890625 0.35693359375 0.4404296875
5 0.33984375 0.462890625 0.3349609375 0.451171875 0.330078125 0.4453125 0.314453125 0.44140625 0.29638671875 0.44140625 0.2763671875 0.44140625 0.25732421875 0.443359375 0.25 0.4443359375 0.23095703125 0.4501953125 0.294921875 0.5712890625 0.31103515625 0.5732421875 0.31591796875 0.5810546875 0.31982421875 0.5830078125 0.32373046875 0.583984375 0.3291015625 0.580078125 0.33251953125 0.5732421875 0.333984375 0.5654296875 0.34423828125 0.5625 0.34814453125 0.55859375 0.34912109375 0.5458984375 0.35009765625 0.5322265625 0.3486328125 0.5185546875 0.34716796875 0.5126953125 0.34765625 0.505859375 0.34619140625 0.486328125 0.34423828125 0.48046875
1 0.16015625 0.5849609375 0.0 0.6376953125 0.0 0.5869140625 0.009765625 0.583984375 0.0078125 0.560546875 0.083984375 0.5458984375 0.0859375 0.5537109375 0.0966796875 0.5556640625 0.11376953125 0.5576171875
3 0.01806640625 0.5048828125 0.0 0.5068359375 0.0 0.5439453125 0.06103515625 0.5361328125 0.09033203125 0.53125 0.107421875 0.5302734375 0.1484375 0.494140625 0.11279296875 0.498046875 0.07080078125 0.5009765625
5 0.16943359375 0.458984375 0.158203125 0.46875 0.146484375 0.4853515625 0.14501953125 0.4892578125 0.13916015625 0.4912109375 0.13671875 0.4951171875 0.13671875 0.505859375 0.13623046875 0.5087890625 0.12255859375 0.5146484375 0.10791015625 0.5234375 0.10302734375 0.5302734375 0.10009765625 0.5439453125 0.099609375 0.55078125 0.10009765625 0.56640625 0.1015625 0.5791015625 0.1044921875 0.587890625 0.10595703125 0.5966796875 0.1083984375 0.603515625 0.1142578125 0.6044921875 0.1201171875 0.6025390625 0.125 0.5966796875 0.12646484375 0.58984375 0.13330078125 0.5888671875 0.1689453125 0.5869140625 0.17626953125 0.587890625 0.17724609375 0.591796875 0.18017578125 0.5966796875 0.18701171875 0.5966796875 0.18994140625 0.5947265625 0.1923828125 0.58984375 0.1943359375 0.599609375 0.19775390625 0.60546875 0.2021484375 0.6083984375 0.20849609375 0.609375 0.21484375 0.60546875 0.2197265625 0.59765625 0.2216796875 0.58984375 0.23095703125 0.5849609375 0.2568359375 0.5810546875 0.26220703125 0.5830078125 0.2646484375 0.595703125 0.27001953125 0.6015625 0.27587890625 0.6015625 0.28173828125 0.5966796875 0.28515625 0.5888671875 0.287109375 0.5732421875 0.29296875 0.5712890625 0.2978515625 0.5673828125 0.29931640625 0.55078125 0.2998046875 0.5341796875 0.2958984375 0.52734375 0.294921875 0.5244140625 0.29296875 0.5 0.2919921875 0.4912109375 0.28759765625 0.4853515625 0.28076171875 0.484375 0.26416015625 0.458984375 0.26025390625 0.455078125 0.24267578125 0.4501953125 0.22802734375 0.44921875 0.20166015625 0.44921875 0.18310546875 0.453125 0.173828125 0.45703125
5 0.61669921875 0.4375 0.60302734375 0.44140625 0.5986328125 0.453125 0.595703125 0.46484375 0.59375 0.4638671875 0.5927734375 0.466796875 0.59326171875 0.470703125 0.59130859375 0.4873046875 0.591796875 0.5 0.5927734375 0.5146484375 0.59326171875 0.521484375 0.59423828125 0.5234375 0.59765625 0.5224609375 0.5986328125 0.525390625 0.6025390625 0.5263671875 0.6064453125 0.5244140625 0.60693359375 0.51953125 0.6064453125 0.513671875 0.61083984375 0.5126953125 0.6298828125 0.435546875 0.62158203125 0.4365234375
5 0.63720703125 0.4345703125 0.623046875 0.4375 0.62158203125 0.4365234375 0.62060546875 0.4375 0.61962890625 0.44140625 0.6162109375 0.4560546875 0.61474609375 0.4638671875 0.6083984375 0.46484375 0.60693359375 0.4658203125 0.60693359375 0.46875 0.607421875 0.4716796875 0.6123046875 0.4716796875 0.61376953125 0.47265625 0.6103515625 0.48046875 0.60888671875 0.4912109375 0.60986328125 0.51171875 0.61083984375 0.5283203125 0.61181640625 0.53125 0.61767578125 0.5322265625 0.61865234375 0.537109375 0.61962890625 0.5390625 0.625 0.5400390625 0.626953125 0.537109375 0.62744140625 0.5244140625 0.64111328125 0.521484375 0.642578125 0.5087890625 0.64599609375 0.4970703125 0.646484375 0.4912109375 0.64599609375 0.4541015625 0.64501953125 0.4345703125
5 0.6611328125 0.4326171875 0.65185546875 0.4326171875 0.65283203125 0.4609375 0.65380859375 0.482421875 0.65576171875 0.486328125 0.66259765625 0.48828125 0.66796875 0.4921875 0.671875 0.50390625 0.67626953125 0.5087890625 0.6767578125 0.4697265625 0.67431640625 0.4609375 0.6669921875 0.44140625 0.66357421875 0.4345703125
1 0.6376953125 0.5341796875 0.61572265625 0.5390625 0.60888671875 0.5439453125 0.60791015625 0.548828125 0.60791015625 0.5517578125 0.61279296875 0.55859375 0.619140625 0.5615234375 0.62353515625 0.5615234375 0.6826171875 0.5537109375 0.67529296875 0.54296875 0.6572265625 0.5458984375 0.6513671875 0.5517578125 0.63818359375 0.552734375 0.634765625 0.548828125 0.6240234375 0.5537109375 0.62255859375 0.5498046875 0.6240234375 0.5478515625 0.6259765625 0.5478515625 0.63623046875 0.5400390625
5 0.787109375 0.40625 0.76123046875 0.408203125 0.73291015625 0.4140625 0.71240234375 0.419921875 0.693359375 0.4267578125 0.69287109375 0.4306640625 0.6865234375 0.4443359375 0.6767578125 0.462890625 0.67431640625 0.4677734375 0.67333984375 0.4853515625 0.67431640625 0.505859375 0.67041015625 0.5126953125 0.6708984375 0.525390625 0.67333984375 0.5419921875 0.6767578125 0.552734375 0.68212890625 0.5546875 0.68408203125 0.5634765625 0.68798828125 0.5712890625 0.6923828125 0.5751953125 0.69775390625 0.576171875 0.7041015625 0.5732421875 0.7080078125 0.568359375 0.71044921875 0.5615234375 0.7197265625 0.5556640625 0.73291015625 0.5537109375 0.73974609375 0.5576171875 0.744140625 0.5595703125 0.748046875 0.56640625 0.75341796875 0.5732421875 0.7607421875 0.5771484375 0.767578125 0.5615234375 0.78369140625 0.4248046875
5 0.8310546875 0.3916015625 0.8095703125 0.3955078125 0.791015625 0.4033203125 0.779296875 0.4111328125 0.77197265625 0.4267578125 0.75830078125 0.4609375 0.75537109375 0.4697265625 0.75390625 0.4833984375 0.75537109375 0.48828125 0.75341796875 0.5048828125 0.751953125 0.533203125 0.75439453125 0.560546875 0.75927734375 0.578125 0.763671875 0.5849609375 0.771484375 0.591796875 0.78173828125 0.6005859375
4 0.90576171875 0.3779296875 0.90380859375 0.3056640625 0.89599609375 0.25 0.89599609375 0.2119140625 0.90185546875 0.1923828125 0.90576171875 0.1611328125 0.90478515625 0.1455078125 0.8994140625 0.1318359375 0.9033203125 0.1181640625 0.9052734375 0.1005859375 0.8994140625 0.0732421875 0.89306640625 0.037109375 0.8876953125 0.009765625 0.88671875 0.0 0.86474609375 0.0 0.8681640625 0.0341796875 0.87109375 0.0830078125 0.87109375 0.1328125 0.87060546875 0.1640625 0.86962890625 0.2109375 0.8701171875 0.2314453125 0.86669921875 0.2412109375 0.8740234375 0.2451171875 0.87939453125 0.279296875 0.87744140625 0.3193359375 0.8798828125 0.3427734375 0.88134765625 0.3837890625
5 1.0 0.3583984375 0.9423828125 0.3603515625 0.8955078125 0.369140625 0.88232421875 0.3701171875 0.87939453125 0.3662109375 0.87109375 0.3681640625 0.8701171875 0.3759765625 0.84765625 0.380859375 0.828125 0.392578125 0.8125 0.40625 0.7978515625 0.439453125 0.78076171875 0.48828125 0.77783203125 0.498046875 0.77587890625 0.51171875 0.77734375 0.5244140625 0.77490234375 0.5419921875 0.77392578125 0.568359375 0.77685546875 0.6025390625 0.78125 0.619140625 0.78759765625 0.6298828125 0.79833984375 0.6298828125 0.80517578125 0.6318359375 0.8095703125 0.638671875 0.81591796875 0.658203125 0.81982421875 0.6640625 0.8271484375 0.66796875 0.83740234375 0.6669921875 0.8466796875 0.6591796875 0.8505859375 0.6513671875 0.8564453125 0.63671875 0.8818359375 0.642578125 1.0 0.4453125
5 0.88330078125 0.4609375 0.87841796875 0.486328125 0.88037109375 0.5244140625 0.88232421875 0.6162109375 0.88134765625 0.6552734375 0.88330078125 0.6787109375 0.88818359375 0.6962890625 0.8935546875 0.7392578125 0.90771484375 0.7587890625 0.92236328125 0.767578125 0.9443359375 0.779296875 0.96484375 0.8125 0.97998046875 0.830078125 0.99951171875 0.84375 0.99951171875 0.3642578125 0.9560546875 0.408203125 0.92529296875 0.4423828125 0.8994140625 0.44921875
