0 1.00732421875 0.34765625 1.0 1.0 0.0 1.0 0.0 0.2841796875
1 0.0009765625 0.6806640625 0.04833984375 0.6845703125 0.09716796875 0.6953125 0.1171875 0.705078125 0.126953125 0.72265625 0.1298828125 0.7431640625 0.10400390625 0.7763671875 0.0 0.896484375
1 0.99658203125 0.78515625 0.86865234375 0.6962890625 0.779296875 0.6396484375 0.74853515625 0.6201171875 0.74560546875 0.59765625 0.75341796875 0.578125 0.77587890625 0.5625 0.83544921875 0.5458984375 0.9365234375 0.5390625 0.970703125 0.5302734375 1.0 0.5849609375 1.0 0.7900390625
1 0.00341796875 0.4736328125 0.18994140625 0.4658203125 0.35791015625 0.4609375 0.46875 0.4541015625 0.7353515625 0.4453125 0.73291015625 0.439453125 0.62451171875 0.4130859375 0.39599609375 0.3935546875 0.0 0.423828125 0.0 0.4736328125
1 0.9501953125 0.4794921875 0.7890625 0.4951171875 0.58740234375 0.5107421875 0.45556640625 0.525390625 0.29541015625 0.5341796875 0.21484375 0.537109375 0.15625 0.537109375 0.138671875 0.533203125 0.13232421875 0.529296875 0.1318359375 0.521484375 0.134765625 0.5185546875 0.15234375 0.5146484375 0.185546875 0.513671875 0.3837890625 0.4990234375 0.5107421875 0.4892578125 0.8046875 0.4697265625 0.955078125 0.451171875 0.9580078125 0.47265625
2 0.00439453125 0.4599609375 0.158203125 0.4609375 0.1875 0.4599609375 0.36083984375 0.453125 0.4599609375 0.4462890625 0.5966796875 0.4384765625 0.6748046875 0.435546875 0.7333984375 0.4453125 0.7431640625 0.443359375 0.78759765625 0.44140625 0.818359375 0.4384765625 0.86572265625 0.4345703125 0.9658203125 0.4384765625 0.9638671875 0.5771484375 1.0 0.5869140625 1.0 0.0 0.0 0.0 0.0 0.4599609375
3 0.75732421875 0.4013671875 0.7646484375 0.421875 0.7626953125 0.4482421875 0.7333984375 0.4482421875 0.716796875 0.447265625 0.70654296875 0.40234375 0.72265625 0.4033203125
5 0.12890625 0.388671875 0.08056640625 0.3837890625 0.06787109375 0.38671875 0.044921875 0.4169921875 0.021484375 0.4189453125 0.0087890625 0.4287109375 0.00439453125 0.4462890625 0.00439453125 0.4599609375 0.0078125 0.46875 0.0107421875 0.4736328125 0.03515625 0.4765625 0.03857421875 0.484375 0.04248046875 0.4873046875 0.046875 0.4873046875 0.052734375 0.484375 0.05859375 0.478515625 0.060546875 0.470703125 0.11181640625 0.470703125 0.11376953125 0.4765625 0.11767578125 0.4794921875 0.1220703125 0.4736328125 0.1240234375 0.4697265625 0.125 0.4775390625 0.134765625 0.484375 0.138671875 0.484375 0.14501953125 0.4775390625 0.1484375 0.46875 0.1552734375 0.462890625 0.15771484375 0.439453125 0.15478515625 0.4384765625 0.15283203125 0.416015625 0.13623046875 0.3935546875
5 0.3427734375 0.3369140625 0.322265625 0.33203125 0.2216796875 0.333984375 0.21337890625 0.3408203125 0.19873046875 0.3701171875 0.1982421875 0.3662109375 0.19775390625 0.3662109375 0.19482421875 0.3681640625 0.1923828125 0.3779296875 0.1923828125 0.384765625 0.19189453125 0.3876953125 0.1767578125 0.4091796875 0.173828125 0.43359375 0.173828125 0.443359375 0.1748046875 0.44921875 0.1796875 0.455078125 0.18359375 0.4609375 0.1865234375 0.46484375 0.189453125 0.46875 0.193359375 0.4716796875 0.1962890625 0.47265625 0.19873046875 0.47265625 0.2021484375 0.470703125 0.2041015625 0.4658203125 0.20458984375 0.4638671875 0.208984375 0.4716796875 0.2177734375 0.478515625 0.21923828125 0.478515625 0.22265625 0.478515625 0.2275390625 0.4755859375 0.232421875 0.46484375 0.23388671875 0.4599609375 0.28466796875 0.4580078125 0.2861328125 0.4638671875 0.28857421875 0.46484375 0.291015625 0.4658203125 0.29443359375 0.466796875 0.29736328125 0.4658203125 0.2998046875 0.4638671875 0.30078125 0.4609375 0.30224609375 0.4560546875 0.30615234375 0.4560546875 0.3076171875 0.4638671875 0.310546875 0.470703125 0.3154296875 0.474609375 0.32373046875 0.474609375 0.326171875 0.4697265625 0.32861328125 0.458984375 0.32958984375 0.455078125 0.34521484375 0.447265625 0.3466796875 0.443359375 0.34716796875 0.390625 0.3447265625 0.3525390625 0.34375 0.345703125
5 0.427734375 0.384765625 0.39794921875 0.3857421875 0.38623046875 0.3916015625 0.37109375 0.40625 0.35791015625 0.4169921875 0.35205078125 0.4287109375 0.35107421875 0.447265625 0.353515625 0.45703125 0.35693359375 0.4599609375 0.35888671875 0.4638671875 0.36083984375 0.46484375 0.36279296875 0.46484375 0.36572265625 0.46484375 0.3671875 0.462890625 0.38330078125 0.4619140625 0.384765625 0.4697265625 0.38916015625 0.47265625 0.39501953125 0.46484375 0.396484375 0.462890625 0.43603515625 0.4560546875 0.43798828125 0.466796875 0.443359375 0.466796875 0.44775390625 0.462890625 0.44970703125 0.4560546875 0.4521484375 0.439453125 0.45166015625 0.4228515625 0.44970703125 0.4130859375 0.44091796875 0.3916015625 0.4306640625 0.38671875
5 0.51904296875 0.376953125 0.50634765625 0.3828125 0.48974609375 0.392578125 0.4765625 0.4091796875 0.46533203125 0.416015625 0.4560546875 0.4306640625 0.45654296875 0.44921875 0.4638671875 0.4560546875 0.46533203125 0.4609375 0.47021484375 0.462890625 0.47802734375 0.462890625 0.4833984375 0.4638671875 0.48876953125 0.4658203125 0.4931640625 0.4677734375 0.498046875 0.46484375 0.5009765625 0.4599609375 0.505859375 0.4580078125 0.53662109375 0.458984375 0.548828125 0.4541015625 0.5537109375 0.4541015625 0.560546875 0.453125 0.5615234375 0.447265625 0.5615234375 0.4296875 0.56005859375 0.4150390625 0.5546875 0.3935546875 0.552734375 0.388671875 0.5439453125 0.388671875
5 0.7099609375 0.3955078125 0.6943359375 0.3896484375 0.673828125 0.388671875 0.666015625 0.392578125 0.65234375 0.4072265625 0.65380859375 0.44921875 0.658203125 0.451171875 0.66357421875 0.4521484375 0.66650390625 0.4521484375 0.6689453125 0.453125 0.669921875 0.455078125 0.67236328125 0.4560546875 0.67578125 0.4560546875 0.67724609375 0.4541015625 0.6787109375 0.4501953125 0.68017578125 0.447265625 0.681640625 0.4501953125 0.6845703125 0.4541015625 0.689453125 0.4541015625 0.69091796875 0.4521484375 0.6923828125 0.4482421875 0.70458984375 0.4482421875 0.70654296875 0.4541015625 0.71044921875 0.4560546875 0.71533203125 0.455078125 0.71728515625 0.4501953125 0.71826171875 0.4384765625 0.71923828125 0.427734375 0.7177734375 0.4130859375 0.71337890625 0.3994140625
5 0.64697265625 0.3974609375 0.6279296875 0.38671875 0.60888671875 0.384765625 0.59423828125 0.390625 0.5859375 0.4033203125 0.5791015625 0.4091796875 0.5693359375 0.4111328125 0.5615234375 0.4189453125 0.560546875 0.42578125 0.560546875 0.44140625 0.56103515625 0.4453125 0.5634765625 0.451171875 0.56787109375 0.45703125 0.5703125 0.45703125 0.57275390625 0.455078125 0.5771484375 0.4501953125 0.58251953125 0.451171875 0.5869140625 0.4560546875 0.5927734375 0.458984375 0.59619140625 0.4599609375 0.60009765625 0.458984375 0.60205078125 0.4541015625 0.607421875 0.4521484375 0.61474609375 0.453125 0.6171875 0.4560546875 0.6220703125 0.4560546875 0.62548828125 0.4521484375 0.62744140625 0.44921875 0.63818359375 0.4501953125 0.64013671875 0.4541015625 0.642578125 0.458984375 0.6484375 0.458984375 0.65087890625 0.4560546875 0.6533203125 0.4501953125 0.65625 0.447265625 0.65966796875 0.439453125 0.6591796875 0.4248046875 0.6572265625 0.408203125 0.65087890625 0.4033203125
5 0.81396484375 0.396484375 0.794921875 0.3955078125 0.7802734375 0.392578125 0.765625 0.412109375 0.7568359375 0.41796875 0.7548828125 0.435546875 0.75537109375 0.4404296875 0.76025390625 0.451171875 0.76513671875 0.451171875 0.76708984375 0.4501953125 0.76904296875 0.4482421875 0.78369140625 0.4482421875 0.78466796875 0.4521484375 0.78759765625 0.453125 0.7919921875 0.453125 0.7939453125 0.4501953125 0.796875 0.447265625 0.81005859375 0.4462890625 0.8134765625 0.4501953125 0.81640625 0.4501953125 0.818359375 0.4501953125 0.82275390625 0.4423828125 0.82470703125 0.4326171875 0.82568359375 0.4228515625 0.82373046875 0.412109375 0.82080078125 0.40234375 0.818359375 0.3974609375
3 0.80029296875 0.4833984375 0.80126953125 0.404296875 0.966796875 0.40234375 0.96533203125 0.4658203125
