0 0.84033203125 0.40625 0.51318359375 0.4111328125 0.0 0.4013671875 0.0 1.0 1.0 1.0 1.0 0.4228515625
2 0.59375 0.4482421875 0.560546875 0.443359375 0.556640625 0.400390625 0.595703125 0.2060546875 0.599609375 0.19140625 0.599609375 0.1826171875 0.60693359375 0.15625 0.61962890625 0.1484375 0.61962890625 0.1396484375 0.61669921875 0.13671875 0.6162109375 0.130859375 0.6220703125 0.1171875 0.6279296875 0.076171875 0.6376953125 0.0615234375 0.63671875 0.0556640625 0.638671875 0.037109375 0.64013671875 0.0166015625 0.64453125 0.017578125 0.64453125 0.0009765625 1.0 0.0009765625 1.0 0.537109375 0.6796875 0.4638671875
2 0.171875 0.44921875 0.0 0.4541015625 0.0 0.1513671875 0.20703125 0.19140625 0.2880859375 0.333984375 0.2998046875 0.4677734375 0.21630859375 0.4609375
1 0.14697265625 0.474609375 0.08056640625 0.4775390625 0.0 0.4765625 0.0 0.4541015625 0.24853515625 0.453125 0.365234375 0.44140625 0.44091796875 0.453125 0.431640625 0.4716796875 0.3955078125 0.474609375 0.38134765625 0.4736328125 0.3642578125 0.4716796875 0.3447265625 0.4716796875 0.3115234375 0.4775390625 0.2734375 0.478515625 0.2333984375 0.4765625 0.1708984375 0.4755859375
1 0.09375 0.4921875 0.0361328125 0.490234375 0.00341796875 0.4873046875 0.0 0.486328125 0.0 0.60546875 0.05419921875 0.5908203125 0.0927734375 0.580078125 0.1142578125 0.576171875 0.140625 0.5673828125 0.16259765625 0.556640625 0.18359375 0.5498046875 0.21337890625 0.5380859375 0.2568359375 0.509765625 0.2724609375 0.501953125 0.2802734375 0.498046875 0.2841796875 0.49609375 0.28466796875 0.494140625 0.2548828125 0.4921875 0.234375 0.494140625 0.2080078125 0.4912109375 0.1669921875 0.4921875 0.12548828125 0.494140625
1 0.58740234375 0.46875 0.55810546875 0.470703125 0.54541015625 0.470703125 0.54052734375 0.4677734375 0.537109375 0.462890625 0.53466796875 0.4541015625 0.54638671875 0.4423828125 0.5927734375 0.453125 0.59228515625 0.46875
1 0.677734375 0.548828125 0.6357421875 0.5517578125 0.60693359375 0.55078125 0.60400390625 0.5478515625 0.5869140625 0.5224609375 0.57177734375 0.4990234375 0.5712890625 0.49609375 0.5732421875 0.4931640625 0.5869140625 0.490234375 0.693359375 0.4765625 0.75390625 0.4892578125 0.99951171875 0.568359375 0.8779296875 0.6591796875 0.79443359375 0.6123046875 0.73583984375 0.5751953125 0.69580078125 0.5537109375 0.68798828125 0.548828125
4 0.51708984375 0.341796875 0.51171875 0.3466796875 0.5087890625 0.3466796875 0.5048828125 0.341796875 0.49755859375 0.33984375 0.49560546875 0.3408203125 0.4921875 0.3466796875 0.47607421875 0.4150390625 0.4892578125 0.4345703125 0.5068359375 0.4345703125 0.52587890625 0.42578125 0.53173828125 0.37890625 0.5234375 0.3486328125
4 0.57958984375 0.4326171875 0.5791015625 0.3984375 0.57861328125 0.384765625 0.58251953125 0.3896484375 0.58544921875 0.3798828125 0.59033203125 0.369140625 0.5986328125 0.3642578125 0.61083984375 0.357421875 0.6240234375 0.34375 0.62890625 0.3251953125 0.62548828125 0.306640625 0.62158203125 0.296875 0.62451171875 0.2841796875 0.623046875 0.265625 0.6181640625 0.2626953125 0.61865234375 0.255859375 0.623046875 0.2529296875 0.623046875 0.2490234375 0.61669921875 0.2451171875 0.61865234375 0.2353515625 0.6142578125 0.2294921875 0.61865234375 0.212890625 0.61376953125 0.19921875 0.60595703125 0.19140625 0.61669921875 0.1787109375 0.61572265625 0.173828125 0.60595703125 0.1533203125 0.60498046875 0.1494140625 0.60205078125 0.13671875 0.6005859375 0.134765625 0.59765625 0.13671875 0.59228515625 0.130859375 0.59130859375 0.1201171875 0.59521484375 0.1103515625 0.5927734375 0.1025390625 0.5947265625 0.09375 0.5947265625 0.08984375 0.591796875 0.0849609375 0.5869140625 0.099609375 0.5830078125 0.0986328125 0.5849609375 0.0888671875 0.57958984375 0.0859375 0.5810546875 0.0791015625 0.5791015625 0.0751953125 0.572265625 0.0712890625 0.56884765625 0.0615234375 0.564453125 0.0712890625 0.56005859375 0.0703125 0.552734375 0.0771484375 0.552734375 0.083984375 0.55126953125 0.103515625 0.544921875 0.1015625 0.54541015625 0.11328125 0.546875 0.123046875 0.546875 0.1328125 0.5439453125 0.13671875 0.54345703125 0.1435546875 0.54638671875 0.1513671875 0.54443359375 0.158203125 0.53955078125 0.16015625 0.54150390625 0.1767578125 0.537109375 0.1767578125 0.52734375 0.1923828125 0.533203125 0.203125 0.52490234375 0.212890625 0.521484375 0.2197265625 0.51953125 0.22265625 0.521484375 0.236328125 0.52490234375 0.2451171875 0.52001953125 0.2470703125 0.513671875 0.23828125 0.513671875 0.2451171875 0.51611328125 0.259765625 0.5126953125 0.259765625 0.5048828125 0.2705078125 0.50634765625 0.283203125 0.5087890625 0.2900390625 0.515625 0.2998046875 0.5126953125 0.30078125 0.50927734375 0.3046875 0.50244140625 0.31640625 0.5068359375 0.326171875 0.5078125 0.3388671875 0.50927734375 0.3525390625 0.51123046875 0.365234375 0.5078125 0.37890625 0.5146484375 0.3955078125 0.51806640625 0.4052734375 0.5185546875 0.4130859375 0.52197265625 0.421875 0.52685546875 0.4267578125 0.53076171875 0.427734375 0.5693359375 0.4384765625 0.57958984375 0.4365234375
5 0.52294921875 0.4658203125 0.52294921875 0.4599609375 0.52294921875 0.455078125 0.52294921875 0.4423828125 0.52392578125 0.44140625 0.52392578125 0.4404296875 0.5234375 0.439453125 0.5224609375 0.439453125 0.521484375 0.4384765625 0.51953125 0.431640625 0.51806640625 0.4296875 0.51171875 0.4287109375 0.505859375 0.4287109375 0.50390625 0.431640625 0.501953125 0.4375 0.5 0.4384765625 0.49951171875 0.4404296875 0.49951171875 0.4423828125 0.49951171875 0.4482421875 0.4990234375 0.4541015625 0.49951171875 0.4658203125 0.50048828125 0.4658203125 0.50244140625 0.46484375 0.50341796875 0.4609375 0.51904296875 0.4609375 0.51904296875 0.4658203125
4 0.150390625 0.4091796875 0.1337890625 0.3701171875 0.13134765625 0.365234375 0.130859375 0.3896484375 0.130859375 0.3974609375 0.130859375 0.4404296875 0.12255859375 0.4326171875 0.12109375 0.4091796875 0.12109375 0.40234375 0.12255859375 0.3916015625 0.1220703125 0.3720703125 0.12109375 0.3671875 0.12158203125 0.3623046875 0.12060546875 0.3486328125 0.1181640625 0.328125 0.11669921875 0.3427734375 0.1142578125 0.3466796875 0.11083984375 0.3583984375 0.1044921875 0.3828125 0.1025390625 0.3935546875 0.0986328125 0.404296875 0.099609375 0.4208984375 0.099609375 0.4375 0.09130859375 0.4365234375 0.08984375 0.4287109375 0.08984375 0.4228515625 0.09033203125 0.41015625 0.0888671875 0.40625 0.0888671875 0.396484375 0.09033203125 0.3916015625 0.09130859375 0.3876953125 0.09130859375 0.3759765625 0.09228515625 0.369140625 0.09228515625 0.3525390625 0.0908203125 0.345703125 0.0908203125 0.3388671875 0.0908203125 0.3251953125 0.08740234375 0.3115234375 0.08447265625 0.3251953125 0.0849609375 0.3310546875 0.08447265625 0.333984375 0.08154296875 0.3427734375 0.07421875 0.3564453125 0.0634765625 0.388671875 0.06005859375 0.3955078125 0.0576171875 0.4111328125 0.0576171875 0.4228515625 0.06005859375 0.4384765625 0.04736328125 0.44140625 0.04541015625 0.3984375 0.0419921875 0.3837890625 0.03466796875 0.3662109375 0.033203125 0.3583984375 0.0263671875 0.3466796875 0.0205078125 0.359375 0.01611328125 0.3681640625 0.01611328125 0.3759765625 0.0107421875 0.392578125 0.00634765625 0.400390625 0.00732421875 0.4072265625 0.0068359375 0.41796875 0.0078125 0.42578125 0.0078125 0.4375 0.0 0.4384765625 0.0 0.0 0.12353515625 0.0 0.14990234375 0.0302734375 0.15576171875 0.021484375 0.17333984375 0.01953125 0.18017578125 0.0 0.42822265625 0.0 0.43896484375 0.015625 0.43701171875 0.021484375 0.43798828125 0.0361328125 0.44287109375 0.046875 0.44189453125 0.0615234375 0.4521484375 0.0927734375 0.4638671875 0.1083984375 0.462890625 0.1455078125 0.47998046875 0.1875 0.47412109375 0.2021484375 0.466796875 0.236328125 0.47216796875 0.2431640625 0.4775390625 0.234375 0.4873046875 0.2451171875 0.4892578125 0.26171875 0.4892578125 0.2734375 0.48974609375 0.2841796875 0.48681640625 0.2900390625 0.48876953125 0.302734375 0.4873046875 0.306640625 0.48828125 0.3115234375 0.48974609375 0.3203125 0.48876953125 0.32421875 0.4931640625 0.3271484375 0.49755859375 0.330078125 0.49462890625 0.3388671875 0.4951171875 0.349609375 0.5 0.3662109375 0.5009765625 0.373046875 0.5009765625 0.3837890625 0.49951171875 0.3896484375 0.49853515625 0.400390625 0.49365234375 0.4091796875 0.490234375 0.4130859375 0.48779296875 0.41015625 0.48046875 0.4140625 0.47998046875 0.4189453125 0.48193359375 0.427734375 0.4794921875 0.4326171875 0.474609375 0.435546875 0.3525390625 0.4560546875 0.3349609375 0.4609375 0.31494140625 0.4638671875 0.28955078125 0.4619140625 0.2744140625 0.4638671875 0.25634765625 0.4658203125 0.248046875 0.46484375 0.16552734375 0.439453125
4 0.13720703125 0.3984375 0.1328125 0.3984375 0.12939453125 0.3955078125 0.12451171875 0.400390625 0.12109375 0.408203125 0.12158203125 0.4345703125 0.12109375 0.4453125 0.12109375 0.4541015625 0.1201171875 0.4638671875 0.1220703125 0.4716796875 0.134765625 0.4716796875 0.14306640625 0.470703125 0.14599609375 0.46484375 0.14453125 0.4541015625 0.14501953125 0.4423828125 0.14208984375 0.4267578125 0.1416015625 0.4189453125
5 0.021484375 0.5146484375 0.0 0.5087890625 0.0 0.66015625 0.00537109375 0.6533203125 0.01025390625 0.6435546875 0.0302734375 0.638671875 0.0439453125 0.6337890625 0.04443359375 0.6240234375 0.04638671875 0.611328125 0.048828125 0.6015625 0.0517578125 0.59375 0.0517578125 0.587890625 0.04931640625 0.5859375 0.04345703125 0.5849609375 0.04248046875 0.5673828125 0.0419921875 0.5390625 0.0419921875 0.5302734375 0.03955078125 0.521484375
5 0.45947265625 0.4228515625 0.45654296875 0.408203125 0.45458984375 0.400390625 0.4423828125 0.400390625 0.4072265625 0.40625 0.40234375 0.439453125 0.40625 0.455078125 0.44580078125 0.4541015625
5 0.48583984375 0.4541015625 0.48828125 0.453125 0.490234375 0.451171875 0.490234375 0.4462890625 0.48779296875 0.443359375 0.48388671875 0.4443359375 0.48291015625 0.4462890625 0.4814453125 0.4365234375 0.478515625 0.4248046875 0.47705078125 0.4208984375 0.47509765625 0.419921875 0.4658203125 0.4189453125 0.45556640625 0.4189453125 0.4443359375 0.419921875 0.44189453125 0.4228515625 0.4404296875 0.427734375 0.4365234375 0.4404296875 0.4326171875 0.4423828125 0.4306640625 0.4443359375 0.4306640625 0.447265625 0.43115234375 0.4501953125 0.43408203125 0.453125 0.43359375 0.4560546875 0.4326171875 0.4619140625 0.43115234375 0.4775390625 0.43212890625 0.4873046875 0.43212890625 0.494140625 0.43212890625 0.5029296875 0.43212890625 0.51171875 0.43359375 0.515625 0.439453125 0.515625 0.43994140625 0.5068359375 0.44287109375 0.5048828125 0.447265625 0.50390625 0.4638671875 0.5029296875 0.4716796875 0.5029296875 0.47509765625 0.5048828125 0.47998046875 0.5048828125 0.48046875 0.513671875 0.48193359375 0.515625 0.4853515625 0.515625 0.48681640625 0.5126953125 0.4873046875 0.498046875 0.48681640625 0.48828125 0.4873046875 0.474609375 0.4873046875 0.4619140625
4 0.595703125 0.1220703125 0.59814453125 0.1162109375 0.6005859375 0.111328125 0.6005859375 0.1025390625 0.60400390625 0.1005859375 0.60546875 0.1025390625 0.61181640625 0.09765625 0.61669921875 0.09375 0.615234375 0.0869140625 0.6181640625 0.0830078125 0.62060546875 0.07421875 0.6240234375 0.07421875 0.62939453125 0.06640625 0.6328125 0.06640625 0.63134765625 0.0625 0.6298828125 0.046875 0.6318359375 0.0390625 0.634765625 0.037109375 0.63623046875 0.02734375 0.634765625 0.0224609375 0.63134765625 0.025390625 0.62890625 0.0244140625 0.62841796875 0.0185546875 0.63134765625 0.015625 0.6328125 0.0146484375 0.63330078125 0.0087890625 0.63720703125 0.005859375 0.64013671875 0.0048828125 0.6396484375 0.0 0.93798828125 0.0009765625 0.93408203125 0.0078125 0.93701171875 0.0224609375 0.94140625 0.0322265625 0.9365234375 0.044921875 0.93310546875 0.060546875 0.927734375 0.064453125 0.91943359375 0.0537109375 0.91259765625 0.04296875 0.90576171875 0.0322265625 0.9013671875 0.0185546875 0.89208984375 0.017578125 0.880859375 0.009765625 0.8779296875 0.0244140625 0.8876953125 0.0234375 0.896484375 0.046875 0.90625 0.0712890625 0.896484375 0.08203125 0.88916015625 0.078125 0.8857421875 0.099609375 0.88427734375 0.111328125 0.87255859375 0.1181640625 0.86328125 0.1220703125 0.84765625 0.1474609375 0.83935546875 0.1435546875 0.83056640625 0.142578125 0.826171875 0.134765625 0.82275390625 0.134765625 0.8203125 0.130859375 0.8173828125 0.1376953125 0.81298828125 0.1474609375 0.81201171875 0.1572265625 0.80517578125 0.17578125 0.7998046875 0.19140625 0.7939453125 0.21484375 0.79443359375 0.2314453125 0.794921875 0.2353515625 0.79345703125 0.2490234375 0.79248046875 0.26171875 0.79052734375 0.3037109375 0.7900390625 0.32421875 0.78857421875 0.388671875 0.7890625 0.4208984375 0.7900390625 0.4296875 0.78955078125 0.4501953125 0.78466796875 0.482421875 0.7568359375 0.470703125 0.75732421875 0.4453125 0.7578125 0.384765625 0.75830078125 0.3232421875 0.76220703125 0.2783203125 0.7646484375 0.2548828125 0.7646484375 0.2333984375 0.7666015625 0.21484375 0.76708984375 0.205078125 0.76513671875 0.19140625 0.76416015625 0.173828125 0.76025390625 0.1591796875 0.7578125 0.150390625 0.75390625 0.140625 0.74853515625 0.14453125 0.744140625 0.138671875 0.73876953125 0.14453125 0.73681640625 0.1591796875 0.72705078125 0.1728515625 0.72509765625 0.1806640625 0.7265625 0.193359375 0.72412109375 0.203125 0.72607421875 0.2099609375 0.72998046875 0.2119140625 0.7314453125 0.220703125 0.7275390625 0.21875 0.720703125 0.2294921875 0.70751953125 0.2353515625 0.6962890625 0.23828125 0.6455078125 0.2412109375 0.64013671875 0.197265625 0.6669921875 0.1513671875 0.673828125 0.138671875 0.69189453125 0.1083984375 0.68408203125 0.109375 0.669921875 0.126953125 0.65380859375 0.14453125 0.64990234375 0.1337890625 0.63671875 0.140625 0.640625 0.125 0.640625 0.1103515625 0.64306640625 0.0908203125 0.63427734375 0.1005859375 0.634765625 0.109375 0.6318359375 0.1162109375 0.62109375 0.1201171875 0.61865234375 0.1162109375 0.61328125 0.12109375 0.60888671875 0.1201171875 0.60400390625 0.123046875 0.6015625 0.126953125 0.60009765625 0.119140625 0.5966796875 0.1240234375
5 0.8876953125 0.8603515625 0.87890625 0.8310546875 0.87451171875 0.783203125 0.87109375 0.7451171875 0.87060546875 0.6884765625 0.8740234375 0.642578125 0.8798828125 0.607421875 0.888671875 0.5888671875 0.90087890625 0.576171875 0.91748046875 0.5712890625 0.94970703125 0.568359375 0.9501953125 0.546875 0.95654296875 0.5341796875 0.966796875 0.525390625 0.97314453125 0.529296875 0.97998046875 0.5380859375 0.990234375 0.525390625 1.0 0.5107421875 1.0 0.884765625 0.94189453125 0.8359375 0.93701171875 0.8623046875 0.93115234375 0.876953125 0.92138671875 0.8837890625 0.91064453125 0.8837890625 0.8984375 0.875
