0 0.18701171875 0.4521484375 0.3505859375 0.4560546875 0.50146484375 0.4345703125 0.63134765625 0.431640625 0.66064453125 0.498046875 0.7197265625 0.5673828125 0.888671875 0.708984375 1.0 0.8173828125 1.0 1.0 0.0 0.9990234375 0.0 0.5107421875
1 0.1982421875 0.470703125 0.31396484375 0.4638671875 0.4150390625 0.4560546875 0.4970703125 0.4423828125 0.48876953125 0.4638671875 0.4638671875 0.466796875 0.41650390625 0.4736328125 0.3408203125 0.4775390625 0.2705078125 0.4833984375 0.201171875 0.4853515625
2 0.1865234375 0.001953125 0.52685546875 0.001953125 0.52685546875 0.0029296875 0.53466796875 0.0244140625 0.5400390625 0.03515625 0.5390625 0.0380859375 0.5380859375 0.076171875 0.54150390625 0.0771484375 0.5556640625 0.1044921875 0.56787109375 0.1015625 0.59423828125 0.14453125 0.59814453125 0.154296875 0.61767578125 0.15625 0.62109375 0.1611328125 0.62158203125 0.1884765625 0.63232421875 0.19921875 0.7060546875 0.208984375 0.7080078125 0.3056640625 0.6591796875 0.416015625 0.623046875 0.431640625 0.48974609375 0.4521484375 0.455078125 0.45703125 0.4375 0.458984375 0.40869140625 0.4619140625 0.353515625 0.46484375 0.3017578125 0.4658203125 0.23876953125 0.47265625 0.19677734375 0.4755859375
1 0.203125 0.4970703125 0.24853515625 0.494140625 0.26708984375 0.498046875 0.27490234375 0.501953125 0.27783203125 0.50390625 0.2763671875 0.5107421875 0.26416015625 0.5166015625 0.23779296875 0.5283203125 0.2021484375 0.5400390625 0.1181640625 0.5732421875 0.16357421875 0.517578125 0.1904296875 0.5029296875
2 0.0009765625 0.0009765625 0.1982421875 0.001953125 0.20068359375 0.1494140625 0.19921875 0.1630859375 0.203125 0.17578125 0.203125 0.1845703125 0.2001953125 0.1923828125 0.20166015625 0.3359375 0.2041015625 0.5009765625 0.1337890625 0.5341796875 0.0205078125 0.5615234375 0.001953125 0.5615234375 0.0 0.5615234375
1 0.5771484375 0.4970703125 0.59130859375 0.48828125 0.61572265625 0.4833984375 0.62109375 0.5185546875 0.611328125 0.5205078125 0.59033203125 0.5205078125 0.5830078125 0.515625 0.57373046875 0.501953125
5 0.62451171875 0.416015625 0.61962890625 0.4365234375 0.61083984375 0.43359375 0.6103515625 0.4208984375 0.615234375 0.416015625 0.6181640625 0.4150390625 0.625 0.4130859375 0.623046875 0.4130859375
5 0.58984375 0.4111328125 0.6044921875 0.4072265625 0.60888671875 0.4169921875 0.59814453125 0.44140625 0.5869140625 0.4296875 0.58642578125 0.419921875 0.5888671875 0.4140625
5 0.58056640625 0.42578125 0.58447265625 0.4208984375 0.58984375 0.4189453125 0.59814453125 0.421875 0.60205078125 0.431640625 0.59814453125 0.4453125 0.5947265625 0.4482421875 0.58984375 0.4482421875 0.58447265625 0.439453125
5 0.5703125 0.4130859375 0.5810546875 0.4130859375 0.58447265625 0.416015625 0.5869140625 0.42578125 0.58984375 0.435546875 0.59033203125 0.4404296875 0.59033203125 0.4453125 0.58984375 0.44921875 0.5869140625 0.4501953125 0.583984375 0.4482421875 0.57958984375 0.4482421875 0.57421875 0.4453125 0.56884765625 0.4326171875 0.56884765625 0.4169921875
5 0.56396484375 0.41796875 0.568359375 0.4169921875 0.5732421875 0.423828125 0.57666015625 0.4267578125 0.576171875 0.4306640625 0.57763671875 0.4384765625 0.578125 0.4453125 0.578125 0.451171875 0.57568359375 0.453125 0.572265625 0.453125 0.56884765625 0.4541015625 0.56396484375 0.455078125 0.5576171875 0.4501953125 0.5556640625 0.42578125 0.556640625 0.419921875 0.55908203125 0.41796875 0.5615234375 0.4169921875
5 0.53955078125 0.416015625 0.54931640625 0.4130859375 0.556640625 0.416015625 0.56201171875 0.431640625 0.56396484375 0.439453125 0.56689453125 0.453125 0.5615234375 0.4560546875 0.54736328125 0.45703125
5 0.4990234375 0.404296875 0.5166015625 0.4013671875 0.533203125 0.4033203125 0.5439453125 0.408203125 0.55029296875 0.427734375 0.5537109375 0.427734375 0.55810546875 0.43359375 0.55859375 0.4404296875 0.55517578125 0.4453125 0.55419921875 0.4619140625 0.5546875 0.486328125 0.55517578125 0.50390625 0.5546875 0.5146484375 0.5517578125 0.5185546875 0.54541015625 0.51953125 0.5439453125 0.5107421875 0.54345703125 0.505859375 0.53515625 0.505859375 0.52880859375 0.5029296875 0.5185546875 0.50390625 0.51171875 0.5029296875 0.5068359375 0.50390625 0.4990234375 0.5048828125 0.4970703125 0.509765625 0.4951171875 0.5146484375 0.4921875 0.5166015625 0.4892578125 0.5166015625 0.484375 0.5126953125 0.4833984375 0.4873046875 0.4833984375 0.470703125 0.48388671875 0.4560546875 0.48681640625 0.4404296875 0.4833984375 0.439453125 0.48388671875 0.4365234375 0.48583984375 0.4306640625 0.48876953125 0.4306640625 0.490234375 0.4228515625 0.4931640625 0.4140625 0.49609375 0.41015625 0.4970703125 0.40625
5 0.60986328125 0.412109375 0.61572265625 0.416015625 0.61767578125 0.4345703125 0.6171875 0.4462890625 0.60693359375 0.447265625 0.6015625 0.447265625 0.59716796875 0.44140625 0.59716796875 0.4267578125 0.6005859375 0.4140625 0.6044921875 0.412109375 0.60791015625 0.412109375
2 0.73193359375 0.0361328125 0.73486328125 0.0283203125 0.7392578125 0.0205078125 0.7421875 0.015625 0.74267578125 0.001953125 0.740234375 0.0 0.740234375 0.0 0.99951171875 0.0009765625 1.0 0.6826171875 0.732421875 0.333984375 0.73291015625 0.2958984375 0.72021484375 0.29296875 0.7197265625 0.2470703125 0.7216796875 0.2421875 0.7216796875 0.232421875 0.7314453125 0.2236328125 0.7314453125 0.2177734375 0.72607421875 0.2177734375 0.72705078125 0.1865234375 0.73046875 0.1865234375 0.73046875 0.1650390625 0.728515625 0.1630859375 0.72705078125 0.15625 0.734375 0.1494140625 0.73486328125 0.1435546875 0.734375 0.1328125 0.73388671875 0.1279296875 0.73486328125 0.0458984375 0.732421875 0.0419921875
4 0.55078125 0.05859375 0.5498046875 0.0498046875 0.55029296875 0.041015625 0.5517578125 0.0361328125 0.5517578125 0.0341796875 0.5537109375 0.0263671875 0.5556640625 0.0234375 0.55810546875 0.0224609375 0.56494140625 0.021484375 0.568359375 0.01953125 0.568359375 0.0126953125 0.568359375 0.00390625 0.572265625 0.0 0.6943359375 0.0 0.69287109375 0.0029296875 0.69091796875 0.005859375 0.685546875 0.0068359375 0.68115234375 0.0068359375 0.67333984375 0.0146484375 0.67529296875 0.017578125 0.68017578125 0.0185546875 0.68359375 0.0205078125 0.685546875 0.0244140625 0.6875 0.025390625 0.6923828125 0.0283203125 0.69482421875 0.03515625 0.69189453125 0.04296875 0.6923828125 0.0478515625 0.6962890625 0.052734375 0.6982421875 0.0556640625 0.69921875 0.0615234375 0.69921875 0.0693359375 0.69873046875 0.0771484375 0.69384765625 0.087890625 0.68994140625 0.09375 0.68408203125 0.1005859375 0.68310546875 0.1103515625 0.6875 0.115234375 0.68896484375 0.12109375 0.693359375 0.12890625 0.6943359375 0.1318359375 0.693359375 0.1435546875 0.69580078125 0.1533203125 0.69677734375 0.1640625 0.697265625 0.171875 0.7001953125 0.177734375 0.705078125 0.1826171875 0.70556640625 0.193359375 0.70361328125 0.2041015625 0.70947265625 0.20703125 0.71142578125 0.2080078125 0.70947265625 0.216796875 0.71240234375 0.22265625 0.7109375 0.236328125 0.7109375 0.244140625 0.705078125 0.2529296875 0.70458984375 0.265625 0.70751953125 0.2705078125 0.7109375 0.2783203125 0.7119140625 0.287109375 0.7138671875 0.298828125 0.71728515625 0.3076171875 0.71875 0.3115234375 0.71875 0.3251953125 0.71875 0.3388671875 0.6376953125 0.3984375 0.6279296875 0.3984375 0.626953125 0.34765625 0.62548828125 0.2783203125 0.6240234375 0.2646484375 0.61962890625 0.2548828125 0.61181640625 0.2490234375 0.6103515625 0.2412109375 0.61474609375 0.2216796875 0.611328125 0.2138671875 0.6083984375 0.2060546875 0.61083984375 0.189453125 0.60791015625 0.1787109375 0.60693359375 0.1611328125 0.6044921875 0.154296875 0.5947265625 0.1513671875 0.58935546875 0.1396484375 0.58447265625 0.1328125 0.57763671875 0.140625 0.57275390625 0.1494140625 0.56591796875 0.150390625 0.55859375 0.15234375 0.5556640625 0.1416015625 0.552734375 0.130859375 0.546875 0.12890625 0.54248046875 0.1201171875 0.54052734375 0.109375 0.53955078125 0.0947265625 0.546875 0.0703125
5 0.6201171875 0.41015625 0.6240234375 0.3984375 0.62890625 0.3876953125 0.638671875 0.3828125 0.64501953125 0.3828125 0.63134765625 0.5400390625 0.62744140625 0.5400390625 0.62255859375 0.5361328125 0.62060546875 0.53125 0.6201171875 0.52734375 0.6162109375 0.525390625 0.6123046875 0.5244140625 0.611328125 0.515625 0.611328125 0.498046875 0.611328125 0.484375 0.60986328125 0.4736328125 0.60986328125 0.46484375 0.61279296875 0.453125 0.6162109375 0.4453125 0.60693359375 0.443359375 0.60693359375 0.4404296875 0.60791015625 0.4296875 0.61181640625 0.42578125 0.6162109375 0.42578125 0.6171875 0.427734375 0.6181640625 0.4208984375 0.61865234375 0.416015625
5 0.6396484375 0.376953125 0.64208984375 0.361328125 0.64501953125 0.349609375 0.65234375 0.337890625 0.67236328125 0.3310546875 0.7041015625 0.3271484375 0.73388671875 0.328125 0.75341796875 0.330078125 0.76123046875 0.341796875 0.76708984375 0.3603515625 0.77294921875 0.466796875 0.7060546875 0.541015625 0.693359375 0.5419921875 0.67529296875 0.5517578125 0.6650390625 0.5546875 0.6650390625 0.5693359375 0.6630859375 0.5771484375 0.65673828125 0.5771484375 0.65185546875 0.57421875 0.6494140625 0.560546875 0.6484375 0.5390625 0.64404296875 0.5380859375 0.64306640625 0.5498046875 0.642578125 0.5537109375 0.63916015625 0.5556640625 0.63427734375 0.5546875 0.63134765625 0.5458984375 0.62841796875 0.521484375 0.626953125 0.490234375 0.62939453125 0.4521484375 0.63232421875 0.431640625 0.62109375 0.42578125 0.619140625 0.4130859375 0.61962890625 0.408203125 0.6240234375 0.400390625 0.6318359375 0.40234375 0.63232421875 0.419921875 0.63623046875 0.404296875 0.63818359375 0.3896484375
4 0.77197265625 0.0 0.79638671875 0.0029296875 0.79541015625 0.013671875 0.79541015625 0.0322265625 0.79931640625 0.044921875 0.79931640625 0.0673828125 0.79931640625 0.1142578125 0.7978515625 0.1787109375 0.802734375 0.2666015625 0.80419921875 0.369140625 0.8125 0.3701171875 0.8193359375 0.3662109375 0.82666015625 0.3564453125 0.826171875 0.3486328125 0.81884765625 0.33984375 0.8125 0.333984375 0.80908203125 0.322265625 0.81005859375 0.3134765625 0.8173828125 0.298828125 0.814453125 0.2880859375 0.8134765625 0.275390625 0.8212890625 0.2734375 0.82861328125 0.26953125 0.8447265625 0.2646484375 0.8486328125 0.2802734375 0.85107421875 0.291015625 0.86279296875 0.2890625 0.8671875 0.291015625 0.86865234375 0.302734375 0.86767578125 0.3203125 0.86181640625 0.33203125 0.85791015625 0.3564453125 0.853515625 0.3955078125 0.78125 0.6806640625 0.767578125 0.6865234375 0.716796875 0.6826171875 0.701171875 0.671875 0.67919921875 0.6484375 0.662109375 0.6220703125 0.66015625 0.6181640625 0.66015625 0.6015625 0.6650390625 0.5966796875 0.67333984375 0.5888671875 0.68115234375 0.5810546875 0.6865234375 0.5693359375 0.6904296875 0.5576171875 0.6904296875 0.54296875 0.6865234375 0.5283203125 0.6845703125 0.517578125 0.68310546875 0.5078125 0.68603515625 0.49609375 0.69140625 0.490234375 0.69873046875 0.4794921875 0.70849609375 0.4619140625 0.71240234375 0.4462890625 0.71484375 0.4248046875 0.7109375 0.4072265625 0.70556640625 0.3994140625 0.70263671875 0.3984375 0.69677734375 0.40625 0.69384765625 0.408203125 0.69482421875 0.3974609375 0.69775390625 0.3896484375 0.693359375 0.3896484375 0.6884765625 0.3916015625 0.68408203125 0.3896484375 0.6826171875 0.38671875 0.69970703125 0.380859375 0.69580078125 0.369140625 0.69189453125 0.36328125 0.68310546875 0.3642578125 0.67919921875 0.3603515625 0.67919921875 0.357421875 0.6826171875 0.35546875 0.6923828125 0.3544921875 0.70068359375 0.3564453125 0.70654296875 0.3603515625 0.7099609375 0.3671875 0.7119140625 0.373046875 0.7216796875 0.3818359375 0.73388671875 0.3740234375 0.73583984375 0.3583984375 0.732421875 0.34375 0.734375 0.3388671875 0.73779296875 0.333984375 0.7451171875 0.3271484375 0.7451171875 0.3359375 0.7470703125 0.345703125 0.75341796875 0.3564453125 0.76171875 0.3720703125 0.77099609375 0.3779296875 0.7802734375 0.37890625 0.77978515625 0.3388671875 0.7802734375 0.2734375 0.78125 0.2490234375 0.77978515625 0.228515625 0.77734375 0.1484375 0.7763671875 0.07421875 0.77490234375 0.0517578125 0.77392578125 0.0234375
5 0.8291015625 0.4228515625 0.83984375 0.3994140625 0.8544921875 0.375 0.86474609375 0.359375 0.87890625 0.341796875 0.8857421875 0.32421875 0.89013671875 0.3134765625 0.9169921875 0.2958984375 0.95703125 0.2802734375 0.99072265625 0.2734375 1.0 0.271484375 0.99951171875 0.8720703125 0.9873046875 0.8740234375 0.9765625 0.9111328125 0.96630859375 0.92578125 0.953125 0.931640625 0.9443359375 0.931640625 0.9296875 0.9228515625 0.9189453125 0.900390625 0.908203125 0.8564453125 0.90185546875 0.8046875 0.8837890625 0.7841796875 0.85205078125 0.75390625 0.82421875 0.7333984375 0.818359375 0.7470703125 0.80859375 0.75390625 0.79443359375 0.75390625 0.78271484375 0.7451171875 0.7763671875 0.7236328125 0.7705078125 0.6826171875 0.77001953125 0.6220703125 0.77099609375 0.580078125 0.7763671875 0.5390625 0.78564453125 0.517578125 0.7900390625 0.5078125 0.7958984375 0.4990234375 0.78271484375 0.4931640625 0.77880859375 0.478515625 0.78076171875 0.4638671875 0.787109375 0.4580078125 0.80908203125 0.4580078125 0.81298828125 0.466796875 0.81884765625 0.44921875 0.8232421875 0.4375
5 0.087890625 0.4287109375 0.0966796875 0.4169921875 0.11669921875 0.41015625 0.15576171875 0.4052734375 0.177734375 0.416015625 0.1875 0.435546875 0.193359375 0.447265625 0.1982421875 0.4453125 0.201171875 0.4462890625 0.2041015625 0.4521484375 0.2060546875 0.4541015625 0.20361328125 0.462890625 0.19921875 0.466796875 0.20556640625 0.4873046875 0.208984375 0.498046875 0.21044921875 0.515625 0.21142578125 0.5361328125 0.21142578125 0.546875 0.21044921875 0.5556640625 0.20751953125 0.5654296875 0.20263671875 0.5673828125 0.19921875 0.5634765625 0.1962890625 0.552734375 0.19091796875 0.552734375 0.18505859375 0.5546875 0.18505859375 0.5615234375 0.18505859375 0.572265625 0.18408203125 0.5771484375 0.17919921875 0.583984375 0.17333984375 0.583984375 0.1689453125 0.576171875 0.16748046875 0.564453125 0.16064453125 0.564453125 0.15673828125 0.5625 0.1298828125 0.5654296875 0.11767578125 0.5634765625 0.09716796875 0.533203125 0.0908203125 0.486328125
5 0.01171875 0.345703125 0.03125 0.3515625 0.04541015625 0.357421875 0.06201171875 0.37109375 0.076171875 0.3955078125 0.09033203125 0.423828125 0.09814453125 0.4521484375 0.10107421875 0.4462890625 0.10498046875 0.4453125 0.1103515625 0.4453125 0.1123046875 0.4501953125 0.11279296875 0.46484375 0.11328125 0.4736328125 0.11083984375 0.4814453125 0.10888671875 0.482421875 0.11865234375 0.4951171875 0.12548828125 0.5087890625 0.12890625 0.521484375 0.12939453125 0.5400390625 0.12939453125 0.5576171875 0.13037109375 0.576171875 0.12890625 0.599609375 0.12548828125 0.60546875 0.119140625 0.609375 0.111328125 0.607421875 0.1044921875 0.6025390625 0.1005859375 0.59375 0.09326171875 0.595703125 0.08203125 0.599609375 0.0751953125 0.599609375 0.068359375 0.6005859375 0.0634765625 0.6015625 0.06005859375 0.6015625 0.056640625 0.6015625 0.05419921875 0.6015625 0.052734375 0.619140625 0.05126953125 0.630859375 0.046875 0.6435546875 0.037109375 0.646484375 0.02734375 0.6474609375 0.02001953125 0.64453125 0.015625 0.6337890625 0.01171875 0.619140625 0.005859375 0.6220703125 0.0 0.6181640625 0.0 0.3447265625 0.00341796875 0.3447265625 0.00830078125 0.345703125
