0 0.1689453125 0.2080078125 0.6708984375 0.3583984375 1.0 0.408203125 1.0 1.0 0.0 1.0 0.0 0.1806640625
1 0.9482421875 0.564453125 0.875 0.5361328125 0.82275390625 0.513671875 0.8203125 0.498046875 0.83056640625 0.4775390625 0.8681640625 0.4755859375 0.9296875 0.4814453125 0.96826171875 0.4970703125 0.96875 0.5234375
1 0.03271484375 0.576171875 0.13134765625 0.55078125 0.310546875 0.50390625 0.3857421875 0.4833984375 0.45361328125 0.46484375 0.4296875 0.45703125 0.25927734375 0.4609375 0.10302734375 0.466796875 0.0 0.490234375 0.0 0.587890625
2 0.033203125 0.5380859375 0.12939453125 0.5166015625 0.31005859375 0.486328125 0.3984375 0.466796875 0.44140625 0.45703125 0.49560546875 0.447265625 0.5869140625 0.44140625 0.5927734375 0.4443359375 0.60693359375 0.4462890625 0.640625 0.4443359375 0.7041015625 0.462890625 0.75634765625 0.4716796875 0.83349609375 0.4833984375 0.8701171875 0.4873046875 0.95654296875 0.509765625 1.0 0.5048828125 1.0 0.0 0.7158203125 0.0 0.7158203125 0.0078125 0.705078125 0.005859375 0.6962890625 0.00390625 0.69287109375 0.0693359375 0.69287109375 0.0966796875 0.67626953125 0.09375 0.673828125 0.1259765625 0.6689453125 0.119140625 0.66748046875 0.1591796875 0.66748046875 0.169921875 0.64697265625 0.2568359375 0.646484375 0.328125 0.58984375 0.330078125 0.5849609375 0.3564453125 0.5166015625 0.380859375 0.509765625 0.3740234375 0.50146484375 0.3603515625 0.50146484375 0.2841796875 0.5048828125 0.2802734375 0.49951171875 0.26953125 0.50048828125 0.2568359375 0.49755859375 0.2490234375 0.494140625 0.2470703125 0.49560546875 0.2421875 0.49365234375 0.2353515625 0.490234375 0.23828125 0.4912109375 0.228515625 0.48583984375 0.224609375 0.48388671875 0.2265625 0.48486328125 0.21875 0.482421875 0.2119140625 0.482421875 0.197265625 0.47021484375 0.1962890625 0.47314453125 0.1943359375 0.46875 0.18359375 0.46142578125 0.18359375 0.45947265625 0.177734375 0.46337890625 0.171875 0.455078125 0.15234375 0.44189453125 0.146484375 0.439453125 0.1435546875 0.43896484375 0.1181640625 0.43017578125 0.1181640625 0.43017578125 0.123046875 0.421875 0.1083984375 0.421875 0.0810546875 0.41552734375 0.0791015625 0.4150390625 0.0927734375 0.37646484375 0.0126953125 0.3720703125 0.0205078125 0.3681640625 0.009765625 0.35400390625 0.009765625 0.3505859375 0.0 0.0 0.0 0.0 0.5595703125
4 0.609375 0.3935546875 0.60498046875 0.37890625 0.5947265625 0.357421875 0.58642578125 0.34375 0.57421875 0.337890625 0.57275390625 0.3388671875 0.56396484375 0.345703125 0.55810546875 0.34375 0.55810546875 0.3359375 0.55126953125 0.330078125 0.5439453125 0.330078125 0.53955078125 0.3388671875 0.53857421875 0.35546875 0.5341796875 0.36328125 0.52978515625 0.361328125 0.5263671875 0.3515625 0.52294921875 0.3642578125 0.5185546875 0.3642578125 0.50830078125 0.36328125 0.50146484375 0.3583984375 0.501953125 0.4326171875 0.53662109375 0.4375 0.59423828125 0.4375 0.603515625 0.4384765625 0.6064453125 0.431640625 0.60595703125 0.41015625 0.603515625 0.4072265625 0.6064453125 0.3974609375
4 0.6474609375 0.4140625 0.64111328125 0.419921875 0.62890625 0.4228515625 0.619140625 0.4326171875 0.611328125 0.4326171875 0.61328125 0.4228515625 0.61669921875 0.4169921875 0.6220703125 0.416015625 0.62451171875 0.4111328125 0.62646484375 0.404296875 0.62841796875 0.3984375 0.63232421875 0.392578125 0.63671875 0.3916015625 0.6396484375 0.3857421875 0.63720703125 0.380859375 0.6328125 0.3759765625 0.6328125 0.357421875 0.6328125 0.3447265625 0.62744140625 0.3291015625 0.62158203125 0.3212890625 0.62060546875 0.310546875 0.625 0.30078125 0.63232421875 0.2998046875 0.64111328125 0.298828125 0.64453125 0.296875 0.64306640625 0.2890625 0.6396484375 0.2802734375 0.640625 0.2685546875 0.6435546875 0.267578125 0.64697265625 0.267578125
5 0.45556640625 0.42578125 0.45556640625 0.412109375 0.453125 0.40234375 0.42724609375 0.4033203125 0.423828125 0.4228515625 0.4228515625 0.4384765625 0.4267578125 0.4443359375 0.44970703125 0.453125
5 0.4658203125 0.4208984375 0.44189453125 0.423828125 0.4375 0.4384765625 0.4326171875 0.4580078125 0.4326171875 0.474609375 0.43310546875 0.482421875 0.435546875 0.4892578125 0.439453125 0.4892578125 0.44189453125 0.48828125 0.44580078125 0.4873046875 0.44677734375 0.4833984375 0.46533203125 0.48046875 0.4658203125 0.4853515625 0.47314453125 0.4853515625 0.47607421875 0.4814453125 0.47607421875 0.4736328125 0.47607421875 0.46484375 0.47607421875 0.45703125 0.47412109375 0.4384765625 0.47119140625 0.427734375 0.46923828125 0.421875
5 0.40771484375 0.4345703125 0.39599609375 0.435546875 0.390625 0.4365234375 0.3876953125 0.4443359375 0.384765625 0.4521484375 0.3818359375 0.4658203125 0.3828125 0.48046875 0.3837890625 0.484375 0.3857421875 0.48828125 0.38818359375 0.4873046875 0.390625 0.4873046875 0.39453125 0.486328125 0.39599609375 0.4833984375 0.408203125 0.48046875 0.41015625 0.484375 0.412109375 0.484375 0.4150390625 0.484375 0.4169921875 0.4833984375 0.41943359375 0.4833984375 0.42138671875 0.48046875 0.42138671875 0.4736328125 0.4208984375 0.4619140625 0.419921875 0.453125 0.416015625 0.4404296875 0.4130859375 0.4345703125 0.40966796875 0.4326171875
5 0.34521484375 0.4453125 0.35107421875 0.4384765625 0.3662109375 0.4365234375 0.37353515625 0.4375 0.3798828125 0.451171875 0.3857421875 0.462890625 0.38623046875 0.484375 0.38623046875 0.490234375 0.38525390625 0.4931640625 0.38134765625 0.4951171875 0.37890625 0.4931640625 0.37841796875 0.48828125 0.375 0.48828125 0.3740234375 0.494140625 0.3740234375 0.49609375 0.369140625 0.4970703125 0.36767578125 0.4931640625 0.3671875 0.48828125 0.36083984375 0.490234375 0.35888671875 0.484375
5 0.34716796875 0.4365234375 0.32666015625 0.4375 0.31689453125 0.44140625 0.3125 0.4501953125 0.3076171875 0.4599609375 0.3056640625 0.4736328125 0.3046875 0.4912109375 0.30517578125 0.5009765625 0.30615234375 0.5068359375 0.3095703125 0.5078125 0.3125 0.505859375 0.3173828125 0.505859375 0.32177734375 0.50390625 0.32470703125 0.50390625 0.32763671875 0.5009765625 0.34228515625 0.498046875 0.34326171875 0.501953125 0.34619140625 0.5029296875 0.3486328125 0.501953125 0.353515625 0.5 0.35546875 0.5 0.359375 0.5 0.36083984375 0.4970703125 0.3623046875 0.4873046875 0.36279296875 0.4765625 0.36083984375 0.46484375 0.3564453125 0.4521484375 0.35400390625 0.4423828125 0.349609375 0.4365234375
5 0.279296875 0.4384765625 0.26318359375 0.4384765625 0.2451171875 0.4423828125 0.23876953125 0.4482421875 0.23095703125 0.462890625 0.228515625 0.4775390625 0.22705078125 0.5 0.2265625 0.5166015625 0.22802734375 0.52734375 0.23193359375 0.5263671875 0.23876953125 0.525390625 0.24658203125 0.5263671875 0.251953125 0.525390625 0.25732421875 0.525390625 0.26123046875 0.5224609375 0.27099609375 0.521484375 0.2734375 0.517578125 0.279296875 0.513671875 0.28759765625 0.5126953125 0.291015625 0.5166015625 0.2958984375 0.517578125 0.29736328125 0.513671875 0.29931640625 0.4970703125 0.30029296875 0.486328125 0.29931640625 0.47265625 0.29736328125 0.45703125 0.2939453125 0.453125 0.2880859375 0.4423828125 0.28271484375 0.4365234375
5 0.0283203125 0.4677734375 0.037109375 0.48828125 0.03759765625 0.5107421875 0.0400390625 0.5498046875 0.03955078125 0.580078125 0.037109375 0.591796875 0.0244140625 0.5947265625 0.02001953125 0.5908203125 0.01904296875 0.576171875 0.01806640625 0.57421875 0.0 0.578125 0.0 0.4365234375 0.0029296875 0.4375 0.01171875 0.443359375 0.01708984375 0.447265625
5 0.20263671875 0.4384765625 0.1806640625 0.4404296875 0.15771484375 0.443359375 0.1455078125 0.4619140625 0.13720703125 0.4755859375 0.125 0.498046875 0.1240234375 0.5185546875 0.12646484375 0.537109375 0.12939453125 0.552734375 0.13720703125 0.5576171875 0.14306640625 0.5556640625 0.14501953125 0.55078125 0.15380859375 0.5498046875 0.169921875 0.544921875 0.17431640625 0.544921875 0.17822265625 0.5439453125 0.18701171875 0.5439453125 0.1923828125 0.546875 0.20068359375 0.544921875 0.20263671875 0.537109375 0.2109375 0.53125 0.21826171875 0.53515625 0.2216796875 0.5400390625 0.22607421875 0.5390625 0.2314453125 0.5302734375 0.23193359375 0.509765625 0.232421875 0.4921875 0.23095703125 0.4775390625 0.2236328125 0.46484375 0.21728515625 0.4501953125 0.208984375 0.439453125
5 0.58837890625 0.4150390625 0.572265625 0.412109375 0.57275390625 0.43359375 0.580078125 0.474609375 0.5908203125 0.4873046875 0.5927734375 0.486328125 0.59375 0.4833984375 0.59375 0.47265625 0.59375 0.458984375 0.59423828125 0.4521484375 0.59326171875 0.439453125 0.59130859375 0.4296875 0.58935546875 0.41796875
5 0.564453125 0.4052734375 0.544921875 0.40234375 0.53173828125 0.4033203125 0.51806640625 0.4052734375 0.51220703125 0.408203125 0.5078125 0.419921875 0.50390625 0.435546875 0.5 0.44921875 0.494140625 0.466796875 0.49169921875 0.482421875 0.4912109375 0.4990234375 0.4912109375 0.5107421875 0.49169921875 0.52734375 0.490234375 0.5458984375 0.4912109375 0.55859375 0.49267578125 0.5625 0.4970703125 0.564453125 0.5029296875 0.5634765625 0.5048828125 0.5615234375 0.5048828125 0.5546875 0.505859375 0.548828125 0.51123046875 0.5498046875 0.513671875 0.548828125 0.51416015625 0.5458984375 0.52392578125 0.544921875 0.55712890625 0.544921875 0.5791015625 0.544921875 0.580078125 0.5517578125 0.5810546875 0.5595703125 0.58251953125 0.564453125 0.58544921875 0.56640625 0.58984375 0.56640625 0.59130859375 0.5615234375 0.59130859375 0.544921875 0.59130859375 0.5126953125 0.591796875 0.4921875 0.591796875 0.482421875 0.59033203125 0.46484375 0.583984375 0.443359375 0.57861328125 0.42578125 0.57470703125 0.4111328125 0.57373046875 0.4072265625 0.5693359375 0.40625
5 0.6142578125 0.4296875 0.6044921875 0.4306640625 0.60400390625 0.43359375 0.60302734375 0.439453125 0.60205078125 0.4462890625 0.603515625 0.453125 0.6044921875 0.453125 0.60595703125 0.451171875 0.607421875 0.4501953125 0.60888671875 0.4501953125 0.6123046875 0.4482421875
5 0.62109375 0.427734375 0.6142578125 0.4267578125 0.6123046875 0.431640625 0.6103515625 0.4404296875 0.60986328125 0.451171875 0.60986328125 0.4560546875 0.61083984375 0.458984375 0.6123046875 0.458984375 0.61279296875 0.458984375 0.61376953125 0.458984375 0.6142578125 0.4580078125 0.61669921875 0.45703125 0.62109375 0.451171875
5 0.642578125 0.42578125 0.6416015625 0.419921875 0.6357421875 0.41796875 0.625 0.41796875 0.623046875 0.41796875 0.6201171875 0.421875 0.61767578125 0.4326171875 0.61669921875 0.4423828125 0.6162109375 0.455078125 0.61572265625 0.462890625 0.61669921875 0.4697265625 0.6201171875 0.4697265625 0.62109375 0.4677734375 0.62158203125 0.4658203125 0.6279296875 0.4580078125
5 0.65673828125 0.4267578125 0.64453125 0.423828125 0.63134765625 0.42578125 0.6279296875 0.4326171875 0.62451171875 0.4453125 0.62255859375 0.4599609375 0.62255859375 0.470703125 0.62255859375 0.4794921875 0.62353515625 0.482421875 0.625 0.4833984375 0.6279296875 0.4833984375 0.62939453125 0.48046875 0.62939453125 0.4765625 0.64404296875 0.4765625 0.65869140625 0.4521484375
5 0.701171875 0.4306640625 0.70703125 0.4228515625 0.7197265625 0.4208984375 0.72705078125 0.419921875 0.73828125 0.4228515625 0.740234375 0.427734375 0.74072265625 0.44140625 0.7333984375 0.48828125 0.73193359375 0.4931640625 0.72900390625 0.4931640625 0.72802734375 0.490234375 0.72802734375 0.486328125 0.7275390625 0.482421875 0.71435546875 0.482421875
5 0.69775390625 0.41796875 0.6806640625 0.4150390625 0.65771484375 0.416015625 0.65185546875 0.43359375 0.64794921875 0.4462890625 0.64208984375 0.4443359375 0.640625 0.4462890625 0.640625 0.451171875 0.64208984375 0.4541015625 0.646484375 0.4580078125 0.64306640625 0.4658203125 0.64306640625 0.4833984375 0.64306640625 0.5029296875 0.64306640625 0.5126953125 0.64404296875 0.515625 0.6455078125 0.5166015625 0.6484375 0.5166015625 0.6494140625 0.521484375 0.65185546875 0.5224609375 0.6552734375 0.5234375 0.65673828125 0.5224609375 0.65771484375 0.5185546875 0.658203125 0.5107421875 0.67431640625 0.509765625 0.68505859375 0.5107421875 0.6953125 0.5107421875 0.6953125 0.5166015625 0.697265625 0.521484375 0.69921875 0.5244140625 0.70166015625 0.5224609375 0.70263671875 0.5185546875 0.70361328125 0.513671875 0.7041015625 0.521484375 0.7060546875 0.5263671875 0.70947265625 0.52734375 0.71240234375 0.5263671875 0.7138671875 0.51953125 0.71435546875 0.5078125 0.71435546875 0.498046875 0.7158203125 0.4833984375 0.71484375 0.4697265625 0.712890625 0.455078125 0.71044921875 0.4423828125 0.70556640625 0.4267578125 0.703125 0.419921875 0.69970703125 0.4169921875
5 0.78076171875 0.423828125 0.77294921875 0.41796875 0.76171875 0.4169921875 0.748046875 0.4169921875 0.74365234375 0.4189453125 0.7392578125 0.4296875 0.73583984375 0.44140625 0.7333984375 0.443359375 0.7314453125 0.4501953125 0.7314453125 0.4609375 0.73046875 0.4755859375 0.72998046875 0.4912109375 0.73095703125 0.5009765625 0.7333984375 0.501953125 0.7353515625 0.501953125 0.73681640625 0.501953125 0.73681640625 0.498046875 0.73876953125 0.4931640625 0.73876953125 0.501953125 0.73974609375 0.5029296875 0.74169921875 0.505859375 0.74609375 0.50390625 0.7470703125 0.49609375 0.75830078125 0.49609375 0.765625 0.4970703125
5 0.77685546875 0.4140625 0.771484375 0.4248046875 0.76953125 0.439453125 0.76513671875 0.4404296875 0.76220703125 0.4453125 0.763671875 0.4482421875 0.76611328125 0.451171875 0.76513671875 0.4619140625 0.76318359375 0.4736328125 0.7626953125 0.48828125 0.7626953125 0.50390625 0.763671875 0.51171875 0.765625 0.5146484375 0.7685546875 0.5146484375 0.771484375 0.51953125 0.77587890625 0.517578125 0.77734375 0.5126953125 0.78125 0.5068359375 0.794921875 0.5068359375 0.8056640625 0.5087890625 0.806640625 0.5126953125 0.80810546875 0.515625 0.81103515625 0.5166015625 0.81201171875 0.5146484375 0.8125 0.5107421875 0.81591796875 0.5107421875 0.81787109375 0.5185546875 0.8193359375 0.51953125 0.822265625 0.51953125 0.82470703125 0.5205078125 0.82568359375 0.509765625 0.82763671875 0.48828125 0.82470703125 0.4599609375 0.822265625 0.439453125 0.8173828125 0.4208984375 0.81103515625 0.4130859375 0.7958984375 0.4111328125 0.78369140625 0.412109375
5 0.98876953125 0.4150390625 0.9775390625 0.427734375 0.96826171875 0.4482421875 0.96044921875 0.4658203125 0.953125 0.466796875 0.94580078125 0.46875 0.94677734375 0.4794921875 0.9482421875 0.486328125 0.943359375 0.498046875 0.9404296875 0.5224609375 0.9404296875 0.556640625 0.94091796875 0.578125 0.9443359375 0.5927734375 0.94873046875 0.599609375 0.9541015625 0.6015625 0.96240234375 0.5986328125 0.96533203125 0.5888671875 0.96484375 0.58203125 1.0 0.5947265625 1.0 0.4091796875 0.998046875 0.41015625 0.9921875 0.412109375
