2 0.99951171875 0.15234375 0.7626953125 0.259765625 0.7685546875 0.0009765625 0.99951171875 0.0 1.0 0.1435546875
2 0.38916015625 0.3583984375 0.2451171875 0.2431640625 0.16064453125 0.259765625 0.0 0.3134765625 0.0 0.546875 0.34228515625 0.4697265625 0.3935546875 0.4619140625
0 0.521484375 0.4482421875 0.501953125 0.4482421875 0.47998046875 0.44921875 0.45166015625 0.453125 0.34423828125 0.4775390625 0.00048828125 0.560546875 0.0 0.9990234375 0.99951171875 1.0 0.99951171875 0.7783203125 0.591796875 0.47265625 0.537109375 0.4501953125 0.52783203125 0.44921875
5 0.2412109375 0.4404296875 0.23486328125 0.44140625 0.23193359375 0.4453125 0.24267578125 0.4697265625 0.24853515625 0.46875 0.2509765625 0.46484375 0.2509765625 0.4501953125 0.248046875 0.44140625
1 0.3046875 0.4658203125 0.2626953125 0.46875 0.25 0.4677734375 0.2314453125 0.4716796875 0.2001953125 0.474609375 0.1591796875 0.474609375 0.02001953125 0.4892578125 0.0 0.4873046875 0.0 0.5224609375 0.27587890625 0.4794921875 0.31494140625 0.47265625
5 0.27197265625 0.4453125 0.26806640625 0.4501953125 0.26513671875 0.45703125 0.26513671875 0.466796875 0.26611328125 0.46875 0.27294921875 0.46875 0.2744140625 0.4658203125 0.2744140625 0.44921875
5 0.22705078125 0.4423828125 0.23828125 0.4443359375 0.24267578125 0.45703125 0.2431640625 0.4677734375 0.23681640625 0.4716796875 0.232421875 0.4697265625 0.22412109375 0.470703125 0.21728515625 0.4658203125 0.21728515625 0.443359375
5 0.20458984375 0.4462890625 0.2197265625 0.447265625 0.22412109375 0.4580078125 0.224609375 0.466796875 0.2236328125 0.47265625 0.22021484375 0.474609375 0.2060546875 0.455078125
5 0.20458984375 0.4462890625 0.19970703125 0.4462890625 0.19775390625 0.45703125 0.2041015625 0.4755859375 0.2080078125 0.474609375 0.2109375 0.4697265625 0.2109375 0.455078125 0.20654296875 0.44921875
5 0.19677734375 0.4462890625 0.18408203125 0.4462890625 0.17333984375 0.4541015625 0.1640625 0.458984375 0.16162109375 0.4677734375 0.16943359375 0.478515625 0.1787109375 0.478515625 0.20361328125 0.4765625 0.20654296875 0.4677734375 0.2060546875 0.4580078125 0.2021484375 0.44921875
5 0.0185546875 0.453125 0.0087890625 0.4619140625 0.0068359375 0.4697265625 0.009765625 0.490234375 0.02294921875 0.4931640625 0.0224609375 0.466796875 0.02001953125 0.453125
5 0.00390625 0.45703125 0.0 0.4541015625 0.00048828125 0.4990234375 0.00537109375 0.49609375 0.0068359375 0.4931640625 0.0126953125 0.4892578125 0.013671875 0.4833984375 0.0107421875 0.466796875 0.0068359375 0.4619140625
4 0.02197265625 0.412109375 0.0 0.41015625 0.0 0.0 0.36669921875 0.0 0.36962890625 0.0166015625 0.365234375 0.0205078125 0.36376953125 0.0283203125 0.3583984375 0.03515625 0.36279296875 0.0390625 0.36572265625 0.048828125 0.36669921875 0.052734375 0.37158203125 0.0517578125 0.37158203125 0.060546875 0.369140625 0.0654296875 0.36962890625 0.0693359375 0.3818359375 0.0732421875 0.3828125 0.076171875 0.384765625 0.0810546875 0.39111328125 0.0810546875 0.3955078125 0.0859375 0.39501953125 0.0908203125 0.3916015625 0.111328125 0.39306640625 0.1201171875 0.39111328125 0.130859375 0.3955078125 0.12890625 0.3955078125 0.134765625 0.39404296875 0.146484375 0.4013671875 0.1416015625 0.40283203125 0.1337890625 0.4091796875 0.13671875 0.41162109375 0.14453125 0.41162109375 0.150390625 0.4169921875 0.1474609375 0.41943359375 0.1494140625 0.4208984375 0.1552734375 0.4208984375 0.1630859375 0.4326171875 0.154296875 0.4423828125 0.1796875 0.439453125 0.193359375 0.43994140625 0.205078125 0.4423828125 0.19921875 0.4453125 0.201171875 0.44921875 0.2060546875 0.451171875 0.2138671875 0.46142578125 0.216796875 0.46533203125 0.2236328125 0.46484375 0.240234375 0.47314453125 0.2353515625 0.474609375 0.2431640625 0.478515625 0.2490234375 0.47705078125 0.2578125 0.4794921875 0.263671875 0.47998046875 0.2685546875 0.48291015625 0.2734375 0.48876953125 0.279296875 0.49609375 0.2861328125 0.49853515625 0.29296875 0.5 0.30078125 0.49609375 0.30078125 0.49609375 0.3056640625 0.5 0.30859375 0.50048828125 0.318359375 0.5029296875 0.3232421875 0.50341796875 0.3310546875 0.5068359375 0.3349609375 0.51025390625 0.341796875 0.51611328125 0.3486328125 0.51318359375 0.35546875 0.509765625 0.357421875 0.51025390625 0.3642578125 0.51123046875 0.3701171875 0.509765625 0.3759765625 0.51171875 0.3857421875 0.51025390625 0.3935546875 0.5078125 0.4013671875 0.50830078125 0.4091796875 0.5087890625 0.41796875 0.5078125 0.427734375 0.50146484375 0.4296875 0.4970703125 0.421875 0.49658203125 0.4150390625 0.49462890625 0.4091796875 0.4921875 0.4169921875 0.484375 0.408203125 0.48291015625 0.40625 0.47119140625 0.40625 0.47216796875 0.42578125 0.474609375 0.4306640625 0.47314453125 0.447265625 0.4287109375 0.455078125 0.3935546875 0.4619140625 0.39208984375 0.4541015625 0.37890625 0.455078125 0.33544921875 0.412109375 0.333984375 0.46484375 0.333984375 0.474609375 0.32763671875 0.474609375 0.3291015625 0.421875 0.3291015625 0.412109375 0.32373046875 0.4111328125 0.31982421875 0.41796875 0.31689453125 0.4189453125 0.31640625 0.4765625 0.314453125 0.4755859375 0.314453125 0.4150390625 0.30908203125 0.4072265625 0.30322265625 0.41015625 0.30322265625 0.4208984375 0.29931640625 0.4248046875 0.29443359375 0.4150390625 0.29150390625 0.412109375 0.29052734375 0.44921875 0.291015625 0.4765625 0.2919921875 0.4833984375 0.27685546875 0.4833984375 0.27685546875 0.4765625 0.2724609375 0.4716796875 0.27197265625 0.443359375 0.27099609375 0.3857421875 0.26806640625 0.3564453125 0.25732421875 0.359375 0.25830078125 0.3544921875 0.25244140625 0.3388671875 0.24658203125 0.333984375 0.23876953125 0.328125 0.2333984375 0.3232421875 0.2333984375 0.328125 0.2353515625 0.3291015625 0.23193359375 0.33984375 0.232421875 0.3447265625 0.2314453125 0.3779296875 0.232421875 0.396484375 0.23388671875 0.455078125 0.2353515625 0.4794921875 0.22607421875 0.48046875 0.22705078125 0.443359375 0.22509765625 0.404296875 0.22509765625 0.3798828125 0.2255859375 0.3505859375 0.2236328125 0.357421875 0.216796875 0.3564453125 0.216796875 0.3623046875 0.2197265625 0.404296875 0.22021484375 0.44140625 0.22265625 0.4775390625 0.224609375 0.4970703125 0.2041015625 0.4970703125 0.2080078125 0.4736328125 0.20849609375 0.4111328125 0.20703125 0.373046875 0.2021484375 0.37109375 0.1962890625 0.3681640625 0.19140625 0.3623046875 0.20166015625 0.3525390625 0.19189453125 0.3486328125 0.18701171875 0.3486328125 0.1826171875 0.3466796875 0.1826171875 0.3564453125 0.18994140625 0.3642578125 0.18212890625 0.3642578125 0.18212890625 0.3740234375 0.18798828125 0.3759765625 0.197265625 0.3798828125 0.19921875 0.3876953125 0.19873046875 0.3955078125 0.18115234375 0.3876953125 0.18408203125 0.4228515625 0.1845703125 0.4462890625 0.1728515625 0.4541015625 0.17333984375 0.3896484375 0.1728515625 0.353515625 0.169921875 0.3505859375 0.162109375 0.3525390625 0.15771484375 0.3466796875 0.15966796875 0.400390625 0.15966796875 0.4150390625 0.162109375 0.4228515625 0.162109375 0.435546875 0.15869140625 0.4384765625 0.15966796875 0.4833984375 0.16064453125 0.4970703125 0.03076171875 0.4970703125
5 0.48779296875 0.4365234375 0.48193359375 0.4365234375 0.48046875 0.4423828125 0.48046875 0.451171875 0.4892578125 0.4501953125 0.4892578125 0.44140625
5 0.49560546875 0.4384765625 0.494140625 0.4443359375 0.494140625 0.4501953125 0.5009765625 0.44921875 0.5009765625 0.443359375 0.49951171875 0.4375
1 0.583984375 0.474609375 0.5478515625 0.478515625 0.53515625 0.46484375 0.53076171875 0.455078125 0.52978515625 0.44921875 0.5380859375 0.44921875 0.578125 0.4580078125 0.59521484375 0.4677734375
1 0.5634765625 0.4970703125 0.5634765625 0.4951171875 0.57958984375 0.4912109375 0.79345703125 0.6142578125 0.9951171875 0.744140625 0.99951171875 0.748046875 0.99951171875 0.8974609375 1.0 1.0 0.77294921875 0.7373046875 0.58154296875 0.51953125
4 0.53564453125 0.4228515625 0.53173828125 0.4111328125 0.52978515625 0.3935546875 0.52783203125 0.384765625 0.51953125 0.3759765625 0.52197265625 0.3720703125 0.51904296875 0.3671875 0.51513671875 0.3603515625 0.51220703125 0.3564453125 0.5087890625 0.357421875 0.50830078125 0.349609375 0.50927734375 0.3388671875 0.5068359375 0.326171875 0.50537109375 0.30078125 0.5068359375 0.287109375 0.50732421875 0.279296875 0.51123046875 0.2705078125 0.51416015625 0.26171875 0.51904296875 0.263671875 0.521484375 0.2548828125 0.52099609375 0.23828125 0.5224609375 0.228515625 0.5263671875 0.2255859375 0.529296875 0.220703125 0.52685546875 0.2109375 0.5283203125 0.2080078125 0.5322265625 0.2119140625 0.53466796875 0.197265625 0.53759765625 0.1943359375 0.54150390625 0.201171875 0.546875 0.1923828125 0.5361328125 0.185546875 0.529296875 0.1748046875 0.5302734375 0.1669921875 0.5341796875 0.1650390625 0.53369140625 0.1572265625 0.5361328125 0.150390625 0.53857421875 0.150390625 0.53857421875 0.1435546875 0.53662109375 0.1435546875 0.53564453125 0.1328125 0.5341796875 0.123046875 0.5263671875 0.111328125 0.5224609375 0.115234375 0.5146484375 0.08984375 0.51025390625 0.0966796875 0.50927734375 0.1064453125 0.5107421875 0.1162109375 0.5126953125 0.119140625 0.51025390625 0.130859375 0.50732421875 0.130859375 0.50537109375 0.13671875 0.49462890625 0.1337890625 0.49365234375 0.1513671875 0.49072265625 0.158203125 0.4853515625 0.1630859375 0.484375 0.146484375 0.490234375 0.1474609375 0.49267578125 0.138671875 0.4921875 0.130859375 0.4833984375 0.1396484375 0.47705078125 0.1376953125 0.47802734375 0.1337890625 0.4833984375 0.1279296875 0.48291015625 0.1201171875 0.4755859375 0.1220703125 0.47021484375 0.119140625 0.4736328125 0.1103515625 0.4677734375 0.111328125 0.4619140625 0.1083984375 0.45361328125 0.119140625 0.45263671875 0.111328125 0.44677734375 0.1064453125 0.44873046875 0.0888671875 0.44677734375 0.0751953125 0.4501953125 0.06640625 0.447265625 0.056640625 0.43701171875 0.0556640625 0.43798828125 0.041015625 0.43896484375 0.03515625 0.447265625 0.033203125 0.44580078125 0.0283203125 0.43994140625 0.0224609375 0.4365234375 0.0234375 0.43212890625 0.0361328125 0.43017578125 0.0244140625 0.42578125 0.0244140625 0.42724609375 0.0146484375 0.42626953125 0.0107421875 0.42822265625 0.0068359375 0.427734375 0.00390625 0.423828125 0.0 0.8232421875 0.0 0.8251953125 0.0322265625 0.8212890625 0.0546875 0.82421875 0.0703125 0.83447265625 0.0732421875 0.837890625 0.083984375 0.8271484375 0.0986328125 0.83447265625 0.103515625 0.85400390625 0.0888671875 0.85986328125 0.0908203125 0.8662109375 0.076171875 0.875 0.0517578125 0.89697265625 0.0283203125 0.90185546875 0.0166015625 0.9013671875 0.0 1.0 0.0 1.0 0.5263671875 1.0 0.5634765625 0.904296875 0.546875 0.84716796875 0.5048828125 0.740234375 0.4873046875 0.71826171875 0.4931640625 0.6669921875 0.4765625 0.640625 0.48046875 0.6162109375 0.48046875 0.6005859375 0.4755859375 0.59375 0.4697265625 0.5791015625 0.4697265625 0.56494140625 0.46875 0.55810546875 0.4599609375 0.55322265625 0.4541015625 0.5439453125 0.455078125 0.5361328125 0.4521484375 0.52978515625 0.44921875 0.52978515625 0.44140625 0.5322265625 0.435546875 0.53564453125 0.4267578125
