0 0.03662109375 0.2939453125 0.53857421875 0.359375 1.0 0.3857421875 1.0 1.0 0.0 1.0 0.0 0.279296875
4 0.28173828125 0.5048828125 0.32470703125 0.48828125 0.4248046875 0.46484375 0.46875 0.455078125 0.5009765625 0.4453125 0.52001953125 0.4453125 0.5361328125 0.447265625 0.54931640625 0.4482421875 0.57763671875 0.451171875 0.7021484375 0.486328125 0.78369140625 0.517578125 0.89990234375 0.578125 1.0 0.6240234375 1.0 0.0 0.0 0.0 0.0 0.55859375
1 0.27978515625 0.5576171875 0.30908203125 0.5380859375 0.3447265625 0.4990234375 0.31201171875 0.490234375 0.3056640625 0.49609375 0.27099609375 0.5
5 0.47412109375 0.423828125 0.4619140625 0.423828125 0.4619140625 0.44140625 0.46337890625 0.4609375 0.4638671875 0.466796875 0.46435546875 0.47265625 0.4658203125 0.4736328125 0.470703125 0.4736328125 0.47216796875 0.4716796875 0.47509765625 0.4716796875 0.4765625 0.4755859375 0.4794921875 0.4755859375 0.48095703125 0.470703125 0.48095703125 0.46484375 0.48095703125 0.4580078125 0.48095703125 0.4521484375 0.48046875 0.4443359375 0.4765625 0.4306640625 0.4755859375 0.4248046875
5 0.42919921875 0.427734375 0.43115234375 0.4150390625 0.43408203125 0.4130859375 0.4443359375 0.412109375 0.45166015625 0.4111328125 0.45458984375 0.4111328125 0.46142578125 0.412109375 0.462890625 0.4169921875 0.46337890625 0.421875 0.4638671875 0.4267578125 0.46435546875 0.427734375 0.46728515625 0.4296875 0.46875 0.431640625 0.46875 0.4345703125 0.46826171875 0.4365234375 0.46435546875 0.4375 0.46630859375 0.4521484375 0.466796875 0.4599609375 0.46630859375 0.4697265625 0.46630859375 0.4765625 0.466796875 0.4814453125 0.466796875 0.4833984375 0.46533203125 0.486328125 0.4638671875 0.4873046875 0.46142578125 0.4873046875 0.4599609375 0.4833984375 0.4599609375 0.4794921875 0.4375 0.4814453125 0.42529296875 0.443359375
5 0.42724609375 0.4150390625 0.42236328125 0.4169921875 0.40283203125 0.41796875 0.400390625 0.4169921875 0.39453125 0.4208984375 0.3916015625 0.4287109375 0.38818359375 0.4326171875 0.38623046875 0.4365234375 0.38525390625 0.4404296875 0.38134765625 0.439453125 0.37939453125 0.439453125 0.380859375 0.4501953125 0.3828125 0.51953125 0.3857421875 0.5087890625 0.3896484375 0.5087890625 0.390625 0.51171875 0.3916015625 0.513671875 0.39599609375 0.513671875 0.39697265625 0.5078125 0.41748046875 0.505859375 0.4189453125 0.5087890625 0.42041015625 0.5107421875 0.42333984375 0.51171875 0.42626953125 0.51171875 0.4287109375 0.5107421875 0.4296875 0.5078125 0.4306640625 0.5048828125 0.43115234375 0.5048828125 0.4326171875 0.505859375 0.43408203125 0.505859375 0.4365234375 0.505859375 0.4384765625 0.5029296875 0.4384765625 0.49609375 0.4384765625 0.48828125 0.43896484375 0.4833984375 0.43896484375 0.4765625 0.43896484375 0.46875 0.4384765625 0.45703125 0.435546875 0.4462890625 0.43359375 0.4326171875 0.43017578125 0.4248046875 0.42822265625 0.4169921875
3 0.27587890625 0.4853515625 0.2666015625 0.443359375 0.31982421875 0.439453125 0.31689453125 0.4775390625 0.30908203125 0.4853515625 0.27197265625 0.5
5 0.1650390625 0.4228515625 0.169921875 0.4208984375 0.20654296875 0.41015625 0.2421875 0.412109375 0.25537109375 0.4150390625 0.263671875 0.423828125 0.2685546875 0.44140625 0.2744140625 0.4677734375 0.279296875 0.482421875 0.28173828125 0.5009765625 0.28271484375 0.517578125 0.2841796875 0.5322265625 0.2841796875 0.548828125 0.28466796875 0.5654296875 0.28369140625 0.5830078125 0.2822265625 0.5927734375 0.27880859375 0.5986328125 0.27197265625 0.599609375 0.27001953125 0.5966796875 0.2666015625 0.5791015625 0.25634765625 0.580078125 0.24560546875 0.587890625 0.2451171875 0.6025390625 0.24365234375 0.61328125 0.24072265625 0.62109375 0.234375 0.6220703125 0.2294921875 0.6220703125 0.22802734375 0.6220703125 0.22607421875 0.619140625 0.22509765625 0.6142578125 0.22265625 0.6044921875 0.1884765625 0.6103515625 0.1572265625 0.484375
5 0.02392578125 0.4140625 0.03076171875 0.40625 0.046875 0.400390625 0.08349609375 0.39453125 0.11767578125 0.3935546875 0.138671875 0.3935546875 0.15625 0.3984375 0.1630859375 0.4072265625 0.16845703125 0.4140625 0.1708984375 0.4267578125 0.1787109375 0.482421875 0.18017578125 0.5068359375 0.18603515625 0.537109375 0.18896484375 0.546875 0.189453125 0.5595703125 0.189453125 0.607421875 0.189453125 0.6259765625 0.1875 0.640625 0.185546875 0.6474609375 0.17626953125 0.650390625 0.1728515625 0.6484375 0.16845703125 0.638671875 0.16552734375 0.625 0.16455078125 0.6171875 0.1328125 0.6376953125 0.1328125 0.6591796875 0.1318359375 0.6748046875 0.12890625 0.685546875 0.12109375 0.6923828125 0.111328125 0.69140625 0.1064453125 0.6826171875 0.1015625 0.66015625 0.10009765625 0.6572265625 0.07373046875 0.669921875 0.05908203125 0.6728515625 0.05029296875 0.6728515625 0.0400390625 0.6640625 0.01611328125 0.4345703125
5 0.0029296875 0.392578125 0.01171875 0.3935546875 0.01611328125 0.40625 0.02587890625 0.4091796875 0.03466796875 0.423828125 0.052734375 0.484375 0.05859375 0.5244140625 0.06298828125 0.5537109375 0.06396484375 0.5888671875 0.0693359375 0.5888671875 0.07177734375 0.5908203125 0.07275390625 0.6201171875 0.0693359375 0.63671875 0.06591796875 0.64453125 0.05517578125 0.658203125 0.04150390625 0.66796875 0.0419921875 0.703125 0.0390625 0.7236328125 0.03515625 0.7470703125 0.02685546875 0.7587890625 0.017578125 0.76171875 0.0029296875 0.7607421875 0.0 0.7607421875 0.0 0.392578125 0.0009765625 0.392578125
5 0.36962890625 0.4130859375 0.337890625 0.4150390625 0.32177734375 0.419921875 0.314453125 0.443359375 0.31298828125 0.4501953125 0.30810546875 0.453125 0.3076171875 0.4580078125 0.30908203125 0.4599609375 0.30859375 0.4716796875 0.3056640625 0.4833984375 0.30419921875 0.5087890625 0.3046875 0.5224609375 0.30712890625 0.537109375 0.30908203125 0.546875 0.31396484375 0.5478515625 0.31494140625 0.5439453125 0.3173828125 0.537109375 0.3271484375 0.5361328125 0.3291015625 0.5361328125 0.33154296875 0.5390625 0.3359375 0.5400390625 0.3369140625 0.537109375 0.34130859375 0.5341796875 0.35400390625 0.5322265625 0.361328125 0.5302734375 0.36181640625 0.5341796875 0.36279296875 0.537109375 0.3642578125 0.5400390625 0.36767578125 0.541015625 0.3701171875 0.5380859375 0.37158203125 0.5322265625 0.3720703125 0.5234375 0.37841796875 0.5205078125 0.37939453125 0.5322265625 0.3828125 0.5322265625 0.3857421875 0.5283203125 0.38720703125 0.51953125 0.3876953125 0.501953125 0.38671875 0.486328125 0.3837890625 0.4560546875 0.3818359375 0.4404296875 0.37939453125 0.42578125 0.37548828125 0.4150390625 0.37158203125 0.412109375
5 0.5849609375 0.435546875 0.58447265625 0.42578125 0.55517578125 0.427734375 0.55322265625 0.4296875 0.55029296875 0.4365234375 0.54931640625 0.4423828125 0.54931640625 0.447265625 0.5546875 0.4501953125 0.5732421875 0.4482421875
5 0.5302734375 0.4443359375 0.533203125 0.439453125 0.5439453125 0.4375 0.55029296875 0.44140625 0.5537109375 0.447265625 0.55517578125 0.4501953125 0.55517578125 0.453125 0.55322265625 0.455078125 0.5517578125 0.4560546875 0.5498046875 0.4560546875 0.54736328125 0.45703125 0.546875 0.4580078125 0.54638671875 0.458984375 0.544921875 0.4599609375 0.5439453125 0.4599609375 0.54296875 0.458984375 0.54150390625 0.4560546875 0.53662109375 0.4560546875 0.53564453125 0.45703125 0.53466796875 0.458984375 0.533203125 0.458984375 0.53173828125 0.45703125 0.529296875 0.451171875
5 0.5205078125 0.439453125 0.52392578125 0.4384765625 0.52685546875 0.439453125 0.52880859375 0.44140625 0.53125 0.4443359375 0.53271484375 0.447265625 0.53369140625 0.451171875 0.5341796875 0.455078125 0.5341796875 0.45703125 0.5341796875 0.458984375 0.53271484375 0.4599609375 0.53173828125 0.4580078125 0.5283203125 0.45703125 0.52490234375 0.45703125 0.5234375 0.45703125 0.52099609375 0.4521484375
5 0.51318359375 0.4267578125 0.50634765625 0.427734375 0.5048828125 0.43359375 0.50390625 0.44140625 0.5029296875 0.4482421875 0.50341796875 0.458984375 0.50390625 0.462890625 0.5048828125 0.46484375 0.50634765625 0.46484375 0.50732421875 0.4619140625 0.5087890625 0.4619140625 0.51953125 0.4609375 0.5205078125 0.4638671875 0.521484375 0.46484375 0.5224609375 0.4638671875 0.52294921875 0.462890625 0.5234375 0.45703125 0.52294921875 0.4501953125 0.5224609375 0.4423828125 0.52197265625 0.4365234375 0.52001953125 0.427734375
5 0.58740234375 0.43359375 0.576171875 0.431640625 0.57373046875 0.4365234375 0.57080078125 0.4443359375 0.56884765625 0.4541015625 0.56884765625 0.462890625 0.56884765625 0.4677734375 0.5693359375 0.4716796875 0.5703125 0.4736328125 0.572265625 0.474609375 0.57470703125 0.474609375 0.5751953125 0.4736328125 0.57568359375 0.4716796875 0.578125 0.470703125 0.57958984375 0.4716796875 0.5810546875 0.4716796875 0.58447265625 0.466796875
5 0.59521484375 0.43359375 0.58740234375 0.43359375 0.58447265625 0.439453125 0.58056640625 0.4521484375 0.580078125 0.4599609375 0.580078125 0.46875 0.57958984375 0.474609375 0.580078125 0.478515625 0.58154296875 0.4814453125 0.583984375 0.4814453125 0.58544921875 0.482421875 0.5869140625 0.478515625 0.59228515625 0.4697265625 0.59228515625 0.4580078125 0.59521484375 0.4501953125
5 0.60205078125 0.431640625 0.595703125 0.431640625 0.59326171875 0.4375 0.59130859375 0.4453125 0.5888671875 0.4443359375 0.58837890625 0.447265625 0.58837890625 0.44921875 0.59033203125 0.4521484375 0.5888671875 0.462890625 0.58837890625 0.4716796875 0.587890625 0.4765625 0.587890625 0.4794921875 0.58837890625 0.484375 0.59033203125 0.4853515625 0.5927734375 0.4833984375 0.595703125 0.46875 0.6005859375 0.45703125
5 0.61083984375 0.42578125 0.60400390625 0.42578125 0.599609375 0.435546875 0.5966796875 0.4462890625 0.59423828125 0.4443359375 0.59326171875 0.447265625 0.59375 0.451171875 0.5947265625 0.4521484375 0.5927734375 0.4580078125 0.59228515625 0.466796875 0.5908203125 0.4755859375 0.59033203125 0.490234375 0.59130859375 0.494140625 0.59423828125 0.4931640625 0.595703125 0.4951171875 0.59765625 0.4970703125 0.5986328125 0.498046875 0.60205078125 0.48828125 0.60546875 0.466796875
5 0.630859375 0.4287109375 0.62890625 0.42578125 0.615234375 0.42578125 0.61083984375 0.42578125 0.60693359375 0.4287109375 0.6025390625 0.4404296875 0.599609375 0.4501953125 0.59619140625 0.4716796875 0.595703125 0.4833984375 0.595703125 0.4921875 0.59619140625 0.4951171875 0.59765625 0.4990234375 0.599609375 0.4990234375 0.6005859375 0.5029296875 0.6025390625 0.5048828125 0.60546875 0.5048828125 0.60693359375 0.5029296875 0.607421875 0.4990234375 0.609375 0.498046875 0.61181640625 0.498046875 0.6181640625 0.4892578125 0.62158203125 0.466796875
5 0.64013671875 0.42578125 0.630859375 0.4248046875 0.6298828125 0.42578125 0.62646484375 0.4365234375 0.623046875 0.4462890625 0.619140625 0.451171875 0.61669921875 0.4599609375 0.61279296875 0.46875 0.61279296875 0.4814453125 0.6123046875 0.4951171875 0.6123046875 0.5068359375 0.6123046875 0.5166015625 0.615234375 0.521484375 0.61669921875 0.5224609375 0.61865234375 0.5224609375 0.6201171875 0.5263671875 0.62255859375 0.5283203125 0.62548828125 0.529296875 0.626953125 0.5283203125 0.630859375 0.51953125 0.646484375 0.4521484375
5 0.72265625 0.4140625 0.7177734375 0.3896484375 0.7138671875 0.3896484375 0.7109375 0.380859375 0.70703125 0.380859375 0.69677734375 0.3857421875 0.66455078125 0.3837890625 0.66162109375 0.375 0.65283203125 0.3818359375 0.65185546875 0.3876953125 0.64697265625 0.3935546875 0.64208984375 0.4033203125 0.63818359375 0.4169921875 0.63671875 0.4267578125 0.63525390625 0.431640625 0.6337890625 0.4326171875 0.63037109375 0.43359375 0.63037109375 0.4423828125 0.63134765625 0.4462890625 0.6328125 0.44921875 0.63134765625 0.4560546875 0.62939453125 0.466796875 0.62841796875 0.4814453125 0.6279296875 0.498046875 0.62744140625 0.52734375 0.6279296875 0.533203125 0.62939453125 0.53515625 0.63232421875 0.5361328125 0.63427734375 0.5361328125 0.63623046875 0.53515625 0.63720703125 0.5322265625 0.6376953125 0.5263671875 0.63818359375 0.5234375 0.640625 0.5234375 0.640625 0.533203125 0.640625 0.5390625 0.6416015625 0.54296875 0.64306640625 0.5458984375 0.6455078125 0.5478515625 0.64892578125 0.5478515625 0.650390625 0.5439453125 0.6513671875 0.5361328125 0.654296875 0.5302734375 0.68896484375 0.533203125 0.7158203125 0.4814453125
5 0.81298828125 0.466796875 0.798828125 0.423828125 0.7802734375 0.416015625 0.76025390625 0.412109375 0.73779296875 0.412109375 0.720703125 0.4140625 0.7099609375 0.4228515625 0.70166015625 0.4384765625 0.69384765625 0.4580078125 0.69189453125 0.4697265625 0.69140625 0.458984375 0.68603515625 0.45703125 0.681640625 0.4580078125 0.68115234375 0.46875 0.681640625 0.470703125 0.6826171875 0.4716796875 0.689453125 0.4755859375 0.68408203125 0.4912109375 0.6826171875 0.5048828125 0.68115234375 0.5185546875 0.6806640625 0.52734375 0.6806640625 0.5546875 0.68115234375 0.57421875 0.6826171875 0.580078125 0.68359375 0.58203125 0.6865234375 0.583984375 0.68896484375 0.583984375 0.69287109375 0.583984375 0.6943359375 0.5810546875 0.6953125 0.5751953125 0.6962890625 0.5673828125 0.703125 0.5712890625 0.70263671875 0.5859375 0.70361328125 0.5966796875 0.70556640625 0.6044921875 0.71240234375 0.6064453125 0.7158203125 0.60546875 0.7197265625 0.6005859375 0.7216796875 0.5849609375 0.72314453125 0.5771484375 0.76416015625 0.5830078125 0.763671875 0.58984375 0.76416015625 0.59765625 0.7666015625 0.603515625 0.76904296875 0.6064453125 0.7734375 0.607421875 0.7841796875 0.6005859375 0.80126953125 0.578125 0.8203125 0.5224609375
5 0.978515625 0.3740234375 0.91845703125 0.373046875 0.8740234375 0.3798828125 0.8466796875 0.3984375 0.81787109375 0.447265625 0.81005859375 0.4697265625 0.802734375 0.4697265625 0.794921875 0.478515625 0.79345703125 0.494140625 0.79541015625 0.498046875 0.79736328125 0.5009765625 0.78857421875 0.5205078125 0.78466796875 0.5322265625 0.779296875 0.541015625 0.77734375 0.5615234375 0.7763671875 0.58203125 0.775390625 0.59765625 0.7734375 0.619140625 0.7744140625 0.650390625 0.77587890625 0.6708984375 0.779296875 0.6845703125 0.783203125 0.6923828125 0.787109375 0.6953125 0.79296875 0.697265625 0.80029296875 0.7001953125 0.8056640625 0.6943359375 0.80859375 0.6826171875 0.80859375 0.6689453125 0.84912109375 0.7001953125 0.84814453125 0.720703125 0.85107421875 0.748046875 0.85498046875 0.763671875 0.859375 0.771484375 0.86572265625 0.7744140625 0.8720703125 0.775390625 0.87890625 0.7763671875 0.8837890625 0.7744140625 0.888671875 0.7666015625 0.8896484375 0.7578125 0.8935546875 0.7373046875 0.900390625 0.7353515625 0.9208984375 0.734375 0.96337890625 0.736328125 0.984375 0.7373046875 1.0 0.7080078125 1.0 0.375
5 0.9970703125 0.5625 0.9794921875 0.6435546875 0.97705078125 0.7001953125 0.97119140625 0.7294921875 0.966796875 0.7578125 0.9677734375 0.8115234375 0.9716796875 0.84765625 0.9794921875 0.884765625 0.98828125 0.90625 0.99658203125 0.9150390625 1.0 0.9208984375 1.0 0.5576171875
