0 0.99951171875 0.4306640625 0.55078125 0.427734375 0.38232421875 0.4365234375 0.0 0.431640625 0.0 1.0 1.0 1.0 1.0 0.431640625
1 0.18603515625 0.5 0.15966796875 0.501953125 0.14892578125 0.50390625 0.0400390625 0.5185546875 0.0 0.5224609375 0.0 0.4560546875 0.2919921875 0.4462890625 0.41015625 0.4443359375 0.4384765625 0.443359375 0.43212890625 0.46875 0.38525390625 0.4716796875 0.361328125 0.47265625 0.3310546875 0.474609375 0.29638671875 0.4794921875 0.2744140625 0.4814453125 0.2265625 0.4892578125 0.20458984375 0.4921875 0.18896484375 0.4990234375
2 0.4462890625 0.359375 0.44580078125 0.2900390625 0.44775390625 0.28515625 0.443359375 0.275390625 0.44287109375 0.2578125 0.43994140625 0.25390625 0.4404296875 0.216796875 0.4296875 0.1875 0.42431640625 0.1689453125 0.42236328125 0.1630859375 0.41845703125 0.16015625 0.40966796875 0.1552734375 0.39501953125 0.1533203125 0.3935546875 0.134765625 0.38330078125 0.1279296875 0.3818359375 0.115234375 0.37060546875 0.1142578125 0.36279296875 0.0947265625 0.30615234375 0.0791015625 0.3056640625 0.0 0.0 0.0 0.0 0.4970703125 0.05419921875 0.4931640625 0.091796875 0.4892578125 0.12939453125 0.484375 0.1787109375 0.4794921875 0.22119140625 0.474609375 0.30810546875 0.46484375 0.3330078125 0.462890625 0.3935546875 0.4599609375 0.41943359375 0.4599609375 0.4345703125 0.458984375 0.4443359375 0.4189453125 0.44677734375 0.361328125
5 0.2255859375 0.486328125 0.2255859375 0.474609375 0.2255859375 0.4697265625 0.22705078125 0.46484375 0.2294921875 0.4599609375 0.22998046875 0.45703125 0.22998046875 0.455078125 0.23095703125 0.4521484375 0.232421875 0.451171875 0.23388671875 0.4501953125 0.236328125 0.4462890625 0.23876953125 0.44140625 0.2421875 0.4384765625 0.24560546875 0.4365234375 0.24951171875 0.435546875 0.2666015625 0.435546875 0.2705078125 0.4404296875 0.27392578125 0.4462890625 0.27734375 0.453125 0.27783203125 0.4609375 0.27783203125 0.46875 0.27783203125 0.4794921875 0.27734375 0.4873046875 0.2763671875 0.4892578125 0.27294921875 0.4892578125 0.271484375 0.486328125 0.2705078125 0.4833984375 0.26318359375 0.4853515625 0.2626953125 0.48828125 0.26123046875 0.4912109375 0.25830078125 0.4912109375 0.2568359375 0.490234375 0.25634765625 0.4873046875 0.24853515625 0.48828125 0.2470703125 0.4921875 0.2451171875 0.4921875 0.24365234375 0.4921875 0.2431640625 0.4912109375 0.2421875 0.4873046875 0.2333984375 0.48828125 0.23291015625 0.4912109375 0.23095703125 0.4931640625 0.22802734375 0.4931640625 0.22607421875 0.490234375
4 0.32373046875 0.228515625 0.31591796875 0.2314453125 0.3134765625 0.23046875 0.30859375 0.2314453125 0.30859375 0.310546875 0.30615234375 0.3076171875 0.30322265625 0.3076171875 0.30322265625 0.3125 0.3046875 0.3173828125 0.30615234375 0.3232421875 0.3076171875 0.326171875 0.30859375 0.330078125 0.30615234375 0.330078125 0.3056640625 0.3330078125 0.30859375 0.341796875 0.30419921875 0.345703125 0.30419921875 0.353515625 0.30517578125 0.359375 0.30712890625 0.365234375 0.30810546875 0.3837890625 0.310546875 0.3896484375 0.3154296875 0.408203125 0.31787109375 0.41796875 0.322265625 0.419921875 0.32275390625 0.4052734375 0.326171875 0.3994140625 0.328125 0.396484375 0.3349609375 0.3974609375 0.34423828125 0.392578125 0.35107421875 0.3896484375 0.35791015625 0.390625 0.3642578125 0.3916015625 0.3701171875 0.390625 0.37109375 0.38671875 0.3701171875 0.3759765625 0.36083984375 0.35546875 0.36767578125 0.3515625 0.3701171875 0.3408203125 0.37255859375 0.3349609375 0.3740234375 0.3232421875 0.37255859375 0.3203125 0.37451171875 0.314453125 0.3740234375 0.30859375 0.3701171875 0.3046875 0.36474609375 0.2783203125 0.35791015625 0.25390625 0.36083984375 0.248046875 0.35302734375 0.2314453125 0.345703125 0.236328125 0.3427734375 0.2294921875 0.33984375 0.2314453125 0.3349609375 0.2373046875 0.32958984375 0.2333984375
5 0.34912109375 0.451171875 0.34765625 0.4599609375 0.34814453125 0.470703125 0.3486328125 0.4736328125 0.35595703125 0.47265625 0.35693359375 0.4716796875 0.3681640625 0.4697265625 0.36865234375 0.47265625 0.3701171875 0.47265625 0.37646484375 0.4716796875 0.3759765625 0.4482421875 0.36962890625 0.435546875 0.3544921875 0.4365234375 0.3515625 0.4453125
1 0.33349609375 0.4931640625 0.33349609375 0.498046875 0.392578125 0.494140625 0.40966796875 0.490234375 0.4189453125 0.486328125 0.42822265625 0.482421875 0.44189453125 0.4814453125 0.44091796875 0.458984375 0.427734375 0.4599609375 0.3984375 0.4609375 0.375 0.4736328125 0.3681640625 0.4775390625 0.35791015625 0.4853515625 0.337890625 0.4892578125
3 0.375 0.4326171875 0.37548828125 0.4775390625 0.3876953125 0.4716796875 0.39599609375 0.4716796875 0.4013671875 0.470703125 0.39990234375 0.4326171875 0.38525390625 0.4326171875
2 0.42724609375 0.388671875 0.39453125 0.3896484375 0.396484375 0.4599609375 0.400390625 0.4619140625 0.4013671875 0.470703125 0.41455078125 0.4697265625 0.41748046875 0.4677734375 0.42626953125 0.462890625 0.4248046875 0.3935546875 0.42724609375 0.392578125
1 0.6787109375 0.5009765625 0.666015625 0.4931640625 0.65673828125 0.48828125 0.64990234375 0.45703125 0.6923828125 0.4423828125 1.0 0.44140625 1.0 0.515625 0.93994140625 0.51171875 0.861328125 0.5107421875 0.841796875 0.5087890625 0.79638671875 0.5087890625 0.72998046875 0.505859375 0.6904296875 0.501953125
1 0.82275390625 0.529296875 0.8232421875 0.525390625 0.8291015625 0.5205078125 0.90478515625 0.5185546875 1.0 0.5166015625 1.0 0.53515625 0.91552734375 0.5361328125 0.859375 0.5361328125 0.83251953125 0.537109375 0.82421875 0.53125
2 0.5 0.3671875 0.49951171875 0.3017578125 0.53759765625 0.30078125 0.5361328125 0.0 1.0 0.0 1.0 0.4853515625 0.8056640625 0.486328125 0.7890625 0.486328125 0.72607421875 0.4736328125 0.7021484375 0.4697265625 0.66650390625 0.4677734375 0.65380859375 0.466796875 0.54443359375 0.45703125
4 0.51708984375 0.361328125 0.5205078125 0.3466796875 0.52294921875 0.34375 0.53173828125 0.3388671875 0.5341796875 0.330078125 0.53662109375 0.330078125 0.53857421875 0.3212890625 0.54638671875 0.3115234375 0.560546875 0.3095703125 0.5771484375 0.3466796875 0.57666015625 0.357421875 0.57666015625 0.3857421875 0.5859375 0.3779296875 0.5888671875 0.3828125 0.59033203125 0.38671875 0.59375 0.3837890625 0.6083984375 0.390625 0.6171875 0.3896484375 0.619140625 0.3994140625 0.58203125 0.427734375 0.54931640625 0.4482421875 0.537109375 0.4404296875
4 0.55322265625 0.208984375 0.5537109375 0.2275390625 0.560546875 0.2353515625 0.55322265625 0.2392578125 0.55419921875 0.2509765625 0.556640625 0.2578125 0.548828125 0.2587890625 0.5439453125 0.265625 0.5439453125 0.2744140625 0.54541015625 0.2861328125 0.54248046875 0.2900390625 0.5439453125 0.298828125 0.5419921875 0.3017578125 0.5419921875 0.3115234375 0.55029296875 0.3408203125 0.5576171875 0.3515625 0.568359375 0.349609375 0.57666015625 0.3515625 0.58251953125 0.36328125 0.5859375 0.36328125 0.59375 0.369140625 0.59228515625 0.3740234375 0.59375 0.380859375 0.5888671875 0.38671875 0.5859375 0.3857421875 0.58349609375 0.3896484375 0.587890625 0.3974609375 0.5927734375 0.3935546875 0.5966796875 0.40234375 0.60498046875 0.404296875 0.60986328125 0.3984375 0.61962890625 0.39453125 0.62353515625 0.380859375 0.6279296875 0.39453125 0.63134765625 0.39453125 0.63134765625 0.380859375 0.63525390625 0.380859375 0.63720703125 0.37109375 0.64208984375 0.3701171875 0.6435546875 0.3671875 0.65234375 0.3642578125 0.65478515625 0.3583984375 0.646484375 0.357421875 0.64794921875 0.3447265625 0.64794921875 0.3271484375 0.654296875 0.3125 0.6572265625 0.302734375 0.6533203125 0.2880859375 0.6494140625 0.29296875 0.64501953125 0.302734375 0.6416015625 0.2919921875 0.64453125 0.28125 0.64501953125 0.271484375 0.63916015625 0.2822265625 0.63525390625 0.28125 0.63720703125 0.2705078125 0.63623046875 0.26171875 0.634765625 0.2548828125 0.62939453125 0.2705078125 0.62451171875 0.2685546875 0.62158203125 0.259765625 0.63525390625 0.2470703125 0.6328125 0.22265625 0.63037109375 0.2236328125 0.63134765625 0.212890625 0.62939453125 0.19140625 0.62255859375 0.2060546875 0.6201171875 0.208984375 0.6201171875 0.1953125 0.61865234375 0.1796875 0.61279296875 0.17578125 0.6123046875 0.1689453125 0.609375 0.15625 0.59765625 0.1630859375 0.58544921875 0.166015625 0.57958984375 0.1650390625 0.5693359375 0.1806640625 0.56787109375 0.1865234375 0.56396484375 0.1865234375 0.5634765625 0.1943359375 0.5595703125 0.2021484375 0.55908203125 0.212890625 0.5546875 0.2080078125
5 0.65087890625 0.4931640625 0.6552734375 0.4921875 0.65673828125 0.490234375 0.65771484375 0.484375 0.6591796875 0.4677734375 0.658203125 0.45703125 0.6572265625 0.447265625 0.65185546875 0.42578125 0.64892578125 0.4228515625 0.6435546875 0.421875 0.63720703125 0.4228515625 0.64990234375 0.4931640625
5 0.58203125 0.478515625 0.57568359375 0.478515625 0.57373046875 0.4775390625 0.5703125 0.4775390625 0.5673828125 0.4794921875 0.5625 0.4794921875 0.56201171875 0.486328125 0.55810546875 0.486328125 0.55419921875 0.4833984375 0.5537109375 0.4619140625 0.55517578125 0.4462890625 0.556640625 0.4384765625 0.55712890625 0.4287109375 0.55908203125 0.41796875 0.56103515625 0.412109375 0.564453125 0.41015625 0.58642578125 0.41015625 0.5927734375 0.4111328125 0.5947265625 0.4150390625 0.5966796875 0.421875 0.591796875 0.4619140625
5 0.4873046875 0.4169921875 0.48779296875 0.3935546875 0.48974609375 0.3720703125 0.490234375 0.3662109375 0.4921875 0.3642578125 0.49462890625 0.36328125 0.5166015625 0.361328125 0.54052734375 0.3623046875 0.54248046875 0.3642578125 0.5439453125 0.369140625 0.546875 0.4208984375 0.54736328125 0.4453125 0.54736328125 0.4541015625 0.490234375 0.4462890625
5 0.5810546875 0.4931640625 0.5810546875 0.4765625 0.58056640625 0.4677734375 0.58056640625 0.46484375 0.58203125 0.45703125 0.57861328125 0.4560546875 0.57861328125 0.4521484375 0.58056640625 0.44921875 0.58349609375 0.4501953125 0.583984375 0.4521484375 0.5869140625 0.4443359375 0.59228515625 0.4267578125 0.59521484375 0.41796875 0.5966796875 0.416015625 0.59765625 0.4052734375 0.609375 0.4052734375 0.609375 0.416015625 0.63037109375 0.4169921875 0.6357421875 0.41796875 0.63916015625 0.419921875 0.64208984375 0.427734375 0.646484375 0.443359375 0.64892578125 0.451171875 0.65087890625 0.4599609375 0.65234375 0.47265625 0.65234375 0.4833984375 0.65185546875 0.4931640625 0.6513671875 0.513671875 0.650390625 0.5185546875 0.64306640625 0.5166015625 0.642578125 0.513671875 0.64208984375 0.5078125 0.640625 0.5068359375 0.6396484375 0.505859375 0.63916015625 0.51171875 0.63818359375 0.513671875 0.63427734375 0.5146484375 0.63232421875 0.513671875 0.6318359375 0.509765625 0.63134765625 0.5048828125 0.61279296875 0.5048828125 0.5986328125 0.505859375 0.59521484375 0.5078125 0.5947265625 0.5166015625 0.59228515625 0.5185546875 0.587890625 0.517578125 0.58642578125 0.515625 0.5859375 0.51171875 0.58154296875 0.51171875 0.5810546875 0.5078125
5 0.46044921875 0.5244140625 0.458984375 0.5048828125 0.45947265625 0.4912109375 0.46044921875 0.4814453125 0.4619140625 0.4677734375 0.458984375 0.4658203125 0.4580078125 0.4609375 0.45849609375 0.4560546875 0.4599609375 0.453125 0.4658203125 0.4521484375 0.470703125 0.4326171875 0.4755859375 0.4150390625 0.47705078125 0.412109375 0.48779296875 0.4091796875 0.509765625 0.4072265625 0.5341796875 0.4091796875 0.53759765625 0.412109375 0.5478515625 0.4501953125 0.5498046875 0.45703125 0.55126953125 0.4521484375 0.5546875 0.4521484375 0.55712890625 0.4541015625 0.55712890625 0.4580078125 0.55615234375 0.4619140625 0.55126953125 0.462890625 0.55322265625 0.4765625 0.55419921875 0.4912109375 0.5546875 0.5029296875 0.5537109375 0.5263671875 0.55419921875 0.5458984375 0.55419921875 0.5556640625 0.55322265625 0.5625 0.54638671875 0.564453125 0.54248046875 0.5625 0.541015625 0.5458984375 0.50537109375 0.544921875 0.48779296875 0.544921875 0.47900390625 0.5498046875 0.47509765625 0.5498046875 0.47509765625 0.564453125 0.47314453125 0.5703125 0.4638671875 0.5693359375 0.4619140625 0.56640625 0.46044921875 0.556640625
