0 0.056640625 1.0009765625 0.484375 0.46875 0.59130859375 0.4169921875 0.7060546875 0.419921875 0.99951171875 0.51953125 1.0 1.0
2 0.49755859375 0.3759765625 0.4970703125 0.361328125 0.49462890625 0.361328125 0.49365234375 0.2919921875 0.49072265625 0.2861328125 0.490234375 0.271484375 0.4892578125 0.2666015625 0.4892578125 0.2353515625 0.48388671875 0.2197265625 0.47607421875 0.1953125 0.462890625 0.1865234375 0.45068359375 0.16796875 0.443359375 0.1650390625 0.43701171875 0.1630859375 0.43505859375 0.15625 0.42626953125 0.1552734375 0.41943359375 0.1279296875 0.396484375 0.07421875 0.375 0.0244140625 0.37060546875 0.0126953125 0.3681640625 0.0009765625 0.0 0.0009765625 0.0 0.6103515625 0.49560546875 0.4228515625
2 0.54052734375 0.318359375 0.54052734375 0.294921875 0.57568359375 0.2939453125 0.5732421875 0.013671875 0.57763671875 0.0009765625 1.0 0.0009765625 1.0 0.5517578125 0.7705078125 0.4765625 0.625 0.431640625 0.58056640625 0.4287109375
1 1.0 0.5791015625 0.9697265625 0.5693359375 0.97216796875 0.4765625 1.0 0.4794921875
5 0.78173828125 0.408203125 0.77392578125 0.40625 0.76318359375 0.40625 0.763671875 0.4228515625 0.77294921875 0.439453125 0.78125 0.4208984375
5 0.84619140625 0.40234375 0.81982421875 0.3984375 0.79296875 0.3984375 0.7841796875 0.4013671875 0.779296875 0.408203125 0.77001953125 0.4248046875 0.783203125 0.5283203125 0.7900390625 0.5244140625 0.7939453125 0.517578125 0.80517578125 0.515625 0.8447265625 0.4091796875
4 0.63671875 0.3642578125 0.6396484375 0.3447265625 0.63818359375 0.33203125 0.63232421875 0.3115234375 0.62890625 0.294921875 0.625 0.2705078125 0.619140625 0.271484375 0.61328125 0.2490234375 0.6005859375 0.2470703125 0.58740234375 0.255859375 0.5810546875 0.279296875 0.5732421875 0.2890625 0.57763671875 0.302734375 0.5791015625 0.318359375 0.587890625 0.4326171875 0.609375 0.427734375 0.63037109375 0.4228515625
5 0.88671875 0.38671875 0.880859375 0.3828125 0.8662109375 0.380859375 0.8525390625 0.3857421875 0.845703125 0.3974609375 0.8369140625 0.416015625 0.8271484375 0.439453125 0.81884765625 0.4384765625 0.81298828125 0.4404296875 0.8125 0.447265625 0.81787109375 0.4541015625 0.80859375 0.46484375 0.8046875 0.4775390625 0.8017578125 0.501953125 0.80126953125 0.533203125 0.802734375 0.546875 0.80517578125 0.552734375 0.8095703125 0.556640625 0.81689453125 0.556640625 0.82080078125 0.548828125 0.82080078125 0.541015625 0.84326171875 0.5478515625 0.84375 0.564453125 0.84619140625 0.57421875 0.8486328125 0.578125 0.8603515625 0.578125 0.865234375 0.5703125 0.86767578125 0.552734375 0.9140625 0.55859375 0.9248046875 0.5625 0.9296875 0.5595703125 0.9462890625 0.5625 0.9482421875 0.576171875 0.9560546875 0.5830078125 0.96533203125 0.5830078125 0.97216796875 0.576171875 0.97607421875 0.5576171875 0.98193359375 0.5517578125 0.986328125 0.5400390625 0.990234375 0.494140625 0.98974609375 0.4775390625 0.9833984375 0.4560546875 0.96142578125 0.3974609375 0.94921875 0.3857421875 0.939453125 0.3837890625 0.92529296875 0.3837890625 0.9208984375 0.3876953125 0.9013671875 0.384765625
4 0.0302734375 0.14453125 0.0380859375 0.1259765625 0.0458984375 0.115234375 0.06201171875 0.123046875 0.05908203125 0.0859375 0.06298828125 0.0517578125 0.0859375 0.0517578125 0.09912109375 0.0810546875 0.1064453125 0.0732421875 0.10595703125 0.0458984375 0.12060546875 0.064453125 0.126953125 0.0625 0.12158203125 0.041015625 0.1357421875 0.0517578125 0.14990234375 0.0615234375 0.15087890625 0.0458984375 0.154296875 0.0244140625 0.15869140625 0.0009765625 0.029296875 0.0009765625
4 0.40869140625 0.42578125 0.40771484375 0.3701171875 0.40869140625 0.3623046875 0.408203125 0.2783203125 0.42431640625 0.2783203125 0.45068359375 0.294921875 0.453125 0.42578125
2 0.4189453125 0.2939453125 0.39013671875 0.2685546875 0.390625 0.255859375 0.4541015625 0.2548828125 0.4580078125 0.2607421875 0.4580078125 0.265625 0.45263671875 0.265625 0.45263671875 0.271484375 0.4619140625 0.2861328125 0.4619140625 0.412109375 0.44091796875 0.416015625 0.43994140625 0.2939453125
1 0.486328125 0.51171875 0.423828125 0.6015625 0.30029296875 0.7900390625 0.158203125 0.9990234375 0.0 0.9990234375 0.00048828125 0.9140625 0.48095703125 0.48046875 0.490234375 0.48828125
5 0.50341796875 0.3994140625 0.5029296875 0.3896484375 0.5029296875 0.3857421875 0.50390625 0.384765625 0.50634765625 0.3837890625 0.50830078125 0.35546875 0.51171875 0.318359375 0.5126953125 0.314453125 0.51513671875 0.3115234375 0.51904296875 0.310546875 0.54638671875 0.3095703125 0.56884765625 0.310546875 0.58203125 0.3134765625 0.58447265625 0.3154296875 0.58642578125 0.318359375 0.58935546875 0.361328125 0.59033203125 0.38671875 0.5927734375 0.388671875 0.5927734375 0.4091796875 0.5908203125 0.4287109375 0.58984375 0.4404296875 0.587890625 0.4501953125 0.50830078125 0.423828125
5 0.48583984375 0.5205078125 0.484375 0.498046875 0.48486328125 0.4755859375 0.48681640625 0.4609375 0.48876953125 0.447265625 0.48583984375 0.4462890625 0.484375 0.4443359375 0.48388671875 0.4404296875 0.48388671875 0.435546875 0.48583984375 0.431640625 0.48974609375 0.4306640625 0.49365234375 0.4306640625 0.49853515625 0.408203125 0.50390625 0.3916015625 0.50634765625 0.38671875 0.50927734375 0.3857421875 0.52978515625 0.3837890625 0.544921875 0.3837890625 0.56298828125 0.3857421875 0.57421875 0.3876953125 0.57568359375 0.392578125 0.5830078125 0.4189453125 0.58740234375 0.4365234375 0.58935546875 0.4345703125 0.595703125 0.4345703125 0.59765625 0.4375 0.59814453125 0.4423828125 0.59765625 0.4462890625 0.5966796875 0.4482421875 0.5908203125 0.44921875 0.591796875 0.4521484375 0.59228515625 0.45703125 0.59228515625 0.462890625 0.59423828125 0.4775390625 0.59423828125 0.5 0.59326171875 0.5146484375 0.5927734375 0.5361328125 0.5927734375 0.55859375 0.59033203125 0.5634765625 0.5810546875 0.564453125 0.57861328125 0.5625 0.57763671875 0.55859375 0.5771484375 0.5380859375 0.52099609375 0.5361328125 0.501953125 0.5390625 0.501953125 0.5576171875 0.5 0.5634765625 0.4951171875 0.564453125 0.4873046875 0.5634765625 0.48486328125 0.5576171875 0.4853515625 0.5361328125
5 0.62158203125 0.48828125 0.62158203125 0.47265625 0.62109375 0.4560546875 0.62109375 0.44921875 0.62255859375 0.4443359375 0.623046875 0.4375 0.62548828125 0.421875 0.6259765625 0.41796875 0.6181640625 0.4169921875 0.61669921875 0.416015625 0.61669921875 0.4111328125 0.61767578125 0.40625 0.6181640625 0.404296875 0.62451171875 0.404296875 0.62548828125 0.408203125 0.62841796875 0.4072265625 0.63134765625 0.3837890625 0.63427734375 0.365234375 0.63671875 0.3603515625 0.6396484375 0.35546875 0.64208984375 0.353515625 0.64453125 0.349609375 0.6435546875 0.34765625 0.64794921875 0.3427734375 0.685546875 0.34375 0.70849609375 0.345703125 0.7099609375 0.3564453125 0.7119140625 0.3583984375 0.71533203125 0.3671875 0.7177734375 0.384765625 0.63818359375 0.5234375 0.63134765625 0.5205078125 0.62939453125 0.51171875 0.6220703125 0.509765625 0.62109375 0.5068359375
5 0.63916015625 0.5517578125 0.63720703125 0.5439453125 0.6376953125 0.513671875 0.6376953125 0.49609375 0.6376953125 0.4794921875 0.6376953125 0.4697265625 0.63916015625 0.4658203125 0.6474609375 0.4462890625 0.646484375 0.4443359375 0.6376953125 0.4423828125 0.63671875 0.4404296875 0.63720703125 0.431640625 0.638671875 0.4296875 0.64111328125 0.4287109375 0.64892578125 0.4267578125 0.6494140625 0.431640625 0.6484375 0.44140625 0.650390625 0.4404296875 0.65185546875 0.4296875 0.65673828125 0.4091796875 0.6630859375 0.3916015625 0.66796875 0.3837890625 0.671875 0.380859375 0.67431640625 0.3798828125 0.67431640625 0.3701171875 0.67431640625 0.3623046875 0.6767578125 0.357421875 0.68994140625 0.3564453125 0.6962890625 0.3583984375 0.6982421875 0.3603515625 0.6982421875 0.37109375 0.6982421875 0.3779296875 0.716796875 0.3779296875 0.73583984375 0.3798828125 0.74853515625 0.3828125 0.75390625 0.3837890625 0.7587890625 0.3876953125 0.7607421875 0.392578125 0.77294921875 0.4228515625 0.78125 0.4501953125 0.78466796875 0.4609375 0.7861328125 0.470703125 0.78662109375 0.48046875 0.78662109375 0.48828125 0.7900390625 0.501953125 0.7900390625 0.509765625 0.78564453125 0.537109375 0.78515625 0.556640625 0.7841796875 0.572265625 0.7822265625 0.5810546875 0.77734375 0.5859375 0.7705078125 0.5859375 0.765625 0.580078125 0.76416015625 0.5732421875 0.76220703125 0.560546875 0.734375 0.5546875 0.67724609375 0.5537109375 0.67578125 0.56640625 0.6708984375 0.5791015625 0.6640625 0.58203125 0.6552734375 0.5791015625 0.6533203125 0.5712890625 0.6513671875 0.5556640625 0.6416015625 0.5537109375
