0 0.26318359375 0.447265625 0.34326171875 0.4404296875 0.45166015625 0.435546875 0.7353515625 0.4560546875 1.0 0.453125 1.0 1.0 0.00048828125 1.0 0.0 0.4853515625 0.07568359375 0.4697265625 0.2236328125 0.46484375
2 0.0009765625 0.0009765625 0.15869140625 0.0009765625 0.16455078125 0.07421875 0.162109375 0.0810546875 0.17236328125 0.1923828125 0.1748046875 0.2451171875 0.1767578125 0.263671875 0.1865234375 0.2724609375 0.1875 0.443359375 0.0830078125 0.44921875 0.0 0.447265625
2 0.30810546875 0.255859375 0.32470703125 0.2470703125 0.3330078125 0.2392578125 0.42236328125 0.142578125 0.5107421875 0.0439453125 0.509765625 0.0400390625 0.51904296875 0.0263671875 0.515625 0.0166015625 0.52685546875 0.001953125 1.0 0.0009765625 1.0 0.4677734375 0.771484375 0.466796875 0.7197265625 0.466796875 0.59326171875 0.4658203125 0.54345703125 0.46484375 0.3818359375 0.453125 0.30029296875 0.4423828125 0.30224609375 0.2666015625
4 0.29443359375 0.2666015625 0.30126953125 0.291015625 0.30517578125 0.3046875 0.30810546875 0.3154296875 0.31591796875 0.3408203125 0.31787109375 0.3720703125 0.31640625 0.3916015625 0.31494140625 0.396484375 0.3125 0.396484375 0.310546875 0.3974609375 0.31005859375 0.400390625 0.30859375 0.44921875 0.306640625 0.451171875
4 0.31640625 0.3984375 0.3076171875 0.390625 0.30517578125 0.35546875 0.30517578125 0.3388671875 0.30517578125 0.3212890625 0.30712890625 0.3056640625 0.3076171875 0.294921875 0.306640625 0.2802734375 0.30419921875 0.2646484375 0.3056640625 0.23828125 0.31396484375 0.2236328125 0.31982421875 0.22265625 0.32470703125 0.232421875 0.32763671875 0.2451171875 0.33154296875 0.2568359375 0.333984375 0.263671875 0.3330078125 0.2724609375 0.33056640625 0.28125 0.328125 0.2939453125 0.328125 0.31640625 0.3271484375 0.345703125 0.3251953125 0.3720703125 0.32177734375 0.388671875 0.32080078125 0.3955078125 0.31982421875 0.435546875 0.31787109375 0.427734375
5 0.3125 0.42578125 0.3212890625 0.42578125 0.32373046875 0.4326171875 0.318359375 0.4501953125 0.3115234375 0.4501953125 0.30908203125 0.4482421875 0.30859375 0.4384765625 0.30859375 0.431640625 0.310546875 0.42578125
5 0.326171875 0.4248046875 0.337890625 0.423828125 0.34228515625 0.42578125 0.345703125 0.43359375 0.330078125 0.44921875 0.32470703125 0.451171875 0.3193359375 0.44921875 0.318359375 0.4326171875 0.31982421875 0.42578125 0.3212890625 0.42578125
4 0.326171875 0.392578125 0.32080078125 0.384765625 0.31494140625 0.3671875 0.314453125 0.345703125 0.3154296875 0.328125 0.3212890625 0.3076171875 0.328125 0.294921875 0.3369140625 0.30078125 0.341796875 0.31640625 0.341796875 0.3583984375 0.33837890625 0.384765625 0.33447265625 0.392578125 0.33056640625 0.39453125 0.33056640625 0.453125 0.328125 0.453125 0.32861328125 0.3994140625 0.32763671875 0.3974609375
5 0.3486328125 0.4287109375 0.3564453125 0.43359375 0.34814453125 0.4482421875 0.33837890625 0.453125 0.33447265625 0.4521484375 0.33056640625 0.4462890625 0.32861328125 0.4404296875 0.333984375 0.431640625 0.33984375 0.4287109375 0.34423828125 0.4296875
4 0.34130859375 0.3974609375 0.3388671875 0.3916015625 0.33544921875 0.38671875 0.33203125 0.380859375 0.32861328125 0.3720703125 0.326171875 0.353515625 0.32568359375 0.333984375 0.32568359375 0.3173828125 0.32958984375 0.2998046875 0.33544921875 0.2822265625 0.3486328125 0.275390625 0.3583984375 0.2998046875 0.36376953125 0.3291015625 0.365234375 0.3486328125 0.3662109375 0.36328125 0.36279296875 0.373046875 0.36083984375 0.380859375 0.35986328125 0.38671875 0.361328125 0.390625 0.361328125 0.3955078125 0.35595703125 0.3955078125 0.3515625 0.396484375 0.34814453125 0.3974609375 0.34521484375 0.3974609375 0.34375 0.453125 0.3408203125 0.4560546875
5 0.36376953125 0.4208984375 0.38232421875 0.419921875 0.388671875 0.4189453125 0.392578125 0.4306640625 0.36083984375 0.455078125 0.35693359375 0.45703125 0.353515625 0.4560546875 0.3486328125 0.453125 0.34619140625 0.451171875 0.34814453125 0.4384765625 0.35546875 0.4296875 0.35888671875 0.42578125
5 0.3798828125 0.427734375 0.37158203125 0.453125 0.357421875 0.4521484375 0.35595703125 0.44140625 0.361328125 0.431640625 0.3681640625 0.427734375
5 0.3974609375 0.4267578125 0.396484375 0.4365234375 0.3818359375 0.4541015625 0.3720703125 0.453125 0.369140625 0.4501953125 0.369140625 0.4404296875 0.3740234375 0.431640625 0.38134765625 0.427734375 0.38720703125 0.42578125 0.39501953125 0.42578125
4 0.3642578125 0.3837890625 0.36279296875 0.375 0.3505859375 0.375 0.341796875 0.375 0.33349609375 0.3486328125 0.33349609375 0.3271484375 0.33349609375 0.2978515625 0.333984375 0.291015625 0.33642578125 0.2763671875 0.33642578125 0.2646484375 0.33544921875 0.2548828125 0.33447265625 0.2421875 0.33154296875 0.2294921875 0.33349609375 0.2236328125 0.33740234375 0.220703125 0.34423828125 0.2158203125 0.34765625 0.2119140625 0.35498046875 0.2041015625 0.3662109375 0.1962890625 0.40869140625 0.263671875 0.4111328125 0.306640625 0.41015625 0.3310546875 0.4072265625 0.3466796875 0.40625 0.3564453125 0.40185546875 0.3583984375 0.3984375 0.361328125 0.400390625 0.3701171875 0.39990234375 0.3759765625 0.396484375 0.3837890625 0.3896484375 0.380859375 0.38623046875 0.3818359375 0.38623046875 0.45703125 0.3798828125 0.4580078125 0.3798828125 0.412109375 0.38037109375 0.388671875 0.3798828125 0.38671875 0.3779296875 0.38671875 0.37451171875 0.38671875 0.3681640625 0.390625 0.369140625 0.4560546875 0.3681640625 0.4560546875 0.3662109375 0.4072265625 0.36474609375 0.3896484375
5 0.3994140625 0.42578125 0.40234375 0.4287109375 0.40087890625 0.4580078125 0.39404296875 0.4619140625 0.38916015625 0.4599609375 0.38818359375 0.453125 0.3828125 0.4501953125 0.3818359375 0.4423828125 0.3818359375 0.4375 0.3876953125 0.431640625 0.39501953125 0.42578125
4 0.416015625 0.36328125 0.412109375 0.3515625 0.40283203125 0.3515625 0.3955078125 0.345703125 0.38818359375 0.33984375 0.3759765625 0.33984375 0.3701171875 0.333984375 0.365234375 0.318359375 0.36376953125 0.2958984375 0.36376953125 0.2734375 0.36572265625 0.2509765625 0.35791015625 0.2041015625 0.35400390625 0.1962890625 0.3544921875 0.1845703125 0.35107421875 0.1826171875 0.349609375 0.17578125 0.357421875 0.1630859375 0.361328125 0.1513671875 0.3583984375 0.146484375 0.3544921875 0.14453125 0.35498046875 0.12890625 0.357421875 0.1181640625 0.35986328125 0.1123046875 0.36083984375 0.1025390625 0.36279296875 0.0966796875 0.36865234375 0.08984375 0.37255859375 0.087890625 0.37548828125 0.0947265625 0.3798828125 0.1025390625 0.38134765625 0.109375 0.3818359375 0.119140625 0.38427734375 0.126953125 0.38525390625 0.130859375 0.3896484375 0.1318359375 0.392578125 0.1328125 0.396484375 0.14453125 0.400390625 0.1298828125 0.40234375 0.12890625 0.404296875 0.134765625 0.4072265625 0.1357421875 0.40771484375 0.130859375 0.4072265625 0.1171875 0.412109375 0.111328125 0.4189453125 0.111328125 0.427734375 0.115234375 0.45556640625 0.166015625 0.470703125 0.1875 0.47705078125 0.2998046875 0.46142578125 0.3349609375 0.45361328125 0.341796875 0.4482421875 0.3447265625 0.44140625 0.3447265625 0.43701171875 0.3447265625 0.431640625 0.3486328125 0.4267578125 0.3515625 0.4228515625 0.357421875 0.4208984375 0.36328125 0.4208984375 0.3974609375 0.421875 0.43359375 0.4189453125 0.43359375 0.4169921875 0.400390625 0.416015625 0.3701171875
5 0.40478515625 0.423828125 0.4169921875 0.42578125 0.41455078125 0.45703125 0.4091796875 0.4619140625 0.39990234375 0.458984375 0.39599609375 0.453125 0.3955078125 0.435546875 0.400390625 0.42578125
5 0.4169921875 0.423828125 0.4296875 0.423828125 0.44091796875 0.4248046875 0.44384765625 0.4287109375 0.419921875 0.4619140625 0.408203125 0.45703125 0.40771484375 0.443359375 0.41015625 0.43359375 0.41455078125 0.4267578125
5 0.4462890625 0.4248046875 0.45361328125 0.4306640625 0.431640625 0.4609375 0.4228515625 0.45703125 0.4228515625 0.447265625 0.4248046875 0.4365234375 0.43017578125 0.4287109375 0.43994140625 0.4248046875
5 0.455078125 0.42578125 0.46728515625 0.4248046875 0.478515625 0.423828125 0.48291015625 0.453125 0.43505859375 0.4609375 0.435546875 0.4453125 0.44287109375 0.4345703125 0.45068359375 0.4267578125
4 0.419921875 0.1064453125 0.42236328125 0.099609375 0.42138671875 0.091796875 0.42138671875 0.0859375 0.42333984375 0.0810546875 0.42724609375 0.076171875 0.42724609375 0.0625 0.42822265625 0.05859375 0.42919921875 0.048828125 0.42626953125 0.04296875 0.42822265625 0.033203125 0.42919921875 0.029296875 0.4287109375 0.0205078125 0.43115234375 0.01171875 0.4365234375 0.0029296875 0.4423828125 0.0068359375 0.44287109375 0.0107421875 0.4462890625 0.009765625 0.44873046875 0.0068359375 0.44921875 0.0 0.48388671875 0.0009765625 0.486328125 0.005859375 0.48974609375 0.0068359375 0.4912109375 0.01171875 0.49609375 0.0205078125 0.49755859375 0.0341796875 0.5009765625 0.0322265625 0.50439453125 0.0322265625 0.50830078125 0.0341796875 0.5126953125 0.0400390625 0.52099609375 0.05078125 0.5234375 0.060546875 0.52880859375 0.0732421875 0.5322265625 0.07421875 0.53515625 0.078125 0.53662109375 0.0849609375 0.53857421875 0.0986328125 0.54296875 0.109375 0.5419921875 0.1220703125 0.53759765625 0.1357421875 0.54248046875 0.1533203125 0.541015625 0.1650390625 0.5380859375 0.1728515625 0.53515625 0.1875 0.53466796875 0.1962890625 0.529296875 0.20703125 0.52392578125 0.2158203125 0.529296875 0.22265625 0.5302734375 0.2314453125 0.53076171875 0.2490234375 0.53271484375 0.2646484375 0.53759765625 0.2841796875 0.54296875 0.314453125 0.54638671875 0.32421875 0.54296875 0.3330078125 0.53857421875 0.33984375 0.533203125 0.3369140625 0.52783203125 0.3330078125 0.5263671875 0.3427734375 0.5283203125 0.3525390625 0.525390625 0.3583984375 0.51806640625 0.3671875 0.513671875 0.3701171875 0.5107421875 0.3583984375 0.50244140625 0.3564453125 0.4951171875 0.3583984375 0.48876953125 0.36328125 0.4853515625 0.3642578125 0.484375 0.390625 0.484375 0.404296875 0.482421875 0.451171875 0.4716796875 0.453125 0.4736328125 0.4150390625 0.474609375 0.388671875 0.474609375 0.361328125 0.46435546875 0.353515625 0.45458984375 0.3466796875 0.4462890625 0.3447265625 0.44140625 0.3369140625 0.4345703125 0.3193359375 0.42724609375 0.2998046875 0.41943359375 0.2822265625 0.41357421875 0.265625 0.40869140625 0.2470703125 0.40478515625 0.2216796875 0.40380859375 0.1982421875 0.400390625 0.1806640625 0.39892578125 0.158203125 0.3994140625 0.1474609375 0.40380859375 0.13671875 0.408203125 0.125 0.40869140625 0.115234375 0.41455078125 0.107421875
5 0.50439453125 0.43359375 0.50830078125 0.423828125 0.51513671875 0.4208984375 0.53173828125 0.4228515625 0.53857421875 0.4296875 0.5419921875 0.4423828125 0.505859375 0.447265625 0.50439453125 0.4404296875
3 0.49853515625 0.4287109375 0.51318359375 0.4326171875 0.53369140625 0.431640625 0.5361328125 0.423828125 0.53955078125 0.4228515625 0.5400390625 0.4296875 0.548828125 0.4306640625 0.54931640625 0.4658203125 0.51416015625 0.4677734375 0.49853515625 0.4638671875
3 0.49853515625 0.4287109375 0.51318359375 0.4326171875 0.53369140625 0.431640625 0.5361328125 0.423828125 0.53955078125 0.4228515625 0.5400390625 0.4296875 0.548828125 0.4306640625 0.54931640625 0.4658203125 0.51416015625 0.4677734375 0.49853515625 0.4638671875
5 0.5986328125 0.439453125 0.6083984375 0.4326171875 0.61669921875 0.4208984375 0.626953125 0.4150390625 0.642578125 0.4150390625 0.6533203125 0.431640625 0.60986328125 0.4755859375 0.603515625 0.478515625 0.59716796875 0.4775390625 0.591796875 0.4716796875 0.58984375 0.4619140625 0.591796875 0.4462890625 0.59716796875 0.439453125
5 0.64794921875 0.4091796875 0.6640625 0.408203125 0.6767578125 0.4111328125 0.69140625 0.42578125 0.69873046875 0.439453125 0.70068359375 0.453125 0.70068359375 0.47265625 0.697265625 0.4833984375 0.6923828125 0.4873046875 0.68603515625 0.4833984375 0.68505859375 0.474609375 0.669921875 0.4765625 0.66015625 0.4794921875 0.65771484375 0.4853515625 0.6533203125 0.48828125 0.64599609375 0.486328125 0.64404296875 0.48046875 0.6181640625 0.48046875 0.61572265625 0.486328125 0.60693359375 0.486328125 0.60205078125 0.474609375 0.6015625 0.4501953125 0.6025390625 0.4423828125 0.6064453125 0.4384765625 0.623046875 0.4306640625 0.6357421875 0.4169921875 0.63916015625 0.4130859375 0.6455078125 0.4091796875
4 0.958984375 0.2958984375 0.94189453125 0.2685546875 0.93408203125 0.28125 0.92724609375 0.2861328125 0.91845703125 0.28125 0.9130859375 0.2705078125 0.90283203125 0.263671875 0.8896484375 0.2548828125 0.87744140625 0.2509765625 0.87109375 0.244140625 0.8701171875 0.236328125 0.873046875 0.232421875 0.876953125 0.2236328125 0.88134765625 0.203125 0.888671875 0.1943359375 0.88623046875 0.1826171875 0.8876953125 0.17578125 0.89501953125 0.1708984375 0.90234375 0.162109375 0.90283203125 0.1494140625 0.90185546875 0.1328125 0.8955078125 0.1259765625 0.8896484375 0.115234375 0.88525390625 0.1103515625 0.88134765625 0.095703125 0.88623046875 0.0908203125 0.8974609375 0.08203125 0.90185546875 0.0751953125 0.8994140625 0.068359375 0.8916015625 0.060546875 0.8935546875 0.0556640625 0.9013671875 0.0478515625 0.90625 0.0390625 0.90576171875 0.033203125 0.90234375 0.0263671875 0.900390625 0.01171875 0.89990234375 0.0 1.0 0.001953125 1.0 0.2373046875 0.998046875 0.2646484375 0.99169921875 0.263671875 0.98486328125 0.263671875 0.97802734375 0.2685546875 0.9697265625 0.298828125 0.97265625 0.330078125 0.974609375 0.4013671875 0.97412109375 0.4609375 0.96337890625 0.4658203125 0.962890625 0.390625 0.962890625 0.3330078125 0.9599609375 0.314453125
5 0.98388671875 0.4453125 0.9912109375 0.4365234375 0.9990234375 0.421875 1.0 0.4697265625 0.97509765625 0.462890625 0.97265625 0.4541015625 0.9736328125 0.4501953125 0.9775390625 0.447265625
5 0.88720703125 0.419921875 0.90283203125 0.4248046875 0.90185546875 0.4658203125 0.88037109375 0.4736328125 0.8544921875 0.4716796875 0.85205078125 0.4638671875 0.85205078125 0.453125 0.85693359375 0.4462890625 0.86767578125 0.435546875 0.8779296875 0.42578125 0.88330078125 0.4208984375
4 0.18408203125 0.208984375 0.185546875 0.197265625 0.1865234375 0.1943359375 0.1875 0.1845703125 0.18701171875 0.1826171875 0.185546875 0.1806640625 0.1845703125 0.1767578125 0.1845703125 0.1708984375 0.1845703125 0.1630859375 0.18310546875 0.1572265625 0.18212890625 0.1494140625 0.18408203125 0.1474609375 0.18603515625 0.1474609375 0.19140625 0.154296875 0.19921875 0.1494140625 0.20068359375 0.14453125 0.20068359375 0.140625 0.20068359375 0.13671875 0.20654296875 0.134765625 0.2060546875 0.1298828125 0.2060546875 0.123046875 0.20703125 0.1162109375 0.20849609375 0.109375 0.208984375 0.1025390625 0.21240234375 0.095703125 0.21533203125 0.0927734375 0.2197265625 0.0947265625 0.22412109375 0.0888671875 0.22607421875 0.0869140625 0.2275390625 0.0859375 0.228515625 0.0859375 0.2294921875 0.09765625 0.232421875 0.0986328125 0.236328125 0.099609375 0.24072265625 0.1064453125 0.2451171875 0.1181640625 0.24609375 0.12109375 0.24658203125 0.1259765625 0.24755859375 0.126953125 0.24853515625 0.1240234375 0.24853515625 0.1162109375 0.25341796875 0.1123046875 0.25439453125 0.11328125 0.2548828125 0.1259765625 0.2548828125 0.1318359375 0.2568359375 0.134765625 0.2578125 0.1376953125 0.25927734375 0.1435546875 0.259765625 0.1552734375 0.26123046875 0.1630859375 0.263671875 0.158203125 0.265625 0.1552734375 0.26708984375 0.158203125 0.26708984375 0.169921875 0.27099609375 0.1767578125 0.2734375 0.1787109375 0.27734375 0.1962890625 0.28857421875 0.4208984375 0.1884765625 0.4365234375 0.1826171875 0.416015625 0.18017578125 0.396484375 0.18017578125 0.359375 0.18017578125 0.32421875 0.17919921875 0.2998046875 0.1787109375 0.2744140625 0.17919921875 0.2509765625 0.18310546875 0.2255859375
5 0.19775390625 0.4140625 0.21435546875 0.4140625 0.22705078125 0.4140625 0.23193359375 0.427734375 0.18359375 0.4384765625 0.18603515625 0.427734375 0.1904296875 0.4169921875 0.1943359375 0.4150390625
4 0.03515625 0.2412109375 0.03955078125 0.232421875 0.03955078125 0.2255859375 0.04052734375 0.2216796875 0.0458984375 0.2109375 0.05126953125 0.2060546875 0.06005859375 0.2099609375 0.06640625 0.21875 0.07275390625 0.22265625 0.080078125 0.22265625 0.08447265625 0.2275390625 0.08984375 0.23828125 0.09619140625 0.244140625 0.1025390625 0.2421875 0.1064453125 0.25 0.11376953125 0.2724609375 0.11767578125 0.275390625 0.123046875 0.27734375 0.134765625 0.2978515625 0.14111328125 0.306640625 0.14306640625 0.3134765625 0.14501953125 0.3232421875 0.14794921875 0.330078125 0.150390625 0.341796875 0.15283203125 0.3466796875 0.1533203125 0.3583984375 0.15087890625 0.3759765625 0.14892578125 0.388671875 0.1455078125 0.3984375 0.1396484375 0.4052734375 0.1396484375 0.435546875 0.0 0.443359375 0.00048828125 0.3935546875 0.05859375 0.3916015625 0.05419921875 0.376953125 0.046875 0.37109375 0.0341796875 0.369140625 0.02880859375 0.3603515625 0.02734375 0.345703125 0.02294921875 0.3369140625 0.02099609375 0.3310546875 0.0205078125 0.326171875 0.02099609375 0.3203125 0.0234375 0.3017578125 0.0234375 0.291015625 0.0224609375 0.2763671875 0.02099609375 0.263671875 0.0205078125 0.2587890625 0.0234375 0.2548828125 0.03076171875 0.248046875
1 0.13134765625 0.482421875 0.14404296875 0.5 0.0849609375 0.505859375 0.0322265625 0.509765625 0.00830078125 0.509765625 0.0 0.51171875 0.00048828125 0.4892578125
3 0.08056640625 0.4248046875 0.08154296875 0.419921875 0.08154296875 0.412109375 0.08203125 0.4072265625 0.08544921875 0.404296875 0.08935546875 0.404296875 0.09130859375 0.41015625 0.08935546875 0.41796875 0.091796875 0.42578125 0.15625 0.4306640625 0.1630859375 0.4287109375 0.193359375 0.431640625 0.20703125 0.4296875 0.20703125 0.41796875 0.20849609375 0.408203125 0.21484375 0.4072265625 0.21484375 0.4130859375 0.21728515625 0.4169921875 0.2197265625 0.419921875 0.2490234375 0.4228515625 0.2490234375 0.412109375 0.25341796875 0.4091796875 0.25341796875 0.40625 0.25537109375 0.40625 0.25537109375 0.41015625 0.25927734375 0.412109375 0.259765625 0.421875 0.263671875 0.421875 0.263671875 0.4130859375 0.26416015625 0.3955078125 0.265625 0.3896484375 0.26904296875 0.390625 0.27197265625 0.3984375 0.27294921875 0.4130859375 0.27880859375 0.4189453125 0.275390625 0.482421875 0.271484375 0.4912109375 0.236328125 0.49609375 0.18798828125 0.498046875 0.14697265625 0.501953125 0.13232421875 0.4931640625 0.0947265625 0.49609375 0.04638671875 0.498046875 0.02294921875 0.4990234375 0.01025390625 0.4990234375 0.0 0.498046875 0.0 0.42578125 0.02685546875 0.42578125 0.06689453125 0.4248046875
3 0.08056640625 0.4248046875 0.08154296875 0.419921875 0.08154296875 0.412109375 0.08203125 0.4072265625 0.08544921875 0.404296875 0.08935546875 0.404296875 0.09130859375 0.41015625 0.08935546875 0.41796875 0.091796875 0.42578125 0.15625 0.4306640625 0.1630859375 0.4287109375 0.193359375 0.431640625 0.20703125 0.4296875 0.20703125 0.41796875 0.20849609375 0.408203125 0.21484375 0.4072265625 0.21484375 0.4130859375 0.21728515625 0.4169921875 0.2197265625 0.419921875 0.2490234375 0.4228515625 0.2490234375 0.412109375 0.25341796875 0.4091796875 0.25341796875 0.40625 0.25537109375 0.40625 0.25537109375 0.41015625 0.25927734375 0.412109375 0.259765625 0.421875 0.263671875 0.421875 0.263671875 0.4130859375 0.26416015625 0.3955078125 0.265625 0.3896484375 0.26904296875 0.390625 0.27197265625 0.3984375 0.27294921875 0.4130859375 0.27880859375 0.4189453125 0.275390625 0.482421875 0.271484375 0.4912109375 0.236328125 0.49609375 0.18798828125 0.498046875 0.14697265625 0.501953125 0.13232421875 0.4931640625 0.0947265625 0.49609375 0.04638671875 0.498046875 0.02294921875 0.4990234375 0.01025390625 0.4990234375 0.0 0.498046875 0.0 0.42578125 0.02685546875 0.42578125 0.06689453125 0.4248046875
4 0.40966796875 0.474609375 0.4072265625 0.4658203125 0.40771484375 0.4541015625 0.4111328125 0.4501953125 0.41552734375 0.44921875 0.41943359375 0.44921875 0.43017578125 0.447265625 0.43359375 0.439453125 0.43798828125 0.4375 0.44140625 0.439453125 0.44921875 0.4384765625 0.45263671875 0.4375 0.4541015625 0.4404296875 0.4560546875 0.4462890625 0.45849609375 0.4580078125 0.4599609375 0.462890625 0.4619140625 0.4638671875 0.46337890625 0.4697265625 0.47021484375 0.4697265625 0.46337890625 0.474609375 0.42919921875 0.4755859375
