2 0.99951171875 0.5595703125 0.0 0.6357421875 0.0 0.0009765625 0.40625 0.0009765625 0.50244140625 0.0244140625 0.50732421875 0.02734375 0.5107421875 0.03515625 0.515625 0.03125 0.52392578125 0.0322265625 0.52734375 0.029296875 0.5302734375 0.029296875 0.53369140625 0.0322265625 0.5390625 0.0302734375 0.544921875 0.0302734375 0.548828125 0.0302734375 0.548828125 0.0078125 0.56005859375 0.0009765625 1.0 0.0
0 0.51708984375 0.4404296875 0.47119140625 0.44140625 0.35009765625 0.4814453125 0.0 0.564453125 0.0 1.0 1.0 1.0 0.99951171875 0.681640625 0.56884765625 0.4423828125
1 0.5830078125 0.4365234375 0.55224609375 0.4375 0.5185546875 0.439453125 0.51806640625 0.4453125 0.5244140625 0.447265625 0.54296875 0.4462890625 0.556640625 0.4462890625 0.56640625 0.447265625 0.57080078125 0.4521484375 0.5859375 0.46875 0.63525390625 0.51953125 0.673828125 0.5654296875 0.7275390625 0.6318359375 0.75634765625 0.666015625 1.0 0.9375 1.0 0.46484375 0.63232421875 0.44921875 0.623046875 0.4462890625 0.615234375 0.4462890625 0.59765625 0.439453125 0.5927734375 0.4375
4 0.45361328125 0.4169921875 0.45263671875 0.3779296875 0.4541015625 0.3701171875 0.455078125 0.359375 0.45947265625 0.3603515625 0.46337890625 0.365234375 0.4677734375 0.369140625 0.46826171875 0.3603515625 0.4697265625 0.35546875 0.47509765625 0.3564453125 0.4736328125 0.361328125 0.4736328125 0.36328125 0.47509765625 0.365234375 0.47900390625 0.3642578125 0.47900390625 0.3583984375 0.48095703125 0.3583984375 0.4833984375 0.3544921875 0.48388671875 0.3486328125 0.47802734375 0.345703125 0.4765625 0.3408203125 0.4794921875 0.3359375 0.48193359375 0.341796875 0.48779296875 0.3408203125 0.4853515625 0.333984375 0.4892578125 0.3349609375 0.49462890625 0.330078125 0.4912109375 0.326171875 0.49560546875 0.322265625 0.501953125 0.322265625 0.5068359375 0.3203125 0.50830078125 0.3134765625 0.50634765625 0.3095703125 0.5048828125 0.3037109375 0.50244140625 0.3017578125 0.50341796875 0.2958984375 0.501953125 0.2919921875 0.49755859375 0.2890625 0.4912109375 0.267578125 0.484375 0.2744140625 0.48291015625 0.248046875 0.478515625 0.2421875 0.4736328125 0.2451171875 0.46923828125 0.2421875 0.4638671875 0.2451171875 0.45947265625 0.24609375 0.45751953125 0.244140625 0.46240234375 0.23828125 0.46337890625 0.220703125 0.46142578125 0.2080078125 0.45751953125 0.2041015625 0.45361328125 0.1884765625 0.44921875 0.1875 0.44677734375 0.181640625 0.44140625 0.181640625 0.43896484375 0.1904296875 0.43701171875 0.1962890625 0.43408203125 0.203125 0.43212890625 0.21875 0.42919921875 0.2197265625 0.42431640625 0.216796875 0.423828125 0.232421875 0.42236328125 0.2392578125 0.419921875 0.232421875 0.41845703125 0.2373046875 0.41552734375 0.2373046875 0.41455078125 0.2451171875 0.4130859375 0.2333984375 0.4111328125 0.234375 0.412109375 0.328125 0.41796875 0.3447265625 0.42431640625 0.3447265625 0.4306640625 0.3388671875 0.4326171875 0.33984375 0.43310546875 0.3505859375 0.439453125 0.357421875 0.44384765625 0.357421875 0.4482421875 0.3671875 0.44970703125 0.3798828125 0.4482421875 0.3896484375 0.44775390625 0.4228515625 0.4541015625 0.42578125
5 0.47216796875 0.4208984375 0.458984375 0.4228515625 0.46240234375 0.45703125 0.46533203125 0.46484375 0.4736328125 0.46484375 0.478515625 0.4443359375 0.4765625 0.4208984375 0.47265625 0.421875
5 0.455078125 0.4140625 0.44482421875 0.4150390625 0.44091796875 0.416015625 0.439453125 0.419921875 0.4384765625 0.4267578125 0.458984375 0.47265625 0.46240234375 0.470703125 0.46484375 0.46875 0.46630859375 0.4599609375 0.46484375 0.4501953125 0.462890625 0.44140625 0.46337890625 0.4345703125 0.46484375 0.4345703125 0.4658203125 0.431640625 0.46533203125 0.4287109375 0.462890625 0.4287109375 0.46142578125 0.4306640625 0.4599609375 0.4208984375 0.458984375 0.4169921875 0.45703125 0.4150390625
5 0.4541015625 0.4697265625 0.44873046875 0.4697265625 0.44091796875 0.470703125 0.43310546875 0.427734375 0.43505859375 0.4248046875 0.4423828125 0.4228515625 0.4501953125 0.4228515625 0.45361328125 0.4248046875 0.4560546875 0.4296875 0.45751953125 0.43359375 0.458984375 0.43359375 0.4609375 0.4365234375 0.46044921875 0.4384765625 0.45849609375 0.44140625 0.4599609375 0.4453125 0.4619140625 0.4658203125 0.4609375 0.4716796875 0.45751953125 0.4755859375 0.45458984375 0.474609375
4 0.55029296875 0.2705078125 0.5458984375 0.2822265625 0.54833984375 0.2841796875 0.54541015625 0.2890625 0.5419921875 0.291015625 0.5419921875 0.2978515625 0.54052734375 0.3046875 0.5390625 0.306640625 0.5390625 0.3134765625 0.54150390625 0.318359375 0.53955078125 0.32421875 0.53662109375 0.3330078125 0.53857421875 0.34375 0.54443359375 0.3564453125 0.54931640625 0.37109375 0.55078125 0.443359375 0.55224609375 0.443359375 0.5517578125 0.3662109375 0.5546875 0.34765625 0.56298828125 0.33984375 0.56689453125 0.326171875 0.56640625 0.3173828125 0.564453125 0.2998046875 0.56103515625 0.2919921875 0.5556640625 0.2890625 0.552734375 0.27734375
5 0.439453125 0.4443359375 0.439453125 0.44140625 0.43798828125 0.4384765625 0.43701171875 0.4365234375 0.4365234375 0.4326171875 0.43408203125 0.4248046875 0.431640625 0.419921875 0.42724609375 0.41796875 0.4228515625 0.41796875 0.42333984375 0.4775390625 0.4248046875 0.4912109375 0.4326171875 0.4892578125 0.4365234375 0.4873046875 0.44091796875 0.4853515625 0.4423828125 0.4833984375 0.44287109375 0.4755859375 0.4423828125 0.46484375 0.44140625 0.4560546875
5 0.41650390625 0.396484375 0.3984375 0.3974609375 0.40234375 0.4697265625 0.40576171875 0.4921875 0.41552734375 0.4912109375 0.416015625 0.4951171875 0.4169921875 0.498046875 0.419921875 0.498046875 0.42431640625 0.4970703125 0.42724609375 0.494140625 0.431640625 0.4921875 0.43310546875 0.484375 0.43212890625 0.462890625 0.43115234375 0.4501953125 0.43017578125 0.44140625 0.427734375 0.4267578125 0.42578125 0.4169921875 0.42333984375 0.404296875 0.4208984375 0.396484375
5 0.3955078125 0.390625 0.37841796875 0.390625 0.35888671875 0.39453125 0.353515625 0.3984375 0.3486328125 0.4072265625 0.3427734375 0.4326171875 0.359375 0.515625 0.361328125 0.51171875 0.3623046875 0.50390625 0.36279296875 0.5009765625 0.3642578125 0.5009765625 0.3701171875 0.5029296875 0.38623046875 0.5009765625 0.38720703125 0.501953125 0.3876953125 0.5078125 0.388671875 0.5107421875 0.38916015625 0.51171875 0.39453125 0.5107421875 0.39501953125 0.5048828125 0.3955078125 0.4921875 0.39990234375 0.4892578125 0.39990234375 0.4990234375 0.400390625 0.50390625 0.4013671875 0.505859375 0.40576171875 0.5048828125 0.4072265625 0.501953125 0.4072265625 0.4873046875 0.40771484375 0.470703125 0.4072265625 0.4609375 0.40576171875 0.435546875 0.4033203125 0.4140625 0.400390625 0.396484375 0.3984375 0.392578125
4 0.32177734375 0.40625 0.3232421875 0.365234375 0.3291015625 0.3515625 0.34130859375 0.3388671875 0.34912109375 0.3466796875 0.3544921875 0.3662109375 0.37451171875 0.37890625 0.38623046875 0.3564453125 0.38330078125 0.3193359375 0.3759765625 0.3076171875 0.36865234375 0.2802734375 0.35791015625 0.244140625 0.35205078125 0.2294921875 0.34228515625 0.205078125 0.33349609375 0.203125 0.33203125 0.16796875 0.3115234375 0.142578125 0.29638671875 0.16015625 0.2958984375 0.17578125 0.2861328125 0.1796875 0.265625 0.2119140625 0.26416015625 0.23828125 0.25341796875 0.25390625 0.25048828125 0.287109375 0.23583984375 0.296875 0.23779296875 0.333984375 0.23876953125 0.36328125 0.2548828125 0.3837890625 0.2607421875 0.369140625 0.26025390625 0.35546875 0.27587890625 0.375 0.2802734375 0.3916015625 0.2939453125 0.392578125 0.3056640625 0.41015625
5 0.3115234375 0.4033203125 0.294921875 0.4052734375 0.28125 0.4091796875 0.2724609375 0.4130859375 0.263671875 0.423828125 0.29833984375 0.5419921875 0.31689453125 0.541015625 0.3193359375 0.548828125 0.32080078125 0.552734375 0.32568359375 0.552734375 0.3310546875 0.55078125 0.333984375 0.5439453125 0.33447265625 0.5302734375 0.34521484375 0.5224609375 0.345703125 0.5302734375 0.3466796875 0.537109375 0.34814453125 0.5400390625 0.35302734375 0.5390625 0.35791015625 0.5361328125 0.359375 0.5302734375 0.36083984375 0.509765625 0.36083984375 0.4970703125 0.3603515625 0.48046875 0.357421875 0.4619140625 0.353515625 0.453125 0.349609375 0.44921875 0.3486328125 0.4482421875 0.34375 0.4287109375 0.337890625 0.4140625 0.3330078125 0.4072265625 0.322265625 0.404296875
5 0.25390625 0.40625 0.22900390625 0.4052734375 0.20751953125 0.408203125 0.19775390625 0.4130859375 0.216796875 0.5849609375 0.224609375 0.5908203125 0.24072265625 0.587890625 0.244140625 0.59375 0.251953125 0.5966796875 0.26025390625 0.5947265625 0.267578125 0.5869140625 0.27001953125 0.5732421875 0.2705078125 0.5634765625 0.28369140625 0.5556640625 0.28466796875 0.5654296875 0.287109375 0.57421875 0.29248046875 0.5751953125 0.298828125 0.5712890625 0.30078125 0.5625 0.30224609375 0.54296875 0.30126953125 0.5166015625 0.30224609375 0.4970703125 0.30126953125 0.482421875 0.29833984375 0.4658203125 0.2958984375 0.453125 0.2890625 0.4462890625 0.28271484375 0.44140625 0.27392578125 0.421875 0.26708984375 0.4111328125 0.2626953125 0.4072265625
5 0.1337890625 0.3994140625 0.11474609375 0.4013671875 0.08740234375 0.40625 0.0732421875 0.4169921875 0.0595703125 0.4345703125 0.0390625 0.4697265625 0.02783203125 0.4970703125 0.0234375 0.6298828125 0.03125 0.6474609375 0.09765625 0.6435546875 0.14208984375 0.6396484375 0.14404296875 0.65234375 0.1474609375 0.658203125 0.15478515625 0.65625 0.1611328125 0.6552734375 0.16650390625 0.6494140625 0.16845703125 0.6162109375 0.2021484375 0.591796875 0.20458984375 0.5908203125 0.205078125 0.6044921875 0.20654296875 0.6162109375 0.2080078125 0.6201171875 0.212890625 0.62109375 0.21875 0.6181640625 0.22265625 0.61328125 0.2236328125 0.5810546875 0.2236328125 0.5419921875 0.22314453125 0.5185546875 0.2177734375 0.4794921875 0.2119140625 0.4462890625 0.20361328125 0.4169921875 0.19873046875 0.4091796875 0.1943359375 0.40625 0.17138671875 0.400390625 0.1572265625 0.3994140625
5 0.0166015625 0.4013671875 0.00732421875 0.3759765625 0.0 0.3603515625 0.0 0.755859375 0.00244140625 0.7568359375 0.01171875 0.7529296875 0.02099609375 0.7412109375 0.02783203125 0.7216796875 0.033203125 0.6943359375 0.0341796875 0.65625 0.033203125 0.6328125 0.03173828125 0.6142578125 0.03466796875 0.5849609375 0.03466796875 0.5498046875 0.0322265625 0.5146484375 0.033203125 0.490234375 0.03076171875 0.4521484375 0.0244140625 0.4248046875
3 0.7587890625 0.35546875 0.6484375 0.36328125 0.64306640625 0.3662109375 0.63720703125 0.369140625 0.63720703125 0.4072265625 0.7646484375 0.421875 0.763671875 0.3603515625 0.759765625 0.35546875
4 0.720703125 0.43359375 0.7236328125 0.3916015625 0.72265625 0.359375 0.7177734375 0.349609375 0.7177734375 0.3408203125 0.71630859375 0.322265625 0.71484375 0.3193359375 0.708984375 0.287109375 0.71240234375 0.28515625 0.71240234375 0.2705078125 0.71533203125 0.2607421875 0.7099609375 0.2529296875 0.70751953125 0.2705078125 0.7041015625 0.2880859375 0.7041015625 0.30078125 0.701171875 0.3173828125 0.6953125 0.3271484375 0.6865234375 0.33203125 0.6826171875 0.337890625 0.67822265625 0.3359375 0.6689453125 0.33984375 0.66357421875 0.3369140625 0.6640625 0.3203125 0.66259765625 0.3115234375 0.65380859375 0.32421875 0.6474609375 0.326171875 0.64306640625 0.3232421875 0.638671875 0.33203125 0.63916015625 0.337890625 0.64306640625 0.345703125 0.63720703125 0.357421875 0.63330078125 0.3505859375 0.62744140625 0.3427734375 0.61962890625 0.3486328125 0.61083984375 0.3408203125 0.60791015625 0.3388671875 0.60791015625 0.3349609375 0.60546875 0.333984375 0.603515625 0.322265625 0.6025390625 0.3095703125 0.59423828125 0.2900390625 0.58984375 0.2763671875 0.6005859375 0.2666015625 0.5927734375 0.2666015625 0.591796875 0.2568359375 0.57470703125 0.2333984375 0.59326171875 0.2119140625 0.60791015625 0.2119140625 0.60791015625 0.20703125 0.6044921875 0.1943359375 0.60400390625 0.1787109375 0.60791015625 0.171875 0.6025390625 0.1669921875 0.595703125 0.1669921875 0.59423828125 0.173828125 0.5908203125 0.18359375 0.58642578125 0.1845703125 0.5849609375 0.17578125 0.57763671875 0.1875 0.57568359375 0.185546875 0.57763671875 0.1728515625 0.57666015625 0.16796875 0.5830078125 0.150390625 0.58203125 0.14453125 0.5849609375 0.1337890625 0.5810546875 0.1279296875 0.5791015625 0.12109375 0.5732421875 0.123046875 0.5654296875 0.1201171875 0.57275390625 0.1064453125 0.576171875 0.1064453125 0.57958984375 0.1025390625 0.58349609375 0.09375 0.58251953125 0.0908203125 0.58203125 0.0830078125 0.57958984375 0.080078125 0.57763671875 0.068359375 0.57763671875 0.0556640625 0.5810546875 0.0615234375 0.57958984375 0.05078125 0.5693359375 0.0458984375 0.5625 0.0478515625 0.556640625 0.0361328125 0.564453125 0.033203125 0.572265625 0.0341796875 0.57275390625 0.01953125 0.57666015625 0.013671875 0.58349609375 0.0126953125 0.5908203125 0.021484375 0.5927734375 0.0234375 0.595703125 0.0205078125 0.60546875 0.0322265625 0.60302734375 0.0166015625 0.6064453125 0.013671875 0.607421875 0.001953125 0.95751953125 0.001953125 0.9619140625 0.00390625 0.955078125 0.0166015625 0.96142578125 0.0205078125 0.98095703125 0.005859375 0.9853515625 0.0078125 0.9853515625 0.015625 0.98095703125 0.029296875 0.978515625 0.0439453125 0.96435546875 0.0693359375 0.955078125 0.0908203125 0.94873046875 0.0869140625 0.93896484375 0.08203125 0.93896484375 0.09375 0.94140625 0.107421875 0.9658203125 0.1005859375 0.96533203125 0.1123046875 0.951171875 0.1337890625 0.94580078125 0.1474609375 0.9384765625 0.150390625 0.921875 0.134765625 0.916015625 0.1259765625 0.90234375 0.1298828125 0.89599609375 0.1376953125 0.896484375 0.1435546875 0.87890625 0.1435546875 0.8798828125 0.15625 0.8857421875 0.1552734375 0.88720703125 0.1630859375 0.89013671875 0.19140625 0.89599609375 0.1923828125 0.8984375 0.201171875 0.89404296875 0.20703125 0.89404296875 0.2197265625 0.89990234375 0.21875 0.9052734375 0.2236328125 0.9091796875 0.2197265625 0.90673828125 0.2109375 0.90869140625 0.2041015625 0.91455078125 0.2099609375 0.91845703125 0.2255859375 0.921875 0.23828125 0.9306640625 0.2470703125 0.93212890625 0.2138671875 0.935546875 0.20703125 0.9384765625 0.2158203125 0.93798828125 0.228515625 0.93798828125 0.2529296875 0.9423828125 0.2529296875 0.9453125 0.2587890625 0.95947265625 0.2578125 0.9736328125 0.2568359375 0.9736328125 0.2607421875 0.96728515625 0.267578125 0.97119140625 0.275390625 0.96923828125 0.27734375 0.96435546875 0.279296875 0.95849609375 0.2841796875 0.9541015625 0.287109375 0.9501953125 0.296875 0.94873046875 0.3134765625 0.966796875 0.30859375 0.97216796875 0.306640625 0.9658203125 0.3193359375 0.966796875 0.32421875 0.97900390625 0.3232421875 0.98681640625 0.3173828125 0.99365234375 0.3125 0.99951171875 0.3115234375 1.0 0.3115234375 1.0 0.4462890625
