0 0.763671875 0.4482421875 0.71337890625 0.43359375 0.26025390625 0.4169921875 0.00048828125 0.46875 0.0 1.0 1.0 1.0 1.0 0.5224609375
2 0.732421875 0.248046875 0.7294921875 0.25390625 0.72216796875 0.2587890625 0.71533203125 0.2646484375 0.7177734375 0.4658203125 0.72607421875 0.4775390625 0.73291015625 0.4853515625 1.0 0.5341796875 1.0 0.0009765625 0.82861328125 0.0009765625 0.828125 0.0126953125 0.82861328125 0.1181640625 0.8046875 0.119140625 0.80078125 0.150390625 0.798828125 0.1533203125 0.7998046875 0.16015625 0.7626953125 0.162109375 0.759765625 0.2021484375 0.7568359375 0.2021484375 0.7548828125 0.2060546875 0.75537109375 0.2255859375 0.74853515625 0.2255859375 0.74658203125 0.23828125 0.7412109375 0.240234375 0.73974609375 0.2470703125 0.73779296875 0.2470703125
1 0.4658203125 0.4873046875 0.44287109375 0.4892578125 0.41357421875 0.4892578125 0.36376953125 0.4931640625 0.3544921875 0.4921875 0.2783203125 0.4951171875 0.25927734375 0.494140625 0.259765625 0.4794921875 0.3583984375 0.462890625 0.4609375 0.4404296875 0.5732421875 0.4462890625 0.7197265625 0.45703125 0.7275390625 0.466796875 0.732421875 0.484375 0.7275390625 0.4853515625 0.70458984375 0.482421875 0.61572265625 0.4833984375 0.56591796875 0.482421875 0.52197265625 0.484375 0.49853515625 0.482421875 0.46923828125 0.486328125
4 0.85302734375 0.416015625 0.8505859375 0.37890625 0.85302734375 0.3525390625 0.857421875 0.3212890625 0.861328125 0.306640625 0.8671875 0.296875 0.87158203125 0.318359375 0.880859375 0.341796875 0.8837890625 0.37890625 0.8798828125 0.396484375 0.87451171875 0.40234375 0.869140625 0.4208984375
4 0.83056640625 0.2666015625 0.830078125 0.251953125 0.82373046875 0.2470703125 0.82373046875 0.1982421875 0.8251953125 0.181640625 0.82568359375 0.1611328125 0.830078125 0.14453125 0.83935546875 0.14453125 0.845703125 0.1220703125 0.85107421875 0.1044921875 0.85546875 0.0966796875 0.85546875 0.078125 0.86279296875 0.046875 0.87255859375 0.0458984375 0.8828125 0.02734375 0.89453125 0.013671875 0.90625 0.0048828125 0.90478515625 0.1767578125 0.9052734375 0.255859375 0.9111328125 0.2421875 0.912109375 0.2666015625 0.90673828125 0.2724609375 0.90380859375 0.2919921875 0.9033203125 0.2998046875 0.8955078125 0.3037109375 0.89208984375 0.291015625 0.89208984375 0.279296875 0.88232421875 0.27734375 0.88330078125 0.2607421875 0.87060546875 0.2109375 0.8662109375 0.205078125 0.86083984375 0.208984375 0.86083984375 0.21875 0.85986328125 0.234375 0.8564453125 0.240234375 0.85693359375 0.2490234375 0.85888671875 0.25 0.86083984375 0.251953125 0.861328125 0.263671875 0.85009765625 0.2646484375 0.8447265625 0.275390625 0.83740234375 0.27734375
2 0.7236328125 0.349609375 0.72265625 0.2548828125 0.720703125 0.0009765625 0.0 0.001953125 0.00048828125 0.587890625 0.26318359375 0.513671875 0.267578125 0.4873046875 0.3349609375 0.484375 0.3779296875 0.48046875 0.39306640625 0.48046875 0.41357421875 0.478515625 0.42333984375 0.4755859375 0.43212890625 0.470703125 0.46142578125 0.4697265625 0.5263671875 0.466796875 0.58837890625 0.46484375 0.62109375 0.46484375 0.650390625 0.46484375 0.72509765625 0.4658203125 0.7265625 0.416015625
5 0.783203125 0.423828125 0.7783203125 0.4189453125 0.7568359375 0.41796875 0.73779296875 0.4228515625 0.73583984375 0.42578125 0.73388671875 0.4482421875 0.72998046875 0.4619140625 0.73193359375 0.4853515625 0.783203125 0.4296875
5 0.70263671875 0.4287109375 0.681640625 0.431640625 0.67041015625 0.4404296875 0.66845703125 0.4443359375 0.6533203125 0.4501953125 0.64697265625 0.455078125 0.6455078125 0.46484375 0.64599609375 0.470703125 0.6494140625 0.47265625 0.65380859375 0.4736328125 0.65771484375 0.4794921875 0.6630859375 0.4794921875 0.6669921875 0.4794921875 0.669921875 0.474609375 0.6962890625 0.470703125 0.70166015625 0.4775390625 0.70703125 0.4775390625 0.71240234375 0.4755859375 0.712890625 0.4677734375 0.716796875 0.4677734375 0.71875 0.45703125 0.7177734375 0.447265625 0.7099609375 0.4345703125
5 0.52734375 0.4736328125 0.5283203125 0.46484375 0.52587890625 0.4521484375 0.51611328125 0.439453125 0.4912109375 0.4384765625 0.4775390625 0.453125 0.45947265625 0.4599609375 0.4580078125 0.466796875 0.4580078125 0.4736328125 0.4580078125 0.4794921875 0.46435546875 0.4833984375 0.46875 0.486328125 0.47119140625 0.486328125 0.47802734375 0.4814453125 0.50732421875 0.4814453125 0.51025390625 0.484375 0.5146484375 0.484375 0.51708984375 0.4814453125 0.5185546875 0.4755859375 0.5234375 0.4755859375
1 0.421875 0.5 0.33203125 0.501953125 0.28173828125 0.501953125 0.25390625 0.501953125 0.22119140625 0.5068359375 0.19091796875 0.513671875 0.123046875 0.529296875 0.083984375 0.5361328125 0.0 0.548828125 0.0 0.9990234375 0.00634765625 0.9990234375 0.1103515625 0.884765625 0.22900390625 0.75 0.3046875 0.6611328125 0.35888671875 0.5986328125 0.40234375 0.55078125 0.43115234375 0.517578125 0.4365234375 0.51171875 0.4365234375 0.50390625 0.4326171875 0.5009765625
5 0.8212890625 0.4541015625 0.818359375 0.4306640625 0.81201171875 0.4248046875 0.7998046875 0.423828125 0.78271484375 0.421875 0.7607421875 0.42578125 0.7470703125 0.4326171875 0.74365234375 0.4404296875 0.73974609375 0.458984375 0.73388671875 0.4580078125 0.7255859375 0.4619140625 0.72509765625 0.4697265625 0.72802734375 0.47265625 0.73681640625 0.46875 0.728515625 0.4775390625 0.7255859375 0.486328125 0.72412109375 0.4970703125 0.7255859375 0.5302734375 0.7265625 0.55078125 0.72802734375 0.5546875 0.73974609375 0.560546875 0.74560546875 0.5654296875 0.75244140625 0.5654296875 0.755859375 0.564453125 0.75830078125 0.556640625 0.75927734375 0.5458984375 0.78662109375 0.544921875 0.8115234375 0.505859375
5 0.78125 0.5712890625 0.7802734375 0.54296875 0.78173828125 0.5185546875 0.78515625 0.5 0.7900390625 0.4873046875 0.79345703125 0.47265625 0.798828125 0.466796875 0.8076171875 0.443359375 0.81787109375 0.42578125 0.82763671875 0.4169921875 0.84375 0.412109375 0.865234375 0.4091796875 0.88623046875 0.4072265625 0.8984375 0.41015625 0.92529296875 0.4189453125 0.93896484375 0.4287109375 0.888671875 0.5771484375 0.86181640625 0.580078125 0.8603515625 0.59375 0.8525390625 0.609375 0.8408203125 0.61328125 0.8310546875 0.6064453125 0.826171875 0.5771484375 0.80126953125 0.5712890625 0.7998046875 0.5830078125 0.794921875 0.587890625 0.78564453125 0.5869140625 0.783203125 0.578125
5 0.95556640625 0.3984375 0.93603515625 0.42578125 0.919921875 0.458984375 0.9169921875 0.4658203125 0.91015625 0.466796875 0.90234375 0.47265625 0.90087890625 0.4814453125 0.9013671875 0.4892578125 0.904296875 0.4931640625 0.892578125 0.5234375 0.88525390625 0.5576171875 0.88525390625 0.591796875 0.8935546875 0.6298828125 0.900390625 0.63671875 0.91015625 0.63671875 0.91748046875 0.6318359375 0.92138671875 0.62109375 0.921875 0.6123046875 0.9755859375 0.6279296875 0.9765625 0.6552734375 0.982421875 0.6748046875 0.99072265625 0.6826171875 1.0 0.6845703125 1.0 0.373046875 0.98583984375 0.375 0.96728515625 0.384765625
