2 0.48486328125 0.4990234375 0.3583984375 0.4384765625 0.34814453125 0.34375 0.41748046875 0.2294921875 0.43115234375 0.2275390625 0.431640625 0.20703125 0.48828125 0.205078125 0.48779296875 0.1162109375 0.51806640625 0.0888671875 0.5185546875 0.0634765625 0.5078125 0.05078125 0.51806640625 0.037109375 0.517578125 0.0 1.0 0.0 1.0 0.6826171875 0.64794921875 0.6162109375 0.51318359375 0.556640625
0 0.859375 0.4677734375 0.7841796875 0.4580078125 0.7392578125 0.4541015625 0.48291015625 0.4453125 0.38916015625 0.4326171875 0.3818359375 0.4296875 0.3623046875 0.4306640625 0.0 0.5263671875 0.0 0.9990234375 1.0 0.998046875 1.0 0.48046875 0.90576171875 0.4716796875
4 0.40185546875 0.4111328125 0.400390625 0.3955078125 0.39404296875 0.390625 0.39013671875 0.390625 0.38623046875 0.390625 0.37939453125 0.388671875 0.3779296875 0.384765625 0.3759765625 0.3837890625 0.373046875 0.3857421875 0.3720703125 0.392578125 0.365234375 0.3994140625 0.36181640625 0.3916015625 0.353515625 0.3720703125 0.3564453125 0.3310546875 0.4052734375 0.2548828125 0.41650390625 0.28125 0.41748046875 0.3916015625 0.41650390625 0.396484375 0.4169921875 0.419921875 0.41748046875 0.4296875 0.41748046875 0.4345703125 0.40673828125 0.43359375
5 0.3857421875 0.4248046875 0.384765625 0.421875 0.37939453125 0.421875 0.37841796875 0.4267578125 0.37890625 0.43359375 0.3837890625 0.4326171875 0.38427734375 0.4345703125 0.3857421875 0.4345703125 0.3857421875 0.4306640625
5 0.37158203125 0.421875 0.3671875 0.421875 0.365234375 0.4296875 0.36572265625 0.4345703125 0.3671875 0.435546875 0.3681640625 0.4345703125 0.37060546875 0.43359375 0.37158203125 0.423828125
5 0.37744140625 0.419921875 0.37158203125 0.419921875 0.3701171875 0.42578125 0.36962890625 0.435546875 0.37890625 0.435546875 0.37939453125 0.4287109375 0.37890625 0.4248046875
1 0.4267578125 0.44140625 0.4140625 0.439453125 0.4033203125 0.4384765625 0.40283203125 0.4375 0.41552734375 0.4326171875 0.43017578125 0.4306640625 0.43408203125 0.4326171875 0.43603515625 0.435546875 0.44384765625 0.435546875 0.4853515625 0.4365234375 0.49755859375 0.4375 0.568359375 0.447265625 0.64697265625 0.4541015625 0.74462890625 0.455078125 0.80078125 0.4609375 0.86474609375 0.46875 1.0 0.48046875 1.0 0.5966796875 0.8408203125 0.5380859375 0.73193359375 0.505859375 0.708984375 0.501953125 0.619140625 0.501953125 0.619140625 0.51171875 0.576171875 0.513671875 0.56396484375 0.51171875 0.548828125 0.501953125 0.52685546875 0.48046875 0.51171875 0.4697265625 0.47607421875 0.4541015625 0.44970703125 0.4453125
4 0.46630859375 0.3828125 0.46337890625 0.376953125 0.4609375 0.3701171875 0.4609375 0.3662109375 0.46337890625 0.3603515625 0.46484375 0.357421875 0.45849609375 0.353515625 0.4599609375 0.34765625 0.4609375 0.337890625 0.462890625 0.328125 0.4619140625 0.3212890625 0.46142578125 0.314453125 0.46435546875 0.314453125 0.466796875 0.3095703125 0.46728515625 0.302734375 0.46923828125 0.2998046875 0.4716796875 0.2998046875 0.47412109375 0.29296875 0.47607421875 0.2958984375 0.4765625 0.3017578125 0.47900390625 0.2998046875 0.47802734375 0.2900390625 0.48095703125 0.2841796875 0.478515625 0.2705078125 0.4775390625 0.25 0.47705078125 0.240234375 0.478515625 0.2353515625 0.48193359375 0.232421875 0.48486328125 0.23046875 0.4873046875 0.236328125 0.48779296875 0.318359375 0.4912109375 0.3154296875 0.4921875 0.322265625 0.498046875 0.32421875 0.50537109375 0.318359375 0.51220703125 0.3173828125 0.51611328125 0.306640625 0.51953125 0.3056640625 0.525390625 0.306640625 0.53125 0.30078125 0.53515625 0.302734375 0.53857421875 0.3076171875 0.54150390625 0.3017578125 0.5439453125 0.298828125 0.54638671875 0.2998046875 0.5498046875 0.2978515625 0.5537109375 0.2939453125 0.5556640625 0.2998046875 0.56005859375 0.2998046875 0.56396484375 0.302734375 0.56689453125 0.30859375 0.568359375 0.3193359375 0.5703125 0.326171875 0.57177734375 0.3349609375 0.57275390625 0.357421875 0.57177734375 0.37109375 0.568359375 0.3798828125 0.56591796875 0.3837890625 0.56005859375 0.384765625 0.5576171875 0.3837890625 0.55859375 0.3876953125 0.55419921875 0.388671875 0.55419921875 0.392578125 0.556640625 0.390625 0.5576171875 0.3935546875 0.55419921875 0.3984375 0.5546875 0.419921875 0.5546875 0.4306640625 0.55322265625 0.431640625 0.552734375 0.419921875 0.5517578125 0.396484375 0.55126953125 0.3857421875 0.548828125 0.392578125 0.54736328125 0.4033203125 0.546875 0.404296875 0.544921875 0.3994140625 0.5419921875 0.3994140625 0.5361328125 0.40234375 0.5224609375 0.40234375 0.52197265625 0.4248046875 0.5146484375 0.42578125 0.51513671875 0.4140625 0.51171875 0.41015625 0.509765625 0.4052734375 0.5078125 0.40625 0.5078125 0.42578125 0.5078125 0.4287109375 0.505859375 0.4287109375 0.505859375 0.4072265625 0.505859375 0.4033203125 0.5048828125 0.400390625 0.50390625 0.400390625 0.50341796875 0.4033203125 0.50048828125 0.4052734375 0.49853515625 0.4052734375 0.498046875 0.40234375 0.4951171875 0.4033203125 0.494140625 0.3994140625 0.49365234375 0.392578125 0.48876953125 0.392578125 0.48876953125 0.3876953125 0.48828125 0.3837890625 0.48486328125 0.390625 0.48193359375 0.390625 0.47998046875 0.39453125 0.4775390625 0.39453125 0.4765625 0.3916015625 0.4736328125 0.3916015625 0.4697265625 0.3916015625
4 0.5791015625 0.4345703125 0.56640625 0.431640625 0.55810546875 0.4287109375 0.55419921875 0.4287109375 0.552734375 0.431640625 0.548828125 0.43359375 0.55908203125 0.4443359375
5 0.4541015625 0.419921875 0.44482421875 0.4208984375 0.44384765625 0.42578125 0.4423828125 0.427734375 0.44091796875 0.431640625 0.4404296875 0.4375 0.4404296875 0.4404296875 0.44189453125 0.443359375 0.44482421875 0.443359375 0.44580078125 0.4404296875 0.45166015625 0.44140625 0.45361328125 0.427734375
5 0.45947265625 0.41796875 0.4541015625 0.419921875 0.4521484375 0.423828125 0.45166015625 0.4248046875 0.4501953125 0.4267578125 0.44970703125 0.4287109375 0.44970703125 0.431640625 0.44970703125 0.4345703125 0.44970703125 0.439453125 0.44970703125 0.443359375 0.45068359375 0.4453125 0.453125 0.4453125 0.45556640625 0.4453125 0.4560546875 0.443359375 0.4609375 0.4423828125 0.46533203125 0.421875 0.46240234375 0.4189453125
5 0.4736328125 0.421875 0.46826171875 0.4208984375 0.4638671875 0.421875 0.4619140625 0.4267578125 0.4599609375 0.4296875 0.4599609375 0.431640625 0.4599609375 0.4345703125 0.45947265625 0.439453125 0.45947265625 0.4423828125 0.45947265625 0.4443359375 0.4599609375 0.4482421875 0.4619140625 0.4482421875 0.462890625 0.4462890625 0.46435546875 0.4462890625 0.46484375 0.4453125 0.46923828125 0.4443359375 0.47216796875 0.4443359375 0.47314453125 0.4462890625 0.47705078125 0.4453125 0.4775390625 0.4365234375 0.47705078125 0.4296875
4 0.47998046875 0.447265625 0.47705078125 0.44140625 0.47705078125 0.4306640625 0.47900390625 0.419921875 0.47900390625 0.4111328125 0.482421875 0.4052734375 0.48583984375 0.41015625 0.48828125 0.4111328125 0.49169921875 0.412109375 0.49169921875 0.419921875 0.48974609375 0.4267578125 0.490234375 0.4345703125 0.49072265625 0.439453125 0.4892578125 0.44140625 0.48681640625 0.4443359375 0.4853515625 0.4453125 0.48291015625 0.447265625
3 0.49462890625 0.447265625 0.494140625 0.4306640625 0.5146484375 0.431640625 0.53564453125 0.431640625 0.54541015625 0.43359375 0.54296875 0.4482421875 0.5048828125 0.451171875
4 0.5400390625 0.4287109375 0.5341796875 0.4306640625 0.5283203125 0.4345703125 0.52294921875 0.443359375 0.51904296875 0.451171875 0.51611328125 0.4619140625 0.51708984375 0.46875 0.51904296875 0.47265625 0.52294921875 0.470703125 0.5322265625 0.46875 0.53515625 0.4677734375 0.5478515625 0.4365234375 0.546875 0.4306640625
4 0.23681640625 0.501953125 0.0 0.5693359375 0.0 0.0 0.40673828125 0.0 0.41552734375 0.0068359375 0.42041015625 0.0146484375 0.41845703125 0.025390625 0.4228515625 0.0283203125 0.42431640625 0.0322265625 0.42138671875 0.0380859375 0.421875 0.0478515625 0.42041015625 0.0537109375 0.42431640625 0.0576171875 0.421875 0.0634765625 0.41748046875 0.06640625 0.42041015625 0.0732421875 0.40673828125 0.083984375 0.4140625 0.0888671875 0.41357421875 0.1005859375 0.42041015625 0.1025390625 0.4169921875 0.1201171875 0.41943359375 0.123046875 0.41845703125 0.1259765625 0.42041015625 0.1298828125 0.427734375 0.1318359375 0.427734375 0.1376953125 0.42236328125 0.146484375 0.423828125 0.15234375 0.4287109375 0.15234375 0.43701171875 0.1591796875 0.43408203125 0.1806640625 0.43505859375 0.189453125 0.42919921875 0.2021484375 0.42431640625 0.2041015625 0.427734375 0.2119140625 0.427734375 0.216796875 0.4189453125 0.2236328125 0.42578125 0.228515625 0.4287109375 0.2392578125 0.42529296875 0.2421875 0.421875 0.2421875 0.42578125 0.2490234375 0.4189453125 0.2587890625 0.42236328125 0.263671875 0.42041015625 0.2763671875 0.42041015625 0.28125 0.41357421875 0.2841796875 0.40966796875 0.2744140625 0.4052734375 0.27734375 0.40625 0.291015625 0.4111328125 0.298828125 0.4111328125 0.3037109375 0.39990234375 0.322265625 0.38525390625 0.3388671875 0.3720703125 0.3486328125 0.36181640625 0.349609375 0.35693359375 0.3603515625 0.35791015625 0.3740234375 0.359375 0.3896484375 0.361328125 0.40234375 0.36328125 0.4150390625 0.36328125 0.43359375 0.36572265625 0.443359375 0.36767578125 0.453125 0.36474609375 0.455078125 0.34521484375 0.46484375 0.298828125 0.4814453125
4 0.62158203125 0.4384765625 0.6181640625 0.3994140625 0.603515625 0.3935546875 0.59716796875 0.37890625 0.5947265625 0.3544921875 0.59423828125 0.2568359375 0.60009765625 0.25390625 0.6064453125 0.26171875 0.61376953125 0.2529296875 0.61962890625 0.25390625 0.62548828125 0.2509765625 0.630859375 0.23828125 0.634765625 0.2431640625 0.6416015625 0.2353515625 0.6416015625 0.2265625 0.6474609375 0.2275390625 0.65966796875 0.2119140625 0.677734375 0.193359375 0.68310546875 0.2177734375 0.6884765625 0.2021484375 0.689453125 0.208984375 0.6943359375 0.2041015625 0.7041015625 0.2109375 0.7080078125 0.2041015625 0.7060546875 0.181640625 0.71533203125 0.1455078125 0.7236328125 0.1337890625 0.7265625 0.13671875 0.7333984375 0.119140625 0.740234375 0.109375 0.748046875 0.1201171875 0.75390625 0.103515625 0.75634765625 0.111328125 0.77099609375 0.1171875 0.77392578125 0.1015625 0.77880859375 0.0595703125 0.7822265625 0.0537109375 0.7880859375 0.07421875 0.79541015625 0.0966796875 0.791015625 0.0712890625 0.79052734375 0.0546875 0.79541015625 0.0390625 0.80224609375 0.0625 0.80517578125 0.0390625 0.81396484375 0.0400390625 0.81689453125 0.044921875 0.82275390625 0.03125 0.83056640625 0.0263671875 0.84326171875 0.0380859375 0.849609375 0.0322265625 0.85888671875 0.0361328125 0.859375 0.021484375 0.859375 0.0048828125 0.861328125 0.0009765625 0.99951171875 0.0009765625 0.99951171875 0.294921875 0.97998046875 0.30859375 0.97314453125 0.326171875 0.96142578125 0.3408203125 0.9501953125 0.34765625 0.931640625 0.345703125 0.92919921875 0.341796875 0.9296875 0.5 0.92138671875 0.5 0.91943359375 0.3369140625 0.90478515625 0.3271484375 0.9033203125 0.3173828125 0.8984375 0.3203125 0.90087890625 0.328125 0.8974609375 0.3330078125 0.8935546875 0.333984375 0.892578125 0.3291015625 0.8779296875 0.3369140625 0.87841796875 0.494140625 0.87353515625 0.4931640625 0.8720703125 0.3486328125 0.85546875 0.3740234375 0.8447265625 0.37109375 0.84033203125 0.3671875 0.83935546875 0.3857421875 0.84033203125 0.484375 0.83251953125 0.484375 0.83447265625 0.4404296875 0.8330078125 0.3779296875 0.833984375 0.357421875 0.83056640625 0.3544921875 0.82763671875 0.35546875 0.82080078125 0.3603515625 0.8115234375 0.3564453125 0.81103515625 0.3564453125 0.80908203125 0.35546875 0.80810546875 0.3544921875 0.80078125 0.34765625 0.78857421875 0.3388671875 0.76953125 0.33984375 0.76708984375 0.3486328125 0.76123046875 0.3515625 0.75439453125 0.3486328125 0.75537109375 0.388671875 0.76171875 0.4716796875 0.75634765625 0.4716796875 0.75341796875 0.427734375 0.75 0.3544921875 0.7421875 0.345703125 0.734375 0.353515625 0.72607421875 0.3525390625 0.7255859375 0.345703125 0.7294921875 0.33984375 0.72998046875 0.3330078125 0.71728515625 0.3349609375 0.71337890625 0.3505859375 0.7041015625 0.3642578125 0.6943359375 0.3779296875 0.6845703125 0.380859375 0.685546875 0.4296875 0.673828125 0.4287109375 0.64990234375 0.4013671875 0.642578125 0.38671875 0.6357421875 0.396484375 0.62841796875 0.3955078125 0.62255859375 0.39453125 0.6240234375 0.4345703125
1 0.58642578125 0.5390625 0.5869140625 0.5283203125 0.603515625 0.5244140625 0.6298828125 0.5244140625 0.65625 0.53125 0.69287109375 0.548828125 0.70263671875 0.55859375 0.70751953125 0.56640625 0.7080078125 0.5771484375 0.68115234375 0.583984375 0.640625 0.583984375 0.6220703125 0.5830078125 0.61572265625 0.5791015625
