0 1.0 0.759765625 0.640625 0.576171875 0.42236328125 0.498046875 0.17822265625 0.455078125 0.1201171875 0.4501953125 0.0 0.509765625 0.00048828125 1.0 0.99951171875 1.0
2 0.0439453125 0.1259765625 0.04296875 0.0693359375 0.0341796875 0.0703125 0.03125 0.0009765625 0.00048828125 0.0009765625 0.0 0.451171875 0.125 0.44921875 0.27001953125 0.4541015625 0.4658203125 0.51953125 0.71728515625 0.5869140625 1.0 0.673828125 0.99951171875 0.0009765625 0.30224609375 0.0009765625 0.29736328125 0.0107421875 0.29931640625 0.015625 0.2998046875 0.0205078125 0.30029296875 0.0244140625 0.3017578125 0.02734375 0.3076171875 0.03125 0.3095703125 0.0341796875 0.31005859375 0.044921875 0.3095703125 0.064453125 0.30126953125 0.0830078125 0.2802734375 0.103515625 0.2568359375 0.123046875 0.2509765625 0.13671875 0.25341796875 0.1416015625 0.22119140625 0.1142578125 0.1923828125 0.134765625 0.189453125 0.1396484375 0.16259765625 0.1376953125 0.16259765625 0.130859375 0.16064453125 0.1171875 0.15478515625 0.1171875 0.154296875 0.134765625 0.154296875 0.142578125 0.1513671875 0.1474609375 0.14404296875 0.1689453125 0.14599609375 0.171875 0.14599609375 0.1787109375 0.14794921875 0.1826171875 0.1474609375 0.220703125 0.13671875 0.2197265625 0.13720703125 0.2099609375 0.13330078125 0.2099609375 0.13330078125 0.2197265625 0.1064453125 0.216796875 0.10107421875 0.2275390625 0.091796875 0.2275390625 0.0908203125 0.2314453125 0.0888671875 0.234375 0.0849609375 0.234375 0.0830078125 0.23828125 0.06396484375 0.2568359375 0.0634765625 0.251953125 0.06103515625 0.2529296875 0.06103515625 0.2607421875 0.05224609375 0.2607421875 0.048828125 0.2666015625 0.04443359375 0.2626953125 0.0439453125 0.224609375 0.04345703125 0.22265625 0.04736328125 0.216796875 0.04833984375 0.20703125 0.044921875 0.2041015625 0.046875 0.1962890625 0.04443359375 0.1806640625 0.046875 0.1806640625 0.046875 0.150390625 0.0439453125 0.1474609375 0.041015625 0.146484375 0.04296875 0.1435546875
5 0.13330078125 0.43359375 0.12646484375 0.4326171875 0.123046875 0.43359375 0.1201171875 0.4384765625 0.12939453125 0.4619140625 0.1357421875 0.4365234375
5 0.14599609375 0.4326171875 0.13720703125 0.4326171875 0.1337890625 0.43359375 0.130859375 0.44140625 0.12841796875 0.4423828125 0.12841796875 0.443359375 0.12841796875 0.4453125 0.12841796875 0.447265625 0.126953125 0.453125 0.1259765625 0.4609375 0.12939453125 0.462890625 0.140625 0.462890625 0.14599609375 0.4443359375
5 0.15576171875 0.431640625 0.14697265625 0.431640625 0.14404296875 0.4365234375 0.142578125 0.439453125 0.1416015625 0.44140625 0.14111328125 0.443359375 0.1416015625 0.447265625 0.1396484375 0.458984375 0.13916015625 0.4638671875 0.1396484375 0.4658203125 0.14404296875 0.4658203125 0.1484375 0.4609375
5 0.1904296875 0.431640625 0.1826171875 0.431640625 0.1787109375 0.431640625 0.1767578125 0.435546875 0.181640625 0.4638671875 0.19091796875 0.4375
5 0.203125 0.431640625 0.193359375 0.4306640625 0.18994140625 0.4306640625 0.1875 0.43359375 0.18505859375 0.44140625 0.181640625 0.44140625 0.1806640625 0.443359375 0.181640625 0.447265625 0.1826171875 0.4482421875 0.1826171875 0.4541015625 0.1826171875 0.4619140625 0.18408203125 0.474609375 0.1904296875 0.474609375
5 0.208984375 0.431640625 0.197265625 0.431640625 0.1943359375 0.4345703125 0.19287109375 0.4404296875 0.19287109375 0.44140625 0.1904296875 0.44140625 0.18994140625 0.4462890625 0.1904296875 0.4482421875 0.19091796875 0.44921875 0.189453125 0.455078125 0.18896484375 0.4609375 0.1884765625 0.4677734375 0.18896484375 0.47265625 0.18896484375 0.4755859375 0.1904296875 0.4755859375 0.19189453125 0.4765625 0.1962890625 0.4765625 0.197265625 0.47265625 0.20361328125 0.470703125 0.20751953125 0.4453125
5 0.21142578125 0.4296875 0.20751953125 0.435546875 0.20556640625 0.4423828125 0.203125 0.4423828125 0.201171875 0.443359375 0.201171875 0.4462890625 0.20263671875 0.447265625 0.2041015625 0.44921875 0.20263671875 0.4560546875 0.20263671875 0.462890625 0.2021484375 0.474609375 0.2021484375 0.48046875 0.203125 0.482421875 0.2060546875 0.482421875 0.2080078125 0.484375 0.20947265625 0.484375 0.21142578125 0.4833984375 0.2119140625 0.48046875 0.21240234375 0.478515625 0.2177734375 0.4755859375 0.21728515625 0.4306640625 0.21240234375 0.431640625
5 0.25390625 0.4287109375 0.251953125 0.4130859375 0.25 0.408203125 0.24658203125 0.408203125 0.2294921875 0.408203125 0.21875 0.408203125 0.21630859375 0.408203125 0.2138671875 0.412109375 0.2109375 0.4296875 0.20849609375 0.4306640625 0.20703125 0.435546875 0.20751953125 0.4384765625 0.20947265625 0.439453125 0.20751953125 0.4501953125 0.2060546875 0.4599609375 0.2060546875 0.47265625 0.2060546875 0.48046875 0.2060546875 0.4833984375 0.20947265625 0.4853515625 0.2119140625 0.484375 0.2119140625 0.4775390625 0.21435546875 0.478515625 0.21435546875 0.486328125 0.21533203125 0.486328125 0.21923828125 0.4873046875 0.2197265625 0.478515625 0.22509765625 0.478515625 0.232421875 0.478515625
5 0.27099609375 0.42578125 0.2568359375 0.4248046875 0.244140625 0.42578125 0.2412109375 0.427734375 0.23779296875 0.435546875 0.23486328125 0.4462890625 0.2333984375 0.4443359375 0.23095703125 0.4453125 0.23046875 0.4482421875 0.2314453125 0.451171875 0.234375 0.4501953125 0.23291015625 0.455078125 0.23095703125 0.458984375 0.23046875 0.4638671875 0.23046875 0.4892578125 0.23095703125 0.4921875 0.23388671875 0.4931640625 0.2353515625 0.4921875 0.236328125 0.4873046875 0.23779296875 0.4873046875 0.23828125 0.4912109375 0.23876953125 0.4931640625 0.23974609375 0.4951171875 0.24169921875 0.49609375 0.244140625 0.4931640625 0.24462890625 0.4873046875 0.248046875 0.48828125 0.2490234375 0.4873046875 0.259765625 0.4873046875
5 0.31103515625 0.4267578125 0.30810546875 0.4208984375 0.29541015625 0.419921875 0.2841796875 0.4189453125 0.27587890625 0.419921875 0.2724609375 0.4228515625 0.26708984375 0.4345703125 0.26416015625 0.4453125 0.26220703125 0.4443359375 0.2587890625 0.4443359375 0.2568359375 0.447265625 0.25634765625 0.44921875 0.2568359375 0.451171875 0.26171875 0.4541015625 0.2578125 0.4609375 0.25732421875 0.466796875 0.25634765625 0.482421875 0.25634765625 0.49609375 0.2568359375 0.50390625 0.25830078125 0.505859375 0.263671875 0.505859375 0.2646484375 0.501953125 0.2646484375 0.49609375 0.26904296875 0.49609375 0.26904296875 0.5048828125 0.27001953125 0.5078125 0.27392578125 0.509765625 0.27734375 0.509765625 0.302734375 0.4462890625
5 0.10595703125 0.404296875 0.10595703125 0.41015625 0.08544921875 0.4091796875 0.05419921875 0.4091796875 0.05126953125 0.412109375 0.04931640625 0.4208984375 0.134765625 0.6123046875 0.1396484375 0.6103515625 0.142578125 0.6083984375 0.14453125 0.60546875 0.14599609375 0.5947265625 0.14404296875 0.5478515625 0.14306640625 0.5380859375 0.14208984375 0.5302734375 0.14208984375 0.5205078125 0.14208984375 0.5107421875 0.140625 0.5029296875 0.13916015625 0.4970703125 0.1396484375 0.486328125 0.14208984375 0.486328125 0.142578125 0.48046875 0.14208984375 0.47265625 0.14013671875 0.4658203125 0.13671875 0.462890625 0.13427734375 0.4638671875 0.13330078125 0.4755859375 0.12939453125 0.4599609375 0.1220703125 0.4375 0.1171875 0.4248046875 0.11376953125 0.4150390625 0.11328125 0.41015625 0.10986328125 0.404296875
1 0.4765625 0.5556640625 0.435546875 0.54296875 0.40478515625 0.53515625 0.34326171875 0.513671875 0.3310546875 0.5087890625 0.35009765625 0.4990234375 0.4697265625 0.509765625 0.48828125 0.513671875 0.509765625 0.5205078125 0.5146484375 0.521484375 0.52490234375 0.51953125 0.591796875 0.5322265625 0.65380859375 0.54296875 0.71435546875 0.5576171875 0.80810546875 0.541015625 0.82568359375 0.58203125 0.84619140625 0.5810546875 0.91162109375 0.58984375 0.91162109375 0.6005859375 0.99951171875 0.615234375 0.99951171875 0.96484375 0.91015625 0.8642578125 0.8525390625 0.798828125 0.80615234375 0.75 0.74365234375 0.69140625 0.68994140625 0.6494140625 0.65185546875 0.626953125 0.60302734375 0.6015625 0.5556640625 0.5830078125 0.5048828125 0.5654296875
5 0.35888671875 0.4697265625 0.3583984375 0.4609375 0.353515625 0.447265625 0.3447265625 0.427734375 0.341796875 0.4248046875 0.32421875 0.421875 0.3056640625 0.421875 0.29833984375 0.42578125 0.29443359375 0.431640625 0.287109375 0.451171875 0.2841796875 0.447265625 0.2822265625 0.4462890625 0.279296875 0.4462890625 0.27880859375 0.4482421875 0.27880859375 0.4521484375 0.279296875 0.4541015625 0.28369140625 0.4560546875 0.2802734375 0.462890625 0.27734375 0.4716796875 0.27685546875 0.4892578125 0.27734375 0.5078125 0.27783203125 0.5126953125 0.27880859375 0.5146484375 0.28515625 0.515625 0.2861328125 0.513671875 0.28662109375 0.509765625 0.29296875 0.5107421875 0.29345703125 0.515625 0.29443359375 0.51953125 0.2978515625 0.5205078125 0.30126953125 0.51953125 0.30419921875 0.515625 0.30517578125 0.5107421875 0.32080078125 0.509765625 0.32568359375 0.509765625 0.32763671875 0.5166015625 0.3310546875 0.5166015625 0.333984375 0.513671875 0.3349609375 0.5107421875 0.3427734375 0.509765625 0.3466796875 0.51171875 0.34765625 0.51953125 0.34912109375 0.5224609375 0.35205078125 0.5224609375 0.36181640625 0.4755859375
5 0.3798828125 0.416015625 0.37158203125 0.4306640625 0.365234375 0.4501953125 0.36474609375 0.447265625 0.3642578125 0.4423828125 0.361328125 0.44140625 0.35546875 0.443359375 0.3544921875 0.451171875 0.35498046875 0.4541015625 0.361328125 0.4560546875 0.35498046875 0.4677734375 0.35205078125 0.4873046875 0.35107421875 0.5068359375 0.35107421875 0.52734375 0.35205078125 0.5419921875 0.3544921875 0.544921875 0.36279296875 0.544921875 0.36474609375 0.5380859375 0.36572265625 0.529296875 0.376953125 0.533203125 0.37841796875 0.5478515625 0.3798828125 0.5537109375 0.38525390625 0.5576171875 0.39111328125 0.5537109375 0.39599609375 0.5400390625 0.39697265625 0.533203125 0.421875 0.537109375 0.42333984375 0.54296875 0.42724609375 0.544921875 0.431640625 0.54296875 0.43359375 0.53515625 0.4423828125 0.5361328125 0.451171875 0.5380859375 0.45361328125 0.55078125 0.45751953125 0.5546875 0.4638671875 0.5546875 0.46728515625 0.548828125 0.46826171875 0.5390625 0.4677734375 0.5283203125 0.470703125 0.5224609375 0.470703125 0.5146484375 0.470703125 0.5107421875 0.47216796875 0.505859375 0.47265625 0.48046875 0.47216796875 0.4638671875 0.470703125 0.4580078125 0.4677734375 0.453125 0.4619140625 0.43359375 0.453125 0.4130859375 0.4501953125 0.4091796875 0.4462890625 0.40625 0.4345703125 0.408203125 0.43359375 0.41015625 0.4033203125 0.4091796875 0.40283203125 0.40625 0.3994140625 0.404296875 0.38525390625 0.408203125 0.3818359375 0.412109375
5 0.1845703125 0.4833984375 0.18408203125 0.470703125 0.1826171875 0.4501953125 0.17822265625 0.4365234375 0.17578125 0.4306640625 0.17529296875 0.427734375 0.173828125 0.42578125 0.1728515625 0.4287109375 0.15625 0.4287109375 0.15478515625 0.427734375 0.15234375 0.4267578125 0.1513671875 0.431640625 0.1474609375 0.443359375 0.146484375 0.4462890625 0.14306640625 0.4462890625 0.1416015625 0.451171875 0.14306640625 0.4560546875 0.14404296875 0.4658203125 0.14404296875 0.4814453125 0.1455078125 0.486328125 0.14892578125 0.48828125 0.1513671875 0.486328125 0.1513671875 0.4814453125 0.15576171875 0.4794921875 0.17333984375 0.478515625 0.17626953125 0.4794921875 0.17626953125 0.482421875 0.177734375 0.486328125 0.18359375 0.486328125
5 0.041015625 0.412109375 0.021484375 0.4140625 0.01806640625 0.408203125 0.01318359375 0.40625 0.00390625 0.4072265625 0.0 0.412109375 0.00048828125 0.6689453125 0.1103515625 0.654296875 0.11181640625 0.6767578125 0.115234375 0.681640625 0.1259765625 0.6806640625 0.13427734375 0.6748046875 0.134765625 0.6689453125 0.1328125 0.6484375 0.13330078125 0.638671875 0.13525390625 0.6318359375 0.13427734375 0.5927734375 0.13330078125 0.5634765625 0.1328125 0.5390625 0.1298828125 0.513671875 0.13037109375 0.5068359375 0.1279296875 0.49609375 0.1318359375 0.4912109375 0.1298828125 0.4765625 0.1201171875 0.47265625 0.1142578125 0.4482421875 0.10498046875 0.4228515625 0.09912109375 0.41015625 0.09521484375 0.4013671875 0.091796875 0.4013671875 0.09130859375 0.41015625 0.05322265625 0.412109375
