0 0.0146484375 0.5810546875 0.43798828125 0.4208984375 0.7216796875 0.4609375 1.0 0.5361328125 1.0 1.0 0.0 1.0 0.0 0.6220703125
1 0.08740234375 0.6298828125 0.21044921875 0.564453125 0.2744140625 0.5341796875 0.32373046875 0.5126953125 0.35205078125 0.505859375 0.37646484375 0.5 0.40673828125 0.4990234375 0.4345703125 0.49609375 0.46484375 0.494140625 0.49951171875 0.4931640625 0.5302734375 0.4931640625 0.546875 0.4931640625 0.5576171875 0.4912109375 0.556640625 0.4775390625 0.3994140625 0.4658203125 0.27001953125 0.4619140625 0.0966796875 0.4619140625 0.0 0.4619140625 0.0 0.67578125 0.0 0.67578125 0.02880859375 0.6611328125
1 0.92236328125 0.9169921875 0.71484375 0.67578125 0.64697265625 0.6025390625 0.58935546875 0.5439453125 0.56005859375 0.5205078125 0.54736328125 0.51171875 0.5439453125 0.5068359375 0.5439453125 0.501953125 0.54833984375 0.5 0.56201171875 0.4970703125 0.58447265625 0.4931640625 0.5966796875 0.494140625 0.611328125 0.4931640625 0.642578125 0.4931640625 1.0 0.5234375 1.0 1.0 0.99267578125 1.0 0.9814453125 0.9970703125 0.966796875 0.9677734375
4 0.462890625 0.2060546875 0.46240234375 0.1962890625 0.45849609375 0.1865234375 0.45458984375 0.1787109375 0.447265625 0.1767578125 0.43310546875 0.173828125 0.42138671875 0.1767578125 0.41455078125 0.1767578125 0.4111328125 0.1767578125 0.404296875 0.1787109375 0.39453125 0.1884765625 0.388671875 0.197265625 0.38818359375 0.21484375 0.3896484375 0.23046875 0.3935546875 0.236328125 0.3955078125 0.2548828125 0.40185546875 0.2783203125 0.41455078125 0.2763671875 0.47998046875 0.23046875
4 0.359375 0.2333984375 0.3544921875 0.234375 0.35400390625 0.240234375 0.35400390625 0.25390625 0.3603515625 0.2685546875 0.36962890625 0.28125 0.38720703125 0.2822265625 0.39111328125 0.271484375 0.390625 0.265625 0.39208984375 0.26171875 0.3955078125 0.2587890625 0.39501953125 0.2451171875 0.39208984375 0.236328125 0.3857421875 0.232421875 0.380859375 0.2275390625 0.37451171875 0.2275390625 0.369140625 0.224609375 0.3642578125 0.224609375 0.36376953125 0.2275390625
4 0.626953125 0.2265625 0.6259765625 0.2138671875 0.6259765625 0.208984375 0.6279296875 0.2001953125 0.62841796875 0.1962890625 0.62890625 0.19140625 0.62890625 0.1865234375 0.6318359375 0.1865234375 0.634765625 0.1884765625 0.63671875 0.1962890625 0.640625 0.1962890625 0.64306640625 0.19140625 0.6416015625 0.1865234375 0.64306640625 0.18359375 0.64697265625 0.18359375 0.6474609375 0.1806640625 0.6474609375 0.1748046875 0.650390625 0.17578125 0.6572265625 0.1748046875 0.66015625 0.1796875 0.6591796875 0.185546875 0.66259765625 0.185546875 0.66796875 0.1875 0.671875 0.1953125 0.671875 0.205078125 0.673828125 0.212890625 0.67724609375 0.2138671875 0.681640625 0.2197265625 0.6826171875 0.21484375 0.6845703125 0.2060546875 0.6884765625 0.197265625 0.69384765625 0.1982421875 0.6962890625 0.2109375 0.69921875 0.2265625 0.70068359375 0.228515625 0.7060546875 0.2255859375 0.7060546875 0.236328125 0.7060546875 0.2490234375 0.66455078125 0.2470703125
2 0.24267578125 0.15234375 0.2939453125 0.14453125 0.2958984375 0.1474609375 0.29541015625 0.15234375 0.3203125 0.1962890625 0.32568359375 0.2060546875 0.33837890625 0.23046875 0.349609375 0.2509765625 0.3564453125 0.263671875 0.3681640625 0.30078125 0.34326171875 0.380859375 0.2353515625 0.3828125 0.220703125 0.2939453125 0.2138671875 0.15234375 0.2265625 0.154296875 0.2265625 0.1552734375
2 0.51806640625 0.1689453125 0.55908203125 0.18359375 0.59130859375 0.1962890625 0.6220703125 0.20703125 0.654296875 0.220703125 0.65869140625 0.220703125 0.66455078125 0.2197265625 0.6650390625 0.2158203125 0.666015625 0.2109375 0.66748046875 0.2080078125 0.66796875 0.21484375 0.6708984375 0.2177734375 0.67236328125 0.2236328125 0.69384765625 0.23046875 0.712890625 0.234375 0.73291015625 0.2373046875 0.75830078125 0.25390625 0.7431640625 0.37109375 0.6484375 0.466796875 0.60205078125 0.48828125 0.568359375 0.4912109375 0.51708984375 0.490234375 0.5078125 0.4892578125 0.49072265625 0.4775390625 0.40283203125 0.322265625 0.40380859375 0.27734375 0.40283203125 0.2734375 0.39697265625 0.26953125 0.39404296875 0.2626953125 0.3916015625 0.2548828125 0.3896484375 0.25390625 0.39111328125 0.25 0.39453125 0.248046875 0.4013671875 0.2421875 0.423828125 0.228515625 0.4453125 0.2158203125 0.4775390625 0.1962890625 0.4970703125 0.1826171875 0.505859375 0.177734375
4 0.49169921875 0.3671875 0.4970703125 0.37109375 0.501953125 0.376953125 0.50341796875 0.3857421875 0.5068359375 0.3828125 0.51025390625 0.37890625 0.51220703125 0.38671875 0.51220703125 0.40234375 0.51220703125 0.4072265625 0.51611328125 0.40625 0.52197265625 0.41015625 0.52294921875 0.41796875 0.51904296875 0.4267578125 0.5166015625 0.431640625 0.5166015625 0.4404296875 0.51513671875 0.4599609375 0.51318359375 0.47265625 0.5107421875 0.48046875 0.50537109375 0.486328125 0.4970703125 0.4873046875 0.486328125 0.4453125
2 0.26318359375 0.32421875 0.3095703125 0.3193359375 0.31884765625 0.2978515625 0.32568359375 0.2822265625 0.330078125 0.2734375 0.33251953125 0.26171875 0.34130859375 0.2548828125 0.345703125 0.25390625 0.35009765625 0.2587890625 0.36376953125 0.263671875 0.38525390625 0.26953125 0.40673828125 0.2763671875 0.447265625 0.28515625 0.46630859375 0.291015625 0.47705078125 0.2939453125 0.48193359375 0.306640625 0.48583984375 0.3203125 0.48974609375 0.3310546875 0.4921875 0.34765625 0.49462890625 0.3740234375 0.49658203125 0.4345703125 0.49658203125 0.4462890625 0.50341796875 0.44921875 0.50537109375 0.4873046875 0.5048828125 0.4912109375 0.494140625 0.4912109375 0.46484375 0.4912109375 0.4501953125 0.4921875 0.43994140625 0.4921875 0.4326171875 0.490234375 0.42822265625 0.490234375 0.4228515625 0.48828125 0.40380859375 0.4873046875 0.404296875 0.4921875 0.361328125 0.4912109375 0.3154296875 0.4921875 0.30859375 0.4921875 0.28857421875 0.48828125 0.279296875 0.4892578125 0.26025390625 0.4794921875 0.24755859375 0.328125 0.25 0.32421875 0.25390625 0.3251953125
5 0.2841796875 0.4267578125 0.28759765625 0.427734375 0.2900390625 0.4306640625 0.29296875 0.439453125 0.2958984375 0.4541015625 0.29736328125 0.48828125 0.2939453125 0.490234375 0.29248046875 0.490234375 0.2890625 0.4892578125 0.28759765625 0.486328125 0.287109375 0.4833984375 0.27685546875 0.4853515625 0.2705078125 0.4501953125 0.27392578125 0.431640625 0.279296875 0.427734375
2 0.1787109375 0.0048828125 0.1826171875 0.0126953125 0.185546875 0.0263671875 0.1953125 0.0556640625 0.208984375 0.0908203125 0.21435546875 0.10546875 0.2177734375 0.111328125 0.21435546875 0.1171875 0.2265625 0.1552734375 0.23828125 0.1884765625 0.25537109375 0.234375 0.26220703125 0.2490234375 0.26806640625 0.2685546875 0.26953125 0.2763671875 0.2685546875 0.2783203125 0.26025390625 0.2802734375 0.26025390625 0.2958984375 0.25341796875 0.2958984375 0.251953125 0.3359375 0.2802734375 0.349609375 0.27978515625 0.359375 0.2802734375 0.5048828125 0.2529296875 0.5068359375 0.25244140625 0.509765625 0.2119140625 0.51171875 0.1171875 0.51953125 0.0673828125 0.5224609375 0.0 0.521484375 0.0 0.0 0.1767578125 0.0
4 0.037109375 0.2685546875 0.05517578125 0.2685546875 0.0625 0.2646484375 0.0732421875 0.267578125 0.07421875 0.28515625 0.0830078125 0.2919921875 0.08984375 0.2890625 0.095703125 0.291015625 0.10546875 0.3017578125 0.11328125 0.306640625 0.1171875 0.3271484375 0.1171875 0.3388671875 0.1171875 0.3525390625 0.123046875 0.3583984375 0.12451171875 0.3720703125 0.12255859375 0.388671875 0.11083984375 0.3916015625 0.111328125 0.4013671875 0.11767578125 0.396484375 0.11767578125 0.40625 0.1103515625 0.4208984375 0.11572265625 0.4248046875 0.1171875 0.4375 0.109375 0.4541015625 0.1025390625 0.4609375 0.08740234375 0.4736328125 0.08349609375 0.4765625 0.07666015625 0.478515625 0.07080078125 0.482421875 0.06591796875 0.484375 0.05810546875 0.486328125 0.0361328125 0.484375 0.0029296875 0.4599609375 0.0 0.439453125 0.0 0.3056640625 0.0 0.3037109375 0.00341796875 0.30859375 0.00341796875 0.30078125 0.0009765625 0.2822265625 0.00390625 0.279296875 0.01220703125 0.27734375 0.01708984375 0.27734375 0.01904296875 0.2880859375 0.025390625 0.2763671875 0.0302734375 0.2685546875
4 0.62939453125 0.3330078125 0.62548828125 0.318359375 0.6318359375 0.314453125 0.62841796875 0.3076171875 0.62646484375 0.294921875 0.6357421875 0.291015625 0.63720703125 0.2822265625 0.6328125 0.267578125 0.62890625 0.248046875 0.6328125 0.236328125 0.6357421875 0.232421875 0.642578125 0.220703125 0.654296875 0.21875 0.66748046875 0.228515625 0.671875 0.236328125 0.67626953125 0.234375 0.68505859375 0.2294921875 0.6904296875 0.2412109375 0.693359375 0.234375 0.70263671875 0.23828125 0.701171875 0.2587890625 0.69775390625 0.2724609375 0.69970703125 0.2822265625 0.7041015625 0.2783203125 0.70703125 0.2890625 0.71142578125 0.3037109375 0.71533203125 0.3212890625 0.716796875 0.3583984375 0.68310546875 0.3583984375 0.6708984375 0.3515625 0.66650390625 0.3408203125 0.66650390625 0.330078125 0.66259765625 0.330078125 0.66015625 0.3359375 0.6533203125 0.3408203125 0.6416015625 0.341796875 0.6357421875 0.3388671875
4 0.64599609375 0.009765625 0.6484375 0.025390625 0.65283203125 0.041015625 0.66162109375 0.0478515625 0.66552734375 0.046875 0.66552734375 0.0537109375 0.66552734375 0.0703125 0.669921875 0.0869140625 0.6767578125 0.091796875 0.68359375 0.0966796875 0.68798828125 0.0869140625 0.69091796875 0.07421875 0.69580078125 0.076171875 0.6943359375 0.0849609375 0.6923828125 0.09765625 0.69287109375 0.1083984375 0.69775390625 0.115234375 0.69921875 0.1376953125 0.7060546875 0.14453125 0.71826171875 0.1494140625 0.71728515625 0.1552734375 0.70654296875 0.1552734375 0.697265625 0.1591796875 0.697265625 0.169921875 0.7001953125 0.181640625 0.71044921875 0.1796875 0.7177734375 0.181640625 0.7177734375 0.1962890625 0.71923828125 0.2109375 0.72119140625 0.22265625 0.71728515625 0.2255859375 0.71484375 0.23828125 0.71728515625 0.24609375 0.71240234375 0.248046875 0.712890625 0.25390625 0.71337890625 0.263671875 0.708984375 0.2724609375 0.70703125 0.2822265625 0.71044921875 0.29296875 0.71337890625 0.291015625 0.71240234375 0.3056640625 0.716796875 0.3173828125 0.7265625 0.3408203125 0.93603515625 0.3173828125 1.0 0.306640625 0.9990234375 0.0 0.64599609375 0.0
3 0.609375 0.3828125 0.609375 0.484375 0.67333984375 0.494140625 0.7451171875 0.5009765625 0.83642578125 0.509765625 0.89453125 0.513671875 0.94921875 0.5166015625 1.0 0.515625 1.0 0.208984375 0.99072265625 0.201171875 0.8828125 0.2236328125 0.779296875 0.26953125 0.73583984375 0.2919921875 0.693359375 0.31640625 0.6591796875 0.341796875 0.6201171875 0.369140625 0.611328125 0.3720703125
