0 0.66162109375 0.42578125 0.361328125 0.431640625 0.0 0.4677734375 0.0 1.0 1.0 1.0 1.0 0.5185546875 0.66357421875 0.4267578125
1 0.36376953125 0.443359375 0.140625 0.47265625 0.130859375 0.5029296875 0.14404296875 0.525390625 0.20361328125 0.5302734375 0.22509765625 0.53125 0.28857421875 0.5322265625 0.30810546875 0.533203125 0.3212890625 0.53125 0.330078125 0.52734375 0.35302734375 0.513671875 0.36279296875 0.48828125
1 0.21484375 0.5751953125 0.18359375 0.5693359375 0.1455078125 0.5673828125 0.0859375 0.56640625 0.0 0.6064453125 0.0 0.853515625 0.06103515625 0.7978515625 0.1494140625 0.7216796875 0.2197265625 0.658203125 0.24755859375 0.6318359375 0.2607421875 0.6181640625 0.26708984375 0.6103515625 0.26708984375 0.6015625 0.2578125 0.591796875 0.2412109375 0.58203125
1 0.55126953125 0.46875 0.533203125 0.4677734375 0.50732421875 0.4677734375 0.46728515625 0.4658203125 0.4501953125 0.46484375 0.43505859375 0.4599609375 0.4375 0.4365234375 0.56884765625 0.439453125
1 0.935546875 0.755859375 0.845703125 0.6826171875 0.7802734375 0.6220703125 0.8984375 0.537109375 1.0 0.5634765625 1.0 0.8076171875
2 0.23828125 0.5146484375 0.2265625 0.513671875 0.1669921875 0.515625 0.16015625 0.5146484375 0.13720703125 0.5166015625 0.0 0.169921875 0.0 0.0009765625 0.68408203125 0.0009765625 0.69091796875 0.064453125 0.6923828125 0.0625 0.69287109375 0.0009765625 1.0 0.0009765625 0.99951171875 0.6123046875 0.9873046875 0.607421875 0.98095703125 0.60546875 0.9423828125 0.5927734375 0.9423828125 0.5888671875 0.91064453125 0.576171875 0.5517578125 0.4619140625 0.48779296875 0.458984375 0.4462890625 0.455078125 0.3515625 0.4677734375 0.33740234375 0.47265625 0.33203125 0.47265625 0.32568359375 0.474609375 0.32568359375 0.48046875 0.29638671875 0.4921875 0.287109375 0.4951171875 0.287109375 0.4990234375 0.27734375 0.501953125 0.27197265625 0.501953125
4 0.42578125 0.3935546875 0.42822265625 0.384765625 0.427734375 0.3798828125 0.4287109375 0.3740234375 0.427734375 0.365234375 0.42236328125 0.36328125 0.42626953125 0.3623046875 0.43115234375 0.3564453125 0.4404296875 0.3447265625 0.4404296875 0.3466796875 0.43896484375 0.349609375 0.4404296875 0.3515625 0.443359375 0.349609375 0.44091796875 0.353515625 0.43994140625 0.3583984375 0.4404296875 0.3603515625 0.44580078125 0.361328125 0.4482421875 0.3603515625 0.44775390625 0.361328125 0.44482421875 0.36328125 0.43896484375 0.36328125 0.43798828125 0.365234375 0.4404296875 0.365234375 0.439453125 0.3671875 0.44580078125 0.373046875 0.4482421875 0.376953125 0.44677734375 0.3818359375 0.443359375 0.3916015625 0.44287109375 0.3994140625 0.4404296875 0.400390625 0.43603515625 0.3935546875 0.435546875 0.4052734375 0.4287109375 0.41015625 0.423828125 0.4052734375
5 0.57080078125 0.4091796875 0.5654296875 0.41015625 0.56201171875 0.4150390625 0.5556640625 0.4326171875 0.55517578125 0.435546875 0.55322265625 0.43359375 0.54931640625 0.43359375 0.5478515625 0.4375 0.54931640625 0.4404296875 0.5537109375 0.44140625 0.55224609375 0.451171875 0.55078125 0.4619140625 0.55078125 0.470703125 0.55078125 0.4814453125 0.55029296875 0.4912109375 0.55078125 0.4921875 0.5517578125 0.494140625 0.55224609375 0.4990234375 0.5537109375 0.5009765625 0.55615234375 0.5009765625 0.55908203125 0.498046875 0.57421875 0.4140625 0.57470703125 0.41015625
5 0.60693359375 0.4111328125 0.60302734375 0.41015625 0.5869140625 0.408203125 0.57568359375 0.408203125 0.572265625 0.41015625 0.56884765625 0.4150390625 0.5634765625 0.4345703125 0.56103515625 0.43359375 0.556640625 0.4345703125 0.5546875 0.4365234375 0.5546875 0.4404296875 0.5556640625 0.4423828125 0.55810546875 0.443359375 0.56103515625 0.4443359375 0.55810546875 0.4599609375 0.556640625 0.4677734375 0.55419921875 0.484375 0.55419921875 0.49609375 0.5546875 0.5009765625 0.55615234375 0.505859375 0.55712890625 0.5078125 0.56005859375 0.5078125 0.56005859375 0.51171875 0.560546875 0.5146484375 0.56689453125 0.515625 0.568359375 0.513671875 0.56884765625 0.509765625 0.5693359375 0.5029296875 0.58349609375 0.50390625 0.595703125 0.46484375
5 0.625 0.404296875 0.6142578125 0.404296875 0.6083984375 0.40625 0.60546875 0.408203125 0.60400390625 0.412109375 0.59765625 0.4287109375 0.59423828125 0.439453125 0.5888671875 0.4501953125 0.5869140625 0.451171875 0.583984375 0.4541015625 0.58251953125 0.4609375 0.58154296875 0.46875 0.58251953125 0.4736328125 0.58251953125 0.4833984375 0.58251953125 0.490234375 0.58154296875 0.5048828125 0.5810546875 0.5224609375 0.5810546875 0.537109375 0.58154296875 0.5419921875 0.5830078125 0.5439453125 0.58837890625 0.5439453125 0.5908203125 0.5419921875 0.59228515625 0.5380859375 0.5927734375 0.5283203125 0.59521484375 0.5283203125 0.5947265625 0.544921875 0.59521484375 0.5556640625 0.595703125 0.556640625 0.5986328125 0.55859375 0.603515625 0.55859375 0.61865234375 0.46875
5 0.44140625 0.4052734375 0.4423828125 0.40625 0.4443359375 0.41015625 0.44580078125 0.4150390625 0.44775390625 0.42578125 0.4501953125 0.4326171875 0.45068359375 0.439453125 0.45068359375 0.4443359375 0.451171875 0.4482421875 0.451171875 0.4560546875 0.45166015625 0.462890625 0.45068359375 0.4677734375 0.44921875 0.470703125 0.44580078125 0.470703125 0.4365234375 0.4150390625 0.43798828125 0.4072265625
5 0.447265625 0.47265625 0.447265625 0.4638671875 0.44677734375 0.453125 0.447265625 0.443359375 0.44580078125 0.4326171875 0.4453125 0.4287109375 0.44580078125 0.42578125 0.44482421875 0.4208984375 0.443359375 0.4189453125 0.44189453125 0.4091796875 0.43994140625 0.404296875 0.43798828125 0.4013671875 0.4365234375 0.400390625 0.42578125 0.400390625 0.4248046875 0.4462890625 0.43359375 0.4765625 0.4423828125 0.4794921875 0.4443359375 0.478515625 0.4453125 0.4755859375 0.44677734375 0.4755859375
5 0.4287109375 0.439453125 0.4306640625 0.4189453125 0.419921875 0.37109375 0.41650390625 0.365234375 0.40771484375 0.36328125 0.376953125 0.3642578125 0.369140625 0.365234375 0.365234375 0.3681640625 0.36328125 0.3740234375 0.35888671875 0.3974609375 0.35693359375 0.4130859375 0.35498046875 0.4111328125 0.3525390625 0.4111328125 0.35205078125 0.4150390625 0.3515625 0.4228515625 0.3525390625 0.4248046875 0.35546875 0.4267578125 0.353515625 0.4365234375 0.3525390625 0.4443359375 0.3515625 0.4501953125 0.35107421875 0.4580078125 0.35107421875 0.4765625 0.3515625 0.4853515625 0.3515625 0.49609375 0.35107421875 0.509765625 0.35107421875 0.5166015625 0.35302734375 0.517578125 0.35693359375 0.517578125 0.35986328125 0.517578125 0.361328125 0.51171875 0.3623046875 0.501953125 0.39892578125 0.501953125 0.412109375 0.5029296875
5 0.73193359375 0.3837890625 0.7294921875 0.375 0.7265625 0.3720703125 0.724609375 0.365234375 0.72314453125 0.3623046875 0.71923828125 0.361328125 0.71142578125 0.36328125 0.70556640625 0.3662109375 0.68994140625 0.3642578125 0.67578125 0.36328125 0.65673828125 0.3642578125 0.65576171875 0.3583984375 0.65576171875 0.35546875 0.6533203125 0.35546875 0.64404296875 0.361328125 0.64208984375 0.365234375 0.64013671875 0.3720703125 0.63525390625 0.37890625 0.6298828125 0.3828125 0.6279296875 0.3857421875 0.6259765625 0.3916015625 0.61865234375 0.4189453125 0.61572265625 0.4296875 0.61328125 0.443359375 0.61279296875 0.4384765625 0.6123046875 0.4365234375 0.607421875 0.4365234375 0.60400390625 0.44140625 0.60302734375 0.4462890625 0.60302734375 0.4501953125 0.60595703125 0.455078125 0.6103515625 0.4580078125 0.60693359375 0.474609375 0.60546875 0.4775390625 0.60205078125 0.484375 0.60302734375 0.4921875 0.60302734375 0.509765625 0.603515625 0.5341796875 0.60302734375 0.5498046875 0.6025390625 0.568359375 0.6025390625 0.57421875 0.60400390625 0.576171875 0.615234375 0.5771484375 0.61572265625 0.595703125 0.6171875 0.6044921875 0.61865234375 0.607421875 0.62841796875 0.6083984375 0.6318359375 0.6044921875 0.63427734375 0.5966796875 0.63525390625 0.578125 0.64990234375 0.578125
5 0.77294921875 0.37890625 0.744140625 0.3798828125 0.720703125 0.3828125 0.708984375 0.38671875 0.70263671875 0.392578125 0.69677734375 0.400390625 0.6875 0.421875 0.67333984375 0.4609375 0.6728515625 0.4521484375 0.6728515625 0.44921875 0.669921875 0.4482421875 0.66650390625 0.4541015625 0.66357421875 0.462890625 0.66357421875 0.474609375 0.66552734375 0.48046875 0.66650390625 0.482421875 0.662109375 0.4921875 0.6572265625 0.4990234375 0.65234375 0.513671875 0.64892578125 0.5224609375 0.64794921875 0.5390625 0.64697265625 0.564453125 0.6484375 0.576171875 0.64892578125 0.58203125 0.64794921875 0.609375 0.64794921875 0.640625 0.6484375 0.6455078125 0.64990234375 0.6494140625 0.66357421875 0.65234375 0.66552734375 0.650390625 0.66796875 0.640625 0.6689453125 0.626953125 0.68359375 0.6435546875 0.69384765625 0.65234375 0.69482421875 0.6826171875 0.69580078125 0.703125 0.69775390625 0.7109375 0.7060546875 0.7197265625 0.7177734375 0.71875 0.72265625 0.7099609375 0.72802734375 0.6982421875 0.7314453125 0.6796875 0.7939453125 0.685546875 0.87109375 0.6875 0.873046875 0.7158203125 0.87890625 0.728515625 0.8876953125 0.732421875 0.89404296875 0.7314453125 0.9033203125 0.7265625 0.90673828125 0.7109375 0.90966796875 0.6943359375 0.9091796875 0.6875 0.9150390625 0.6728515625 0.916015625 0.658203125 0.91748046875 0.6259765625 0.9150390625 0.59375 0.91162109375 0.5478515625 0.90771484375 0.5107421875 0.90576171875 0.4990234375 0.8994140625 0.4736328125 0.8857421875 0.4345703125 0.8828125 0.421875 0.8740234375 0.4072265625 0.8505859375 0.3935546875 0.8232421875 0.38671875 0.796875 0.380859375
4 0.07470703125 0.6171875 0.0673828125 0.62109375 0.0625 0.6220703125 0.04443359375 0.62890625 0.03271484375 0.6357421875 0.01611328125 0.646484375 0.00732421875 0.6494140625 0.005859375 0.654296875 0.0 0.65625 0.0 0.109375 0.0068359375 0.1083984375 0.00732421875 0.103515625 0.005859375 0.0908203125 0.0146484375 0.08984375 0.01708984375 0.0751953125 0.01123046875 0.0703125 0.0126953125 0.0673828125 0.017578125 0.0673828125 0.02197265625 0.0546875 0.02880859375 0.0576171875 0.03515625 0.0693359375 0.02978515625 0.0654296875 0.02734375 0.068359375 0.02783203125 0.0625 0.02294921875 0.05859375 0.02294921875 0.0673828125 0.02490234375 0.0712890625 0.02587890625 0.0751953125 0.02001953125 0.076171875 0.02001953125 0.0810546875 0.03173828125 0.095703125 0.02001953125 0.0869140625 0.01806640625 0.09765625 0.017578125 0.107421875 0.0205078125 0.1103515625 0.02978515625 0.1103515625 0.0341796875 0.1142578125 0.03564453125 0.119140625 0.03759765625 0.1279296875 0.04345703125 0.1279296875 0.04736328125 0.1298828125 0.05126953125 0.1328125 0.0556640625 0.1318359375 0.06005859375 0.123046875 0.06201171875 0.1279296875 0.06103515625 0.138671875 0.06494140625 0.1455078125 0.0703125 0.1435546875 0.0751953125 0.1435546875 0.078125 0.1494140625 0.076171875 0.1552734375 0.07958984375 0.1630859375 0.08349609375 0.1669921875 0.08740234375 0.169921875 0.09375 0.1728515625 0.0966796875 0.1767578125 0.0986328125 0.1689453125 0.107421875 0.171875 0.11328125 0.17578125 0.11474609375 0.173828125 0.11767578125 0.17578125 0.11962890625 0.181640625 0.12548828125 0.1865234375 0.12841796875 0.1923828125 0.1328125 0.197265625 0.13818359375 0.203125 0.14208984375 0.2021484375 0.1455078125 0.1962890625 0.146484375 0.193359375 0.1484375 0.197265625 0.1474609375 0.2041015625 0.146484375 0.2119140625 0.15283203125 0.2236328125 0.1572265625 0.2294921875 0.1474609375 0.23046875 0.15185546875 0.2451171875 0.14794921875 0.240234375 0.14697265625 0.2451171875 0.15283203125 0.2490234375 0.1494140625 0.251953125 0.15087890625 0.2568359375 0.158203125 0.2626953125 0.166015625 0.275390625 0.17041015625 0.2841796875 0.1748046875 0.2900390625 0.1787109375 0.294921875 0.16845703125 0.2861328125 0.16259765625 0.27734375 0.150390625 0.263671875 0.15283203125 0.28125 0.15966796875 0.2880859375 0.15185546875 0.28515625 0.1484375 0.2841796875 0.14697265625 0.2890625 0.1494140625 0.296875 0.150390625 0.3056640625 0.15185546875 0.310546875 0.15185546875 0.3154296875 0.1552734375 0.3251953125 0.16015625 0.33203125 0.16162109375 0.3349609375 0.15283203125 0.3310546875 0.15380859375 0.3369140625 0.17041015625 0.3525390625 0.162109375 0.353515625 0.1689453125 0.3603515625 0.1728515625 0.36328125 0.16796875 0.36328125 0.15234375 0.345703125 0.15380859375 0.3603515625 0.1494140625 0.3623046875 0.1484375 0.3603515625 0.1474609375 0.369140625 0.15087890625 0.37890625 0.1572265625 0.388671875 0.15576171875 0.396484375 0.14501953125 0.3935546875 0.1455078125 0.404296875 0.14404296875 0.412109375 0.1455078125 0.41796875 0.140625 0.4140625 0.1396484375 0.419921875 0.14306640625 0.4326171875 0.13720703125 0.4326171875 0.13525390625 0.443359375 0.13916015625 0.4482421875 0.14404296875 0.45703125 0.14697265625 0.462890625 0.15283203125 0.4677734375 0.15576171875 0.4736328125 0.1552734375 0.4775390625 0.142578125 0.4677734375 0.1435546875 0.4794921875 0.158203125 0.5224609375 0.1630859375 0.533203125 0.16796875 0.544921875 0.15966796875 0.5361328125 0.15087890625 0.5205078125 0.14599609375 0.509765625 0.14306640625 0.509765625 0.14501953125 0.515625 0.1474609375 0.5205078125 0.14892578125 0.5283203125 0.1572265625 0.55859375 0.16064453125 0.5712890625 0.162109375 0.57421875 0.15478515625 0.576171875 0.15380859375 0.58203125 0.14990234375 0.583984375 0.146484375 0.5859375 0.1435546875 0.591796875 0.13671875 0.5908203125 0.1298828125 0.5947265625 0.11865234375 0.5966796875 0.1142578125 0.59765625 0.1103515625 0.603515625 0.10400390625 0.603515625 0.1015625 0.60546875 0.103515625 0.6083984375 0.0986328125 0.6103515625 0.0908203125 0.6123046875 0.08203125 0.6123046875
