0 0.19287109375 0.5234375 0.47900390625 0.4638671875 0.73974609375 0.4541015625 1.0 0.5263671875 1.0 1.0 0.0 1.0 0.0 0.5625
1 0.2041015625 0.67578125 0.30712890625 0.6083984375 0.3486328125 0.5791015625 0.3984375 0.55078125 0.4248046875 0.5380859375 0.44287109375 0.529296875 0.45751953125 0.521484375 0.4716796875 0.515625 0.4765625 0.5087890625 0.4736328125 0.5068359375 0.4609375 0.5068359375 0.4443359375 0.50390625 0.35546875 0.5126953125 0.0 0.619140625 0.013671875 0.771484375 0.07080078125 0.7841796875 0.123046875 0.7412109375 0.14208984375 0.72265625
1 0.55517578125 0.505859375 0.54443359375 0.5068359375 0.51025390625 0.5068359375 0.4892578125 0.5087890625 0.46923828125 0.5068359375 0.439453125 0.501953125 0.4482421875 0.4853515625 0.5263671875 0.486328125 0.59912109375 0.484375 0.59912109375 0.49609375 0.5869140625 0.5029296875 0.56982421875 0.5068359375
1 0.8720703125 0.9072265625 0.75048828125 0.740234375 0.60498046875 0.544921875 0.57373046875 0.515625 0.57080078125 0.5087890625 0.57080078125 0.5068359375 0.57666015625 0.5048828125 0.58447265625 0.501953125 0.599609375 0.498046875 0.81201171875 0.5146484375 0.93798828125 0.595703125 1.0 0.6416015625 1.0 1.0 0.9423828125 1.0 0.9326171875 0.9970703125 0.92138671875 0.978515625
2 0.419921875 0.0986328125 0.54345703125 0.087890625 0.54443359375 0.1279296875 0.54541015625 0.1298828125 0.5546875 0.12890625 0.5537109375 0.0791015625 0.556640625 0.0693359375 0.55908203125 0.0693359375 0.5615234375 0.07421875 0.58056640625 0.0732421875 0.580078125 0.0673828125 0.58447265625 0.0673828125 0.58447265625 0.072265625 0.59130859375 0.072265625 0.59130859375 0.09765625 0.60791015625 0.3701171875 0.60400390625 0.4912109375 0.57861328125 0.5 0.56494140625 0.5 0.54736328125 0.4990234375 0.498046875 0.505859375 0.47216796875 0.505859375 0.42236328125 0.505859375 0.40283203125 0.09765625
4 0.4462890625 0.3212890625 0.45263671875 0.33203125 0.455078125 0.3447265625 0.45654296875 0.35546875 0.46142578125 0.36328125 0.4677734375 0.38671875 0.47021484375 0.404296875 0.46533203125 0.4130859375 0.45947265625 0.4189453125 0.45361328125 0.4296875 0.44580078125 0.4384765625 0.43994140625 0.404296875
5 0.5341796875 0.447265625 0.52783203125 0.447265625 0.5126953125 0.4482421875 0.51123046875 0.4521484375 0.5078125 0.45703125 0.5078125 0.4638671875 0.5048828125 0.4638671875 0.50341796875 0.46875 0.5048828125 0.4716796875 0.5048828125 0.4755859375 0.50341796875 0.48046875 0.50341796875 0.4931640625 0.50341796875 0.5048828125 0.50341796875 0.51171875 0.51123046875 0.51171875 0.51171875 0.5068359375 0.51708984375 0.5048828125 0.529296875 0.505859375 0.5419921875 0.50390625 0.5439453125 0.4970703125 0.54296875 0.478515625 0.5419921875 0.4658203125 0.541015625 0.4599609375 0.53759765625 0.453125 0.537109375 0.44921875 0.53662109375 0.4482421875 0.5322265625 0.4482421875
2 0.40478515625 0.017578125 0.4111328125 0.0380859375 0.41015625 0.0439453125 0.41064453125 0.046875 0.416015625 0.0537109375 0.41845703125 0.0615234375 0.42138671875 0.0703125 0.419921875 0.07421875 0.4169921875 0.07421875 0.41650390625 0.07421875 0.4130859375 0.072265625 0.412109375 0.0810546875 0.455078125 0.2021484375 0.45556640625 0.2060546875 0.45458984375 0.208984375 0.45361328125 0.2099609375 0.4501953125 0.2119140625 0.44873046875 0.2177734375 0.44775390625 0.2294921875 0.4482421875 0.2431640625 0.45166015625 0.5087890625 0.41845703125 0.5126953125 0.37744140625 0.52734375 0.35546875 0.5322265625 0.34912109375 0.5341796875 0.35009765625 0.5380859375 0.33740234375 0.5419921875 0.3271484375 0.5419921875 0.25732421875 0.5703125 0.15234375 0.615234375 0.15234375 0.623046875 0.150390625 0.6259765625 0.1455078125 0.6259765625 0.140625 0.623046875 0.138671875 0.6220703125 0.10546875 0.6357421875 0.0146484375 0.65234375 0.0 0.6552734375 0.0 0.0 0.39697265625 0.0 0.3994140625 0.0009765625 0.400390625 0.0048828125 0.39892578125 0.009765625 0.3994140625 0.01171875
5 0.1318359375 0.6494140625 0.14111328125 0.701171875 0.1455078125 0.734375 0.14697265625 0.7705078125 0.14453125 0.8037109375 0.14306640625 0.83203125 0.14111328125 0.8486328125 0.13330078125 0.8603515625 0.13818359375 0.884765625 0.12841796875 0.8916015625 0.1259765625 0.9404296875 0.12353515625 0.9580078125 0.11865234375 0.98046875 0.11279296875 0.9970703125 0.1005859375 1.0 0.0869140625 1.0 0.0 1.0 0.0 0.52734375 0.0 0.5126953125 0.0009765625 0.5205078125 0.00341796875 0.52734375 0.0048828125 0.5302734375 0.02783203125 0.5263671875 0.03564453125 0.53125 0.04150390625 0.544921875 0.044921875 0.560546875 0.04736328125 0.5810546875 0.0478515625 0.587890625 0.0595703125 0.587890625 0.0751953125 0.599609375 0.10595703125 0.619140625 0.12548828125 0.63671875 0.130859375 0.6416015625
2 0.56591796875 0.1240234375 0.5810546875 0.1689453125 0.5830078125 0.505859375 0.63330078125 0.501953125 0.634765625 0.505859375 0.640625 0.505859375 0.65283203125 0.5068359375 0.6630859375 0.513671875 0.6689453125 0.5146484375 0.681640625 0.515625 0.68603515625 0.515625 0.693359375 0.51953125 0.70849609375 0.5263671875 0.7060546875 0.53515625 0.7197265625 0.5380859375 0.7890625 0.5615234375 0.81201171875 0.576171875 0.82763671875 0.5859375 0.83642578125 0.5869140625 0.90185546875 0.6142578125 0.9677734375 0.650390625 0.99853515625 0.666015625 1.0 0.6689453125 1.0 0.0 0.59716796875 0.0 0.59619140625 0.0009765625 0.59619140625 0.013671875 0.59521484375 0.017578125 0.59814453125 0.02734375 0.5986328125 0.033203125 0.60009765625 0.041015625 0.60107421875 0.0693359375 0.599609375 0.07421875 0.59814453125 0.0810546875 0.59521484375 0.087890625 0.59326171875 0.0947265625 0.58837890625 0.099609375 0.57958984375 0.1064453125 0.5732421875 0.115234375 0.568359375 0.12109375
