0 0.01220703125 0.4873046875 0.3515625 0.443359375 0.56884765625 0.4140625 0.76171875 0.41796875 0.84814453125 0.4296875 1.0 0.5283203125 1.0 1.0 0.0 1.0 0.0 0.5068359375
2 0.7412109375 0.4443359375 0.71826171875 0.4443359375 0.72265625 0.2421875 0.76708984375 0.2294921875 0.86083984375 0.2275390625 0.83154296875 0.4228515625 0.818359375 0.4482421875 0.7802734375 0.44921875 0.75537109375 0.44921875
1 0.75830078125 0.9091796875 0.6728515625 0.7021484375 0.65625 0.642578125 0.65234375 0.6103515625 0.6552734375 0.587890625 0.66162109375 0.576171875 0.6767578125 0.5595703125 0.71142578125 0.53515625 0.7412109375 0.5205078125 0.75732421875 0.5078125 0.77587890625 0.4931640625 0.79150390625 0.4765625 0.81396484375 0.4658203125 0.99609375 0.6728515625 1.0 0.673828125 1.0 1.0 0.7958984375 1.0 0.79150390625 0.99609375 0.7724609375 0.943359375
1 0.013671875 0.697265625 0.10888671875 0.6416015625 0.16796875 0.609375 0.2275390625 0.5771484375 0.24853515625 0.5673828125 0.2490234375 0.560546875 0.2470703125 0.556640625 0.23974609375 0.5546875 0.21826171875 0.552734375 0.18798828125 0.5517578125 0.1591796875 0.548828125 0.1416015625 0.546875 0.12255859375 0.5419921875 0.0 0.5537109375 0.00048828125 0.70703125 0.00537109375 0.7021484375
1 0.29638671875 0.5390625 0.337890625 0.5380859375 0.35546875 0.5380859375 0.3681640625 0.537109375 0.380859375 0.529296875 0.396484375 0.5244140625 0.42041015625 0.5185546875 0.46630859375 0.50390625 0.4990234375 0.4892578125 0.486328125 0.4677734375 0.453125 0.4482421875 0.18310546875 0.4619140625 0.12255859375 0.4990234375 0.12939453125 0.533203125 0.14306640625 0.5419921875 0.1640625 0.54296875 0.201171875 0.5419921875 0.23046875 0.541015625 0.2626953125 0.541015625
5 0.76708984375 0.4345703125 0.7666015625 0.4462890625 0.76318359375 0.44921875 0.7626953125 0.44921875 0.76171875 0.4541015625 0.75732421875 0.453125 0.75341796875 0.4521484375 0.75 0.4375 0.74658203125 0.42578125 0.74658203125 0.421875 0.748046875 0.4189453125 0.7509765625 0.41796875 0.75537109375 0.41796875 0.7587890625 0.41796875 0.76025390625 0.41796875 0.76220703125 0.4208984375 0.7666015625 0.4248046875
4 0.7412109375 0.375 0.74169921875 0.4287109375 0.74658203125 0.4326171875 0.74658203125 0.3896484375 0.74755859375 0.3662109375 0.75146484375 0.359375 0.75244140625 0.34765625 0.75244140625 0.34375 0.7587890625 0.3427734375 0.76123046875 0.33984375 0.76123046875 0.3583984375 0.76416015625 0.37109375 0.7646484375 0.3779296875 0.77392578125 0.38671875 0.7841796875 0.396484375 0.791015625 0.39453125 0.7978515625 0.3681640625 0.8037109375 0.1708984375 0.7978515625 0.0 0.705078125 0.0 0.68505859375 0.0 0.68505859375 0.0 0.6455078125 0.0 0.60205078125 0.0 0.58251953125 0.1376953125 0.5625 0.251953125 0.5712890625 0.3583984375 0.73486328125 0.373046875
5 0.74951171875 0.458984375 0.7470703125 0.4580078125 0.74658203125 0.45703125 0.74267578125 0.455078125 0.73779296875 0.455078125 0.73388671875 0.4443359375 0.73388671875 0.427734375 0.734375 0.421875 0.73583984375 0.419921875 0.74072265625 0.4189453125 0.7451171875 0.419921875 0.74853515625 0.419921875 0.751953125 0.4287109375 0.7529296875 0.4287109375 0.75537109375 0.4287109375 0.75634765625 0.4306640625 0.75341796875 0.4345703125 0.75390625 0.4384765625 0.75439453125 0.44140625 0.755859375 0.4521484375 0.75537109375 0.4580078125
5 0.73876953125 0.4619140625 0.736328125 0.4619140625 0.73291015625 0.4638671875 0.72705078125 0.4619140625 0.72509765625 0.4267578125 0.7275390625 0.412109375 0.7314453125 0.412109375 0.73388671875 0.4150390625 0.736328125 0.423828125 0.73828125 0.4296875 0.73974609375 0.435546875 0.73974609375 0.4462890625 0.73974609375 0.458984375
2 0.17919921875 0.4931640625 0.111328125 0.380859375 0.1181640625 0.0 0.51904296875 0.0 0.5419921875 0.1513671875 0.55078125 0.173828125 0.56689453125 0.2099609375 0.57080078125 0.2294921875 0.5654296875 0.248046875 0.56201171875 0.2607421875 0.55517578125 0.4580078125 0.32568359375 0.453125 0.19921875 0.4833984375
4 0.5244140625 0.3251953125 0.51708984375 0.2763671875 0.51513671875 0.2470703125 0.5166015625 0.2216796875 0.51708984375 0.201171875 0.51611328125 0.173828125 0.5126953125 0.169921875 0.5068359375 0.1806640625 0.49853515625 0.1865234375 0.48828125 0.1826171875 0.4833984375 0.173828125 0.47900390625 0.1787109375 0.4697265625 0.1669921875 0.4619140625 0.154296875 0.45263671875 0.15234375 0.44140625 0.1171875 0.43603515625 0.0361328125 0.4423828125 0.0 0.5517578125 0.0 0.599609375 0.0 0.62109375 0.0 0.6220703125 0.03515625 0.59228515625 0.22265625 0.57470703125 0.2373046875 0.5673828125 0.236328125 0.5634765625 0.2294921875 0.5576171875 0.22265625 0.55078125 0.2158203125 0.54150390625 0.205078125 0.5419921875 0.19140625 0.5419921875 0.1796875 0.53662109375 0.171875 0.5341796875 0.1728515625 0.52490234375 0.1767578125 0.52685546875 0.208984375 0.53271484375 0.3125
4 0.478515625 0.275390625 0.47998046875 0.2353515625 0.48046875 0.1826171875 0.4609375 0.1572265625 0.4462890625 0.0830078125 0.439453125 0.0107421875 0.5048828125 0.021484375 0.5205078125 0.052734375 0.5146484375 0.1025390625 0.5029296875 0.1689453125 0.49267578125 0.1884765625 0.48681640625 0.1884765625 0.48876953125 0.275390625
4 0.4384765625 0.4169921875 0.43896484375 0.279296875 0.4384765625 0.1826171875 0.43603515625 0.1767578125 0.43603515625 0.1826171875 0.4306640625 0.1865234375 0.42578125 0.1767578125 0.419921875 0.1689453125 0.419921875 0.1689453125 0.404296875 0.1494140625 0.3857421875 0.11328125 0.376953125 0.0048828125 0.3798828125 0.0 0.4326171875 0.0 0.482421875 0.0 0.49658203125 0.009765625 0.49169921875 0.1005859375 0.4814453125 0.1337890625 0.470703125 0.1552734375 0.4619140625 0.1640625 0.462890625 0.169921875 0.46533203125 0.193359375 0.462890625 0.208984375 0.45703125 0.21484375 0.4501953125 0.212890625 0.4443359375 0.2177734375 0.4443359375 0.3251953125 0.447265625 0.4111328125
4 0.3876953125 0.421875 0.38623046875 0.3017578125 0.38623046875 0.2490234375 0.38427734375 0.2451171875 0.37939453125 0.251953125 0.375 0.25 0.36962890625 0.2275390625 0.36279296875 0.2099609375 0.357421875 0.1904296875 0.34814453125 0.1669921875 0.33984375 0.146484375 0.3359375 0.134765625 0.32421875 0.126953125 0.32177734375 0.1025390625 0.32666015625 0.0927734375 0.3349609375 0.1015625 0.33447265625 0.087890625 0.33447265625 0.0791015625 0.328125 0.0751953125 0.32763671875 0.0625 0.3232421875 0.0556640625 0.31982421875 0.0478515625 0.3125 0.046875 0.3095703125 0.0 0.4404296875 0.0 0.4423828125 0.0322265625 0.416015625 0.1181640625 0.412109375 0.1943359375 0.41357421875 0.2294921875 0.4111328125 0.2470703125 0.40576171875 0.2490234375 0.39697265625 0.2470703125 0.39306640625 0.24609375 0.39306640625 0.42578125
4 0.16552734375 0.416015625 0.16650390625 0.3046875 0.158203125 0.29296875 0.140625 0.27734375 0.1279296875 0.2392578125 0.1298828125 0.220703125 0.14013671875 0.228515625 0.14794921875 0.21875 0.15869140625 0.2099609375 0.1572265625 0.1884765625 0.15869140625 0.1748046875 0.166015625 0.1787109375 0.1748046875 0.1943359375 0.1796875 0.2119140625 0.18701171875 0.2099609375 0.1923828125 0.2265625 0.1962890625 0.2392578125 0.19677734375 0.263671875 0.19140625 0.2763671875 0.18115234375 0.287109375 0.17236328125 0.2958984375 0.17041015625 0.302734375 0.169921875 0.4072265625
3 0.23193359375 0.3916015625 0.29736328125 0.3974609375 0.34423828125 0.40234375 0.3818359375 0.4052734375 0.38232421875 0.4013671875 0.40966796875 0.40234375 0.43359375 0.4052734375 0.46044921875 0.4052734375 0.45654296875 0.453125 0.44189453125 0.4560546875 0.3974609375 0.4599609375 0.384765625 0.4609375 0.34130859375 0.46484375 0.2763671875 0.46875 0.2265625 0.47265625 0.22265625 0.470703125 0.2236328125 0.3916015625
4 0.40869140625 0.5087890625 0.40771484375 0.25390625 0.4033203125 0.2578125 0.390625 0.251953125 0.3935546875 0.240234375 0.3896484375 0.23046875 0.38525390625 0.232421875 0.3818359375 0.2431640625 0.3701171875 0.2412109375 0.36279296875 0.2255859375 0.3583984375 0.2138671875 0.35205078125 0.2021484375 0.3505859375 0.185546875 0.35400390625 0.169921875 0.34423828125 0.1591796875 0.3349609375 0.138671875 0.3369140625 0.087890625 0.359375 0.076171875 0.40234375 0.072265625 0.423828125 0.09375 0.44287109375 0.12890625 0.44677734375 0.162109375 0.44384765625 0.1826171875 0.43896484375 0.2138671875 0.4365234375 0.2236328125 0.42919921875 0.23046875 0.427734375 0.236328125 0.42724609375 0.396484375 0.423828125 0.4833984375 0.42626953125 0.5078125 0.42138671875 0.5126953125
2 0.146484375 0.0185546875 0.1455078125 0.099609375 0.1328125 0.1015625 0.1328125 0.197265625 0.134765625 0.5341796875 0.138671875 0.537109375 0.14013671875 0.5546875 0.0087890625 0.5966796875 0.0 0.59765625 0.0 0.0 0.14697265625 0.0 0.14697265625 0.0009765625
2 0.7900390625 0.046875 0.79248046875 0.208984375 0.79345703125 0.373046875 0.7939453125 0.62890625 0.7939453125 0.63671875 0.8642578125 0.6982421875 1.0 0.68359375 1.0 0.0 0.78955078125 0.0 0.79052734375 0.0087890625
