0 0.54296875 0.4248046875 0.43408203125 0.4375 0.0 0.623046875 0.0 1.0 0.99951171875 1.0 1.0 0.5068359375 0.65576171875 0.4306640625
1 0.3046875 0.435546875 0.0 0.48828125 0.0 0.7451171875 0.1650390625 0.642578125 0.28173828125 0.57421875 0.337890625 0.53515625 0.3857421875 0.5068359375 0.443359375 0.470703125 0.45263671875 0.4658203125 0.4541015625 0.4619140625 0.45361328125 0.4580078125 0.45849609375 0.453125 0.46240234375 0.4375 0.44921875 0.41796875
1 0.77001953125 0.5703125 0.748046875 0.5703125 0.7265625 0.568359375 0.70751953125 0.5654296875 0.6953125 0.560546875 0.6826171875 0.5537109375 0.65771484375 0.5380859375 0.62939453125 0.5244140625 0.6083984375 0.4833984375 0.671875 0.44921875 0.82080078125 0.4892578125 0.8173828125 0.53125
2 0.48193359375 0.19140625 0.44482421875 0.19140625 0.43896484375 0.1826171875 0.43896484375 0.1328125 0.443359375 0.1298828125 0.44482421875 0.1201171875 0.43603515625 0.078125 0.4365234375 0.0732421875 0.4404296875 0.0703125 0.43896484375 0.0615234375 0.43505859375 0.05859375 0.43798828125 0.0576171875 0.435546875 0.046875 0.43359375 0.046875 0.4345703125 0.0400390625 0.43310546875 0.033203125 0.40869140625 0.0068359375 0.40771484375 0.0009765625 0.0 0.0009765625 0.0 0.6123046875 0.0244140625 0.599609375 0.083984375 0.5732421875 0.1005859375 0.5673828125 0.14990234375 0.5498046875 0.1689453125 0.54296875 0.181640625 0.537109375 0.19287109375 0.5361328125 0.212890625 0.52734375 0.22509765625 0.5234375 0.2265625 0.521484375 0.24462890625 0.51953125 0.25634765625 0.517578125 0.26416015625 0.513671875 0.2880859375 0.5107421875 0.28515625 0.5009765625 0.3125 0.494140625 0.33984375 0.4873046875 0.3525390625 0.48046875 0.37451171875 0.47265625 0.4091796875 0.4619140625 0.4306640625 0.4541015625 0.435546875 0.453125 0.44140625 0.44921875 0.455078125 0.4482421875 0.49072265625 0.4482421875 0.5185546875 0.44921875 0.66357421875 0.498046875 0.67578125 0.4970703125 0.6953125 0.50390625 0.71875 0.5126953125 0.72998046875 0.515625 0.74853515625 0.5146484375 0.7685546875 0.5322265625 0.78173828125 0.5380859375 1.0 0.5419921875 1.0 0.0009765625 0.5947265625 0.0009765625 0.59521484375 0.0322265625 0.5869140625 0.0576171875 0.58984375 0.0595703125 0.5927734375 0.0625 0.5927734375 0.109375 0.58447265625 0.1171875 0.5849609375 0.123046875 0.5849609375 0.126953125 0.58740234375 0.1298828125 0.5869140625 0.1416015625 0.58349609375 0.1435546875 0.58349609375 0.1484375 0.56982421875 0.1669921875 0.56689453125 0.16796875 0.56689453125 0.1708984375 0.5634765625 0.171875 0.5634765625 0.1875 0.55810546875 0.1826171875 0.5576171875 0.1630859375 0.5478515625 0.1640625 0.54736328125 0.1787109375 0.5439453125 0.17578125 0.5166015625 0.1787109375 0.5166015625 0.162109375 0.51318359375 0.1591796875 0.51318359375 0.1455078125 0.5087890625 0.15234375 0.51220703125 0.1552734375 0.51220703125 0.1572265625 0.509765625 0.1611328125 0.51025390625 0.1796875 0.4931640625 0.1796875 0.49267578125 0.1689453125 0.48974609375 0.1689453125 0.48681640625 0.1865234375 0.48388671875 0.185546875
5 0.52880859375 0.419921875 0.52197265625 0.419921875 0.52099609375 0.423828125 0.52099609375 0.4306640625 0.5185546875 0.4365234375 0.51904296875 0.4404296875 0.51953125 0.4453125 0.51806640625 0.4560546875 0.51806640625 0.4638671875 0.51953125 0.4677734375 0.521484375 0.46875 0.5302734375 0.43359375
5 0.53857421875 0.416015625 0.5283203125 0.41796875 0.52685546875 0.4208984375 0.52490234375 0.4326171875 0.52294921875 0.4345703125 0.52197265625 0.44140625 0.521484375 0.4501953125 0.52099609375 0.4599609375 0.52099609375 0.4677734375 0.52197265625 0.4697265625 0.55078125 0.4296875 0.5537109375 0.421875 0.5478515625 0.4169921875
5 0.5361328125 0.4736328125 0.529296875 0.47265625 0.529296875 0.4794921875 0.52880859375 0.48046875 0.525390625 0.48046875 0.52294921875 0.4765625 0.52099609375 0.4736328125 0.5205078125 0.4677734375 0.521484375 0.455078125 0.5234375 0.4462890625 0.52490234375 0.4423828125 0.52294921875 0.44140625 0.5224609375 0.4384765625 0.5234375 0.4365234375 0.52685546875 0.4345703125 0.5283203125 0.4287109375 0.52978515625 0.423828125 0.53369140625 0.421875 0.54443359375 0.421875 0.54833984375 0.4248046875
5 0.48486328125 0.44921875 0.484375 0.4423828125 0.48388671875 0.435546875 0.48193359375 0.4287109375 0.47998046875 0.4248046875 0.47509765625 0.4248046875 0.4775390625 0.453125 0.47900390625 0.4541015625 0.48193359375 0.4541015625 0.484375 0.4521484375
5 0.45654296875 0.4267578125 0.45458984375 0.4287109375 0.45361328125 0.4296875 0.4541015625 0.431640625 0.45556640625 0.43359375 0.45458984375 0.4443359375 0.45556640625 0.4521484375 0.45556640625 0.458984375 0.4609375 0.458984375 0.4619140625 0.455078125 0.474609375 0.455078125 0.4755859375 0.4580078125 0.47607421875 0.458984375 0.47900390625 0.458984375 0.47900390625 0.4501953125 0.478515625 0.435546875 0.47900390625 0.43359375 0.47998046875 0.4326171875 0.47998046875 0.4306640625 0.47998046875 0.4296875 0.4775390625 0.4296875 0.47705078125 0.419921875 0.4765625 0.4140625 0.47509765625 0.412109375 0.458984375 0.412109375 0.4580078125 0.412109375 0.45703125 0.416015625
5 0.4892578125 0.45703125 0.48876953125 0.4501953125 0.48876953125 0.4443359375 0.48974609375 0.4375 0.48974609375 0.435546875 0.4892578125 0.4345703125 0.48876953125 0.4326171875 0.490234375 0.4306640625 0.4912109375 0.4296875 0.4921875 0.4248046875 0.4931640625 0.421875 0.49853515625 0.419921875 0.50439453125 0.4208984375 0.50732421875 0.4228515625 0.5087890625 0.427734375 0.50927734375 0.4306640625 0.5107421875 0.431640625 0.51123046875 0.4345703125 0.50927734375 0.4365234375 0.51025390625 0.4443359375 0.5107421875 0.453125 0.51025390625 0.4580078125 0.5087890625 0.458984375 0.50732421875 0.4580078125 0.50732421875 0.4541015625 0.5 0.453125 0.49365234375 0.453125 0.4931640625 0.455078125 0.4931640625 0.4580078125 0.4912109375 0.4580078125
4 0.43896484375 0.3603515625 0.4326171875 0.349609375 0.431640625 0.345703125 0.42529296875 0.3408203125 0.423828125 0.3369140625 0.41943359375 0.3310546875 0.41162109375 0.328125 0.40771484375 0.330078125 0.4072265625 0.404296875 0.408203125 0.4609375 0.408203125 0.462890625 0.41357421875 0.462890625 0.4169921875 0.46484375 0.42041015625 0.4638671875 0.42919921875 0.4619140625 0.43212890625 0.4599609375 0.43212890625 0.4580078125 0.42919921875 0.453125 0.4306640625 0.4189453125 0.43115234375 0.4111328125 0.43017578125 0.4033203125 0.43115234375 0.3984375 0.4326171875 0.390625 0.43310546875 0.3828125 0.43603515625 0.37890625 0.4384765625 0.373046875 0.4384765625 0.3662109375
5 0.548828125 0.4912109375 0.54638671875 0.4912109375 0.54638671875 0.4970703125 0.54541015625 0.5 0.54150390625 0.4990234375 0.5390625 0.49609375 0.53564453125 0.4951171875 0.53466796875 0.48828125 0.53466796875 0.470703125 0.53662109375 0.4580078125 0.5380859375 0.451171875 0.53662109375 0.44921875 0.5341796875 0.4482421875 0.53369140625 0.4462890625 0.5341796875 0.443359375 0.53515625 0.44140625 0.53759765625 0.44140625 0.53857421875 0.443359375 0.53955078125 0.4443359375 0.5419921875 0.4365234375 0.5439453125 0.4287109375 0.546875 0.423828125 0.5498046875 0.421875 0.55517578125 0.419921875 0.56494140625 0.419921875 0.5703125 0.4267578125
5 0.576171875 0.419921875 0.56494140625 0.419921875 0.56005859375 0.421875 0.55615234375 0.431640625 0.55224609375 0.4423828125 0.54931640625 0.4423828125 0.54833984375 0.4443359375 0.54833984375 0.44921875 0.5498046875 0.4521484375 0.54736328125 0.466796875 0.54736328125 0.4775390625 0.5478515625 0.4951171875 0.54833984375 0.5029296875 0.5498046875 0.5048828125 0.5517578125 0.5048828125 0.55322265625 0.5068359375 0.55810546875 0.5078125 0.55908203125 0.505859375 0.5595703125 0.5009765625 0.56396484375 0.5009765625 0.5712890625 0.4677734375 0.57763671875 0.4267578125 0.57763671875 0.4208984375
5 0.58837890625 0.41796875 0.57763671875 0.4189453125 0.5751953125 0.4208984375 0.57275390625 0.4306640625 0.5693359375 0.4443359375 0.5654296875 0.4462890625 0.564453125 0.4482421875 0.564453125 0.453125 0.56689453125 0.4560546875 0.56298828125 0.46875 0.56298828125 0.4755859375 0.5634765625 0.4951171875 0.56298828125 0.5068359375 0.56298828125 0.5126953125 0.56396484375 0.513671875 0.56689453125 0.515625 0.5673828125 0.5185546875 0.56884765625 0.521484375 0.5732421875 0.521484375 0.5849609375 0.4541015625 0.5888671875 0.4208984375
5 0.62255859375 0.40625 0.607421875 0.40625 0.5947265625 0.4072265625 0.58984375 0.4091796875 0.58740234375 0.4169921875 0.5810546875 0.4404296875 0.580078125 0.44140625 0.580078125 0.4375 0.5771484375 0.43359375 0.57421875 0.4345703125 0.5712890625 0.4365234375 0.5712890625 0.44140625 0.57275390625 0.4462890625 0.57666015625 0.451171875 0.5732421875 0.4677734375 0.5732421875 0.4775390625 0.572265625 0.5068359375 0.57275390625 0.525390625 0.57373046875 0.5322265625 0.57470703125 0.533203125 0.58056640625 0.5341796875 0.58154296875 0.5390625 0.5830078125 0.54296875 0.58642578125 0.5439453125 0.5908203125 0.5439453125 0.5927734375 0.5390625 0.5927734375 0.5263671875 0.5966796875 0.5283203125 0.60205078125 0.525390625 0.61572265625 0.525390625 0.62451171875 0.52734375 0.626953125 0.52734375 0.6337890625 0.5263671875 0.6337890625 0.5361328125 0.634765625 0.5419921875 0.638671875 0.5439453125 0.64208984375 0.5439453125 0.64404296875 0.5419921875 0.64501953125 0.5341796875 0.64501953125 0.5302734375 0.6484375 0.533203125 0.64892578125 0.5400390625 0.650390625 0.5478515625 0.65185546875 0.548828125 0.65869140625 0.5498046875 0.66064453125 0.5439453125 0.662109375 0.5302734375 0.66259765625 0.505859375 0.66357421875 0.490234375 0.66357421875 0.47265625 0.6611328125 0.4638671875 0.65966796875 0.4521484375 0.65673828125 0.4423828125 0.650390625 0.41796875 0.64794921875 0.412109375 0.6455078125 0.4111328125 0.6279296875 0.4072265625
5 0.7666015625 0.6279296875 0.7626953125 0.60546875 0.76416015625 0.587890625 0.76611328125 0.5712890625 0.7685546875 0.5517578125 0.775390625 0.5341796875 0.7861328125 0.5234375 0.8037109375 0.509765625 0.78955078125 0.5068359375 0.787109375 0.5048828125 0.787109375 0.48828125 0.7890625 0.48046875 0.79296875 0.478515625 0.81103515625 0.4775390625 0.82666015625 0.443359375 0.841796875 0.4150390625 0.84765625 0.4072265625 0.8544921875 0.4013671875 0.88037109375 0.392578125 0.923828125 0.3896484375 0.96630859375 0.3896484375 1.0 0.3935546875 1.0 0.7763671875 0.9208984375 0.7705078125 0.91748046875 0.79296875 0.9111328125 0.810546875 0.89990234375 0.8203125 0.888671875 0.8232421875 0.875 0.8115234375 0.8681640625 0.787109375 0.86669921875 0.74609375 0.8662109375 0.728515625 0.798828125 0.681640625 0.798828125 0.701171875 0.7958984375 0.7119140625 0.7890625 0.71875 0.77978515625 0.71875 0.77197265625 0.708984375 0.76708984375 0.671875 0.7666015625 0.640625
