0 0.021484375 0.392578125 0.3671875 0.3681640625 0.53369140625 0.3681640625 0.97021484375 0.42578125 1.0 0.5166015625 1.0 1.0 0.0 1.0 0.0 0.42578125
1 0.3232421875 0.470703125 0.23779296875 0.5107421875 0.1826171875 0.447265625 0.3271484375 0.4345703125
2 0.513671875 0.046875 0.44384765625 0.1259765625 0.41259765625 0.140625 0.3447265625 0.169921875 0.3642578125 0.4150390625 0.41650390625 0.4267578125 0.47998046875 0.431640625 0.53271484375 0.4345703125 0.5859375 0.4365234375 0.65673828125 0.416015625 0.677734375 0.421875 0.73291015625 0.0 0.56298828125 0.0 0.5517578125 0.001953125 0.54345703125 0.01171875
4 0.42041015625 0.359375 0.421875 0.4091796875 0.416015625 0.4072265625 0.41552734375 0.361328125 0.40869140625 0.36328125 0.40087890625 0.361328125 0.39990234375 0.359375 0.396484375 0.3583984375 0.39697265625 0.3818359375 0.396484375 0.412109375 0.39453125 0.421875 0.39404296875 0.3974609375 0.39453125 0.3798828125 0.39453125 0.36328125 0.39404296875 0.35546875 0.392578125 0.353515625 0.38671875 0.3544921875 0.3779296875 0.3583984375 0.3681640625 0.3486328125 0.36181640625 0.212890625 0.36669921875 0.1826171875 0.38720703125 0.13671875 0.4033203125 0.1328125 0.41943359375 0.1416015625 0.431640625 0.1591796875 0.43212890625 0.3447265625 0.43212890625 0.349609375 0.431640625 0.3525390625 0.42919921875 0.3603515625 0.4248046875 0.3623046875 0.4228515625 0.3623046875
2 0.375 0.2265625 0.3759765625 0.4072265625 0.3759765625 0.4375 0.3232421875 0.46875 0.28125 0.474609375 0.26123046875 0.4814453125 0.1337890625 0.517578125 0.0 0.5439453125 0.0 0.0 0.37548828125 0.0 0.3759765625 0.1875
5 0.423828125 0.3994140625 0.42822265625 0.4033203125 0.4296875 0.408203125 0.43115234375 0.4130859375 0.43408203125 0.4140625 0.43359375 0.4189453125 0.43115234375 0.421875 0.43115234375 0.4306640625 0.4326171875 0.4501953125 0.431640625 0.45703125 0.42919921875 0.45703125 0.42822265625 0.4482421875 0.4208984375 0.4228515625 0.4091796875 0.40625 0.41064453125 0.400390625 0.412109375 0.3994140625 0.416015625 0.3984375 0.41748046875 0.3984375
5 0.423828125 0.4599609375 0.419921875 0.4609375 0.41845703125 0.4580078125 0.41162109375 0.4560546875 0.400390625 0.455078125 0.3974609375 0.42578125 0.3974609375 0.4052734375 0.39892578125 0.4013671875 0.40625 0.3984375 0.412109375 0.3984375 0.42431640625 0.404296875 0.427734375 0.412109375 0.4287109375 0.4140625 0.4306640625 0.4169921875 0.42919921875 0.4189453125 0.42919921875 0.42578125 0.4306640625 0.4345703125 0.43115234375 0.4443359375 0.431640625 0.4541015625 0.4296875 0.4580078125 0.42919921875 0.4619140625
4 0.390625 0.4228515625 0.39111328125 0.380859375 0.38916015625 0.349609375 0.39306640625 0.2294921875 0.39453125 0.2197265625 0.41552734375 0.208984375 0.421875 0.2041015625 0.4267578125 0.1923828125 0.427734375 0.1689453125 0.43603515625 0.1689453125 0.4521484375 0.17578125 0.45751953125 0.171875 0.46240234375 0.1474609375 0.46240234375 0.1259765625 0.46044921875 0.11328125 0.4560546875 0.095703125 0.4599609375 0.0888671875 0.4658203125 0.0791015625 0.46630859375 0.05859375 0.46484375 0.0302734375 0.470703125 0.03515625 0.47998046875 0.0341796875 0.4765625 0.025390625 0.466796875 0.0 0.33837890625 0.013671875 0.3427734375 0.060546875 0.34033203125 0.09765625 0.33349609375 0.1103515625 0.32763671875 0.11328125 0.32275390625 0.1181640625 0.32275390625 0.12890625 0.32470703125 0.1455078125 0.32421875 0.15625 0.32080078125 0.1611328125 0.31884765625 0.1689453125 0.3173828125 0.2099609375 0.3173828125 0.224609375 0.32421875 0.21484375 0.32958984375 0.2041015625 0.33251953125 0.1865234375 0.33837890625 0.1875 0.34814453125 0.1904296875 0.35205078125 0.1923828125 0.34716796875 0.205078125 0.3466796875 0.2138671875 0.3427734375 0.2255859375 0.3388671875 0.240234375 0.34814453125 0.2412109375 0.35205078125 0.2421875 0.3525390625 0.2607421875 0.36083984375 0.2548828125 0.3671875 0.2412109375 0.36865234375 0.2265625 0.37451171875 0.2177734375 0.37841796875 0.2197265625 0.38818359375 0.2412109375 0.3837890625 0.4140625
5 0.39453125 0.474609375 0.38916015625 0.4765625 0.3857421875 0.47265625 0.38427734375 0.470703125 0.376953125 0.470703125 0.3701171875 0.4697265625 0.3623046875 0.4716796875 0.357421875 0.435546875 0.3564453125 0.41796875 0.35693359375 0.408203125 0.359375 0.3994140625 0.361328125 0.3974609375 0.36474609375 0.3935546875 0.36865234375 0.3935546875 0.37841796875 0.39453125 0.3876953125 0.3955078125 0.39208984375 0.396484375 0.39599609375 0.3994140625 0.40185546875 0.4140625 0.404296875 0.42578125 0.4052734375 0.4453125 0.4052734375 0.4599609375 0.4052734375 0.47265625 0.40185546875 0.4736328125 0.39892578125 0.474609375 0.3974609375 0.4658203125 0.396484375 0.4658203125 0.396484375 0.4716796875
4 0.35693359375 0.3798828125 0.35693359375 0.43359375 0.36474609375 0.4384765625 0.36328125 0.3984375 0.36279296875 0.349609375 0.36328125 0.298828125 0.365234375 0.2734375 0.365234375 0.23828125 0.3662109375 0.19140625 0.3662109375 0.1416015625 0.36669921875 0.10546875 0.39892578125 0.1005859375 0.40576171875 0.0966796875 0.41650390625 0.0634765625 0.419921875 0.0166015625 0.41943359375 0.0 0.27880859375 0.0 0.2734375 0.0 0.27490234375 0.0048828125 0.27734375 0.021484375 0.2802734375 0.0380859375 0.28125 0.0556640625 0.287109375 0.0595703125 0.29638671875 0.0595703125 0.29052734375 0.06640625 0.2939453125 0.0859375 0.2900390625 0.099609375 0.28564453125 0.1171875 0.2841796875 0.1396484375 0.291015625 0.1396484375 0.29931640625 0.1279296875 0.30322265625 0.0986328125 0.30615234375 0.095703125 0.31640625 0.10546875 0.32763671875 0.111328125 0.33740234375 0.107421875 0.34814453125 0.1181640625 0.359375 0.119140625 0.3603515625 0.12890625 0.3603515625 0.173828125 0.35986328125 0.228515625 0.35986328125 0.259765625 0.3564453125 0.306640625 0.357421875 0.341796875
5 0.31298828125 0.390625 0.30322265625 0.416015625 0.30224609375 0.4140625 0.298828125 0.416015625 0.29736328125 0.4208984375 0.2998046875 0.4248046875 0.29541015625 0.43359375 0.2939453125 0.4423828125 0.29248046875 0.458984375 0.29248046875 0.48046875 0.2939453125 0.4892578125 0.30078125 0.4931640625 0.3046875 0.4912109375 0.30517578125 0.48046875 0.328125 0.48046875 0.3447265625 0.482421875 0.34619140625 0.482421875 0.34619140625 0.4931640625 0.35302734375 0.494140625 0.357421875 0.490234375 0.35888671875 0.486328125 0.361328125 0.486328125 0.36767578125 0.482421875 0.3662109375 0.453125 0.36474609375 0.42578125 0.36083984375 0.41015625 0.3583984375 0.4013671875 0.3544921875 0.392578125 0.349609375 0.3896484375
4 0.25439453125 0.033203125 0.25537109375 0.4677734375 0.244140625 0.458984375 0.24365234375 0.33203125 0.24365234375 0.0 0.2548828125 0.0
5 0.224609375 0.572265625 0.21533203125 0.5732421875 0.2109375 0.5732421875 0.2060546875 0.5517578125 0.1884765625 0.5556640625 0.16015625 0.4892578125 0.15625 0.3720703125 0.16552734375 0.369140625 0.1748046875 0.3662109375 0.18310546875 0.3681640625 0.18701171875 0.3720703125 0.2080078125 0.3740234375 0.22607421875 0.376953125 0.22900390625 0.373046875 0.23974609375 0.373046875 0.24169921875 0.375 0.2451171875 0.3837890625 0.2490234375 0.3955078125 0.25634765625 0.4267578125 0.259765625 0.4345703125 0.26318359375 0.4658203125 0.2626953125 0.4931640625 0.2607421875 0.5009765625 0.26123046875 0.52734375 0.26025390625 0.541015625 0.25634765625 0.5498046875 0.2529296875 0.55078125 0.24560546875 0.548828125 0.244140625 0.5390625 0.2431640625 0.533203125 0.24072265625 0.5322265625 0.22998046875 0.537109375 0.22998046875 0.5556640625 0.2275390625 0.5673828125 0.2275390625 0.5693359375
5 0.10107421875 0.6435546875 0.0888671875 0.6455078125 0.0859375 0.6435546875 0.0810546875 0.6298828125 0.07763671875 0.6201171875 0.0341796875 0.619140625 0.00244140625 0.62109375 0.0 0.59375 0.0 0.3974609375 0.0 0.3857421875 0.0107421875 0.37109375 0.0234375 0.357421875 0.0400390625 0.3525390625 0.0576171875 0.349609375 0.08544921875 0.3486328125 0.12109375 0.3525390625 0.1396484375 0.353515625 0.154296875 0.3583984375 0.16748046875 0.373046875 0.1748046875 0.3955078125 0.181640625 0.423828125 0.18701171875 0.4501953125 0.19091796875 0.48828125 0.1923828125 0.5234375 0.1923828125 0.5458984375 0.18994140625 0.58203125 0.18603515625 0.591796875 0.18212890625 0.5986328125 0.17431640625 0.6005859375 0.1689453125 0.599609375 0.16552734375 0.587890625 0.1640625 0.57421875 0.1181640625 0.6005859375 0.11767578125 0.615234375 0.11279296875 0.63671875 0.1064453125 0.6416015625
5 0.49658203125 0.453125 0.49072265625 0.4541015625 0.48974609375 0.443359375 0.490234375 0.42578125 0.4912109375 0.419921875 0.48974609375 0.4189453125 0.48779296875 0.416015625 0.490234375 0.4140625 0.4921875 0.416015625 0.494140625 0.4072265625 0.49560546875 0.4013671875 0.49658203125 0.400390625 0.50390625 0.3984375 0.51025390625 0.3974609375 0.51708984375 0.3984375 0.52001953125 0.400390625 0.52197265625 0.408203125 0.52294921875 0.4130859375 0.52490234375 0.4140625 0.52685546875 0.4150390625 0.52587890625 0.41796875 0.52490234375 0.419921875 0.52490234375 0.4248046875 0.525390625 0.435546875 0.52587890625 0.4462890625 0.525390625 0.453125 0.52392578125 0.455078125 0.51953125 0.455078125 0.51904296875 0.451171875 0.51708984375 0.4482421875 0.4970703125 0.4482421875
5 0.55712890625 0.400390625 0.55322265625 0.4111328125 0.5498046875 0.4091796875 0.54833984375 0.412109375 0.548828125 0.416015625 0.55126953125 0.416015625 0.55078125 0.4248046875 0.55078125 0.44140625 0.55126953125 0.4501953125 0.55224609375 0.453125 0.5576171875 0.4375 0.5673828125 0.400390625 0.56787109375 0.39453125 0.56396484375 0.39453125 0.5595703125 0.39453125 0.55712890625 0.3955078125
5 0.5712890625 0.396484375 0.5673828125 0.396484375 0.5615234375 0.3984375 0.5576171875 0.4091796875 0.556640625 0.4140625 0.5556640625 0.4150390625 0.55419921875 0.4169921875 0.55517578125 0.4228515625 0.5537109375 0.431640625 0.55224609375 0.447265625 0.55322265625 0.4560546875 0.5556640625 0.455078125 0.556640625 0.4541015625 0.55908203125 0.4560546875 0.5615234375 0.4580078125 0.5634765625 0.45703125 0.5703125 0.4296875 0.5771484375 0.408203125 0.57763671875 0.3974609375 0.57763671875 0.3955078125
5 0.5673828125 0.46484375 0.5625 0.4638671875 0.5625 0.4521484375 0.5625 0.4345703125 0.564453125 0.4267578125 0.56494140625 0.423828125 0.564453125 0.4189453125 0.56591796875 0.4150390625 0.5673828125 0.4130859375 0.57080078125 0.400390625 0.57568359375 0.3984375 0.583984375 0.3974609375 0.58984375 0.3974609375 0.59326171875 0.4013671875 0.59130859375 0.4169921875 0.58544921875 0.4521484375 0.57763671875 0.4638671875 0.57275390625 0.4677734375 0.56982421875 0.46875 0.56689453125 0.46875
5 0.65771484375 0.3818359375 0.65478515625 0.3828125 0.650390625 0.384765625 0.646484375 0.396484375 0.638671875 0.4091796875 0.642578125 0.435546875 0.6474609375 0.435546875 0.65087890625 0.43359375 0.65185546875 0.4326171875 0.65234375 0.4345703125 0.65673828125 0.4345703125 0.65869140625 0.427734375 0.66357421875 0.404296875 0.6640625 0.38671875
5 0.5859375 0.40234375 0.58056640625 0.4208984375 0.57763671875 0.419921875 0.5751953125 0.423828125 0.57568359375 0.4287109375 0.57666015625 0.4326171875 0.57275390625 0.4384765625 0.5712890625 0.453125 0.57275390625 0.4638671875 0.57470703125 0.4765625 0.5771484375 0.478515625 0.5810546875 0.4765625 0.583984375 0.474609375 0.583984375 0.4794921875 0.5869140625 0.484375 0.59033203125 0.482421875 0.59033203125 0.4765625 0.60107421875 0.4765625 0.62744140625 0.4638671875 0.6298828125 0.4140625 0.6298828125 0.400390625 0.6259765625 0.3935546875 0.62353515625 0.390625 0.5986328125 0.39453125 0.58740234375 0.3974609375 0.58740234375 0.3974609375
5 0.6064453125 0.501953125 0.6005859375 0.5009765625 0.6005859375 0.498046875 0.59814453125 0.498046875 0.59814453125 0.4892578125 0.59765625 0.4609375 0.5986328125 0.4453125 0.59814453125 0.439453125 0.59375 0.4404296875 0.59423828125 0.43359375 0.5986328125 0.431640625 0.60009765625 0.4296875 0.60009765625 0.4189453125 0.6015625 0.4111328125 0.603515625 0.408203125 0.611328125 0.404296875 0.623046875 0.400390625 0.6328125 0.400390625 0.64111328125 0.40234375 0.64306640625 0.4072265625 0.6455078125 0.4228515625 0.64892578125 0.439453125 0.65087890625 0.451171875 0.65185546875 0.466796875 0.65185546875 0.4794921875 0.65185546875 0.4951171875 0.64306640625 0.4970703125 0.640625 0.48828125 0.640625 0.4833984375 0.62841796875 0.4873046875 0.626953125 0.4921875 0.6220703125 0.494140625 0.61328125 0.494140625 0.61328125 0.4892578125 0.60693359375 0.4892578125 0.607421875 0.498046875
2 0.64404296875 0.0341796875 0.640625 0.044921875 0.640625 0.0478515625 0.6455078125 0.046875 0.64501953125 0.1513671875 0.640625 0.154296875 0.640625 0.158203125 0.6455078125 0.16015625 0.6455078125 0.216796875 0.6513671875 0.3193359375 0.65625 0.3447265625 0.65576171875 0.4013671875 0.6552734375 0.4345703125 0.73486328125 0.439453125 0.74658203125 0.439453125 0.74755859375 0.447265625 0.75146484375 0.453125 0.75439453125 0.4501953125 0.7587890625 0.4501953125 0.76025390625 0.4541015625 0.7626953125 0.4599609375 0.76708984375 0.45703125 0.76708984375 0.4521484375 0.7705078125 0.4443359375 0.77734375 0.4462890625 0.77734375 0.4599609375 0.77880859375 0.46875 0.78515625 0.4697265625 0.78759765625 0.4677734375 0.78857421875 0.45703125 0.78857421875 0.4453125 0.78857421875 0.44140625 0.7998046875 0.4443359375 0.802734375 0.4541015625 0.80322265625 0.47265625 0.8056640625 0.4794921875 0.8076171875 0.4892578125 0.81640625 0.4892578125 0.82080078125 0.486328125 0.8212890625 0.4833984375 0.861328125 0.5048828125 0.861328125 0.5107421875 0.86376953125 0.51953125 0.88232421875 0.51953125 0.88134765625 0.5439453125 0.91845703125 0.5576171875 0.96337890625 0.5546875 0.962890625 0.6201171875 0.9619140625 0.658203125 0.96044921875 0.669921875 0.97998046875 0.6826171875 1.0 0.6962890625 1.0 0.6962890625 1.0 0.0 0.689453125 0.0 0.6806640625 0.001953125
4 0.66943359375 0.3583984375 0.669921875 0.41796875 0.66650390625 0.4140625 0.66552734375 0.3740234375 0.66552734375 0.3583984375 0.6630859375 0.3486328125 0.65771484375 0.3466796875 0.6533203125 0.3427734375 0.64990234375 0.3349609375 0.63916015625 0.3271484375 0.63623046875 0.3076171875 0.63232421875 0.294921875 0.63134765625 0.275390625 0.6337890625 0.2666015625 0.6376953125 0.2470703125 0.638671875 0.2353515625 0.64013671875 0.2197265625 0.6416015625 0.2099609375 0.6484375 0.2021484375 0.6533203125 0.1982421875 0.65380859375 0.1826171875 0.65771484375 0.173828125 0.6650390625 0.1689453125 0.66552734375 0.1806640625 0.666015625 0.19921875 0.66796875 0.197265625 0.6708984375 0.2001953125 0.67138671875 0.2138671875 0.67041015625 0.22265625 0.67236328125 0.2314453125 0.67529296875 0.2412109375 0.67724609375 0.2626953125 0.6845703125 0.2919921875 0.6845703125 0.31640625 0.68359375 0.33203125 0.67578125 0.34375 0.67138671875 0.3525390625 0.669921875 0.3525390625
2 0.82080078125 0.4892578125 0.8212890625 0.3916015625 0.82080078125 0.0830078125 0.80615234375 0.091796875 0.80615234375 0.48828125
