0 0.22314453125 0.3984375 0.0 0.396484375 0.00048828125 1.0 1.0 1.0 1.0 0.59375 0.654296875 0.4423828125 0.51513671875 0.4375
2 0.19921875 0.0146484375 0.18603515625 0.0078125 0.17529296875 0.0009765625 0.0 0.001953125 0.0 0.4765625 0.279296875 0.4736328125 0.388671875 0.45703125 0.5009765625 0.447265625 0.5810546875 0.4443359375 0.68359375 0.4453125 0.90185546875 0.4375 0.90380859375 0.3876953125 0.90087890625 0.3251953125 0.61083984375 0.201171875 0.6064453125 0.1943359375 0.6044921875 0.1708984375 0.60302734375 0.1611328125 0.5986328125 0.1552734375 0.5966796875 0.1533203125 0.59716796875 0.12890625 0.5947265625 0.125 0.59375 0.12890625 0.5947265625 0.1533203125 0.59033203125 0.1552734375 0.58740234375 0.1611328125 0.58544921875 0.1689453125 0.583984375 0.1689453125 0.58251953125 0.173828125 0.58349609375 0.1787109375 0.58349609375 0.185546875 0.58447265625 0.1875 0.583984375 0.1953125 0.57666015625 0.2080078125 0.5751953125 0.21484375 0.5751953125 0.2265625 0.57373046875 0.22265625 0.57177734375 0.2236328125 0.5712890625 0.2275390625 0.5703125 0.228515625 0.57080078125 0.2333984375 0.56591796875 0.2470703125 0.5537109375 0.2470703125 0.5419921875 0.2216796875 0.53466796875 0.2353515625 0.53173828125 0.236328125 0.52685546875 0.22265625 0.5126953125 0.2578125 0.5009765625 0.2646484375 0.5009765625 0.2685546875 0.50244140625 0.271484375 0.5029296875 0.2841796875 0.49658203125 0.298828125 0.49365234375 0.30078125 0.484375 0.275390625 0.48291015625 0.27734375 0.47216796875 0.3017578125 0.46533203125 0.298828125 0.4580078125 0.2998046875 0.44580078125 0.296875 0.41455078125 0.2958984375 0.41552734375 0.2880859375 0.41845703125 0.2880859375 0.42041015625 0.283203125 0.40283203125 0.2822265625 0.40234375 0.2392578125 0.404296875 0.2373046875 0.40673828125 0.2236328125 0.40576171875 0.2216796875 0.40576171875 0.216796875 0.408203125 0.216796875 0.40380859375 0.1982421875 0.39306640625 0.185546875 0.3935546875 0.1767578125 0.39599609375 0.1728515625 0.3974609375 0.166015625 0.39599609375 0.16015625 0.392578125 0.15625 0.39208984375 0.1474609375 0.388671875 0.142578125 0.390625 0.1328125 0.38818359375 0.1298828125 0.3896484375 0.1259765625 0.38525390625 0.12109375 0.37060546875 0.119140625 0.326171875 0.0576171875 0.29443359375 0.087890625 0.27587890625 0.0595703125 0.2451171875 0.0283203125 0.22314453125 0.064453125
1 0.30517578125 0.482421875 0.07373046875 0.51171875 0.00048828125 0.5166015625 0.0 0.4697265625 0.0888671875 0.46875 0.1044921875 0.4716796875 0.25634765625 0.4560546875 0.2880859375 0.453125 0.32568359375 0.4501953125 0.5 0.4462890625 0.53662109375 0.4453125 0.54833984375 0.4462890625 0.5546875 0.447265625 0.55517578125 0.44921875 0.5234375 0.4521484375 0.48486328125 0.455078125 0.4326171875 0.4638671875 0.3681640625 0.4716796875
1 0.02490234375 0.5908203125 0.05615234375 0.5888671875 0.11572265625 0.58203125 0.1748046875 0.5732421875 0.23583984375 0.560546875 0.30859375 0.54296875 0.3447265625 0.5322265625 0.39892578125 0.5087890625 0.46240234375 0.4921875 0.52294921875 0.4775390625 0.5556640625 0.4658203125 0.5556640625 0.44921875 0.53173828125 0.458984375 0.4736328125 0.46875 0.458984375 0.4736328125 0.45361328125 0.4794921875 0.31787109375 0.509765625 0.2255859375 0.5341796875 0.21923828125 0.5400390625 0.125 0.5634765625 0.06689453125 0.578125
1 0.1923828125 0.615234375 0.13720703125 0.6171875 0.08154296875 0.6240234375 0.0 0.6318359375 0.00048828125 0.775390625 0.11181640625 0.6884765625 0.1669921875 0.646484375 0.1923828125 0.6259765625
1 0.61083984375 0.5068359375 0.611328125 0.4931640625 0.6162109375 0.48046875 0.6220703125 0.4755859375 0.63037109375 0.4697265625 0.66357421875 0.4609375 0.892578125 0.4453125 0.99951171875 0.439453125 0.99951171875 0.8564453125 0.87060546875 0.7490234375 0.73388671875 0.6376953125 0.65576171875 0.5615234375 0.62353515625 0.533203125 0.6142578125 0.5185546875
2 0.39697265625 0.3798828125 0.39404296875 0.392578125 0.39404296875 0.458984375 0.39599609375 0.458984375 0.3974609375 0.458984375 0.3984375 0.4580078125 0.421875 0.4560546875 0.435546875 0.455078125 0.439453125 0.4130859375 0.43994140625 0.3994140625 0.44287109375 0.3994140625 0.443359375 0.392578125 0.4404296875 0.384765625 0.4375 0.380859375 0.421875 0.376953125 0.39794921875 0.37890625
5 0.65966796875 0.421875 0.65380859375 0.421875 0.65625 0.439453125 0.66357421875 0.455078125 0.66552734375 0.4296875
5 0.642578125 0.421875 0.63818359375 0.423828125 0.63671875 0.4267578125 0.64599609375 0.4296875 0.64404296875 0.421875
5 0.64501953125 0.427734375 0.642578125 0.42578125 0.63427734375 0.423828125 0.62939453125 0.423828125 0.63037109375 0.4384765625 0.63623046875 0.462890625 0.642578125 0.4736328125 0.64697265625 0.4580078125 0.64697265625 0.4345703125
5 0.62353515625 0.421875 0.61767578125 0.421875 0.6162109375 0.421875 0.626953125 0.4716796875 0.62841796875 0.470703125 0.63037109375 0.4697265625 0.6337890625 0.4375 0.63134765625 0.427734375 0.6298828125 0.4248046875 0.62548828125 0.421875
5 0.615234375 0.421875 0.60400390625 0.4208984375 0.60107421875 0.423828125 0.611328125 0.4755859375 0.6181640625 0.4755859375 0.619140625 0.4765625 0.62548828125 0.4736328125 0.62841796875 0.4736328125 0.62841796875 0.4638671875 0.62744140625 0.4423828125 0.6279296875 0.439453125 0.62744140625 0.4365234375 0.6259765625 0.4345703125 0.6240234375 0.435546875 0.6201171875 0.4248046875 0.61865234375 0.4228515625
5 0.5966796875 0.40625 0.5771484375 0.4052734375 0.572265625 0.408203125 0.59375 0.482421875 0.5966796875 0.4833984375 0.59814453125 0.486328125 0.6015625 0.4873046875 0.6025390625 0.4921875 0.60400390625 0.494140625 0.607421875 0.494140625 0.609375 0.4921875 0.60986328125 0.4833984375 0.61181640625 0.46875 0.61083984375 0.4599609375 0.609375 0.44140625 0.6123046875 0.4404296875 0.61279296875 0.4384765625 0.61279296875 0.435546875 0.611328125 0.43359375 0.6083984375 0.43359375 0.60302734375 0.4140625 0.60107421875 0.41015625 0.599609375 0.4072265625
4 0.59521484375 0.2548828125 0.59228515625 0.240234375 0.59130859375 0.23046875 0.59521484375 0.2314453125 0.595703125 0.224609375 0.59765625 0.2138671875 0.6005859375 0.1982421875 0.60693359375 0.2021484375 0.6015625 0.1767578125 0.603515625 0.162109375 0.60791015625 0.169921875 0.6083984375 0.1748046875 0.61083984375 0.17578125 0.6123046875 0.16796875 0.6171875 0.1630859375 0.61767578125 0.15625 0.60888671875 0.1513671875 0.6025390625 0.0869140625 0.61083984375 0.0927734375 0.61083984375 0.0791015625 0.62060546875 0.0595703125 0.62451171875 0.0712890625 0.626953125 0.0732421875 0.6298828125 0.087890625 0.6376953125 0.078125 0.6376953125 0.091796875 0.64208984375 0.0888671875 0.64599609375 0.083984375 0.65576171875 0.08203125 0.6572265625 0.076171875 0.654296875 0.07421875 0.654296875 0.0703125 0.6572265625 0.0703125 0.6552734375 0.0546875 0.64990234375 0.0556640625 0.64111328125 0.04296875 0.64111328125 0.033203125 0.64111328125 0.0263671875 0.638671875 0.0146484375 0.64013671875 0.0 1.0 0.0009765625 0.99951171875 0.4365234375 0.93798828125 0.44140625 0.89892578125 0.3984375 0.89404296875 0.39453125 0.87060546875 0.365234375 0.87109375 0.36328125 0.87890625 0.3623046875 0.87890625 0.3525390625 0.876953125 0.34765625 0.8681640625 0.345703125 0.86767578125 0.3525390625 0.86376953125 0.353515625 0.861328125 0.35546875 0.8583984375 0.353515625 0.857421875 0.3515625 0.85595703125 0.3671875 0.8544921875 0.3701171875 0.85400390625 0.408203125 0.8466796875 0.4345703125 0.83740234375 0.44921875 0.83251953125 0.365234375 0.83251953125 0.359375 0.8310546875 0.3544921875 0.83056640625 0.349609375 0.82666015625 0.3466796875 0.8193359375 0.3388671875 0.81884765625 0.3447265625 0.81494140625 0.34375 0.81298828125 0.34375 0.80908203125 0.337890625 0.810546875 0.3515625 0.810546875 0.3603515625 0.806640625 0.3564453125 0.8046875 0.349609375 0.80419921875 0.34375 0.80029296875 0.3408203125 0.7958984375 0.341796875 0.79541015625 0.3388671875 0.78759765625 0.337890625 0.78662109375 0.3662109375 0.78369140625 0.37109375 0.78369140625 0.365234375 0.78369140625 0.3388671875 0.7783203125 0.337890625 0.7734375 0.3505859375 0.7744140625 0.3623046875 0.77685546875 0.3701171875 0.7783203125 0.3759765625 0.78271484375 0.4140625 0.67431640625 0.3984375 0.67041015625 0.3759765625 0.666015625 0.3701171875 0.66259765625 0.3603515625 0.6611328125 0.3564453125 0.6572265625 0.3603515625 0.6552734375 0.359375 0.654296875 0.34765625 0.65673828125 0.337890625 0.6591796875 0.3359375 0.65625 0.33203125 0.65869140625 0.3271484375 0.65234375 0.328125 0.650390625 0.3271484375 0.64892578125 0.33203125 0.6474609375 0.3388671875 0.64208984375 0.33984375 0.6337890625 0.337890625 0.63037109375 0.33203125 0.6318359375 0.3271484375 0.63134765625 0.3203125 0.626953125 0.3134765625 0.62451171875 0.306640625 0.625 0.30078125 0.6201171875 0.29296875 0.61181640625 0.28515625 0.61474609375 0.275390625 0.611328125 0.26953125 0.6083984375 0.267578125 0.59912109375 0.265625 0.599609375 0.2568359375
5 0.8994140625 0.4287109375 0.89208984375 0.427734375 0.89208984375 0.453125 0.896484375 0.4541015625 0.89990234375 0.4501953125 0.90087890625 0.435546875
4 0.94091796875 0.4775390625 0.93994140625 0.458984375 0.93896484375 0.44140625 0.93359375 0.484375 0.94384765625 0.4853515625
