0 0.361328125 0.3662109375 0.6689453125 0.3828125 0.888671875 0.3349609375 1.0 0.9267578125 1.0 1.0 0.0 1.0 0.0 0.3671875
1 0.2099609375 0.865234375 0.3818359375 0.642578125 0.4208984375 0.5810546875 0.30810546875 0.5771484375 0.28076171875 0.57421875 0.02685546875 0.7353515625 0.0 0.8076171875 0.0 1.0 0.095703125 1.0 0.1181640625 1.0 0.134765625 0.9892578125
1 0.81494140625 0.9013671875 0.72314453125 0.7646484375 0.65869140625 0.671875 0.63720703125 0.6416015625 0.6083984375 0.583984375 0.72802734375 0.5849609375 0.77587890625 0.5810546875 0.841796875 0.6201171875 1.0 0.724609375 1.0 1.0 0.8896484375 1.0 0.87353515625 0.9931640625 0.85693359375 0.9658203125
1 0.611328125 0.5615234375 0.4794921875 0.560546875 0.4443359375 0.55859375 0.31787109375 0.55859375 0.28759765625 0.5546875 0.2802734375 0.49609375 0.4072265625 0.4990234375 0.46435546875 0.4794921875 0.56298828125 0.474609375 0.79736328125 0.509765625 0.77197265625 0.560546875
2 0.48779296875 0.2802734375 0.525390625 0.279296875 0.52880859375 0.283203125 0.5576171875 0.265625 0.56640625 0.4755859375 0.51708984375 0.474609375 0.470703125 0.4716796875 0.470703125 0.2724609375
4 0.50830078125 0.3828125 0.50390625 0.3876953125 0.5009765625 0.39453125 0.5 0.404296875 0.49658203125 0.416015625 0.49560546875 0.4208984375 0.49267578125 0.4287109375 0.4921875 0.4453125 0.49462890625 0.45703125 0.50830078125 0.462890625 0.509765625 0.4521484375 0.50927734375 0.427734375 0.509765625 0.3828125
4 0.48095703125 0.328125 0.484375 0.326171875 0.48779296875 0.3291015625 0.48974609375 0.337890625 0.4873046875 0.35546875 0.484375 0.36328125 0.48193359375 0.373046875 0.48193359375 0.380859375 0.48583984375 0.380859375 0.49169921875 0.3828125 0.494140625 0.392578125 0.49169921875 0.40625 0.48681640625 0.41015625 0.484375 0.4130859375 0.484375 0.4296875 0.4775390625 0.4306640625 0.47802734375 0.3564453125
5 0.5390625 0.4501953125 0.53515625 0.4482421875 0.5263671875 0.4482421875 0.521484375 0.44921875 0.52001953125 0.4541015625 0.51806640625 0.46484375 0.52001953125 0.47265625 0.52783203125 0.478515625 0.53369140625 0.478515625 0.5400390625 0.478515625 0.54638671875 0.478515625 0.55078125 0.4755859375 0.55029296875 0.4638671875 0.5478515625 0.4580078125 0.54443359375 0.4541015625 0.54248046875 0.4521484375 0.5400390625 0.4501953125
2 0.47998046875 0.0068359375 0.4794921875 0.0400390625 0.4794921875 0.0439453125 0.4833984375 0.0439453125 0.48291015625 0.0478515625 0.48583984375 0.06640625 0.482421875 0.076171875 0.48193359375 0.2578125 0.4833984375 0.259765625 0.48291015625 0.302734375 0.482421875 0.310546875 0.4814453125 0.48828125 0.47021484375 0.4951171875 0.4619140625 0.4931640625 0.451171875 0.4931640625 0.44921875 0.5029296875 0.45166015625 0.5078125 0.4384765625 0.517578125 0.4228515625 0.5205078125 0.41552734375 0.521484375 0.40625 0.5322265625 0.392578125 0.533203125 0.32080078125 0.53125 0.28369140625 0.529296875 0.28466796875 0.0 0.48046875 0.0 0.48046875 0.0029296875
2 0.54833984375 0.01171875 0.54833984375 0.0341796875 0.54541015625 0.037109375 0.54443359375 0.07421875 0.548828125 0.07421875 0.54833984375 0.12890625 0.5439453125 0.134765625 0.5439453125 0.154296875 0.546875 0.158203125 0.5478515625 0.16015625 0.54638671875 0.4892578125 0.5546875 0.501953125 0.5673828125 0.529296875 0.5859375 0.5302734375 0.7041015625 0.529296875 0.75341796875 0.5322265625 0.775390625 0.529296875 0.7822265625 0.0 0.548828125 0.0 0.548828125 0.0009765625
2 0.30419921875 0.021484375 0.302734375 0.291015625 0.3017578125 0.3544921875 0.298828125 0.5478515625 0.30078125 0.6142578125 0.30078125 0.6396484375 0.1923828125 0.7001953125 0.0361328125 0.8154296875 0.0 0.8515625 0.0 0.0 0.30419921875 0.0 0.30419921875 0.001953125
2 0.81103515625 0.658203125 0.75537109375 0.6318359375 0.7568359375 0.591796875 0.7568359375 0.384765625 0.7568359375 0.109375 0.7568359375 0.001953125 0.75732421875 0.0 1.0 0.0 1.0 0.78125 0.99755859375 0.7783203125
