2 0.705078125 0.5322265625 0.291015625 0.5478515625 0.29541015625 0.0 0.6884765625 0.0
0 0.08056640625 0.943359375 0.24658203125 0.724609375 0.3115234375 0.4580078125 0.486328125 0.4443359375 0.54296875 0.5068359375 0.74755859375 0.76953125 0.89794921875 0.974609375 0.91259765625 1.0 0.009765625 1.0 0.0419921875 0.982421875
4 0.46923828125 0.4140625 0.4697265625 0.40625 0.46826171875 0.3955078125 0.46435546875 0.3876953125 0.462890625 0.3828125 0.4609375 0.38671875 0.46044921875 0.392578125 0.45751953125 0.3896484375 0.4580078125 0.3837890625 0.455078125 0.390625 0.45458984375 0.3955078125 0.453125 0.3896484375 0.44873046875 0.3837890625 0.4482421875 0.3857421875 0.4521484375 0.390625 0.45166015625 0.392578125 0.44873046875 0.3974609375 0.44580078125 0.396484375 0.4443359375 0.4013671875 0.44091796875 0.4013671875 0.43994140625 0.3984375 0.4384765625 0.3984375 0.43310546875 0.400390625 0.43017578125 0.392578125 0.42919921875 0.396484375 0.42626953125 0.3955078125 0.41943359375 0.3828125 0.41845703125 0.3837890625 0.421875 0.392578125 0.42333984375 0.396484375 0.4228515625 0.3984375 0.41796875 0.3974609375 0.4189453125 0.3916015625 0.41552734375 0.3876953125 0.4130859375 0.3876953125 0.41015625 0.3994140625 0.4091796875 0.3955078125 0.4072265625 0.388671875 0.40625 0.3994140625 0.404296875 0.3984375 0.40380859375 0.3955078125 0.39990234375 0.4013671875 0.3984375 0.396484375 0.3955078125 0.3994140625 0.39501953125 0.3974609375 0.396484375 0.3935546875 0.390625 0.3974609375 0.390625 0.4013671875 0.38916015625 0.4013671875 0.3876953125 0.3955078125 0.38720703125 0.38671875 0.38623046875 0.39453125 0.38427734375 0.388671875 0.3818359375 0.38671875 0.38134765625 0.3896484375 0.38330078125 0.392578125 0.38525390625 0.39453125 0.3857421875 0.3994140625 0.3857421875 0.4013671875 0.380859375 0.3994140625 0.3779296875 0.400390625 0.376953125 0.4013671875 0.3740234375 0.3984375 0.369140625 0.3935546875 0.36962890625 0.3974609375 0.36767578125 0.3974609375 0.3662109375 0.40234375 0.365234375 0.3955078125 0.36376953125 0.3935546875 0.3623046875 0.3994140625 0.3603515625 0.40234375 0.34765625 0.4013671875 0.34716796875 0.4052734375 0.33984375 0.408203125 0.33740234375 0.4013671875 0.3310546875 0.3974609375 0.328125 0.4033203125 0.32421875 0.396484375 0.32470703125 0.3994140625 0.32568359375 0.4052734375 0.32373046875 0.40625 0.32080078125 0.4033203125 0.31884765625 0.4052734375 0.3173828125 0.408203125 0.31494140625 0.4140625 0.3154296875 0.4248046875
3 0.5439453125 0.39453125 0.5263671875 0.39453125 0.51220703125 0.3955078125 0.49951171875 0.3955078125 0.4599609375 0.4033203125 0.4599609375 0.400390625 0.40087890625 0.4033203125 0.31591796875 0.4072265625 0.31494140625 0.4580078125 0.548828125 0.4501953125
1 0.541015625 0.4677734375 0.4833984375 0.470703125 0.44921875 0.470703125 0.4052734375 0.47265625 0.36083984375 0.4755859375 0.34423828125 0.4755859375 0.373046875 0.462890625 0.54296875 0.455078125 0.5439453125 0.4677734375
4 0.5400390625 0.419921875 0.53369140625 0.4189453125 0.5302734375 0.419921875 0.52880859375 0.4228515625 0.5224609375 0.4228515625 0.51953125 0.4208984375 0.51708984375 0.4228515625 0.5087890625 0.423828125 0.50146484375 0.4248046875 0.5048828125 0.42578125 0.5107421875 0.42578125 0.51318359375 0.4267578125 0.513671875 0.4296875 0.513671875 0.44140625 0.54150390625 0.44140625 0.5419921875 0.4228515625
4 0.33544921875 0.4453125 0.3349609375 0.4375 0.33837890625 0.4267578125 0.34033203125 0.419921875 0.34130859375 0.4130859375 0.3427734375 0.41796875 0.34375 0.4111328125 0.3466796875 0.4140625 0.34912109375 0.4208984375 0.35107421875 0.4404296875 0.3486328125 0.45703125 0.34423828125 0.453125 0.34033203125 0.44921875 0.3388671875 0.4482421875 0.33544921875 0.4482421875
1 0.48583984375 0.4873046875 0.482421875 0.484375 0.48046875 0.4794921875 0.48095703125 0.4755859375 0.48388671875 0.4716796875 0.5146484375 0.466796875 0.54248046875 0.462890625 0.54931640625 0.470703125 0.58056640625 0.470703125 0.6630859375 0.5078125 0.99951171875 0.783203125 0.99951171875 0.9990234375 0.81396484375 0.9990234375 0.77001953125 0.94921875 0.68505859375 0.7890625 0.63330078125 0.68359375 0.609375 0.634765625 0.59423828125 0.60546875 0.56640625 0.5634765625 0.54150390625 0.533203125 0.51953125 0.513671875 0.5 0.498046875
1 0.36962890625 0.5185546875 0.349609375 0.49609375 0.3408203125 0.486328125 0.33984375 0.484375 0.341796875 0.48046875 0.3701171875 0.4775390625 0.37744140625 0.474609375 0.34619140625 0.4765625 0.3388671875 0.4775390625 0.3251953125 0.478515625 0.32080078125 0.4794921875 0.2998046875 0.4931640625 0.0 0.72265625 0.0 0.9990234375 0.15625 0.9990234375 0.24951171875 0.87890625 0.3251953125 0.76953125 0.365234375 0.7060546875 0.3876953125 0.6572265625 0.39794921875 0.623046875 0.40185546875 0.6015625 0.40234375 0.580078125 0.3984375 0.5625 0.38720703125 0.54296875
4 0.509765625 0.470703125 0.51025390625 0.46484375 0.50732421875 0.4599609375 0.50537109375 0.4560546875 0.5048828125 0.453125 0.50146484375 0.4501953125 0.5029296875 0.4443359375 0.5029296875 0.44140625 0.505859375 0.4365234375 0.50537109375 0.4287109375 0.5048828125 0.421875 0.50341796875 0.419921875 0.50244140625 0.4189453125 0.50048828125 0.4169921875 0.498046875 0.4150390625 0.494140625 0.4150390625 0.4912109375 0.4169921875 0.48876953125 0.419921875 0.486328125 0.427734375 0.48681640625 0.4345703125 0.48681640625 0.443359375 0.48876953125 0.4501953125 0.48388671875 0.4541015625 0.48388671875 0.4599609375 0.4833984375 0.4638671875 0.4833984375 0.4677734375 0.484375 0.470703125 0.49072265625 0.4755859375 0.50341796875 0.4716796875
4 0.54541015625 0.3818359375 0.54248046875 0.3828125 0.53955078125 0.3798828125 0.53857421875 0.3876953125 0.5390625 0.4072265625 0.53955078125 0.4111328125 0.53955078125 0.4150390625 0.54052734375 0.419921875 0.541015625 0.421875 0.54296875 0.4208984375 0.54443359375 0.41796875 0.5458984375 0.412109375 0.546875 0.4033203125 0.54736328125 0.3955078125 0.546875 0.390625 0.54638671875 0.38671875 0.5458984375 0.3837890625
2 0.58056640625 0.5029296875 0.58056640625 0.4775390625 0.57958984375 0.0 0.4345703125 0.0 0.46728515625 0.0 0.5048828125 0.0 0.54931640625 0.0 0.5283203125 0.0 0.47802734375 0.0 0.416015625 0.0 0.99951171875 0.0009765625 0.99951171875 0.888671875 0.892578125 0.7890625 0.89208984375 0.7822265625 0.8515625 0.7412109375 0.84912109375 0.744140625 0.81298828125 0.7109375 0.80810546875 0.716796875 0.8017578125 0.71484375 0.7998046875 0.7099609375 0.79931640625 0.6962890625 0.69921875 0.619140625 0.66845703125 0.5947265625 0.66845703125 0.578125 0.63916015625 0.5478515625 0.6279296875 0.5458984375 0.60546875 0.5205078125 0.5927734375 0.5185546875 0.5888671875 0.509765625 0.5810546875 0.5078125
2 0.0 0.0009765625 0.322265625 0.0 0.3251953125 0.2919921875 0.31591796875 0.29296875 0.31884765625 0.53125 0.25927734375 0.56640625 0.26123046875 0.63671875 0.212890625 0.6787109375 0.17626953125 0.70703125 0.14111328125 0.7373046875 0.10400390625 0.7734375 0.10400390625 0.7861328125 0.0908203125 0.7939453125 0.0 0.8603515625
4 0.47900390625 0.05078125 0.48388671875 0.0439453125 0.47705078125 0.0380859375 0.4765625 0.0244140625 0.48828125 0.0439453125 0.49755859375 0.0400390625 0.49169921875 0.0390625 0.49169921875 0.025390625 0.48486328125 0.029296875 0.484375 0.0185546875 0.48046875 0.017578125 0.47607421875 0.0009765625 0.7548828125 0.0009765625 0.75439453125 0.02734375 0.75927734375 0.0166015625 0.76171875 0.021484375 0.76025390625 0.037109375 0.75341796875 0.0546875 0.7548828125 0.078125 0.75 0.1123046875 0.7490234375 0.125 0.7490234375 0.1357421875 0.73681640625 0.1494140625 0.72412109375 0.1640625 0.7216796875 0.2353515625 0.71728515625 0.2578125 0.70947265625 0.265625 0.70703125 0.255859375 0.70263671875 0.2724609375 0.68896484375 0.265625 0.6787109375 0.2607421875 0.677734375 0.2431640625 0.6826171875 0.228515625 0.67236328125 0.232421875 0.673828125 0.2783203125 0.67431640625 0.2998046875 0.67578125 0.3232421875 0.6748046875 0.34765625 0.6689453125 0.333984375 0.66943359375 0.537109375 0.66552734375 0.5576171875 0.6591796875 0.568359375 0.64990234375 0.5615234375 0.64794921875 0.5556640625 0.6435546875 0.513671875 0.640625 0.490234375 0.638671875 0.490234375 0.63916015625 0.5390625 0.6376953125 0.55078125 0.6318359375 0.548828125 0.6259765625 0.5390625 0.6259765625 0.517578125 0.6220703125 0.5 0.62109375 0.5224609375 0.62109375 0.54296875 0.61376953125 0.5302734375 0.61572265625 0.51953125 0.61767578125 0.50390625 0.6162109375 0.498046875 0.6142578125 0.4833984375 0.61572265625 0.4658203125 0.61767578125 0.4521484375 0.61669921875 0.44140625 0.61376953125 0.439453125 0.60986328125 0.4580078125 0.60986328125 0.47265625 0.60546875 0.484375 0.603515625 0.5087890625 0.59521484375 0.5146484375 0.5908203125 0.515625 0.587890625 0.50390625 0.59033203125 0.4814453125 0.5849609375 0.478515625 0.58251953125 0.4775390625 0.57958984375 0.48046875 0.578125 0.4638671875 0.57861328125 0.4453125 0.5771484375 0.4326171875 0.572265625 0.4189453125 0.5703125 0.3896484375 0.56689453125 0.3701171875 0.5625 0.3486328125 0.56201171875 0.3173828125 0.55859375 0.314453125 0.5595703125 0.3017578125 0.56298828125 0.287109375 0.55810546875 0.265625 0.54736328125 0.248046875 0.54248046875 0.2490234375 0.53955078125 0.2431640625 0.54345703125 0.2333984375 0.5400390625 0.228515625 0.529296875 0.2275390625 0.5302734375 0.2158203125 0.5322265625 0.2041015625 0.53173828125 0.19921875 0.52490234375 0.2021484375 0.52294921875 0.1875 0.5234375 0.1748046875 0.51904296875 0.18359375 0.51171875 0.1611328125 0.52294921875 0.1650390625 0.51513671875 0.154296875 0.50439453125 0.125 0.50341796875 0.1083984375 0.51416015625 0.125 0.5185546875 0.123046875 0.515625 0.115234375 0.5185546875 0.1103515625 0.5205078125 0.1064453125 0.51611328125 0.1064453125 0.50244140625 0.1025390625 0.50341796875 0.095703125 0.4990234375 0.0947265625 0.49169921875 0.080078125 0.49462890625 0.0810546875 0.5068359375 0.076171875 0.4970703125 0.0771484375 0.49072265625 0.0732421875 0.48974609375 0.0654296875 0.486328125 0.0654296875 0.4853515625 0.05859375 0.48388671875 0.05859375
