0 0.99951171875 0.6083984375 0.99951171875 0.412109375 0.4853515625 0.373046875 0.2607421875 0.3564453125 0.05078125 0.4580078125 0.0 0.5185546875 0.0 0.9990234375 0.99951171875 0.9990234375
2 0.09033203125 0.0849609375 0.1142578125 0.4248046875 0.29541015625 0.427734375 0.37353515625 0.41796875 0.45361328125 0.419921875 0.54541015625 0.42578125 0.66796875 0.435546875 0.99951171875 0.4736328125 0.99951171875 0.0 0.162109375 0.0
4 0.3486328125 0.0 0.0 0.0 0.0 0.4853515625 0.16796875 0.4365234375 0.2392578125 0.470703125 0.2578125 0.4677734375 0.25439453125 0.4541015625 0.2509765625 0.44921875 0.24560546875 0.44921875 0.24072265625 0.447265625 0.23681640625 0.447265625 0.232421875 0.3427734375 0.23291015625 0.2744140625 0.24365234375 0.2763671875 0.25537109375 0.2587890625 0.26611328125 0.2548828125 0.27099609375 0.244140625 0.2685546875 0.228515625 0.27099609375 0.2109375 0.27783203125 0.2109375 0.279296875 0.2021484375 0.28466796875 0.1943359375 0.30615234375 0.193359375 0.31005859375 0.1884765625 0.32080078125 0.197265625 0.32958984375 0.19921875 0.33203125 0.19140625 0.3388671875 0.1787109375 0.33935546875 0.16796875 0.34033203125 0.15625 0.345703125 0.1484375 0.35107421875 0.1484375 0.36279296875 0.15625 0.36669921875 0.1513671875 0.37060546875 0.1435546875 0.37353515625 0.1220703125 0.3759765625 0.111328125 0.375 0.103515625 0.37744140625 0.0927734375 0.37890625 0.0791015625 0.3740234375 0.0712890625 0.3681640625 0.0615234375 0.36962890625 0.0537109375 0.36669921875 0.0322265625 0.35546875 0.03125 0.35107421875 0.02734375 0.35009765625 0.015625 0.34814453125 0.0048828125
5 0.8857421875 0.3837890625 0.87255859375 0.3671875 0.828125 0.353515625 0.826171875 0.3515625 0.82421875 0.353515625 0.77392578125 0.3505859375 0.75634765625 0.3515625 0.75 0.359375 0.736328125 0.3857421875 0.72607421875 0.4140625 0.724609375 0.41015625 0.72216796875 0.40625 0.71826171875 0.4072265625 0.71533203125 0.41015625 0.71435546875 0.41796875 0.71533203125 0.4248046875 0.71923828125 0.427734375 0.71923828125 0.4306640625 0.70703125 0.44921875 0.705078125 0.455078125 0.70361328125 0.462890625 0.703125 0.470703125 0.70068359375 0.4765625 0.69677734375 0.4873046875 0.6943359375 0.4970703125 0.6943359375 0.5087890625 0.69580078125 0.529296875 0.69970703125 0.5458984375 0.70458984375 0.5537109375 0.712890625 0.55859375 0.7216796875 0.560546875 0.72705078125 0.5556640625 0.72998046875 0.55078125 0.73291015625 0.552734375 0.734375 0.580078125 0.7353515625 0.5908203125 0.73779296875 0.59375 0.73974609375 0.59765625 0.76171875 0.6005859375 0.765625 0.5859375 0.7685546875 0.5693359375 0.859375 0.58203125 0.89794921875 0.46484375
5 0.99951171875 0.47265625 0.99951171875 0.3544921875 0.99951171875 0.318359375 0.9990234375 0.314453125 0.94775390625 0.3134765625 0.92138671875 0.3134765625 0.9033203125 0.3193359375 0.88427734375 0.3408203125 0.857421875 0.4091796875 0.85546875 0.4140625 0.853515625 0.4140625 0.8525390625 0.40625 0.85009765625 0.404296875 0.83642578125 0.41015625 0.8310546875 0.4208984375 0.83203125 0.431640625 0.83544921875 0.4365234375 0.8466796875 0.4384765625 0.84423828125 0.4462890625 0.84033203125 0.4580078125 0.830078125 0.4912109375 0.82861328125 0.5029296875 0.82275390625 0.5244140625 0.8193359375 0.55859375 0.8203125 0.58984375 0.82177734375 0.6005859375 0.82177734375 0.6298828125 0.82421875 0.646484375 0.82958984375 0.65625 0.84716796875 0.6572265625 0.84814453125 0.6513671875 0.85107421875 0.6328125 0.88330078125 0.6484375 0.88427734375 0.67578125 0.88818359375 0.7021484375 0.89453125 0.71484375 0.90673828125 0.720703125 0.923828125 0.720703125 0.9345703125 0.71484375 0.9365234375 0.6962890625 0.93896484375 0.67578125 0.93896484375 0.662109375 0.978515625 0.677734375 0.99951171875 0.681640625
5 0.30078125 0.412109375 0.3056640625 0.404296875 0.3134765625 0.404296875 0.31396484375 0.41015625 0.31396484375 0.419921875 0.3134765625 0.427734375 0.31103515625 0.4306640625 0.3095703125 0.431640625 0.30712890625 0.431640625 0.30322265625 0.427734375
5 0.32421875 0.4287109375 0.33740234375 0.4287109375 0.34033203125 0.431640625 0.341796875 0.4248046875 0.3408203125 0.412109375 0.33935546875 0.40234375 0.337890625 0.4013671875 0.33740234375 0.3994140625 0.3349609375 0.3984375 0.33349609375 0.3916015625 0.3310546875 0.390625 0.3271484375 0.390625 0.32470703125 0.3955078125 0.32421875 0.3984375 0.3203125 0.3994140625 0.31640625 0.4091796875 0.3125 0.4091796875 0.3125 0.4140625 0.31005859375 0.419921875 0.31005859375 0.4306640625 0.3115234375 0.431640625 0.3134765625 0.4306640625 0.31884765625 0.4306640625 0.3203125 0.43359375 0.32177734375 0.43359375
5 0.36328125 0.404296875 0.353515625 0.4072265625 0.34814453125 0.412109375 0.345703125 0.4140625 0.34326171875 0.4140625 0.34033203125 0.4150390625 0.33740234375 0.4208984375 0.33935546875 0.4306640625 0.34326171875 0.4306640625 0.357421875 0.427734375 0.36279296875 0.4150390625
5 0.3779296875 0.4248046875 0.38330078125 0.4150390625 0.3857421875 0.41015625 0.396484375 0.4091796875 0.39892578125 0.404296875 0.40283203125 0.3994140625 0.41259765625 0.3984375 0.4189453125 0.3994140625 0.4228515625 0.4072265625 0.423828125 0.427734375 0.41748046875 0.427734375 0.392578125 0.427734375 0.39111328125 0.4287109375 0.3896484375 0.4306640625 0.38720703125 0.4306640625 0.3857421875 0.4287109375 0.38525390625 0.427734375 0.38037109375 0.42578125
5 0.453125 0.40234375 0.44580078125 0.4013671875 0.43603515625 0.40234375 0.4345703125 0.4091796875 0.4296875 0.4169921875 0.42822265625 0.4228515625 0.42724609375 0.427734375 0.4375 0.427734375 0.451171875 0.427734375 0.4560546875 0.42578125 0.458984375 0.42578125 0.46142578125 0.4228515625 0.46240234375 0.4208984375 0.46142578125 0.4150390625 0.458984375 0.4072265625
5 0.60400390625 0.41015625 0.60107421875 0.396484375 0.599609375 0.3955078125 0.5810546875 0.3955078125 0.5732421875 0.3994140625 0.5703125 0.404296875 0.56884765625 0.404296875 0.56787109375 0.40625 0.56689453125 0.412109375 0.5654296875 0.4140625 0.56396484375 0.42578125 0.56494140625 0.43359375 0.5654296875 0.4365234375 0.56884765625 0.4365234375 0.5693359375 0.4365234375 0.5693359375 0.43359375 0.5771484375 0.43359375 0.578125 0.4365234375 0.5810546875 0.4365234375 0.58251953125 0.4365234375 0.58251953125 0.43359375 0.58740234375 0.43359375 0.587890625 0.4365234375 0.58935546875 0.4365234375 0.59716796875 0.419921875
5 0.63330078125 0.4365234375 0.63525390625 0.4228515625 0.63427734375 0.412109375 0.63427734375 0.4072265625 0.6328125 0.404296875 0.62744140625 0.396484375 0.625 0.3935546875 0.62060546875 0.390625 0.6025390625 0.3955078125 0.60009765625 0.396484375 0.59814453125 0.40234375 0.5947265625 0.40234375 0.59423828125 0.40625 0.5947265625 0.4091796875 0.591796875 0.41015625 0.58935546875 0.41796875 0.5888671875 0.427734375 0.5888671875 0.4365234375 0.59033203125 0.4384765625 0.5947265625 0.4384765625 0.5947265625 0.43359375 0.60107421875 0.435546875 0.6025390625 0.4384765625 0.609375 0.4384765625 0.61279296875 0.431640625 0.61962890625 0.43359375
5 0.38134765625 0.43359375 0.3828125 0.4248046875 0.3828125 0.41796875 0.3818359375 0.412109375 0.37890625 0.3984375 0.3779296875 0.396484375 0.36328125 0.3955078125 0.361328125 0.3955078125 0.3564453125 0.40625 0.35400390625 0.4072265625 0.35498046875 0.412109375 0.353515625 0.41796875 0.353515625 0.4306640625 0.35498046875 0.43359375 0.3564453125 0.43359375 0.3564453125 0.4306640625 0.3603515625 0.4306640625 0.3603515625 0.435546875 0.36279296875 0.435546875 0.36279296875 0.431640625 0.36279296875 0.4306640625 0.37255859375 0.4306640625 0.37255859375 0.43359375 0.3759765625 0.43359375 0.3759765625 0.4306640625 0.37890625 0.4306640625 0.37890625 0.43359375
