0 0.00439453125 0.935546875 0.3173828125 0.5546875 0.0 0.5361328125 0.0 0.4697265625 0.41064453125 0.4560546875 0.54248046875 0.380859375 0.6240234375 0.3740234375 0.74365234375 0.4697265625 0.99951171875 0.4453125 0.99951171875 0.548828125 0.720703125 0.5615234375 0.82373046875 0.72265625 0.99951171875 0.7578125 0.99951171875 0.9990234375 0.0 0.9990234375 0.0 0.9384765625
1 0.52783203125 0.41796875 0.5439453125 0.416015625 0.544921875 0.4091796875 0.5576171875 0.40234375 0.5556640625 0.3994140625 0.54638671875 0.390625 0.5400390625 0.388671875 0.521484375 0.3994140625
1 0.99951171875 0.45703125 0.9599609375 0.4658203125 0.9052734375 0.466796875 0.830078125 0.48046875 0.7275390625 0.4736328125 0.70947265625 0.4638671875 0.70068359375 0.453125 0.7001953125 0.4482421875 0.71826171875 0.4453125 0.75439453125 0.443359375 0.76904296875 0.4384765625 0.75634765625 0.435546875 0.662109375 0.412109375 0.64501953125 0.419921875 0.63525390625 0.4130859375 0.625 0.4072265625 0.61767578125 0.4013671875 0.6435546875 0.3935546875 0.71533203125 0.369140625 0.79345703125 0.400390625 0.81494140625 0.4033203125 0.845703125 0.4052734375 0.89208984375 0.40625 0.9111328125 0.4052734375 0.99951171875 0.3876953125
2 0.0 0.0 0.501953125 0.0 0.50146484375 0.01171875 0.50341796875 0.06640625 0.50537109375 0.06640625 0.51318359375 0.103515625 0.5107421875 0.103515625 0.51318359375 0.2236328125 0.51513671875 0.224609375 0.51513671875 0.21484375 0.5166015625 0.2158203125 0.51708984375 0.2216796875 0.52001953125 0.22265625 0.52001953125 0.2177734375 0.5234375 0.2177734375 0.5234375 0.2236328125 0.52734375 0.2236328125 0.5263671875 0.20703125 0.52734375 0.205078125 0.5439453125 0.2041015625 0.54833984375 0.19921875 0.5634765625 0.1982421875 0.56298828125 0.1748046875 0.576171875 0.15234375 0.6064453125 0.0947265625 0.60986328125 0.087890625 0.615234375 0.0869140625 0.61474609375 0.0703125 0.62158203125 0.068359375 0.646484375 0.0185546875 0.64501953125 0.0 0.99951171875 0.0 0.99951171875 0.396484375 0.76171875 0.408203125 0.63134765625 0.392578125 0.5361328125 0.3955078125 0.43310546875 0.4296875 0.337890625 0.4638671875 0.0 0.48046875
1 0.0 0.4951171875 0.033203125 0.4970703125 0.15087890625 0.4892578125 0.25537109375 0.4853515625 0.33154296875 0.4765625 0.361328125 0.47265625 0.3935546875 0.46875 0.41015625 0.4658203125 0.43798828125 0.451171875 0.44970703125 0.4189453125 0.416015625 0.421875 0.36962890625 0.447265625 0.2705078125 0.4609375 0.15673828125 0.4619140625 0.119140625 0.4609375 0.0 0.453125
1 0.0 0.98046875 0.02197265625 0.95703125 0.0947265625 0.861328125 0.1669921875 0.78125 0.203125 0.734375 0.2431640625 0.6923828125 0.27880859375 0.6513671875 0.31982421875 0.603515625 0.333984375 0.5830078125 0.34765625 0.55859375 0.34765625 0.548828125 0.34619140625 0.5390625 0.33984375 0.5322265625 0.31884765625 0.5263671875 0.24755859375 0.5185546875 0.19091796875 0.5185546875 0.0302734375 0.5185546875 0.0 0.5166015625
1 0.99951171875 0.828125 0.87890625 0.802734375 0.80810546875 0.783203125 0.76123046875 0.759765625 0.7509765625 0.7431640625 0.708984375 0.6533203125 0.69287109375 0.607421875 0.69091796875 0.5791015625 0.69580078125 0.5498046875 0.69970703125 0.5322265625 0.7099609375 0.521484375 0.7265625 0.5107421875 0.767578125 0.5009765625 0.7919921875 0.4951171875 0.861328125 0.48828125 0.93310546875 0.4912109375 0.99951171875 0.4892578125
5 0.421875 0.427734375 0.42236328125 0.416015625 0.42529296875 0.404296875 0.4228515625 0.4033203125 0.4228515625 0.3994140625 0.42822265625 0.3974609375 0.4345703125 0.3818359375 0.5078125 0.3779296875 0.51318359375 0.37890625 0.51513671875 0.3779296875 0.51953125 0.3779296875 0.52392578125 0.3916015625 0.52734375 0.4052734375 0.5263671875 0.4208984375 0.5224609375 0.4248046875 0.5185546875 0.427734375 0.5166015625 0.427734375 0.5166015625 0.4306640625 0.5107421875 0.431640625 0.50634765625 0.4375 0.505859375 0.4423828125 0.4443359375 0.455078125 0.43359375 0.455078125 0.42529296875 0.4404296875
5 0.59716796875 0.3896484375 0.5986328125 0.3837890625 0.6044921875 0.376953125 0.60546875 0.3759765625 0.6064453125 0.3681640625 0.61865234375 0.3671875 0.61865234375 0.3701171875 0.6416015625 0.369140625 0.64697265625 0.369140625 0.64892578125 0.3818359375 0.6494140625 0.400390625 0.62841796875 0.40234375 0.62255859375 0.400390625 0.6181640625 0.400390625 0.607421875 0.4013671875 0.60498046875 0.3994140625 0.6025390625 0.3916015625
4 0.51318359375 0.2294921875 0.51611328125 0.2275390625 0.51708984375 0.236328125 0.52001953125 0.2294921875 0.52294921875 0.224609375 0.5234375 0.2294921875 0.52734375 0.224609375 0.52880859375 0.2177734375 0.53515625 0.20703125 0.53662109375 0.21484375 0.54150390625 0.2099609375 0.54638671875 0.2099609375 0.548828125 0.20703125 0.5537109375 0.2119140625 0.56103515625 0.21875 0.56201171875 0.2294921875 0.5615234375 0.240234375 0.560546875 0.24609375 0.55859375 0.2578125 0.55859375 0.2578125 0.5595703125 0.2578125 0.560546875 0.2607421875 0.5595703125 0.2685546875 0.560546875 0.2734375 0.56103515625 0.2802734375 0.56005859375 0.2841796875 0.55859375 0.287109375 0.5615234375 0.2861328125 0.5615234375 0.296875 0.56591796875 0.2939453125 0.5654296875 0.298828125 0.5654296875 0.3046875 0.56494140625 0.3095703125 0.5615234375 0.31640625 0.56298828125 0.3251953125 0.56298828125 0.3330078125 0.56591796875 0.337890625 0.56787109375 0.34765625 0.5673828125 0.3544921875 0.548828125 0.359375 0.54833984375 0.373046875 0.54736328125 0.3779296875 0.5439453125 0.3779296875 0.54248046875 0.3603515625 0.5361328125 0.359375 0.529296875 0.3701171875 0.51904296875 0.3720703125 0.517578125 0.3505859375 0.51806640625 0.337890625 0.51611328125 0.330078125 0.51611328125 0.3125 0.51513671875 0.302734375 0.51416015625 0.2763671875
5 0.62451171875 0.3701171875 0.6240234375 0.3720703125 0.62060546875 0.3798828125 0.62060546875 0.3896484375 0.62060546875 0.3994140625 0.62841796875 0.40234375 0.6376953125 0.4013671875 0.64111328125 0.388671875 0.64013671875 0.369140625 0.62451171875 0.3701171875
5 0.65576171875 0.423828125 0.650390625 0.419921875 0.64990234375 0.408203125 0.64892578125 0.3857421875 0.65087890625 0.37890625 0.65087890625 0.37109375 0.65380859375 0.3701171875 0.65576171875 0.3603515625 0.658203125 0.3505859375 0.662109375 0.34765625 0.673828125 0.34765625 0.68115234375 0.34765625 0.6865234375 0.3525390625 0.69677734375 0.349609375 0.70458984375 0.349609375 0.708984375 0.3525390625 0.7099609375 0.35546875 0.72216796875 0.35546875 0.73486328125 0.353515625 0.74365234375 0.3544921875 0.74755859375 0.3603515625 0.75048828125 0.365234375 0.75390625 0.3779296875 0.7578125 0.388671875 0.759765625 0.4033203125 0.759765625 0.4208984375 0.759765625 0.4326171875 0.759765625 0.4404296875 0.751953125 0.443359375 0.75048828125 0.435546875 0.7431640625 0.435546875 0.74169921875 0.44140625 0.73779296875 0.4423828125 0.73486328125 0.4375 0.72021484375 0.4365234375 0.7138671875 0.443359375 0.705078125 0.4453125 0.70166015625 0.4443359375 0.69970703125 0.4384765625 0.69384765625 0.439453125 0.69140625 0.439453125 0.6884765625 0.431640625 0.6806640625 0.4287109375 0.67333984375 0.42578125 0.67041015625 0.423828125 0.67041015625 0.4150390625 0.6611328125 0.4150390625 0.6611328125 0.419921875 0.65966796875 0.4248046875
5 0.9794921875 0.4638671875 0.97998046875 0.40625 0.9736328125 0.3671875 0.98828125 0.328125 0.99072265625 0.3251953125 0.99951171875 0.3232421875 0.99951171875 0.4931640625 0.97216796875 0.4873046875
5 0.513671875 0.37890625 0.515625 0.3798828125 0.51806640625 0.384765625 0.51904296875 0.390625 0.52197265625 0.390625 0.5234375 0.3916015625 0.5234375 0.39453125 0.521484375 0.3955078125 0.521484375 0.3974609375 0.5224609375 0.40625 0.52294921875 0.4248046875 0.5224609375 0.4248046875 0.5185546875 0.427734375 0.5166015625 0.427734375 0.5166015625 0.4306640625 0.5107421875 0.431640625 0.50830078125 0.4345703125 0.4990234375 0.423828125 0.4990234375 0.3994140625 0.50439453125 0.3779296875 0.5078125 0.3779296875 0.51318359375 0.37890625 0.513671875 0.37890625
5 0.5087890625 0.3779296875 0.50927734375 0.37890625 0.5107421875 0.3837890625 0.51171875 0.3916015625 0.5126953125 0.392578125 0.51416015625 0.392578125 0.51513671875 0.39453125 0.51513671875 0.396484375 0.513671875 0.3994140625 0.51513671875 0.4052734375 0.51611328125 0.4130859375 0.5166015625 0.419921875 0.51708984375 0.4267578125 0.51708984375 0.427734375 0.5166015625 0.427734375 0.5166015625 0.4306640625 0.5107421875 0.431640625 0.50634765625 0.4375 0.505859375 0.4423828125 0.498046875 0.4443359375 0.48876953125 0.4375 0.4921875 0.3857421875 0.49462890625 0.37890625 0.5078125 0.3779296875 0.5087890625 0.3779296875
5 0.498046875 0.37890625 0.5 0.3798828125 0.501953125 0.3837890625 0.50439453125 0.3896484375 0.50732421875 0.3916015625 0.5078125 0.3955078125 0.50634765625 0.3994140625 0.50732421875 0.40625 0.50927734375 0.419921875 0.509765625 0.4287109375 0.509765625 0.43359375 0.50634765625 0.4375 0.505859375 0.4423828125 0.48876953125 0.4462890625 0.482421875 0.4267578125 0.48974609375 0.37890625 0.498046875 0.37890625
5 0.6865234375 0.3525390625 0.68212890625 0.353515625 0.6787109375 0.357421875 0.67724609375 0.3662109375 0.6748046875 0.3759765625 0.67333984375 0.3779296875 0.67236328125 0.37890625 0.67236328125 0.3828125 0.6728515625 0.384765625 0.671875 0.3916015625 0.6708984375 0.3974609375 0.669921875 0.40625 0.669921875 0.412109375 0.669921875 0.412109375 0.67041015625 0.423828125 0.67333984375 0.42578125 0.6806640625 0.4287109375 0.6884765625 0.431640625 0.69140625 0.439453125 0.69384765625 0.439453125 0.69482421875 0.439453125 0.7119140625 0.40625 0.7109375 0.3564453125 0.7109375 0.35546875 0.7099609375 0.35546875 0.708984375 0.3525390625 0.70458984375 0.349609375 0.69677734375 0.349609375 0.6865234375 0.3525390625 0.6865234375 0.3525390625
5 0.60595703125 0.3720703125 0.60595703125 0.37890625 0.60595703125 0.3837890625 0.609375 0.3896484375 0.6142578125 0.3857421875 0.61962890625 0.3798828125 0.62158203125 0.3701171875 0.61865234375 0.3701171875 0.61865234375 0.3671875 0.6064453125 0.3681640625 0.60595703125 0.3720703125
5 0.7109375 0.35546875 0.71044921875 0.3564453125 0.7021484375 0.357421875 0.6962890625 0.3583984375 0.6943359375 0.361328125 0.69140625 0.37109375 0.68896484375 0.37890625 0.6884765625 0.3779296875 0.68505859375 0.3779296875 0.68359375 0.3798828125 0.68310546875 0.3828125 0.68408203125 0.384765625 0.68505859375 0.384765625 0.68603515625 0.3876953125 0.68310546875 0.400390625 0.6826171875 0.408203125 0.6826171875 0.427734375 0.6826171875 0.4296875 0.6884765625 0.431640625 0.69140625 0.439453125 0.69384765625 0.439453125 0.69970703125 0.4384765625 0.69970703125 0.4384765625 0.7138671875 0.423828125 0.72607421875 0.3623046875 0.72314453125 0.35546875 0.72216796875 0.35546875 0.7109375 0.35546875
5 0.7099609375 0.3544921875 0.70849609375 0.3564453125 0.703125 0.3681640625 0.6982421875 0.3818359375 0.697265625 0.388671875 0.6943359375 0.392578125 0.69140625 0.3994140625 0.68896484375 0.41015625 0.6884765625 0.4189453125 0.68798828125 0.4267578125 0.6875 0.431640625 0.6884765625 0.431640625 0.69140625 0.439453125 0.69384765625 0.439453125 0.69970703125 0.4384765625 0.70166015625 0.4443359375 0.705078125 0.4453125 0.7138671875 0.443359375 0.72021484375 0.4365234375 0.73486328125 0.4375 0.73779296875 0.4423828125 0.74169921875 0.44140625 0.7431640625 0.435546875 0.75048828125 0.435546875 0.751953125 0.443359375 0.759765625 0.4404296875 0.759765625 0.4033203125 0.7578125 0.388671875 0.75390625 0.3779296875 0.75048828125 0.365234375 0.74755859375 0.3603515625 0.74609375 0.3583984375 0.7412109375 0.3544921875 0.73486328125 0.353515625 0.72216796875 0.35546875 0.7099609375 0.35546875 0.7099609375 0.3544921875
5 0.615234375 0.3671875 0.61328125 0.373046875 0.60888671875 0.3740234375 0.60791015625 0.376953125 0.60693359375 0.380859375 0.60595703125 0.3837890625 0.603515625 0.3876953125 0.6025390625 0.3916015625 0.60498046875 0.3994140625 0.607421875 0.4013671875 0.6181640625 0.400390625 0.62255859375 0.400390625 0.62255859375 0.400390625 0.62646484375 0.3876953125 0.625 0.3701171875 0.61865234375 0.3701171875 0.61865234375 0.3671875 0.615234375 0.3671875
5 0.61865234375 0.369140625 0.61865234375 0.369140625 0.6142578125 0.3701171875 0.61279296875 0.3740234375 0.61279296875 0.37890625 0.60986328125 0.3818359375 0.60888671875 0.3857421875 0.6083984375 0.392578125 0.60888671875 0.4013671875 0.6181640625 0.400390625 0.62255859375 0.400390625 0.62841796875 0.40234375 0.63037109375 0.40234375 0.6328125 0.3701171875 0.6328125 0.369140625 0.61865234375 0.3701171875 0.61865234375 0.369140625
5 0.62841796875 0.3701171875 0.626953125 0.373046875 0.625 0.3837890625 0.62451171875 0.3955078125 0.62451171875 0.4013671875 0.62841796875 0.40234375 0.6494140625 0.400390625 0.64892578125 0.3818359375 0.64697265625 0.369140625 0.6416015625 0.369140625 0.62841796875 0.3701171875
