0 0.0 0.41796875 0.642578125 0.4462890625 0.99951171875 0.6708984375 0.99951171875 0.9990234375 0.0 0.9990234375 0.0 0.7060546875 0.2041015625 0.5537109375 0.0 0.51953125
1 0.26123046875 0.4873046875 0.33544921875 0.48046875 0.4345703125 0.4794921875 0.517578125 0.482421875 0.59423828125 0.4853515625 0.76611328125 0.4287109375 0.53466796875 0.3486328125 0.22509765625 0.390625
1 0.04296875 0.6943359375 0.1611328125 0.6171875 0.2138671875 0.58203125 0.24658203125 0.5595703125 0.267578125 0.5439453125 0.27197265625 0.537109375 0.27099609375 0.52734375 0.267578125 0.51953125 0.26220703125 0.5146484375 0.24169921875 0.509765625 0.20654296875 0.5048828125 0.16796875 0.5048828125 0.1259765625 0.5048828125 0.09423828125 0.5068359375 0.0 0.5146484375 0.0 0.73046875
2 0.99951171875 0.0 0.99951171875 0.5205078125 0.5634765625 0.4326171875 0.421875 0.4423828125 0.3603515625 0.4501953125 0.3466796875 0.451171875 0.34765625 0.4560546875 0.3740234375 0.4560546875 0.3759765625 0.46484375 0.3564453125 0.46484375 0.2509765625 0.4658203125 0.1474609375 0.4794921875 0.02099609375 0.4873046875 0.0 0.4404296875 0.0 0.0
5 0.1884765625 0.40625 0.1923828125 0.39453125 0.2080078125 0.3916015625 0.23779296875 0.3916015625 0.25146484375 0.3955078125 0.2568359375 0.40234375 0.263671875 0.4326171875 0.22998046875 0.4599609375 0.1865234375 0.46484375 0.185546875 0.439453125
2 0.18408203125 0.4072265625 0.27880859375 0.40234375 0.279296875 0.458984375 0.18359375 0.4677734375
4 0.1201171875 0.498046875 0.24365234375 0.48828125 0.29345703125 0.474609375 0.341796875 0.474609375 0.35888671875 0.4697265625 0.31591796875 0.4697265625 0.30810546875 0.4560546875 0.3017578125 0.4482421875 0.296875 0.4404296875 0.28125 0.4404296875 0.2734375 0.4580078125 0.26513671875 0.4482421875 0.25390625 0.4462890625 0.24609375 0.4423828125 0.23291015625 0.43359375 0.2265625 0.42578125 0.21875 0.4501953125 0.208984375 0.4482421875 0.20556640625 0.4384765625 0.20166015625 0.4052734375 0.203125 0.380859375 0.208984375 0.361328125 0.21044921875 0.3359375 0.21044921875 0.3115234375 0.2177734375 0.3095703125 0.21533203125 0.2900390625 0.21533203125 0.275390625 0.22021484375 0.2451171875 0.22412109375 0.232421875 0.21923828125 0.2099609375 0.21435546875 0.119140625 0.21533203125 0.0986328125 0.2177734375 0.0791015625 0.2138671875 0.072265625 0.216796875 0.064453125 0.21533203125 0.044921875 0.216796875 0.0322265625 0.21630859375 0.025390625 0.216796875 0.0166015625 0.21533203125 0.0 0.16357421875 0.0 0.16796875 0.0244140625 0.16064453125 0.017578125 0.15625 0.017578125 0.1572265625 0.02734375 0.1572265625 0.0341796875 0.15087890625 0.0341796875 0.15185546875 0.0439453125 0.16064453125 0.0537109375 0.1611328125 0.0576171875 0.1611328125 0.0625 0.1630859375 0.064453125 0.16943359375 0.0546875 0.171875 0.0615234375 0.17431640625 0.083984375 0.16845703125 0.109375 0.16845703125 0.119140625 0.17236328125 0.12890625 0.171875 0.1357421875 0.17333984375 0.146484375 0.1796875 0.1513671875 0.17822265625 0.16015625 0.181640625 0.17578125 0.17919921875 0.1884765625 0.1708984375 0.173828125 0.16845703125 0.1884765625 0.16552734375 0.185546875 0.16552734375 0.205078125 0.16552734375 0.2060546875 0.17236328125 0.2255859375 0.166015625 0.23046875 0.16552734375 0.240234375 0.169921875 0.259765625 0.17236328125 0.2646484375 0.17333984375 0.287109375 0.17919921875 0.3017578125 0.181640625 0.3212890625 0.18701171875 0.33203125 0.193359375 0.3466796875 0.19677734375 0.37109375 0.1953125 0.3984375 0.19287109375 0.41015625 0.1953125 0.41796875 0.1953125 0.4306640625 0.19677734375 0.4326171875 0.19580078125 0.4609375 0.185546875 0.4677734375 0.17919921875 0.474609375 0.162109375 0.4794921875 0.14599609375 0.4775390625 0.138671875 0.4833984375 0.134765625 0.482421875 0.1201171875 0.4931640625
5 0.060546875 0.3984375 0.03564453125 0.4013671875 0.02197265625 0.4052734375 0.0 0.42578125 0.04052734375 0.4951171875 0.06787109375 0.4931640625 0.07421875 0.501953125 0.08642578125 0.5 0.091796875 0.4951171875 0.10009765625 0.5 0.10791015625 0.5 0.11376953125 0.482421875 0.12646484375 0.482421875 0.134765625 0.4755859375 0.134765625 0.46484375 0.130859375 0.4580078125 0.1298828125 0.4423828125 0.12646484375 0.4306640625 0.11376953125 0.416015625 0.10693359375 0.41015625 0.10595703125 0.40234375 0.119140625 0.37890625 0.12841796875 0.373046875 0.13623046875 0.373046875 0.142578125 0.3740234375 0.14111328125 0.3681640625 0.134765625 0.359375 0.12744140625 0.3564453125 0.1103515625 0.353515625 0.1025390625 0.3642578125 0.1025390625 0.369140625 0.09521484375 0.3857421875 0.08935546875 0.3935546875 0.087890625 0.400390625
5 0.04345703125 0.5029296875 0.04296875 0.48828125 0.03955078125 0.4755859375 0.01953125 0.4384765625 0.0 0.40625 0.0 0.7001953125 0.01611328125 0.6982421875 0.02880859375 0.6904296875 0.0380859375 0.66015625 0.03955078125 0.62890625 0.03955078125 0.6044921875 0.04296875 0.59375 0.046875 0.57421875 0.04931640625 0.5625 0.04931640625 0.544921875 0.0458984375 0.537109375 0.044921875 0.51953125
5 0.634765625 0.3515625 0.6259765625 0.388671875 0.619140625 0.38671875 0.61474609375 0.3935546875 0.61279296875 0.4033203125 0.615234375 0.4052734375 0.62158203125 0.40625 0.61865234375 0.4189453125 0.6162109375 0.4326171875 0.61474609375 0.4462890625 0.6123046875 0.4658203125 0.6123046875 0.4853515625 0.615234375 0.4951171875 0.619140625 0.5048828125 0.63232421875 0.5048828125 0.63623046875 0.4951171875 0.64453125 0.4970703125 0.64453125 0.51171875 0.6484375 0.5205078125 0.66455078125 0.517578125 0.6943359375 0.48046875 0.74267578125 0.3681640625 0.72900390625 0.3291015625 0.72021484375 0.322265625 0.71142578125 0.326171875 0.70263671875 0.3271484375 0.66796875 0.33203125 0.65869140625 0.3291015625 0.6474609375 0.33203125 0.64208984375 0.3388671875 0.63720703125 0.3466796875
5 0.72314453125 0.333984375 0.70166015625 0.3388671875 0.689453125 0.3544921875 0.67822265625 0.388671875 0.67431640625 0.4033203125 0.67333984375 0.388671875 0.66455078125 0.3916015625 0.65869140625 0.40625 0.666015625 0.41015625 0.67333984375 0.408203125 0.67236328125 0.4140625 0.66064453125 0.435546875 0.65966796875 0.4609375 0.66064453125 0.4775390625 0.65966796875 0.501953125 0.662109375 0.5302734375 0.66552734375 0.5390625 0.67822265625 0.537109375 0.6796875 0.517578125 0.69189453125 0.525390625 0.69287109375 0.5419921875 0.69580078125 0.5595703125 0.705078125 0.564453125 0.71435546875 0.564453125 0.716796875 0.5439453125 0.73779296875 0.5419921875 0.75 0.5390625 0.755859375 0.52734375 0.810546875 0.5126953125 0.8525390625 0.37109375 0.81201171875 0.34375 0.80419921875 0.333984375 0.79345703125 0.3291015625 0.77197265625 0.3271484375 0.7548828125 0.3291015625 0.73974609375 0.3291015625
5 0.931640625 0.287109375 0.85986328125 0.3017578125 0.8330078125 0.314453125 0.81787109375 0.3291015625 0.806640625 0.349609375 0.78955078125 0.3955078125 0.7861328125 0.3916015625 0.77587890625 0.400390625 0.76953125 0.41015625 0.77099609375 0.4228515625 0.7783203125 0.42578125 0.77490234375 0.4326171875 0.76708984375 0.4453125 0.7626953125 0.4580078125 0.76123046875 0.47265625 0.7587890625 0.5029296875 0.7587890625 0.52734375 0.76123046875 0.556640625 0.76513671875 0.5625 0.76708984375 0.58984375 0.76953125 0.603515625 0.7822265625 0.6064453125 0.791015625 0.6044921875 0.794921875 0.591796875 0.7958984375 0.57421875 0.85009765625 0.59375 0.8505859375 0.6064453125 0.85888671875 0.6416015625 0.8623046875 0.6552734375 0.87109375 0.6630859375 0.89501953125 0.66015625 0.90087890625 0.650390625 0.90234375 0.630859375 0.90625 0.6015625 0.97509765625 0.435546875 0.97802734375 0.287109375 0.94189453125 0.287109375 0.9384765625 0.2822265625 0.9453125 0.22265625 0.94189453125 0.220703125 0.9345703125 0.28515625
5 0.99951171875 0.0537109375 0.99169921875 0.0986328125 0.9814453125 0.126953125 0.96875 0.1826171875 0.94580078125 0.2841796875 0.94091796875 0.3037109375 0.92822265625 0.3017578125 0.92822265625 0.3193359375 0.92919921875 0.3544921875 0.91845703125 0.4052734375 0.908203125 0.4755859375 0.90576171875 0.5322265625 0.9072265625 0.5625 0.90234375 0.564453125 0.91455078125 0.646484375 0.91845703125 0.6552734375 0.92431640625 0.7080078125 0.931640625 0.748046875 0.93798828125 0.76953125 0.95947265625 0.7802734375 0.98779296875 0.77734375 0.99951171875 0.7666015625
