0 0.99951171875 0.3671875 0.0 0.376953125 0.0 0.9990234375 0.99951171875 0.9990234375
1 0.037109375 0.46484375 0.06103515625 0.4736328125 0.0615234375 0.4833984375 0.232421875 0.484375 0.78955078125 0.484375 0.87255859375 0.4873046875 0.88330078125 0.4541015625 0.83349609375 0.4443359375 0.0 0.3662109375 0.0 0.4384765625
2 0.99951171875 0.4580078125 0.8779296875 0.4462890625 0.8603515625 0.44140625 0.85400390625 0.4443359375 0.85205078125 0.462890625 0.1767578125 0.44140625 0.16259765625 0.4365234375 0.146484375 0.4287109375 0.0146484375 0.412109375 0.0 0.41796875 0.0 0.0 0.8642578125 0.0 0.8642578125 0.05078125 0.8740234375 0.0341796875 0.875 0.0322265625 0.8779296875 0.0419921875 0.8896484375 0.0400390625 0.890625 0.03515625 0.890625 0.029296875 0.8857421875 0.0263671875 0.88037109375 0.0244140625 0.88134765625 0.0234375 0.8828125 0.0087890625 0.88330078125 0.0 0.88671875 0.0 0.88671875 0.021484375 0.890625 0.0234375 0.89111328125 0.0205078125 0.892578125 0.0 0.99951171875 0.0
4 0.3603515625 0.435546875 0.36328125 0.419921875 0.36279296875 0.4150390625 0.3603515625 0.41015625 0.3564453125 0.4072265625 0.35498046875 0.40625 0.3525390625 0.40234375 0.35009765625 0.4013671875 0.3466796875 0.3994140625 0.341796875 0.3984375 0.33935546875 0.3994140625 0.333984375 0.4013671875 0.33349609375 0.4013671875 0.32568359375 0.40625 0.32568359375 0.40625 0.32568359375 0.41015625 0.32568359375 0.4140625 0.3271484375 0.4287109375 0.328125 0.4365234375 0.330078125 0.4443359375 0.341796875 0.4443359375 0.35400390625 0.443359375
4 0.224609375 0.412109375 0.23046875 0.3984375 0.23291015625 0.3916015625 0.23681640625 0.3876953125 0.24169921875 0.3857421875 0.24560546875 0.3857421875 0.25 0.3876953125 0.25439453125 0.3828125 0.26025390625 0.3828125 0.26220703125 0.388671875 0.26708984375 0.3935546875 0.26708984375 0.3955078125 0.27294921875 0.4013671875 0.279296875 0.404296875 0.283203125 0.42578125 0.28076171875 0.44140625 0.27783203125 0.447265625 0.271484375 0.4501953125 0.27294921875 0.4580078125 0.2568359375 0.4580078125 0.24755859375 0.4609375 0.23779296875 0.45703125 0.236328125 0.45703125 0.23388671875 0.4541015625 0.23046875 0.4501953125 0.228515625 0.42578125
4 0.40576171875 0.4013671875 0.40966796875 0.3916015625 0.416015625 0.3935546875 0.42041015625 0.3935546875 0.42138671875 0.3916015625 0.42724609375 0.3916015625 0.42822265625 0.388671875 0.43212890625 0.3876953125 0.43505859375 0.388671875 0.4365234375 0.3935546875 0.43994140625 0.3984375 0.44189453125 0.3857421875 0.44384765625 0.3798828125 0.44921875 0.376953125 0.4521484375 0.3857421875 0.455078125 0.388671875 0.46044921875 0.3837890625 0.4638671875 0.3935546875 0.4658203125 0.4365234375 0.46435546875 0.455078125 0.455078125 0.44140625 0.4482421875 0.44140625 0.44580078125 0.44921875 0.4443359375 0.45703125 0.44384765625 0.4609375 0.44140625 0.470703125 0.4365234375 0.47265625 0.43212890625 0.46875 0.42724609375 0.470703125 0.423828125 0.46875 0.419921875 0.4658203125 0.41650390625 0.4609375 0.41259765625 0.455078125 0.408203125 0.4541015625 0.4052734375 0.4501953125 0.404296875 0.44921875 0.40283203125 0.4462890625 0.40283203125 0.439453125 0.40185546875 0.435546875 0.40283203125 0.4228515625 0.40283203125 0.4140625 0.40185546875 0.4091796875 0.4033203125 0.404296875
1 0.99951171875 0.6005859375 0.9677734375 0.57421875 0.95068359375 0.5498046875 0.94189453125 0.53125 0.94775390625 0.5166015625 0.9697265625 0.505859375 0.9970703125 0.4951171875 0.99951171875 0.4921875
4 0.99951171875 0.1015625 0.99951171875 0.08203125 0.99560546875 0.0771484375 0.99169921875 0.07421875 0.99169921875 0.0849609375 0.99365234375 0.09375 0.99609375 0.1015625 0.99609375 0.109375 0.99462890625 0.1162109375 0.99365234375 0.125 0.99365234375 0.1328125 0.99365234375 0.1357421875 0.99365234375 0.1435546875 0.99609375 0.1513671875 0.99169921875 0.1513671875 0.98828125 0.15625 0.984375 0.1748046875 0.9853515625 0.1806640625 0.98388671875 0.1806640625 0.9775390625 0.181640625 0.97509765625 0.189453125 0.9775390625 0.1943359375 0.9716796875 0.1962890625 0.96826171875 0.19921875 0.96533203125 0.2001953125 0.96044921875 0.2021484375 0.9560546875 0.2041015625 0.951171875 0.212890625 0.95458984375 0.2158203125 0.96044921875 0.212890625 0.9638671875 0.2109375 0.96435546875 0.21875 0.95751953125 0.2255859375 0.95361328125 0.2333984375 0.95361328125 0.2373046875 0.953125 0.2421875 0.94580078125 0.2470703125 0.93896484375 0.25 0.93896484375 0.2587890625 0.9443359375 0.265625 0.94775390625 0.2744140625 0.94677734375 0.28515625 0.94677734375 0.2919921875 0.93994140625 0.2978515625 0.93505859375 0.302734375 0.93359375 0.310546875 0.95751953125 0.3193359375 0.962890625 0.3193359375 0.96533203125 0.32421875 0.9736328125 0.33203125 0.9814453125 0.3291015625 0.986328125 0.3408203125 0.9892578125 0.33984375 0.99609375 0.33984375 0.99951171875 0.33984375
5 0.9658203125 0.4248046875 0.97314453125 0.412109375 0.97607421875 0.4013671875 0.99951171875 0.3984375 0.99951171875 0.4443359375 0.9775390625 0.443359375
5 0.93505859375 0.439453125 0.93603515625 0.41796875 0.94189453125 0.412109375 0.94921875 0.4091796875 0.98046875 0.4072265625 0.9892578125 0.41015625 0.99462890625 0.4208984375 0.99462890625 0.4658203125 0.99462890625 0.4912109375 0.98974609375 0.4921875 0.9853515625 0.4970703125 0.982421875 0.498046875 0.978515625 0.4970703125 0.97705078125 0.494140625 0.97705078125 0.4873046875 0.95703125 0.4873046875 0.94384765625 0.46484375
5 0.8818359375 0.4013671875 0.90283203125 0.3984375 0.92578125 0.3994140625 0.9384765625 0.404296875 0.9453125 0.4150390625 0.951171875 0.4287109375 0.95361328125 0.427734375 0.95703125 0.4306640625 0.95751953125 0.4365234375 0.95703125 0.439453125 0.95751953125 0.4443359375 0.96044921875 0.4521484375 0.96240234375 0.4599609375 0.962890625 0.4765625 0.96240234375 0.4892578125 0.96044921875 0.4970703125 0.95849609375 0.501953125 0.955078125 0.5029296875 0.95068359375 0.5 0.94921875 0.4912109375 0.93896484375 0.4892578125 0.9384765625 0.494140625 0.9375 0.501953125 0.93603515625 0.5048828125 0.92919921875 0.5048828125 0.9267578125 0.5 0.9267578125 0.4921875 0.90576171875 0.4912109375 0.90576171875 0.4951171875 0.90283203125 0.501953125 0.900390625 0.501953125 0.89794921875 0.501953125 0.896484375 0.4970703125 0.89453125 0.4892578125 0.88037109375 0.4912109375 0.87939453125 0.501953125 0.8759765625 0.5048828125 0.87109375 0.501953125 0.86962890625 0.4970703125 0.86962890625 0.478515625 0.86865234375 0.470703125 0.86865234375 0.45703125 0.86962890625 0.447265625 0.87109375 0.4365234375 0.87353515625 0.427734375
5 0.0732421875 0.619140625 0.0771484375 0.552734375 0.076171875 0.5126953125 0.07470703125 0.5029296875 0.0615234375 0.46484375 0.06884765625 0.4609375 0.07470703125 0.4599609375 0.07421875 0.4462890625 0.07177734375 0.44140625 0.0634765625 0.4365234375 0.05419921875 0.4365234375 0.0546875 0.4541015625 0.05224609375 0.4501953125 0.0341796875 0.396484375 0.029296875 0.3857421875 0.0185546875 0.3720703125 0.00146484375 0.3662109375 0.0 0.3642578125 0.0 0.66015625 0.00927734375 0.6572265625 0.01025390625 0.67578125 0.01318359375 0.69140625 0.01953125 0.6962890625 0.02685546875 0.693359375 0.03173828125 0.68359375 0.03564453125 0.65234375 0.037109375 0.6357421875 0.0615234375 0.609375 0.0615234375 0.6220703125 0.0634765625 0.6298828125 0.06689453125 0.630859375 0.0703125 0.626953125
