0 0.99951171875 0.701171875 0.65625 0.3486328125 0.22998046875 0.4130859375 0.0 0.6806640625 0.0 0.9990234375 0.99951171875 0.9990234375
1 0.138671875 0.6416015625 0.291015625 0.5439453125 0.3798828125 0.4951171875 0.43408203125 0.4853515625 0.4638671875 0.4833984375 0.5322265625 0.4755859375 0.63720703125 0.46484375 0.69091796875 0.4560546875 0.60400390625 0.41015625 0.2626953125 0.4287109375 0.01513671875 0.462890625 0.0 0.5224609375 0.0 0.73046875
2 0.619140625 0.0 0.61865234375 0.0166015625 0.62353515625 0.0146484375 0.62646484375 0.037109375 0.63134765625 0.03515625 0.63330078125 0.056640625 0.63232421875 0.0712890625 0.64501953125 0.1044921875 0.64208984375 0.1181640625 0.6396484375 0.1416015625 0.64013671875 0.1708984375 0.65185546875 0.16796875 0.658203125 0.16796875 0.65625 0.1513671875 0.66552734375 0.1513671875 0.66552734375 0.1630859375 0.67333984375 0.1611328125 0.67236328125 0.1533203125 0.67431640625 0.1484375 0.67578125 0.146484375 0.67919921875 0.1513671875 0.6865234375 0.15625 0.70263671875 0.1513671875 0.71630859375 0.1552734375 0.73291015625 0.158203125 0.7822265625 0.15625 0.8203125 0.443359375 0.6162109375 0.455078125 0.40185546875 0.4697265625 0.27880859375 0.4931640625 0.19677734375 0.490234375 0.1796875 0.501953125 0.17919921875 0.5146484375 0.1103515625 0.53515625 0.1064453125 0.537109375 0.10498046875 0.5400390625 0.08154296875 0.546875 0.064453125 0.5537109375 0.0556640625 0.5537109375 0.04443359375 0.556640625 0.02978515625 0.5595703125 0.01025390625 0.564453125 0.0 0.564453125 0.0 0.0
4 0.755859375 0.0634765625 0.7490234375 0.08984375 0.73876953125 0.1025390625 0.736328125 0.119140625 0.734375 0.1376953125 0.72998046875 0.1357421875 0.72705078125 0.146484375 0.72412109375 0.1572265625 0.7158203125 0.1689453125 0.7119140625 0.197265625 0.70849609375 0.212890625 0.70654296875 0.224609375 0.70166015625 0.240234375 0.6982421875 0.251953125 0.6953125 0.275390625 0.6923828125 0.296875 0.6953125 0.3046875 0.6953125 0.314453125 0.6982421875 0.3251953125 0.703125 0.32421875 0.705078125 0.3173828125 0.70458984375 0.30859375 0.705078125 0.3056640625 0.7080078125 0.310546875 0.708984375 0.3203125 0.7119140625 0.32421875 0.712890625 0.330078125 0.70947265625 0.3349609375 0.70263671875 0.3408203125 0.69580078125 0.3447265625 0.69384765625 0.3447265625 0.6923828125 0.345703125 0.689453125 0.3447265625 0.68798828125 0.3447265625 0.68017578125 0.34375 0.6748046875 0.34375 0.67724609375 0.3486328125 0.6767578125 0.3544921875 0.67724609375 0.3603515625 0.67919921875 0.3662109375 0.68603515625 0.3828125 0.7822265625 0.384765625 0.77294921875 0.052734375
2 0.75341796875 0.0 0.75341796875 0.1904296875 0.75146484375 0.1953125 0.71533203125 0.1962890625 0.71630859375 0.25 0.74169921875 0.2470703125 0.71533203125 0.27734375 0.71630859375 0.2900390625 0.7177734375 0.294921875 0.71875 0.306640625 0.76025390625 0.3037109375 0.7626953125 0.3740234375 0.89013671875 0.529296875 0.99951171875 0.59375 0.99951171875 0.0
1 0.99658203125 0.951171875 0.96923828125 0.9208984375 0.84912109375 0.7822265625 0.7587890625 0.673828125 0.68359375 0.5703125 0.62255859375 0.5068359375 0.6201171875 0.4970703125 0.62158203125 0.4921875 0.6259765625 0.482421875 0.638671875 0.474609375 0.64990234375 0.470703125 0.92822265625 0.4970703125 0.99951171875 0.5322265625 0.99951171875 0.951171875
5 0.6533203125 0.4287109375 0.6494140625 0.400390625 0.64208984375 0.3935546875 0.63623046875 0.3916015625 0.62158203125 0.3935546875 0.61474609375 0.3955078125 0.61279296875 0.3955078125 0.6103515625 0.4140625 0.638671875 0.4658203125 0.64990234375 0.4677734375
5 0.6064453125 0.41015625 0.61669921875 0.408203125 0.6259765625 0.408203125 0.630859375 0.4130859375 0.634765625 0.42578125 0.638671875 0.42578125 0.638671875 0.4287109375 0.63525390625 0.4326171875 0.63720703125 0.4375 0.6396484375 0.4404296875 0.6396484375 0.4453125 0.6396484375 0.453125 0.6396484375 0.4609375 0.638671875 0.4658203125 0.634765625 0.4677734375 0.6337890625 0.46484375 0.63232421875 0.4677734375 0.62744140625 0.4677734375 0.62109375 0.4609375 0.6064453125 0.42578125
5 0.5791015625 0.40625 0.58935546875 0.40625 0.59912109375 0.40625 0.6015625 0.4033203125 0.60888671875 0.4052734375 0.61279296875 0.4111328125 0.61669921875 0.4228515625 0.61767578125 0.423828125 0.62109375 0.423828125 0.62109375 0.4306640625 0.619140625 0.4306640625 0.62255859375 0.4375 0.625 0.4423828125 0.625 0.4580078125 0.6240234375 0.4677734375 0.6201171875 0.4697265625 0.61865234375 0.46484375 0.61767578125 0.4677734375 0.60546875 0.4697265625 0.60400390625 0.4697265625 0.6025390625 0.4658203125 0.58642578125 0.455078125 0.57421875 0.423828125
5 0.54833984375 0.4013671875 0.55908203125 0.400390625 0.56787109375 0.3984375 0.578125 0.3955078125 0.58447265625 0.396484375 0.587890625 0.41015625 0.59130859375 0.41796875 0.591796875 0.4228515625 0.5927734375 0.41796875 0.5966796875 0.4189453125 0.5966796875 0.423828125 0.59423828125 0.42578125 0.5927734375 0.427734375 0.59521484375 0.4326171875 0.59765625 0.435546875 0.59912109375 0.443359375 0.60009765625 0.4609375 0.60009765625 0.4697265625 0.5966796875 0.470703125 0.59375 0.470703125 0.591796875 0.4697265625 0.5888671875 0.47265625 0.58203125 0.474609375 0.57275390625 0.474609375 0.5703125 0.4677734375 0.55810546875 0.4658203125 0.541015625 0.416015625
5 0.544921875 0.3837890625 0.55322265625 0.41015625 0.55712890625 0.41015625 0.560546875 0.416015625 0.5556640625 0.4189453125 0.55908203125 0.42578125 0.5595703125 0.435546875 0.5615234375 0.4453125 0.56298828125 0.4580078125 0.56201171875 0.47265625 0.560546875 0.4755859375 0.55810546875 0.4775390625 0.5546875 0.4775390625 0.55419921875 0.4755859375 0.5517578125 0.4697265625 0.5498046875 0.4697265625 0.5498046875 0.4755859375 0.54736328125 0.4794921875 0.541015625 0.47265625 0.5322265625 0.4384765625 0.50830078125 0.4599609375 0.50830078125 0.4794921875 0.50634765625 0.482421875 0.50390625 0.482421875 0.50146484375 0.482421875 0.5 0.4794921875 0.5 0.470703125 0.4990234375 0.4599609375 0.47802734375 0.427734375 0.52978515625 0.41015625 0.533203125 0.390625 0.541015625 0.38671875
5 0.29052734375 0.3271484375 0.29931640625 0.31640625 0.3134765625 0.3193359375 0.33056640625 0.31640625 0.3515625 0.31640625 0.3623046875 0.3193359375 0.36279296875 0.314453125 0.37158203125 0.31640625 0.38134765625 0.322265625 0.388671875 0.333984375 0.39501953125 0.3515625 0.408203125 0.4033203125 0.4130859375 0.396484375 0.41796875 0.3984375 0.41943359375 0.40625 0.41552734375 0.41796875 0.4111328125 0.4189453125 0.41357421875 0.4404296875 0.41943359375 0.4482421875 0.419921875 0.501953125 0.41943359375 0.517578125 0.416015625 0.5244140625 0.40869140625 0.525390625 0.40625 0.5166015625 0.40576171875 0.51171875 0.39111328125 0.5146484375 0.39208984375 0.5302734375 0.39013671875 0.5419921875 0.3876953125 0.548828125 0.37744140625 0.548828125 0.3740234375 0.5419921875 0.37353515625 0.5322265625 0.37255859375 0.52734375 0.365234375 0.5224609375 0.36376953125 0.51953125 0.33544921875 0.5205078125 0.333984375 0.529296875 0.3291015625 0.5341796875 0.32421875 0.5341796875 0.3203125 0.5244140625 0.29736328125 0.52734375 0.2958984375 0.5419921875 0.29345703125 0.5517578125 0.28564453125 0.5546875 0.27880859375 0.5498046875 0.27587890625 0.5302734375 0.27685546875 0.51171875 0.27587890625 0.498046875 0.27490234375 0.4833984375 0.2724609375 0.453125 0.2734375 0.4228515625 0.27734375 0.3818359375 0.2822265625 0.3486328125 0.28466796875 0.3310546875
5 0.99951171875 0.435546875 0.99609375 0.4423828125 0.98876953125 0.4404296875 0.982421875 0.443359375 0.97412109375 0.4482421875 0.97119140625 0.4580078125 0.96923828125 0.4677734375 0.97119140625 0.4833984375 0.9716796875 0.4921875 0.96044921875 0.5048828125 0.953125 0.5146484375 0.94580078125 0.5302734375 0.94091796875 0.544921875 0.939453125 0.5537109375 0.939453125 0.5673828125 0.92578125 0.5947265625 0.919921875 0.619140625 0.91845703125 0.62109375 0.91845703125 0.6533203125 0.92236328125 0.7060546875 0.92578125 0.7373046875 0.92919921875 0.75 0.9404296875 0.75 0.94287109375 0.7470703125 0.94775390625 0.75 0.94921875 0.8212890625 0.95068359375 0.83203125 0.95703125 0.83984375 0.9775390625 0.841796875 0.98779296875 0.833984375 0.99951171875 0.8359375
5 0.67919921875 0.3642578125 0.73974609375 0.359375 0.76220703125 0.361328125 0.7509765625 0.470703125 0.70068359375 0.5205078125 0.681640625 0.5205078125 0.681640625 0.5419921875 0.6796875 0.548828125 0.67236328125 0.548828125 0.66796875 0.548828125 0.66357421875 0.5302734375 0.66455078125 0.517578125 0.65966796875 0.5146484375 0.65966796875 0.5244140625 0.65625 0.52734375 0.64990234375 0.52734375 0.6484375 0.51953125 0.6474609375 0.490234375 0.64501953125 0.4775390625 0.64599609375 0.4677734375 0.64501953125 0.4560546875 0.64599609375 0.4423828125 0.65185546875 0.427734375 0.64501953125 0.4228515625 0.64599609375 0.41015625 0.658203125 0.408203125 0.66796875 0.37890625 0.6708984375 0.3681640625 0.6767578125 0.3642578125
5 0.7255859375 0.41015625 0.73974609375 0.369140625 0.75390625 0.34375 0.7646484375 0.3310546875 0.77734375 0.3271484375 0.78369140625 0.3310546875 0.81591796875 0.32421875 0.84130859375 0.32421875 0.84375 0.3193359375 0.84765625 0.314453125 0.8505859375 0.3212890625 0.8837890625 0.3212890625 0.90478515625 0.322265625 0.91357421875 0.3291015625 0.9306640625 0.353515625 0.9541015625 0.388671875 0.9677734375 0.408203125 0.9814453125 0.4287109375 0.99169921875 0.4677734375 0.9443359375 0.5947265625 0.888671875 0.6044921875 0.81591796875 0.6181640625 0.791015625 0.623046875 0.78955078125 0.6337890625 0.7880859375 0.6484375 0.78369140625 0.6552734375 0.76025390625 0.6552734375 0.7548828125 0.6455078125 0.7509765625 0.623046875 0.7490234375 0.5986328125 0.72998046875 0.58203125 0.7275390625 0.58984375 0.7216796875 0.59375 0.70703125 0.591796875 0.703125 0.583984375 0.69921875 0.5625 0.6982421875 0.546875 0.6982421875 0.5244140625 0.6982421875 0.4853515625 0.69921875 0.46484375 0.70654296875 0.4462890625 0.716796875 0.4326171875 0.7119140625 0.427734375 0.7119140625 0.4140625 0.71630859375 0.400390625 0.72265625 0.396484375 0.72412109375 0.4033203125
