0 0.0 0.9990234375 0.99951171875 0.9990234375 0.99951171875 0.3916015625 0.71533203125 0.40625 0.61279296875 0.4365234375 0.43603515625 0.4169921875 0.0 0.3798828125
4 0.47802734375 0.2275390625 0.50390625 0.0986328125 0.51171875 0.1181640625 0.5166015625 0.12109375 0.51953125 0.12890625 0.52001953125 0.1376953125 0.51953125 0.14453125 0.52001953125 0.1513671875 0.5185546875 0.158203125 0.51806640625 0.166015625 0.51708984375 0.1708984375 0.52001953125 0.1669921875 0.52197265625 0.1591796875 0.525390625 0.16015625 0.529296875 0.1591796875 0.53125 0.1552734375 0.5341796875 0.1552734375 0.53369140625 0.162109375 0.5361328125 0.1650390625 0.54052734375 0.1689453125 0.54345703125 0.173828125 0.544921875 0.1640625 0.54638671875 0.15625 0.5478515625 0.150390625 0.55029296875 0.1474609375 0.55517578125 0.1474609375 0.55615234375 0.1416015625 0.5595703125 0.1376953125 0.5634765625 0.12890625 0.56640625 0.126953125 0.56982421875 0.1298828125 0.5712890625 0.138671875 0.576171875 0.140625 0.5791015625 0.14453125 0.58251953125 0.1494140625 0.5859375 0.15625 0.58837890625 0.1630859375 0.59326171875 0.16796875 0.595703125 0.16015625 0.59619140625 0.15234375 0.59765625 0.14453125 0.60107421875 0.1435546875 0.60546875 0.1455078125 0.60791015625 0.150390625 0.61181640625 0.1533203125 0.61474609375 0.146484375 0.61865234375 0.142578125 0.62451171875 0.1396484375 0.630859375 0.1376953125 0.63232421875 0.130859375 0.63232421875 0.123046875 0.63671875 0.1220703125 0.64013671875 0.1181640625 0.64404296875 0.1181640625 0.64697265625 0.1123046875 0.64892578125 0.1064453125 0.65234375 0.1064453125 0.65478515625 0.1103515625 0.65673828125 0.115234375 0.66064453125 0.1171875 0.6650390625 0.1259765625 0.68017578125 0.142578125 0.68359375 0.146484375 0.68603515625 0.150390625 0.69140625 0.1533203125 0.6982421875 0.16015625 0.724609375 0.2822265625 0.70849609375 0.4091796875 0.6513671875 0.455078125 0.58984375 0.453125 0.50537109375 0.427734375
5 0.6171875 0.4482421875 0.62109375 0.4423828125 0.6357421875 0.4423828125 0.6357421875 0.453125 0.6201171875 0.453125
2 0.0 0.0 0.0 0.4912109375 0.03173828125 0.4951171875 0.150390625 0.4853515625 0.22412109375 0.478515625 0.291015625 0.4755859375 0.38623046875 0.45703125 0.4111328125 0.466796875 0.47119140625 0.4638671875 0.51416015625 0.3427734375 0.521484375 0.28125 0.521484375 0.236328125 0.513671875 0.21875 0.5126953125 0.1181640625 0.51318359375 0.115234375 0.51220703125 0.109375 0.5078125 0.099609375 0.5078125 0.0
2 0.99951171875 0.0 0.68896484375 0.0 0.68994140625 0.05859375 0.68603515625 0.0693359375 0.689453125 0.078125 0.68994140625 0.171875 0.69189453125 0.4140625 0.7744140625 0.462890625 0.87353515625 0.4970703125 0.99951171875 0.498046875
1 0.99951171875 0.7373046875 0.99951171875 0.9990234375 0.970703125 0.9267578125 0.9580078125 0.8955078125 0.94580078125 0.8564453125 0.939453125 0.826171875 0.9365234375 0.8046875 0.9365234375 0.7841796875 0.94140625 0.7607421875 0.951171875 0.73828125 0.966796875 0.7177734375 0.98388671875 0.7001953125 0.99951171875 0.6875
1 0.59033203125 0.4775390625 0.5986328125 0.4775390625 0.61083984375 0.4697265625 0.61962890625 0.4697265625 0.62939453125 0.4658203125 0.6474609375 0.4619140625 0.8095703125 0.4716796875 0.8447265625 0.478515625 0.88623046875 0.4814453125 0.90966796875 0.4814453125 0.994140625 0.4814453125 0.99951171875 0.4814453125 0.99951171875 0.51953125 0.9287109375 0.515625 0.826171875 0.5107421875 0.7548828125 0.5009765625 0.64794921875 0.49609375 0.6376953125 0.49609375 0.6181640625 0.49609375 0.58740234375 0.49609375
1 0.0 0.4951171875 0.0 0.5068359375 0.0166015625 0.5078125 0.0302734375 0.5087890625 0.06689453125 0.5029296875 0.109375 0.501953125 0.2109375 0.4931640625 0.2451171875 0.490234375 0.29541015625 0.4853515625 0.373046875 0.4765625 0.4658203125 0.4716796875 0.462890625 0.4609375 0.3955078125 0.4638671875 0.302734375 0.4677734375 0.2841796875 0.466796875 0.24365234375 0.4716796875 0.13232421875 0.48046875 0.05908203125 0.4853515625 0.0 0.4873046875
5 0.6787109375 0.4375 0.689453125 0.41015625 0.69384765625 0.4013671875 0.69775390625 0.392578125 0.7021484375 0.3857421875 0.708984375 0.380859375 0.73193359375 0.3779296875 0.765625 0.380859375 0.7763671875 0.384765625 0.78466796875 0.39453125 0.78564453125 0.4677734375 0.78564453125 0.509765625 0.77392578125 0.5126953125 0.76025390625 0.51171875 0.7578125 0.5126953125 0.755859375 0.5185546875 0.75341796875 0.521484375 0.74853515625 0.5224609375 0.74365234375 0.51953125 0.74072265625 0.5126953125 0.73828125 0.51171875 0.71826171875 0.513671875 0.716796875 0.5224609375 0.7158203125 0.5283203125 0.71337890625 0.53125 0.7060546875 0.5322265625 0.70166015625 0.5283203125 0.69970703125 0.521484375 0.69970703125 0.5107421875 0.69287109375 0.509765625
3 0.2978515625 0.4560546875 0.2978515625 0.43359375 0.36865234375 0.427734375 0.39892578125 0.44140625 0.4150390625 0.44140625 0.41259765625 0.447265625 0.41259765625 0.4697265625 0.39501953125 0.4716796875 0.369140625 0.4716796875 0.2978515625 0.47265625
