0 0.0 0.619140625 0.4951171875 0.4296875 0.58447265625 0.400390625 0.611328125 0.396484375 0.62451171875 0.396484375 0.6376953125 0.3955078125 0.67138671875 0.396484375 0.69580078125 0.4140625 0.77490234375 0.51171875 0.99951171875 0.7275390625 0.99951171875 0.9990234375 0.0 0.9990234375
1 0.0 0.669921875 0.0078125 0.666015625 0.109375 0.6171875 0.2158203125 0.564453125 0.31201171875 0.5185546875 0.38037109375 0.4873046875 0.4248046875 0.4677734375 0.4453125 0.46484375 0.44482421875 0.45703125 0.44580078125 0.4541015625 0.48974609375 0.443359375 0.546875 0.427734375 0.55419921875 0.42578125 0.5771484375 0.41796875 0.58154296875 0.412109375 0.58251953125 0.3935546875 0.57470703125 0.3935546875 0.56103515625 0.396484375 0.54736328125 0.3994140625 0.53173828125 0.4052734375 0.27294921875 0.4560546875 0.09326171875 0.4091796875 0.0 0.44921875
2 0.53125 0.3466796875 0.56640625 0.33984375 0.60205078125 0.3544921875 0.60498046875 0.400390625 0.58984375 0.41796875 0.56982421875 0.3994140625 0.54833984375 0.4072265625 0.53076171875 0.3935546875
2 0.37548828125 0.3359375 0.47119140625 0.3701171875 0.52197265625 0.33984375 0.51904296875 0.412109375 0.375 0.412109375
3 0.53515625 0.3857421875 0.541015625 0.390625 0.546875 0.3935546875 0.548828125 0.3955078125 0.54833984375 0.4033203125 0.53515625 0.4072265625
4 0.4296875 0.3447265625 0.4521484375 0.3427734375 0.4580078125 0.34375 0.45751953125 0.3544921875 0.45947265625 0.359375 0.46337890625 0.359375 0.4658203125 0.3662109375 0.46875 0.365234375 0.474609375 0.3623046875 0.47998046875 0.361328125 0.48583984375 0.3583984375 0.4921875 0.3447265625 0.51318359375 0.3505859375 0.517578125 0.365234375 0.50927734375 0.3720703125 0.46923828125 0.3740234375 0.439453125 0.3740234375 0.4384765625 0.4052734375 0.4287109375 0.4033203125 0.4267578125 0.37890625 0.4248046875 0.34375
1 0.94189453125 0.580078125 0.88916015625 0.5732421875 0.8359375 0.5595703125 0.81787109375 0.541015625 0.787109375 0.5205078125 0.7744140625 0.5146484375 0.76416015625 0.509765625 0.71484375 0.5185546875 0.7041015625 0.5068359375 0.71826171875 0.4970703125 0.7373046875 0.4931640625 0.76318359375 0.4921875 0.841796875 0.4853515625 0.849609375 0.4833984375 0.95458984375 0.513671875 0.962890625 0.5712890625
2 0.103515625 0.3466796875 0.11328125 0.3466796875 0.119140625 0.35546875 0.12158203125 0.3583984375 0.12890625 0.3583984375 0.1513671875 0.357421875 0.16455078125 0.3583984375 0.20458984375 0.3583984375 0.212890625 0.3583984375 0.23681640625 0.357421875 0.24169921875 0.357421875 0.28515625 0.3408203125 0.30419921875 0.349609375 0.3095703125 0.431640625 0.09033203125 0.427734375 0.0927734375 0.3447265625
2 0.64453125 0.1748046875 0.64453125 0.2265625 0.6435546875 0.2685546875 0.6435546875 0.30078125 0.64453125 0.318359375 0.63037109375 0.3955078125 0.76953125 0.40625 0.79296875 0.42578125 0.9453125 0.3505859375 0.99951171875 0.17578125 0.99951171875 0.0 0.62939453125 0.0
4 0.833984375 0.3193359375 0.83740234375 0.306640625 0.83935546875 0.302734375 0.83740234375 0.28125 0.8408203125 0.2734375 0.84423828125 0.2626953125 0.8447265625 0.25 0.84716796875 0.2451171875 0.84814453125 0.234375 0.84814453125 0.228515625 0.85498046875 0.2255859375 0.861328125 0.2236328125 0.86279296875 0.2373046875 0.86328125 0.2392578125 0.86669921875 0.244140625 0.87255859375 0.244140625 0.8740234375 0.2421875 0.88525390625 0.2177734375 0.890625 0.21484375 0.9091796875 0.21484375 0.91357421875 0.21484375 0.91650390625 0.2041015625 0.919921875 0.1884765625 0.921875 0.181640625 0.92724609375 0.162109375 0.93505859375 0.15234375 0.9443359375 0.1494140625 0.94970703125 0.1435546875 0.94921875 0.1337890625 0.951171875 0.126953125 0.951171875 0.1201171875 0.93994140625 0.1044921875 0.9267578125 0.087890625 0.94580078125 0.0 0.99951171875 0.0 0.99951171875 0.3779296875 0.95458984375 0.388671875 0.94970703125 0.3818359375 0.939453125 0.388671875 0.91845703125 0.390625 0.87890625 0.3935546875 0.857421875 0.380859375 0.84033203125 0.373046875 0.83740234375 0.353515625 0.83251953125 0.3349609375 0.8310546875 0.3251953125 0.83203125 0.3212890625
4 0.576171875 0.0 0.87109375 0.0 0.96142578125 0.0 0.9443359375 0.05078125 0.92578125 0.087890625 0.92578125 0.1005859375 0.92578125 0.1162109375 0.9296875 0.1337890625 0.9365234375 0.1591796875 0.93212890625 0.1650390625 0.92822265625 0.1513671875 0.92431640625 0.140625 0.9228515625 0.130859375 0.92138671875 0.1162109375 0.92041015625 0.09765625 0.91748046875 0.1005859375 0.91259765625 0.1015625 0.9052734375 0.103515625 0.9052734375 0.111328125 0.9072265625 0.1123046875 0.90966796875 0.1162109375 0.91259765625 0.1162109375 0.91357421875 0.1162109375 0.91357421875 0.123046875 0.91259765625 0.1279296875 0.91064453125 0.126953125 0.908203125 0.123046875 0.9033203125 0.1201171875 0.89208984375 0.169921875 0.88330078125 0.1865234375 0.86962890625 0.1884765625 0.861328125 0.1884765625 0.86328125 0.20703125 0.8720703125 0.20703125 0.8681640625 0.2158203125 0.86181640625 0.228515625 0.84814453125 0.2265625 0.84423828125 0.2265625 0.837890625 0.22265625 0.8310546875 0.2158203125 0.82861328125 0.2236328125 0.82568359375 0.21875 0.82275390625 0.2109375 0.81689453125 0.2109375 0.8134765625 0.2158203125 0.8125 0.2255859375 0.80810546875 0.228515625 0.80615234375 0.2373046875 0.80712890625 0.2548828125 0.81103515625 0.2626953125 0.81103515625 0.2744140625 0.8095703125 0.2841796875 0.8095703125 0.29296875 0.80419921875 0.302734375 0.7939453125 0.302734375 0.7900390625 0.294921875 0.787109375 0.28125 0.78564453125 0.279296875 0.78466796875 0.2890625 0.7841796875 0.29296875 0.7802734375 0.29296875 0.7802734375 0.306640625 0.7802734375 0.32421875 0.7802734375 0.3359375 0.7841796875 0.3505859375 0.763671875 0.3505859375 0.76708984375 0.3193359375 0.767578125 0.310546875 0.76708984375 0.2666015625 0.76318359375 0.2705078125 0.75830078125 0.2734375 0.7509765625 0.2744140625 0.74365234375 0.279296875 0.74169921875 0.3037109375 0.74072265625 0.3212890625 0.7421875 0.34375 0.7314453125 0.34765625 0.732421875 0.3408203125 0.732421875 0.330078125 0.73046875 0.318359375 0.728515625 0.310546875 0.72705078125 0.318359375 0.724609375 0.3193359375 0.72216796875 0.3212890625 0.720703125 0.337890625 0.716796875 0.345703125 0.6953125 0.3505859375 0.69384765625 0.3544921875 0.69140625 0.3583984375 0.68896484375 0.3564453125 0.68212890625 0.3564453125 0.6767578125 0.359375 0.6728515625 0.3623046875 0.67138671875 0.3671875 0.67041015625 0.373046875 0.67041015625 0.375 0.669921875 0.3955078125 0.6689453125 0.3955078125 0.66796875 0.3955078125 0.66796875 0.380859375 0.66796875 0.369140625 0.666015625 0.3662109375 0.66259765625 0.3671875 0.6611328125 0.369140625 0.6611328125 0.390625 0.6591796875 0.3916015625 0.65966796875 0.3828125 0.65966796875 0.3662109375 0.65576171875 0.3662109375 0.65576171875 0.388671875 0.654296875 0.388671875 0.654296875 0.3671875 0.6513671875 0.3662109375 0.64892578125 0.3662109375 0.6474609375 0.3642578125 0.64501953125 0.3623046875 0.640625 0.3623046875 0.63671875 0.3662109375 0.63427734375 0.375 0.63330078125 0.388671875 0.6318359375 0.390625 0.62939453125 0.3935546875 0.626953125 0.396484375 0.619140625 0.3974609375 0.61669921875 0.3798828125 0.6171875 0.3642578125 0.61572265625 0.3583984375 0.60986328125 0.3583984375 0.6025390625 0.3564453125 0.603515625 0.37109375 0.611328125 0.37890625 0.60595703125 0.388671875 0.5966796875 0.3779296875 0.59423828125 0.353515625 0.5947265625 0.3408203125 0.607421875 0.337890625 0.63134765625 0.33203125 0.662109375 0.330078125 0.6611328125 0.3271484375 0.66259765625 0.3212890625 0.66259765625 0.3115234375 0.66259765625 0.3037109375 0.6611328125 0.30859375 0.658203125 0.30859375 0.65185546875 0.310546875 0.64794921875 0.310546875 0.64892578125 0.3056640625 0.64794921875 0.2978515625 0.64892578125 0.2919921875 0.64892578125 0.28515625 0.64794921875 0.279296875 0.64794921875 0.2734375 0.650390625 0.2685546875 0.65576171875 0.2705078125 0.66064453125 0.2666015625 0.66259765625 0.2607421875 0.66650390625 0.271484375 0.6689453125 0.2607421875 0.6689453125 0.251953125 0.671875 0.244140625 0.66796875 0.2451171875 0.66650390625 0.25 0.66455078125 0.255859375 0.66064453125 0.255859375 0.65966796875 0.251953125 0.6533203125 0.251953125 0.6474609375 0.2529296875 0.64208984375 0.248046875 0.64453125 0.2412109375 0.6474609375 0.2392578125 0.6513671875 0.236328125 0.65283203125 0.234375 0.65283203125 0.2294921875 0.64892578125 0.2333984375 0.646484375 0.234375 0.642578125 0.2333984375 0.640625 0.2294921875 0.63720703125 0.22265625 0.63427734375 0.2255859375 0.63671875 0.2333984375 0.63330078125 0.2314453125 0.6318359375 0.2314453125 0.63037109375 0.2333984375 0.62646484375 0.228515625 0.6279296875 0.234375 0.63134765625 0.2412109375 0.63134765625 0.248046875 0.6318359375 0.255859375 0.62890625 0.2529296875 0.62744140625 0.2587890625 0.625 0.2578125 0.6240234375 0.2529296875 0.6220703125 0.255859375 0.61962890625 0.2548828125 0.6171875 0.2587890625 0.61572265625 0.2626953125 0.611328125 0.2548828125 0.61328125 0.248046875 0.6171875 0.2392578125 0.61865234375 0.2333984375 0.6181640625 0.2255859375 0.61572265625 0.2236328125 0.61328125 0.228515625 0.6103515625 0.2314453125 0.607421875 0.2314453125 0.6064453125 0.2373046875 0.60400390625 0.2412109375 0.599609375 0.2412109375 0.59716796875 0.2421875 0.5947265625 0.2451171875 0.59326171875 0.2529296875 0.59033203125 0.2548828125 0.58740234375 0.2578125 0.58251953125 0.2578125 0.57958984375 0.2548828125 0.5732421875 0.2529296875 0.57275390625 0.2451171875 0.576171875 0.234375 0.578125 0.2265625 0.57470703125 0.2314453125 0.57177734375 0.2236328125 0.56884765625 0.212890625 0.5732421875 0.205078125 0.57470703125 0.2021484375 0.56640625 0.197265625 0.5654296875 0.1865234375 0.57080078125 0.181640625 0.57421875 0.17578125 0.56494140625 0.177734375 0.55712890625 0.1787109375 0.55029296875 0.1748046875 0.5556640625 0.162109375 0.5595703125 0.162109375 0.5556640625 0.1484375 0.55224609375 0.138671875 0.5517578125 0.1337890625 0.55615234375 0.130859375 0.5595703125 0.126953125 0.5634765625 0.1279296875 0.5703125 0.1279296875 0.57177734375 0.130859375 0.57568359375 0.126953125 0.57861328125 0.125 0.58349609375 0.1201171875 0.580078125 0.1005859375 0.580078125 0.095703125 0.58642578125 0.0927734375 0.58544921875 0.0859375 0.5810546875 0.0830078125 0.576171875 0.08203125 0.57421875 0.0849609375 0.56787109375 0.0849609375 0.56689453125 0.0791015625 0.5654296875 0.0615234375 0.56689453125 0.0537109375 0.5693359375 0.0458984375 0.5771484375 0.04296875 0.57177734375 0.0419921875 0.5732421875 0.0341796875 0.57568359375 0.0263671875 0.5703125 0.0185546875
5 0.103515625 0.4013671875 0.11328125 0.4013671875 0.1259765625 0.40234375 0.13037109375 0.404296875 0.140625 0.4228515625 0.13134765625 0.44140625 0.12890625 0.4443359375 0.11474609375 0.4462890625 0.11328125 0.44921875 0.10498046875 0.44921875 0.10205078125 0.439453125
5 0.14892578125 0.3935546875 0.15966796875 0.3916015625 0.17138671875 0.3916015625 0.18115234375 0.3916015625 0.18603515625 0.3935546875 0.18896484375 0.3984375 0.1943359375 0.4208984375 0.1474609375 0.439453125 0.138671875 0.419921875 0.1396484375 0.4091796875
2 0.048828125 0.32421875 0.0615234375 0.3251953125 0.0908203125 0.3271484375 0.0966796875 0.3271484375 0.0986328125 0.33203125 0.11328125 0.3330078125 0.11279296875 0.345703125 0.10205078125 0.34765625 0.10205078125 0.3662109375 0.10107421875 0.396484375 0.08935546875 0.4580078125 0.0654296875 0.4609375 0.0546875 0.4755859375 0.02294921875 0.4794921875 0.0 0.478515625 0.0 0.3193359375 0.02099609375 0.3212890625
5 0.55517578125 0.388671875 0.560546875 0.388671875 0.56298828125 0.3935546875 0.5634765625 0.404296875 0.56298828125 0.4052734375 0.560546875 0.404296875 0.55224609375 0.4033203125 0.55224609375 0.3974609375 0.55322265625 0.392578125 0.55322265625 0.388671875
3 0.5458984375 0.4013671875 0.56005859375 0.400390625 0.56005859375 0.4169921875 0.54541015625 0.4169921875
3 0.3857421875 0.396484375 0.39990234375 0.396484375 0.41796875 0.3984375 0.43359375 0.3994140625 0.44140625 0.4013671875 0.451171875 0.4013671875 0.4638671875 0.4013671875 0.49169921875 0.4013671875 0.5146484375 0.4013671875 0.53759765625 0.4013671875 0.548828125 0.4013671875 0.548828125 0.4248046875 0.50244140625 0.427734375 0.46923828125 0.42578125 0.43896484375 0.427734375 0.3818359375 0.4189453125 0.38134765625 0.4140625 0.3818359375 0.3974609375
3 0.38427734375 0.4072265625 0.3974609375 0.4072265625 0.4111328125 0.4072265625 0.42724609375 0.4072265625 0.4365234375 0.4072265625 0.4375 0.4501953125 0.44287109375 0.4501953125 0.44287109375 0.4580078125 0.43212890625 0.45703125 0.43212890625 0.4521484375 0.3818359375 0.4365234375 0.3818359375 0.4072265625
5 0.5107421875 0.3984375 0.5263671875 0.3984375 0.53076171875 0.3994140625 0.5341796875 0.4091796875 0.5361328125 0.41796875 0.53759765625 0.4248046875 0.53955078125 0.431640625 0.5400390625 0.4443359375 0.53955078125 0.46484375 0.53759765625 0.4677734375 0.533203125 0.4677734375 0.5322265625 0.4658203125 0.5302734375 0.4658203125 0.5263671875 0.4658203125 0.525390625 0.4599609375 0.50244140625 0.4599609375 0.50244140625 0.4658203125 0.4990234375 0.4677734375 0.49609375 0.4677734375 0.49462890625 0.4658203125 0.4921875 0.46484375 0.49169921875 0.462890625 0.49169921875 0.45703125 0.49169921875 0.4287109375 0.49462890625 0.419921875 0.49853515625 0.4091796875 0.50244140625 0.4013671875 0.50390625 0.3984375
5 0.9775390625 0.3349609375 0.97216796875 0.3505859375 0.966796875 0.3701171875 0.96435546875 0.380859375 0.96240234375 0.361328125 0.95751953125 0.361328125 0.951171875 0.361328125 0.94580078125 0.3623046875 0.94384765625 0.3662109375 0.94287109375 0.3720703125 0.94287109375 0.3935546875 0.9453125 0.396484375 0.9482421875 0.3994140625 0.95458984375 0.4013671875 0.951171875 0.4072265625 0.94775390625 0.41796875 0.94140625 0.439453125 0.9375 0.4501953125 0.93603515625 0.455078125 0.93505859375 0.45703125 0.93505859375 0.47265625 0.93359375 0.47265625 0.93603515625 0.4921875 0.93603515625 0.4951171875 0.93505859375 0.501953125 0.93603515625 0.513671875 0.9365234375 0.5234375 0.93359375 0.5263671875 0.93212890625 0.5322265625 0.93115234375 0.5419921875 0.93359375 0.560546875 0.93603515625 0.5693359375 0.9404296875 0.5849609375 0.94287109375 0.5908203125 0.94384765625 0.595703125 0.9443359375 0.6083984375 0.94580078125 0.6220703125 0.95068359375 0.6416015625 0.955078125 0.654296875 0.96240234375 0.662109375 0.978515625 0.6650390625 0.9921875 0.662109375 0.9970703125 0.6435546875 0.99951171875 0.623046875 0.99951171875 0.2744140625 0.99755859375 0.2744140625 0.99462890625 0.28125 0.99072265625 0.2919921875 0.98681640625 0.3037109375 0.982421875 0.3193359375
5 0.6064453125 0.3837890625 0.61181640625 0.3837890625 0.61279296875 0.390625 0.61279296875 0.3955078125 0.61279296875 0.4013671875 0.611328125 0.4013671875 0.611328125 0.3994140625 0.60498046875 0.3994140625 0.603515625 0.388671875 0.60400390625 0.3837890625
5 0.59716796875 0.3857421875 0.60400390625 0.3876953125 0.60546875 0.390625 0.6064453125 0.396484375 0.607421875 0.3984375 0.6064453125 0.4013671875 0.607421875 0.40625 0.6064453125 0.4208984375 0.60498046875 0.419921875 0.60107421875 0.4072265625 0.591796875 0.3955078125 0.5927734375 0.3876953125
5 0.5966796875 0.3955078125 0.60205078125 0.3955078125 0.6025390625 0.3955078125 0.60400390625 0.40234375 0.60546875 0.4072265625 0.60546875 0.4140625 0.60546875 0.4208984375 0.60400390625 0.4208984375 0.6025390625 0.419921875 0.591796875 0.419921875 0.5908203125 0.4208984375 0.5888671875 0.419921875 0.5888671875 0.41015625 0.58935546875 0.40625 0.59033203125 0.4013671875 0.5908203125 0.3955078125
5 0.64697265625 0.3828125 0.6552734375 0.3828125 0.65380859375 0.40234375 0.650390625 0.404296875 0.6455078125 0.4033203125 0.6435546875 0.3994140625 0.6416015625 0.39453125 0.64404296875 0.3876953125 0.64404296875 0.3837890625 0.64453125 0.3828125
5 0.6318359375 0.388671875 0.63525390625 0.388671875 0.63671875 0.3916015625 0.63330078125 0.404296875 0.63037109375 0.40625 0.6279296875 0.40625 0.6279296875 0.4072265625 0.6259765625 0.4072265625 0.6259765625 0.3994140625 0.62646484375 0.3935546875 0.6279296875 0.388671875
5 0.63330078125 0.390625 0.642578125 0.390625 0.6435546875 0.3935546875 0.64453125 0.3984375 0.64501953125 0.40625 0.64453125 0.4091796875 0.64208984375 0.4091796875 0.640625 0.4072265625 0.63427734375 0.4072265625 0.63427734375 0.41015625 0.63134765625 0.4091796875 0.63134765625 0.40625 0.63134765625 0.40234375 0.6318359375 0.3984375 0.63330078125 0.3935546875
2 0.6064453125 0.31640625 0.61572265625 0.31640625 0.619140625 0.3125 0.62109375 0.3076171875 0.6240234375 0.310546875 0.626953125 0.310546875 0.62841796875 0.306640625 0.63427734375 0.306640625 0.6357421875 0.3095703125 0.64013671875 0.3095703125 0.6484375 0.310546875 0.66259765625 0.3095703125 0.66259765625 0.33203125 0.61767578125 0.3369140625 0.6064453125 0.3369140625
5 0.65234375 0.3837890625 0.6611328125 0.3828125 0.66259765625 0.3896484375 0.662109375 0.3974609375 0.658203125 0.4052734375 0.65625 0.4072265625 0.65478515625 0.408203125 0.65380859375 0.408203125 0.65380859375 0.4072265625 0.65234375 0.4072265625 0.650390625 0.4052734375 0.650390625 0.40234375 0.650390625 0.396484375 0.64990234375 0.39453125 0.6494140625 0.3935546875 0.64990234375 0.3916015625 0.6513671875 0.390625
5 0.6640625 0.388671875 0.67236328125 0.388671875 0.66796875 0.40625 0.66455078125 0.4072265625 0.6611328125 0.4091796875 0.65966796875 0.408203125 0.65869140625 0.408203125 0.658203125 0.40625 0.6572265625 0.40234375 0.6572265625 0.3974609375 0.65869140625 0.39453125 0.66015625 0.392578125 0.6611328125 0.390625 0.66162109375 0.388671875
5 0.70361328125 0.4736328125 0.7021484375 0.4580078125 0.70458984375 0.443359375 0.70458984375 0.431640625 0.70361328125 0.42578125 0.7021484375 0.4248046875 0.701171875 0.41796875 0.7060546875 0.4150390625 0.7060546875 0.40234375 0.701171875 0.3994140625 0.701171875 0.390625 0.70703125 0.390625 0.7099609375 0.3916015625 0.7138671875 0.3701171875 0.716796875 0.3564453125 0.7216796875 0.345703125 0.7275390625 0.34375 0.7314453125 0.33984375 0.7607421875 0.3359375 0.771484375 0.345703125 0.71533203125 0.4609375 0.71044921875 0.4765625 0.7060546875 0.4765625
5 0.736328125 0.337890625 0.75244140625 0.337890625 0.76611328125 0.337890625 0.775390625 0.337890625 0.7802734375 0.337890625 0.783203125 0.3427734375 0.7861328125 0.34765625 0.79248046875 0.3798828125 0.794921875 0.396484375 0.78955078125 0.4599609375 0.794921875 0.47265625 0.7939453125 0.4814453125 0.79296875 0.4833984375 0.78955078125 0.484375 0.7841796875 0.4833984375 0.779296875 0.4736328125 0.77490234375 0.4794921875 0.7685546875 0.4814453125 0.76611328125 0.478515625 0.765625 0.4755859375 0.73681640625 0.4765625 0.7314453125 0.478515625 0.73046875 0.4873046875 0.728515625 0.4921875 0.7216796875 0.4921875 0.720703125 0.484375 0.7197265625 0.4794921875 0.7197265625 0.478515625 0.7177734375 0.478515625 0.7177734375 0.4833984375 0.71533203125 0.484375 0.7099609375 0.484375 0.708984375 0.4833984375 0.70849609375 0.443359375 0.70703125 0.4287109375 0.70703125 0.412109375 0.70849609375 0.404296875 0.70703125 0.40234375 0.70751953125 0.3955078125 0.71044921875 0.390625 0.71435546875 0.3671875 0.716796875 0.3583984375 0.72607421875 0.3515625 0.7275390625 0.3486328125 0.73046875 0.33984375
