2 0.0 0.0 0.0 0.591796875 0.20458984375 0.4912109375 0.4150390625 0.4423828125 0.5322265625 0.4130859375 0.5546875 0.4013671875 0.5673828125 0.392578125 0.60693359375 0.3935546875 0.61328125 0.4052734375 0.6474609375 0.3935546875 0.7744140625 0.390625 0.9091796875 0.404296875 0.99951171875 0.3603515625 0.99951171875 0.0 0.79150390625 0.0 0.73828125 0.0498046875 0.7314453125 0.048828125 0.638671875 0.0615234375 0.638671875 0.0517578125 0.630859375 0.0517578125 0.62890625 0.0390625 0.623046875 0.0390625 0.62255859375 0.0361328125 0.52880859375 0.0556640625 0.525390625 0.046875 0.525390625 0.037109375 0.52392578125 0.0322265625 0.521484375 0.03125 0.5185546875 0.0341796875 0.517578125 0.0390625 0.51806640625 0.0458984375 0.51318359375 0.0458984375 0.51171875 0.0322265625 0.50927734375 0.0322265625 0.5078125 0.046875 0.50048828125 0.048828125 0.49951171875 0.025390625 0.50244140625 0.013671875 0.501953125 0.0 0.447265625 0.0 0.44775390625 0.0146484375 0.4462890625 0.033203125 0.453125 0.048828125 0.453125 0.0673828125 0.4423828125 0.0712890625 0.4306640625 0.076171875 0.435546875 0.0908203125 0.435546875 0.103515625 0.435546875 0.1376953125 0.35498046875 0.1220703125 0.3017578125 0.0
0 0.837890625 0.3896484375 0.8759765625 0.3740234375 0.89892578125 0.37109375 0.92041015625 0.3798828125 0.9140625 0.41015625 0.8466796875 0.40234375
0 0.0 0.9990234375 0.99951171875 0.9990234375 0.99951171875 0.513671875 0.82177734375 0.4296875 0.68115234375 0.3828125 0.6533203125 0.390625 0.6328125 0.39453125 0.61083984375 0.3974609375 0.60009765625 0.396484375 0.56640625 0.4013671875 0.54541015625 0.4091796875 0.2119140625 0.5390625 0.0 0.7578125
5 0.53466796875 0.392578125 0.537109375 0.384765625 0.541015625 0.3828125 0.544921875 0.3837890625 0.54638671875 0.3876953125 0.546875 0.4033203125 0.537109375 0.4033203125
1 0.81884765625 0.4189453125 0.833984375 0.48046875 0.86083984375 0.4951171875 0.9150390625 0.5244140625 0.966796875 0.5556640625 0.99951171875 0.576171875 0.99951171875 0.46484375 0.9560546875 0.4560546875 0.9052734375 0.4443359375 0.8671875 0.435546875 0.83740234375 0.4287109375
1 0.0 0.6806640625 0.0 0.9990234375 0.0546875 0.9990234375 0.11865234375 0.916015625 0.1845703125 0.826171875 0.248046875 0.7431640625 0.31640625 0.6552734375 0.3681640625 0.5869140625 0.41552734375 0.5244140625 0.43310546875 0.5068359375 0.46044921875 0.4833984375 0.478515625 0.46875 0.50244140625 0.45703125 0.52294921875 0.4453125 0.54736328125 0.4296875 0.560546875 0.4208984375 0.5693359375 0.4150390625 0.5693359375 0.41015625 0.55517578125 0.412109375 0.5166015625 0.4169921875 0.24755859375 0.4755859375
5 0.5361328125 0.4052734375 0.54052734375 0.396484375 0.54248046875 0.390625 0.54638671875 0.3828125 0.55224609375 0.3818359375 0.55859375 0.3818359375 0.56103515625 0.3837890625 0.56494140625 0.3896484375 0.56689453125 0.3955078125 0.56884765625 0.4033203125 0.55322265625 0.4052734375
5 0.576171875 0.390625 0.583984375 0.3798828125 0.5888671875 0.373046875 0.60205078125 0.3720703125 0.60888671875 0.3740234375 0.61181640625 0.37890625 0.61279296875 0.3837890625 0.61279296875 0.39453125 0.61181640625 0.3974609375 0.607421875 0.3994140625 0.59130859375 0.400390625 0.5791015625 0.4013671875
5 0.61669921875 0.37890625 0.6181640625 0.37109375 0.6201171875 0.3681640625 0.6259765625 0.3681640625 0.62890625 0.3681640625 0.630859375 0.37109375 0.6318359375 0.3779296875 0.6328125 0.390625 0.6318359375 0.3935546875 0.62939453125 0.3955078125 0.62255859375 0.3974609375 0.619140625 0.3974609375 0.61572265625 0.3974609375 0.61474609375 0.392578125 0.61474609375 0.3857421875
5 0.67236328125 0.3779296875 0.6748046875 0.3662109375 0.6796875 0.3583984375 0.68994140625 0.35546875 0.697265625 0.3544921875 0.70263671875 0.345703125 0.701171875 0.380859375 0.68994140625 0.3994140625 0.6748046875 0.392578125
5 0.64404296875 0.369140625 0.64794921875 0.3642578125 0.65234375 0.361328125 0.6572265625 0.359375 0.6650390625 0.3583984375 0.67431640625 0.361328125 0.68017578125 0.3662109375 0.67919921875 0.3837890625 0.67041015625 0.396484375 0.6630859375 0.4013671875 0.6591796875 0.400390625 0.6572265625 0.3974609375 0.65576171875 0.3955078125 0.6533203125 0.3955078125 0.65283203125 0.4013671875 0.650390625 0.40234375 0.6474609375 0.4013671875 0.6455078125 0.3974609375 0.640625 0.3974609375 0.638671875 0.4013671875 0.63671875 0.4033203125 0.63330078125 0.40234375 0.63232421875 0.400390625 0.63037109375 0.39453125 0.6298828125 0.390625 0.63134765625 0.3837890625 0.634765625 0.37890625 0.6376953125 0.376953125 0.6416015625 0.3740234375
4 0.40380859375 0.3740234375 0.4033203125 0.349609375 0.40283203125 0.337890625 0.40380859375 0.3310546875 0.4140625 0.328125 0.41552734375 0.3359375 0.41796875 0.3369140625 0.42138671875 0.3447265625 0.421875 0.353515625 0.42041015625 0.357421875 0.41845703125 0.361328125 0.41748046875 0.3662109375 0.41845703125 0.37109375 0.421875 0.37109375 0.421875 0.412109375 0.4111328125 0.4140625 0.40478515625 0.4091796875
5 0.6689453125 0.3955078125 0.6728515625 0.384765625 0.67822265625 0.3759765625 0.68359375 0.3671875 0.6865234375 0.3603515625 0.6884765625 0.359375 0.69873046875 0.3583984375 0.69970703125 0.3994140625 0.7001953125 0.4189453125 0.69775390625 0.4208984375 0.6923828125 0.423828125 0.6904296875 0.423828125 0.68994140625 0.4287109375 0.68798828125 0.4287109375 0.68505859375 0.4287109375 0.68408203125 0.4208984375 0.68359375 0.416015625 0.6796875 0.4169921875 0.673828125 0.4169921875 0.6708984375 0.416015625 0.669921875 0.40625
4 0.99951171875 0.0 0.7138671875 0.0 0.71435546875 0.01953125 0.71630859375 0.0224609375 0.72119140625 0.0234375 0.7265625 0.0244140625 0.7275390625 0.02734375 0.7255859375 0.033203125 0.72412109375 0.041015625 0.72509765625 0.0478515625 0.72802734375 0.0498046875 0.72998046875 0.0546875 0.72802734375 0.0595703125 0.72412109375 0.064453125 0.7197265625 0.064453125 0.71826171875 0.064453125 0.7197265625 0.072265625 0.7216796875 0.080078125 0.724609375 0.0849609375 0.72265625 0.091796875 0.72265625 0.0966796875 0.72802734375 0.1044921875 0.7255859375 0.109375 0.73291015625 0.1142578125 0.73828125 0.1103515625 0.7392578125 0.1162109375 0.74169921875 0.1220703125 0.74267578125 0.126953125 0.74365234375 0.134765625 0.74658203125 0.1435546875 0.740234375 0.1357421875 0.73486328125 0.1298828125 0.72998046875 0.126953125 0.7294921875 0.1318359375 0.7333984375 0.1396484375 0.73828125 0.142578125 0.73876953125 0.15234375 0.73876953125 0.15625 0.736328125 0.162109375 0.73193359375 0.16015625 0.7294921875 0.162109375 0.7294921875 0.1689453125 0.7333984375 0.1767578125 0.736328125 0.17578125 0.734375 0.181640625 0.736328125 0.1875 0.75244140625 0.1865234375 0.84130859375 0.2939453125 0.8544921875 0.3095703125 0.86181640625 0.31640625 0.8642578125 0.318359375 0.86767578125 0.3203125 0.87060546875 0.3193359375 0.87353515625 0.3203125 0.87451171875 0.3486328125 0.876953125 0.4013671875 0.87841796875 0.412109375 0.87939453125 0.416015625 0.8828125 0.41015625 0.8857421875 0.4072265625 0.8876953125 0.4013671875 0.890625 0.3994140625 0.888671875 0.392578125 0.8876953125 0.37890625 0.88671875 0.365234375 0.8857421875 0.345703125 0.88525390625 0.3193359375 0.88623046875 0.30859375 0.888671875 0.30859375 0.89404296875 0.30859375 0.8955078125 0.3095703125 0.89697265625 0.3310546875 0.8974609375 0.34765625 0.8994140625 0.3466796875 0.89990234375 0.33984375 0.89892578125 0.3232421875 0.89892578125 0.30859375 0.9013671875 0.306640625 0.9033203125 0.310546875 0.90478515625 0.30859375 0.90625 0.3076171875 0.9072265625 0.3173828125 0.9072265625 0.330078125 0.9072265625 0.3369140625 0.90869140625 0.34375 0.9091796875 0.35546875 0.9091796875 0.3583984375 0.9091796875 0.376953125 0.91259765625 0.3662109375 0.91162109375 0.3583984375 0.9111328125 0.3291015625 0.9111328125 0.318359375 0.91064453125 0.3076171875 0.9130859375 0.3076171875 0.91552734375 0.30859375 0.91796875 0.306640625 0.92138671875 0.3076171875 0.92529296875 0.302734375 0.9287109375 0.30078125 0.93212890625 0.3017578125 0.9326171875 0.30859375 0.93310546875 0.3251953125 0.93310546875 0.328125 0.93212890625 0.330078125 0.93212890625 0.34375 0.93505859375 0.3427734375 0.93603515625 0.3349609375 0.93603515625 0.30078125 0.939453125 0.2998046875 0.94140625 0.2978515625 0.9423828125 0.3544921875 0.9453125 0.3642578125 0.95654296875 0.34765625 0.95654296875 0.306640625 0.95654296875 0.2734375 0.958984375 0.2744140625 0.96337890625 0.271484375 0.96826171875 0.2685546875 0.9716796875 0.2646484375 0.97412109375 0.259765625 0.9775390625 0.2568359375 0.98046875 0.251953125 0.9775390625 0.2490234375 0.9736328125 0.2451171875 0.9775390625 0.23828125 0.98193359375 0.2353515625 0.98388671875 0.23828125 0.98876953125 0.2421875 0.99365234375 0.2421875 0.9990234375 0.2421875 0.99951171875 0.2421875
4 0.99951171875 0.3427734375 0.99951171875 0.447265625 0.99267578125 0.4453125 0.98779296875 0.4482421875 0.98291015625 0.4482421875 0.97509765625 0.4482421875 0.96630859375 0.4423828125 0.96044921875 0.4423828125 0.94873046875 0.44140625 0.9423828125 0.4375 0.93359375 0.4375 0.92822265625 0.431640625 0.923828125 0.43359375 0.9169921875 0.435546875 0.91162109375 0.4306640625 0.9091796875 0.431640625 0.900390625 0.4306640625 0.89453125 0.431640625 0.8876953125 0.4296875 0.88037109375 0.427734375 0.87841796875 0.423828125 0.87939453125 0.4150390625 0.88232421875 0.4091796875 0.88525390625 0.404296875 0.88720703125 0.400390625 0.890625 0.3994140625 0.8935546875 0.3994140625 0.8974609375 0.3935546875 0.89990234375 0.3876953125 0.90234375 0.3818359375 0.900390625 0.3798828125 0.8994140625 0.3779296875 0.900390625 0.3720703125 0.90234375 0.365234375 0.9052734375 0.361328125 0.9091796875 0.357421875 0.91259765625 0.359375 0.916015625 0.35546875 0.92138671875 0.3564453125 0.92626953125 0.35546875 0.92919921875 0.3544921875 0.93310546875 0.35546875 0.9384765625 0.3486328125 0.94189453125 0.3505859375 0.9462890625 0.3447265625 0.947265625 0.3408203125 0.95068359375 0.337890625 0.955078125 0.3369140625 0.9599609375 0.3359375 0.9638671875 0.3310546875 0.9697265625 0.3291015625 0.9755859375 0.326171875 0.9775390625 0.32421875 0.9814453125 0.326171875 0.98828125 0.32421875 0.990234375 0.3251953125 0.994140625 0.32421875 0.99951171875 0.322265625
2 0.47412109375 0.337890625 0.4736328125 0.3427734375 0.47509765625 0.40234375 0.47705078125 0.40234375 0.47607421875 0.3369140625 0.47412109375 0.337890625
4 0.30322265625 0.369140625 0.30712890625 0.3701171875 0.310546875 0.37109375 0.31494140625 0.3681640625 0.31982421875 0.365234375 0.3212890625 0.330078125 0.31884765625 0.306640625 0.314453125 0.3046875 0.310546875 0.3046875 0.3056640625 0.302734375 0.30712890625 0.2998046875 0.3095703125 0.2998046875 0.31005859375 0.2939453125 0.31103515625 0.2861328125 0.310546875 0.2783203125 0.3076171875 0.28515625 0.30419921875 0.2900390625 0.30322265625 0.2861328125 0.3056640625 0.28125 0.30712890625 0.275390625 0.3037109375 0.2744140625 0.3056640625 0.2705078125 0.30419921875 0.265625 0.30126953125 0.2646484375 0.29931640625 0.2646484375 0.296875 0.26953125 0.29638671875 0.2802734375 0.29833984375 0.2841796875 0.296875 0.2900390625 0.2958984375 0.294921875 0.2939453125 0.2978515625 0.29541015625 0.34375 0.29638671875 0.37890625 0.29736328125 0.3828125 0.3037109375 0.384765625 0.302734375 0.3779296875
4 0.2294921875 0.0 0.49951171875 0.0 0.5009765625 0.0107421875 0.50146484375 0.0166015625 0.49462890625 0.01953125 0.49267578125 0.0107421875 0.48779296875 0.0087890625 0.4814453125 0.009765625 0.482421875 0.0166015625 0.48779296875 0.0224609375 0.490234375 0.03125 0.490234375 0.0390625 0.4921875 0.0458984375 0.49658203125 0.046875 0.49853515625 0.0498046875 0.498046875 0.0556640625 0.4951171875 0.0556640625 0.4921875 0.05859375 0.4873046875 0.060546875 0.482421875 0.05859375 0.4775390625 0.0517578125 0.4794921875 0.046875 0.47265625 0.048828125 0.4697265625 0.0458984375 0.46630859375 0.044921875 0.46484375 0.0390625 0.462890625 0.0400390625 0.45947265625 0.0380859375 0.45751953125 0.041015625 0.4560546875 0.046875 0.45361328125 0.05078125 0.45068359375 0.0498046875 0.44873046875 0.0556640625 0.44677734375 0.05078125 0.44384765625 0.0517578125 0.4423828125 0.0458984375 0.4404296875 0.044921875 0.43505859375 0.0439453125 0.43310546875 0.0458984375 0.43701171875 0.0498046875 0.44287109375 0.0556640625 0.44287109375 0.0625 0.4501953125 0.0732421875 0.45361328125 0.0810546875 0.4560546875 0.0859375 0.453125 0.087890625 0.447265625 0.0849609375 0.44384765625 0.0791015625 0.4404296875 0.072265625 0.43701171875 0.06640625 0.43359375 0.0625 0.43017578125 0.0576171875 0.43017578125 0.05078125 0.4248046875 0.048828125 0.423828125 0.0517578125 0.4189453125 0.05078125 0.42138671875 0.0576171875 0.4208984375 0.0615234375 0.41796875 0.0625 0.4150390625 0.0615234375 0.412109375 0.064453125 0.4130859375 0.07421875 0.41845703125 0.0810546875 0.42529296875 0.0869140625 0.43359375 0.0986328125 0.4365234375 0.103515625 0.43603515625 0.1064453125 0.43310546875 0.1083984375 0.4306640625 0.1083984375 0.4287109375 0.111328125 0.4306640625 0.1201171875 0.4306640625 0.1259765625 0.43701171875 0.12109375 0.43994140625 0.12109375 0.44189453125 0.126953125 0.4423828125 0.134765625 0.44189453125 0.1396484375 0.439453125 0.142578125 0.43701171875 0.146484375 0.44287109375 0.1494140625 0.44677734375 0.1513671875 0.44873046875 0.154296875 0.4541015625 0.1513671875 0.45703125 0.1533203125 0.45654296875 0.1650390625 0.4619140625 0.1640625 0.46240234375 0.173828125 0.4658203125 0.171875 0.4677734375 0.1806640625 0.46875 0.1904296875 0.4716796875 0.1923828125 0.47607421875 0.1875 0.478515625 0.1923828125 0.47705078125 0.19921875 0.4736328125 0.2060546875 0.47265625 0.21484375 0.4775390625 0.2158203125 0.4833984375 0.20703125 0.484375 0.197265625 0.4873046875 0.193359375 0.4921875 0.19140625 0.49365234375 0.18359375 0.4951171875 0.1767578125 0.5 0.1767578125 0.50341796875 0.181640625 0.50341796875 0.189453125 0.501953125 0.2001953125 0.5068359375 0.2021484375 0.5107421875 0.2021484375 0.51611328125 0.201171875 0.5205078125 0.1923828125 0.52490234375 0.1904296875 0.5283203125 0.19140625 0.53173828125 0.2001953125 0.5341796875 0.2041015625 0.53173828125 0.2119140625 0.529296875 0.21484375 0.52783203125 0.2197265625 0.529296875 0.2265625 0.5263671875 0.228515625 0.5224609375 0.23046875 0.52294921875 0.23828125 0.52880859375 0.2392578125 0.53173828125 0.2431640625 0.5322265625 0.2490234375 0.52978515625 0.2587890625 0.52783203125 0.2607421875 0.5302734375 0.2666015625 0.53564453125 0.2705078125 0.53955078125 0.2763671875 0.5400390625 0.2841796875 0.53955078125 0.2890625 0.541015625 0.294921875 0.5439453125 0.2958984375 0.54833984375 0.3017578125 0.5498046875 0.3056640625 0.5537109375 0.31640625 0.55615234375 0.3212890625 0.55419921875 0.326171875 0.55126953125 0.3212890625 0.5478515625 0.3203125 0.54638671875 0.3212890625 0.5419921875 0.3232421875 0.53955078125 0.3203125 0.5361328125 0.3212890625 0.5341796875 0.3173828125 0.5322265625 0.31640625 0.53466796875 0.32421875 0.53515625 0.3291015625 0.533203125 0.3291015625 0.52978515625 0.326171875 0.5263671875 0.3212890625 0.52490234375 0.326171875 0.5224609375 0.326171875 0.52294921875 0.4013671875 0.5205078125 0.4013671875 0.52001953125 0.365234375 0.51953125 0.33203125 0.5166015625 0.3251953125 0.51416015625 0.318359375 0.51318359375 0.3193359375 0.51318359375 0.326171875 0.51123046875 0.326171875 0.50830078125 0.328125 0.50634765625 0.328125 0.50439453125 0.326171875 0.50390625 0.333984375 0.50390625 0.3623046875 0.50439453125 0.373046875 0.50537109375 0.4052734375 0.50244140625 0.4052734375 0.50146484375 0.35546875 0.50146484375 0.3349609375 0.4990234375 0.3330078125 0.49609375 0.3330078125 0.4931640625 0.3349609375 0.490234375 0.3349609375 0.48681640625 0.3369140625 0.48583984375 0.341796875 0.48486328125 0.3447265625 0.482421875 0.3427734375 0.482421875 0.3466796875 0.48193359375 0.3544921875 0.482421875 0.3759765625 0.48388671875 0.4140625 0.48095703125 0.4150390625 0.48046875 0.3876953125 0.47998046875 0.3623046875 0.4794921875 0.3466796875 0.4755859375 0.3447265625 0.47021484375 0.345703125 0.4658203125 0.345703125 0.46240234375 0.34375 0.458984375 0.3447265625 0.45751953125 0.3408203125 0.4541015625 0.33984375 0.45361328125 0.353515625 0.45361328125 0.373046875 0.4541015625 0.3857421875 0.45458984375 0.4169921875 0.451171875 0.4169921875 0.45166015625 0.412109375 0.45068359375 0.3671875 0.45068359375 0.3486328125 0.45068359375 0.3349609375 0.44677734375 0.333984375 0.4423828125 0.33984375 0.44384765625 0.345703125 0.4453125 0.349609375 0.44189453125 0.3525390625 0.43994140625 0.3466796875 0.43701171875 0.3466796875 0.4326171875 0.34765625 0.4306640625 0.34375 0.4267578125 0.34765625 0.4228515625 0.3505859375 0.4208984375 0.34765625 0.421875 0.3427734375 0.42431640625 0.33984375 0.4208984375 0.3369140625 0.42138671875 0.330078125 0.41845703125 0.33203125 0.41650390625 0.3330078125 0.41796875 0.4169921875 0.4130859375 0.41796875 0.41455078125 0.4130859375 0.41259765625 0.3642578125 0.4130859375 0.349609375 0.41259765625 0.3369140625 0.41064453125 0.3349609375 0.40576171875 0.3369140625 0.3984375 0.3359375 0.39306640625 0.3369140625 0.3876953125 0.3349609375 0.38623046875 0.330078125 0.38720703125 0.322265625 0.3818359375 0.328125 0.3818359375 0.337890625 0.3818359375 0.35546875 0.3828125 0.3896484375 0.38134765625 0.3994140625 0.37890625 0.396484375 0.37890625 0.3896484375 0.376953125 0.353515625 0.3759765625 0.333984375 0.37060546875 0.3349609375 0.365234375 0.33203125 0.3681640625 0.32421875 0.36572265625 0.3125 0.37060546875 0.310546875 0.37060546875 0.2998046875 0.3671875 0.3017578125 0.36279296875 0.3056640625 0.361328125 0.3125 0.35791015625 0.3134765625 0.35498046875 0.3125 0.35302734375 0.30859375 0.3525390625 0.3017578125 0.35595703125 0.294921875 0.35595703125 0.2900390625 0.353515625 0.2861328125 0.35009765625 0.291015625 0.34716796875 0.296875 0.3466796875 0.30078125 0.3447265625 0.3017578125 0.34033203125 0.302734375 0.3388671875 0.298828125 0.33544921875 0.30078125 0.3349609375 0.32421875 0.3349609375 0.330078125 0.337890625 0.3359375 0.337890625 0.33984375 0.3369140625 0.349609375 0.3359375 0.35546875 0.3369140625 0.380859375 0.35009765625 0.40234375 0.3466796875 0.43359375 0.34130859375 0.44921875 0.33251953125 0.462890625 0.32080078125 0.4521484375 0.31884765625 0.404296875 0.31982421875 0.384765625 0.3212890625 0.3828125 0.3203125 0.271484375 0.3203125 0.2294921875 0.31787109375 0.228515625 0.31591796875 0.236328125 0.3134765625 0.24609375 0.30908203125 0.2470703125 0.3095703125 0.2392578125 0.31103515625 0.2353515625 0.30810546875 0.234375 0.3046875 0.2373046875 0.30029296875 0.236328125 0.298828125 0.228515625 0.29638671875 0.2275390625 0.2939453125 0.2236328125 0.29150390625 0.224609375 0.29150390625 0.23046875 0.29345703125 0.2353515625 0.2919921875 0.240234375 0.2958984375 0.248046875 0.29541015625 0.2578125 0.2919921875 0.2578125 0.29052734375 0.265625 0.28515625 0.2734375 0.28369140625 0.265625 0.28515625 0.2578125 0.2861328125 0.2470703125 0.287109375 0.236328125 0.28466796875 0.2294921875 0.28515625 0.224609375 0.28369140625 0.2138671875 0.283203125 0.2060546875 0.28564453125 0.201171875 0.2880859375 0.19140625 0.29248046875 0.1796875 0.24755859375 0.140625 0.2568359375 0.177734375 0.25927734375 0.18359375 0.25732421875 0.189453125 0.25439453125 0.1953125 0.2490234375 0.201171875 0.2509765625 0.2275390625 0.25244140625 0.2470703125 0.251953125 0.2587890625 0.2548828125 0.275390625 0.2548828125 0.2880859375 0.25732421875 0.326171875 0.26171875 0.3740234375 0.26416015625 0.40234375 0.236328125 0.4091796875 0.2373046875 0.3896484375 0.232421875 0.3701171875 0.23046875 0.353515625 0.23046875 0.3291015625 0.228515625 0.306640625 0.2255859375 0.28515625 0.22412109375 0.26171875 0.2216796875 0.251953125 0.22216796875 0.2333984375 0.22216796875 0.21484375 0.2216796875 0.1943359375 0.216796875 0.1455078125 0.212890625 0.0986328125 0.21240234375 0.072265625 0.20947265625 0.0615234375 0.20458984375 0.0625 0.197265625 0.0595703125 0.1923828125 0.0546875 0.18505859375 0.056640625 0.177734375 0.0556640625 0.1806640625 0.041015625 0.1787109375 0.0341796875 0.18359375 0.0263671875 0.18798828125 0.021484375 0.185546875 0.0126953125 0.1826171875 0.009765625 0.17626953125 0.0146484375 0.1708984375 0.0244140625 0.1669921875 0.0263671875 0.16748046875 0.0126953125 0.173828125 0.0078125 0.1767578125 0.0 0.150390625 0.0 0.14111328125 0.0 0.142578125 0.0107421875 0.1416015625 0.0166015625 0.14306640625 0.0263671875 0.142578125 0.0341796875 0.140625 0.041015625 0.1376953125 0.048828125 0.13525390625 0.04296875 0.13623046875 0.0390625 0.13232421875 0.03515625 0.13330078125 0.0302734375 0.1298828125 0.0244140625 0.12841796875 0.0185546875 0.130859375 0.0146484375 0.13232421875 0.0087890625 0.134765625 0.0068359375 0.13720703125 0.0
4 0.0 0.4990234375 0.0 0.6240234375 0.07373046875 0.6328125 0.12060546875 0.609375 0.140625 0.5908203125 0.1533203125 0.5830078125 0.16552734375 0.58203125 0.171875 0.5810546875 0.18798828125 0.5732421875 0.19677734375 0.5751953125 0.21240234375 0.5751953125 0.22802734375 0.5703125 0.2451171875 0.5634765625 0.25341796875 0.5498046875 0.25537109375 0.5439453125 0.263671875 0.53515625 0.2705078125 0.53515625 0.2900390625 0.5302734375 0.298828125 0.521484375 0.30517578125 0.509765625 0.31201171875 0.498046875 0.32373046875 0.49609375 0.3349609375 0.501953125 0.3466796875 0.5029296875 0.357421875 0.5029296875 0.36279296875 0.4970703125 0.37060546875 0.5009765625 0.37353515625 0.4921875 0.376953125 0.4833984375 0.38623046875 0.4892578125 0.3955078125 0.4873046875 0.4033203125 0.4794921875 0.4091796875 0.4755859375 0.4189453125 0.46875 0.43310546875 0.466796875 0.4462890625 0.4599609375 0.45654296875 0.4501953125 0.4677734375 0.451171875 0.48046875 0.4453125 0.490234375 0.44140625 0.49755859375 0.4375 0.50830078125 0.4326171875 0.51708984375 0.4287109375 0.5234375 0.427734375 0.52880859375 0.4248046875 0.53564453125 0.4208984375 0.5419921875 0.4189453125 0.546875 0.41796875 0.55322265625 0.4130859375 0.55859375 0.412109375 0.55810546875 0.4033203125 0.55712890625 0.3955078125 0.55126953125 0.3955078125 0.5419921875 0.3974609375 0.53466796875 0.3994140625 0.521484375 0.3994140625 0.505859375 0.400390625 0.4833984375 0.4013671875 0.48291015625 0.408203125 0.48046875 0.4072265625 0.48046875 0.40234375 0.47705078125 0.40234375 0.4736328125 0.4033203125 0.46533203125 0.4033203125 0.45703125 0.40234375 0.455078125 0.4033203125 0.455078125 0.408203125 0.45263671875 0.41015625 0.451171875 0.408203125 0.44677734375 0.4072265625 0.43896484375 0.40625 0.4326171875 0.40625 0.4248046875 0.4072265625 0.42138671875 0.4052734375 0.4189453125 0.4091796875 0.416015625 0.412109375 0.4140625 0.41015625 0.4091796875 0.4091796875 0.4052734375 0.4072265625 0.4033203125 0.4033203125 0.40234375 0.396484375 0.3994140625 0.39453125 0.39404296875 0.39453125 0.390625 0.392578125 0.38623046875 0.3896484375 0.3818359375 0.3857421875 0.37646484375 0.384765625 0.36669921875 0.3837890625 0.35986328125 0.3828125 0.3505859375 0.380859375 0.341796875 0.3798828125 0.3359375 0.3798828125 0.33837890625 0.4423828125 0.3359375 0.44140625 0.3291015625 0.43359375 0.32373046875 0.431640625 0.32275390625 0.423828125 0.322265625 0.3935546875 0.3212890625 0.380859375 0.3212890625 0.37890625 0.31689453125 0.3798828125 0.3115234375 0.380859375 0.30419921875 0.3837890625 0.29833984375 0.3876953125 0.29736328125 0.3916015625 0.28759765625 0.384765625 0.28076171875 0.3798828125 0.265625 0.3818359375 0.26171875 0.37890625 0.2490234375 0.3779296875 0.2392578125 0.380859375 0.23583984375 0.376953125 0.232421875 0.3720703125 0.2275390625 0.376953125 0.21923828125 0.3818359375 0.21533203125 0.3837890625 0.20947265625 0.3828125 0.20361328125 0.380859375 0.20458984375 0.3876953125 0.20068359375 0.388671875 0.19482421875 0.390625 0.1884765625 0.3916015625 0.1845703125 0.3857421875 0.18310546875 0.3798828125 0.17919921875 0.3798828125 0.17626953125 0.3828125 0.17724609375 0.3896484375 0.171875 0.3916015625 0.1689453125 0.396484375 0.1650390625 0.3955078125 0.1611328125 0.3994140625 0.1552734375 0.400390625 0.1494140625 0.3994140625 0.14453125 0.40234375 0.138671875 0.4013671875 0.13427734375 0.3974609375 0.1318359375 0.39453125 0.12841796875 0.390625 0.12255859375 0.39453125 0.0810546875 0.39453125 0.07470703125 0.396484375 0.0654296875 0.400390625 0.06201171875 0.3974609375 0.05859375 0.400390625 0.06103515625 0.4052734375 0.05615234375 0.40625 0.0458984375 0.412109375 0.03662109375 0.412109375 0.03466796875 0.4189453125 0.02783203125 0.419921875 0.0244140625 0.42578125 0.01953125 0.427734375 0.01416015625 0.427734375 0.01220703125 0.43359375 0.01025390625 0.44140625 0.00830078125 0.4453125 0.00537109375 0.44921875 0.0048828125 0.4541015625 0.0 0.4541015625
4 0.07763671875 0.0 0.0458984375 0.0 0.04638671875 0.0087890625 0.04833984375 0.01171875 0.04541015625 0.0166015625 0.0400390625 0.02734375 0.0390625 0.03515625 0.04150390625 0.0361328125 0.04541015625 0.0341796875 0.0498046875 0.025390625 0.05322265625 0.0185546875 0.05712890625 0.0126953125 0.060546875 0.0146484375 0.064453125 0.009765625 0.06591796875 0.0078125 0.0673828125 0.0146484375 0.06787109375 0.02734375 0.06982421875 0.06640625 0.07080078125 0.0986328125 0.0751953125 0.1884765625 0.0771484375 0.294921875 0.078125 0.326171875 0.0791015625 0.3857421875 0.0791015625 0.4609375 0.07958984375 0.4658203125 0.0830078125 0.4658203125 0.0888671875 0.4677734375 0.1015625 0.4609375 0.115234375 0.4619140625 0.12353515625 0.4609375 0.12646484375 0.4560546875 0.12548828125 0.44140625 0.1240234375 0.4140625 0.12255859375 0.39453125 0.12109375 0.37109375 0.1201171875 0.3349609375 0.12109375 0.314453125 0.12353515625 0.30078125 0.12158203125 0.2880859375 0.119140625 0.2822265625 0.1171875 0.21484375 0.11669921875 0.1982421875 0.115234375 0.146484375 0.11572265625 0.1220703125 0.11669921875 0.111328125 0.1181640625 0.0927734375 0.12158203125 0.08203125 0.12158203125 0.0751953125 0.12060546875 0.060546875 0.1181640625 0.0517578125 0.11669921875 0.046875 0.11474609375 0.0361328125 0.11474609375 0.0244140625 0.11376953125 0.0126953125 0.11376953125 0.0048828125 0.11376953125 0.0
