2 0.51123046875 0.32421875 0.51123046875 0.373046875 0.55615234375 0.37109375 0.55615234375 0.30859375
0 0.47998046875 0.3623046875 0.57080078125 0.3759765625 0.99951171875 0.8115234375 0.99951171875 0.9990234375 0.0 0.9990234375 0.0 0.7822265625
1 0.5244140625 0.3740234375 0.5576171875 0.3564453125 0.99951171875 0.5029296875 0.99951171875 0.8720703125 0.99951171875 0.8974609375 0.927734375 0.8115234375 0.79052734375 0.6572265625 0.7666015625 0.6279296875 0.62158203125 0.4765625 0.5576171875 0.4365234375 0.55224609375 0.435546875 0.5400390625 0.4326171875 0.5322265625 0.427734375 0.52978515625 0.419921875 0.53173828125 0.416015625 0.53564453125 0.4140625 0.515625 0.39453125 0.51123046875 0.3896484375 0.5107421875 0.3837890625 0.5126953125 0.3798828125 0.51904296875 0.376953125
2 0.2099609375 0.07421875 0.2392578125 0.0908203125 0.24951171875 0.0966796875 0.26318359375 0.10546875 0.2802734375 0.119140625 0.28564453125 0.1279296875 0.2890625 0.1376953125 0.29248046875 0.1474609375 0.29296875 0.1533203125 0.29345703125 0.16015625 0.29345703125 0.166015625 0.29296875 0.1689453125 0.296875 0.1767578125 0.29931640625 0.181640625 0.30126953125 0.1865234375 0.30224609375 0.1904296875 0.30126953125 0.1923828125 0.30126953125 0.2001953125 0.3046875 0.1982421875 0.3056640625 0.2001953125 0.30615234375 0.224609375 0.30322265625 0.2255859375 0.18359375 0.4501953125 0.0 0.4365234375 0.0 0.1640625
4 0.10986328125 0.22265625 0.1455078125 0.2392578125 0.14697265625 0.3740234375 0.05810546875 0.322265625 0.04541015625 0.328125 0.044921875 0.23046875 0.0517578125 0.19921875 0.07666015625 0.1982421875
2 0.38671875 0.2451171875 0.3955078125 0.2353515625 0.41455078125 0.2216796875 0.43408203125 0.2353515625 0.44287109375 0.2412109375 0.44873046875 0.2431640625 0.453125 0.2451171875 0.4541015625 0.2490234375 0.45751953125 0.2509765625 0.4609375 0.259765625 0.46240234375 0.2705078125 0.39501953125 0.2744140625 0.376953125 0.2646484375
3 0.0 0.3955078125 0.0009765625 0.3876953125 0.0341796875 0.388671875 0.0517578125 0.3935546875 0.07177734375 0.3896484375 0.10888671875 0.3818359375 0.14208984375 0.3818359375 0.15966796875 0.388671875 0.16845703125 0.390625 0.1767578125 0.3974609375 0.17919921875 0.4208984375 0.1806640625 0.4892578125 0.1923828125 0.6533203125 0.19287109375 0.67578125 0.19970703125 0.66796875 0.20361328125 0.6650390625 0.22216796875 0.6865234375 0.2119140625 0.7021484375 0.19287109375 0.708984375 0.16552734375 0.7109375 0.14208984375 0.7490234375 0.134765625 0.7607421875 0.13134765625 0.775390625 0.16650390625 0.7841796875 0.1806640625 0.8095703125 0.1513671875 0.837890625 0.1455078125 0.8408203125 0.1455078125 0.849609375 0.1171875 0.8828125 0.0 0.8740234375
2 0.38134765625 0.2275390625 0.38818359375 0.2294921875 0.38818359375 0.2421875 0.39013671875 0.2421875 0.39013671875 0.2607421875 0.37646484375 0.259765625 0.3759765625 0.2373046875 0.376953125 0.2373046875 0.376953125 0.2255859375
3 0.6806640625 0.384765625 0.705078125 0.3818359375 0.787109375 0.3798828125 0.7958984375 0.384765625 0.7958984375 0.376953125 0.8017578125 0.376953125 0.80224609375 0.388671875 0.81884765625 0.3857421875 0.81884765625 0.373046875 0.8232421875 0.3720703125 0.82373046875 0.3857421875 0.82958984375 0.384765625 0.86083984375 0.3798828125 0.86376953125 0.37890625 0.86328125 0.365234375 0.8740234375 0.3642578125 0.875 0.376953125 0.88525390625 0.3759765625 0.88525390625 0.361328125 0.89013671875 0.3603515625 0.89013671875 0.3740234375 0.90625 0.3720703125 0.90576171875 0.357421875 0.91162109375 0.3564453125 0.91162109375 0.37109375 0.92822265625 0.3671875 0.92822265625 0.353515625 0.93310546875 0.3525390625 0.93359375 0.3662109375 0.9482421875 0.3623046875 0.9482421875 0.3427734375 0.95068359375 0.3427734375 0.9521484375 0.3486328125 0.955078125 0.349609375 0.96337890625 0.34765625 0.9638671875 0.3408203125 0.96826171875 0.3408203125 0.96875 0.3466796875 0.974609375 0.345703125 0.978515625 0.3447265625 0.978515625 0.3486328125 0.98193359375 0.34375 0.98193359375 0.337890625 0.99951171875 0.330078125 0.99951171875 0.533203125 0.9501953125 0.5390625 0.70361328125 0.4912109375 0.69287109375 0.490234375 0.673828125 0.4921875 0.67431640625 0.4814453125 0.68505859375 0.478515625
2 0.33935546875 0.208984375 0.35791015625 0.2109375 0.36474609375 0.216796875 0.373046875 0.2216796875 0.37158203125 0.224609375 0.36962890625 0.2265625 0.37109375 0.2822265625 0.34521484375 0.2685546875 0.3427734375 0.2353515625 0.35107421875 0.236328125 0.3515625 0.2294921875 0.3369140625 0.216796875
2 0.4658203125 0.2548828125 0.46923828125 0.2548828125 0.46923828125 0.2529296875 0.47265625 0.2529296875 0.47265625 0.2568359375 0.47802734375 0.2568359375 0.47802734375 0.2744140625 0.4638671875 0.2744140625 0.46337890625 0.2568359375
4 0.37744140625 0.3115234375 0.38134765625 0.31640625 0.38232421875 0.3212890625 0.38671875 0.3212890625 0.390625 0.3203125 0.39111328125 0.314453125 0.39453125 0.318359375 0.396484375 0.3232421875 0.3984375 0.3291015625 0.40283203125 0.33203125 0.4052734375 0.333984375 0.40869140625 0.3369140625 0.4111328125 0.3427734375 0.4111328125 0.3564453125 0.40869140625 0.3623046875 0.408203125 0.3701171875 0.408203125 0.37890625 0.404296875 0.3818359375 0.40283203125 0.3876953125 0.40234375 0.396484375 0.404296875 0.408203125 0.4013671875 0.4140625 0.39453125 0.416015625 0.384765625 0.4091796875 0.37548828125 0.3671875 0.3701171875 0.3330078125
