2 0.82763671875 0.3134765625 0.8251953125 0.248046875 0.82373046875 0.2138671875 0.8271484375 0.20703125 0.82861328125 0.1982421875 0.8310546875 0.19140625 0.83251953125 0.1875 0.83349609375 0.177734375 0.83349609375 0.1552734375 0.83349609375 0.1494140625 0.8349609375 0.1494140625 0.8369140625 0.1689453125 0.83740234375 0.1787109375 0.8388671875 0.185546875 0.83984375 0.1904296875 0.8427734375 0.2001953125 0.84326171875 0.2099609375 0.84326171875 0.24609375 0.86865234375 0.2734375 0.88720703125 0.2548828125 0.89990234375 0.1953125 0.91552734375 0.18359375 0.93212890625 0.177734375 0.93701171875 0.169921875 0.94384765625 0.169921875 0.958984375 0.162109375 0.98095703125 0.158203125 0.98486328125 0.1513671875 0.99951171875 0.1416015625 0.99951171875 0.4169921875 0.90234375 0.4248046875 0.87646484375 0.4375 0.85302734375 0.4365234375
2 0.75439453125 0.16015625 0.75439453125 0.173828125 0.76318359375 0.17578125 0.7783203125 0.2119140625 0.7919921875 0.2119140625 0.79296875 0.2373046875 0.7919921875 0.2392578125 0.7919921875 0.2744140625 0.7919921875 0.3701171875 0.7822265625 0.4150390625 0.75439453125 0.443359375 0.7255859375 0.4541015625 0.66845703125 0.453125 0.5859375 0.44140625 0.45654296875 0.447265625 0.33544921875 0.4619140625 0.21630859375 0.47265625 0.12109375 0.501953125 0.0 0.49609375 0.0 0.0 0.04736328125 0.0 0.072265625 0.0302734375 0.08935546875 0.05078125 0.109375 0.0791015625 0.109375 0.083984375 0.1064453125 0.0859375 0.10595703125 0.0908203125 0.11181640625 0.0966796875 0.11181640625 0.0712890625 0.1044921875 0.060546875 0.1044921875 0.05078125 0.11181640625 0.05078125 0.111328125 0.0 0.75341796875 0.0 0.75439453125 0.138671875
0 0.0 0.9990234375 0.99951171875 0.9990234375 0.99951171875 0.4365234375 0.92236328125 0.4306640625 0.87939453125 0.451171875 0.85302734375 0.4541015625 0.7763671875 0.451171875 0.720703125 0.451171875 0.6787109375 0.4443359375 0.564453125 0.451171875 0.5224609375 0.4443359375 0.48486328125 0.453125 0.3349609375 0.46484375 0.20654296875 0.4765625 0.14892578125 0.4951171875 0.14697265625 0.4931640625 0.123046875 0.4931640625 0.11474609375 0.484375 0.1025390625 0.48046875 0.0400390625 0.48046875 0.0 0.4814453125
4 0.12646484375 0.431640625 0.12548828125 0.4267578125 0.12548828125 0.40234375 0.12841796875 0.400390625 0.12841796875 0.39453125 0.12841796875 0.3896484375 0.13671875 0.3896484375 0.13671875 0.435546875 0.13720703125 0.453125 0.1298828125 0.4560546875 0.126953125 0.4453125
1 0.00537109375 0.515625 0.01904296875 0.50390625 0.033203125 0.4931640625 0.04296875 0.4912109375 0.05224609375 0.4873046875 0.06787109375 0.486328125 0.07763671875 0.4814453125 0.0888671875 0.4794921875 0.1025390625 0.478515625 0.11474609375 0.4833984375 0.1181640625 0.4892578125 0.12451171875 0.4892578125 0.140625 0.4892578125 0.201171875 0.4853515625 0.30322265625 0.48046875 0.375 0.45703125 0.5009765625 0.4453125 0.55615234375 0.4423828125 0.68505859375 0.4453125 0.7294921875 0.451171875 0.81396484375 0.443359375 0.8544921875 0.4521484375 0.890625 0.44921875 0.92822265625 0.4482421875 0.9169921875 0.453125 0.9033203125 0.453125 0.8486328125 0.45703125 0.7861328125 0.462890625 0.673828125 0.4716796875 0.56103515625 0.4716796875 0.49755859375 0.47265625 0.36181640625 0.4814453125 0.341796875 0.4794921875 0.19140625 0.4921875 0.09716796875 0.4970703125 0.06298828125 0.4990234375 0.0517578125 0.4990234375 0.02880859375 0.5009765625
5 0.0986328125 0.46484375 0.10498046875 0.451171875 0.111328125 0.451171875 0.11328125 0.453125 0.1142578125 0.4833984375 0.11083984375 0.4833984375 0.1015625 0.4833984375
5 0.13525390625 0.4306640625 0.13720703125 0.4140625 0.13818359375 0.4052734375 0.140625 0.4013671875 0.14990234375 0.3994140625 0.15625 0.400390625 0.16748046875 0.3955078125 0.17626953125 0.3955078125 0.18212890625 0.39453125 0.2021484375 0.3935546875 0.205078125 0.423828125 0.2265625 0.419921875 0.24169921875 0.4150390625 0.25439453125 0.421875 0.25244140625 0.458984375 0.25537109375 0.47265625 0.25537109375 0.4873046875 0.25244140625 0.49609375 0.25048828125 0.4990234375 0.24560546875 0.501953125 0.19580078125 0.50390625 0.16455078125 0.5068359375 0.14990234375 0.5087890625 0.1474609375 0.509765625 0.14453125 0.5078125 0.14306640625 0.5 0.1416015625 0.4951171875 0.1376953125 0.4931640625 0.13525390625 0.4912109375 0.13427734375 0.4853515625 0.13427734375 0.4775390625 0.13427734375 0.466796875 0.13330078125 0.4609375 0.13330078125 0.4501953125 0.13427734375 0.44140625
5 0.25732421875 0.4287109375 0.2626953125 0.42578125 0.2705078125 0.42578125 0.2763671875 0.4296875 0.2900390625 0.4375 0.294921875 0.4765625 0.2861328125 0.4970703125 0.26318359375 0.4951171875 0.2568359375 0.4697265625
5 0.333984375 0.423828125 0.34521484375 0.416015625 0.35205078125 0.4140625 0.35986328125 0.4169921875 0.3740234375 0.4248046875 0.3759765625 0.4599609375 0.36865234375 0.4736328125 0.34716796875 0.4736328125
5 0.4990234375 0.3994140625 0.5107421875 0.39453125 0.5263671875 0.3935546875 0.53125 0.4072265625 0.53515625 0.421875 0.54052734375 0.435546875 0.5419921875 0.44921875 0.54150390625 0.45703125 0.5400390625 0.4638671875 0.53369140625 0.4638671875 0.52294921875 0.4619140625 0.5107421875 0.462890625 0.5009765625 0.46875
5 0.5517578125 0.3974609375 0.54248046875 0.4208984375 0.541015625 0.435546875 0.5419921875 0.4453125 0.5419921875 0.4560546875 0.54248046875 0.4638671875 0.546875 0.4677734375 0.56396484375 0.458984375 0.59423828125 0.4658203125 0.59033203125 0.4208984375 0.576171875 0.3994140625
5 0.0517578125 0.4970703125 0.04931640625 0.4853515625 0.04833984375 0.4765625 0.0498046875 0.4697265625 0.06103515625 0.4658203125 0.0673828125 0.462890625 0.07958984375 0.4609375 0.0830078125 0.4619140625 0.0849609375 0.4658203125 0.08740234375 0.46875 0.08837890625 0.47265625 0.08837890625 0.4765625 0.08740234375 0.4814453125 0.0869140625 0.484375 0.083984375 0.486328125 0.08154296875 0.4873046875 0.0751953125 0.490234375 0.0693359375 0.4921875 0.05859375 0.49609375
4 0.0 0.796875 0.0 0.8466796875 0.00537109375 0.845703125 0.01171875 0.84375 0.01904296875 0.837890625 0.029296875 0.833984375 0.03955078125 0.826171875 0.0419921875 0.810546875 0.0419921875 0.798828125 0.0380859375 0.79296875 0.03173828125 0.787109375 0.02880859375 0.7744140625 0.03125 0.771484375 0.03125 0.763671875 0.03173828125 0.7529296875 0.03076171875 0.751953125 0.02783203125 0.759765625 0.02197265625 0.7685546875 0.01513671875 0.7646484375 0.01025390625 0.7626953125 0.01123046875 0.75390625 0.005859375 0.751953125 0.00146484375 0.748046875 0.0 0.751953125
1 0.0 0.5390625 0.01171875 0.587890625 0.0234375 0.587890625 0.0419921875 0.583984375 0.0849609375 0.5732421875 0.10693359375 0.568359375 0.12744140625 0.5625 0.14697265625 0.55859375 0.1640625 0.552734375 0.17822265625 0.5478515625 0.1884765625 0.5439453125 0.1962890625 0.5390625 0.19775390625 0.525390625 0.17724609375 0.51953125 0.16259765625 0.5146484375 0.1328125 0.5107421875 0.10107421875 0.5126953125 0.06591796875 0.515625 0.01171875 0.5205078125
4 0.78955078125 0.42578125 0.771484375 0.4208984375 0.75927734375 0.404296875 0.75634765625 0.396484375 0.7548828125 0.3798828125 0.755859375 0.3720703125 0.7607421875 0.3671875 0.76123046875 0.3623046875 0.759765625 0.357421875 0.75634765625 0.3544921875 0.7548828125 0.345703125 0.7548828125 0.34375 0.7666015625 0.3408203125 0.7666015625 0.296875 0.76123046875 0.296875 0.76123046875 0.2841796875 0.76513671875 0.2822265625 0.76953125 0.27734375 0.771484375 0.271484375 0.77294921875 0.2666015625 0.77490234375 0.2666015625 0.77783203125 0.2607421875 0.78076171875 0.26171875 0.783203125 0.2685546875 0.78466796875 0.2626953125 0.78759765625 0.263671875 0.79248046875 0.2607421875 0.79638671875 0.263671875 0.8017578125 0.2646484375 0.8046875 0.259765625 0.80810546875 0.2578125 0.8115234375 0.2509765625 0.8154296875 0.2470703125 0.8193359375 0.2451171875 0.822265625 0.2431640625 0.82470703125 0.240234375 0.8291015625 0.2412109375 0.833984375 0.2392578125 0.83740234375 0.236328125 0.84521484375 0.2314453125 0.8486328125 0.2314453125 0.85009765625 0.2265625 0.85205078125 0.2216796875 0.85498046875 0.2216796875 0.859375 0.224609375 0.86083984375 0.2294921875 0.865234375 0.2333984375 0.869140625 0.234375 0.87646484375 0.2353515625 0.87939453125 0.2373046875 0.8828125 0.2392578125 0.88671875 0.2392578125 0.88818359375 0.248046875 0.89404296875 0.248046875 0.89794921875 0.251953125 0.8984375 0.26171875 0.8994140625 0.26953125 0.89990234375 0.2763671875 0.89892578125 0.2841796875 0.90087890625 0.2939453125 0.896484375 0.2958984375 0.89306640625 0.3076171875 0.89453125 0.3349609375 0.89453125 0.34765625 0.892578125 0.361328125 0.88720703125 0.3671875 0.88427734375 0.3701171875 0.87890625 0.3720703125 0.873046875 0.3759765625 0.87255859375 0.3876953125 0.869140625 0.3935546875 0.86328125 0.39453125 0.86181640625 0.4189453125 0.8359375 0.4140625 0.80322265625 0.4248046875
3 0.8544921875 0.4384765625 0.8876953125 0.4365234375 0.88818359375 0.4501953125 0.85498046875 0.4521484375
4 0.73388671875 0.435546875 0.73828125 0.4267578125 0.74169921875 0.419921875 0.74462890625 0.41796875 0.74658203125 0.412109375 0.748046875 0.40625 0.75048828125 0.4033203125 0.75439453125 0.40234375 0.7578125 0.4033203125 0.7607421875 0.4072265625 0.76318359375 0.408203125 0.765625 0.4140625 0.7685546875 0.4169921875 0.7705078125 0.4208984375 0.7724609375 0.4287109375 0.77294921875 0.4384765625 0.7705078125 0.4453125 0.76318359375 0.4521484375 0.76123046875 0.45703125 0.74951171875 0.458984375 0.74658203125 0.451171875 0.740234375 0.4453125 0.73388671875 0.443359375
5 0.658203125 0.380859375 0.671875 0.37890625 0.6982421875 0.3779296875 0.7041015625 0.396484375 0.70068359375 0.4423828125 0.69873046875 0.4619140625 0.6962890625 0.46875 0.69384765625 0.4697265625 0.689453125 0.4716796875 0.68603515625 0.46875 0.6845703125 0.4658203125 0.68212890625 0.4619140625 0.68017578125 0.4609375 0.67236328125 0.4609375 0.662109375 0.44921875
4 0.1240234375 0.4638671875 0.13037109375 0.46484375 0.13427734375 0.4658203125 0.13427734375 0.4658203125 0.134765625 0.4599609375 0.1328125 0.455078125 0.13134765625 0.4521484375 0.12841796875 0.451171875 0.12548828125 0.4521484375 0.1240234375 0.4560546875 0.1240234375 0.462890625 0.1240234375 0.4638671875
4 0.111328125 0.4658203125 0.1181640625 0.4658203125 0.1181640625 0.4658203125 0.11767578125 0.4599609375 0.1171875 0.453125 0.11474609375 0.451171875 0.11181640625 0.4521484375 0.10986328125 0.455078125 0.11083984375 0.4609375 0.11181640625 0.46484375 0.111328125 0.4658203125
