0 0.0 0.619140625 0.44677734375 0.525390625 0.45654296875 0.48828125 0.59423828125 0.4765625 0.7919921875 0.46875 0.95703125 0.4638671875 0.99951171875 0.4619140625 0.99951171875 0.9990234375 0.0 0.9990234375
2 0.0 0.0 0.4921875 0.0 0.494140625 0.48046875 0.0 0.5107421875
2 0.99951171875 0.0 0.68115234375 0.0 0.6865234375 0.4248046875 0.88037109375 0.447265625 0.99951171875 0.439453125
4 0.49365234375 0.373046875 0.5009765625 0.3720703125 0.5048828125 0.3740234375 0.51025390625 0.3759765625 0.5126953125 0.3759765625 0.5166015625 0.3662109375 0.5205078125 0.365234375 0.5224609375 0.3701171875 0.5234375 0.3740234375 0.5234375 0.376953125 0.52880859375 0.376953125 0.5283203125 0.373046875 0.525390625 0.37109375 0.52490234375 0.3671875 0.525390625 0.365234375 0.5234375 0.359375 0.5263671875 0.3544921875 0.52978515625 0.357421875 0.5302734375 0.3603515625 0.53369140625 0.3642578125 0.53662109375 0.3671875 0.53759765625 0.3642578125 0.5419921875 0.3623046875 0.54541015625 0.3671875 0.54150390625 0.3701171875 0.54150390625 0.3759765625 0.544921875 0.3740234375 0.54541015625 0.3720703125 0.55126953125 0.37109375 0.5556640625 0.3681640625 0.5703125 0.3759765625 0.5703125 0.3818359375 0.57861328125 0.3818359375 0.57861328125 0.37109375 0.599609375 0.35546875 0.59716796875 0.3310546875 0.6513671875 0.31640625 0.70361328125 0.3662109375 0.70703125 0.3759765625 0.70947265625 0.3779296875 0.712890625 0.37890625 0.7177734375 0.3779296875 0.71826171875 0.3740234375 0.72412109375 0.373046875 0.728515625 0.37109375 0.73486328125 0.376953125 0.74072265625 0.3818359375 0.74267578125 0.376953125 0.744140625 0.3759765625 0.7451171875 0.3779296875 0.74853515625 0.3779296875 0.7490234375 0.37109375 0.74951171875 0.3662109375 0.75244140625 0.3623046875 0.76318359375 0.3642578125 0.76171875 0.3671875 0.7607421875 0.37109375 0.76708984375 0.37109375 0.76953125 0.3642578125 0.77392578125 0.3671875 0.77783203125 0.3603515625 0.78125 0.3564453125 0.787109375 0.3505859375 0.7900390625 0.345703125 0.79638671875 0.345703125 0.80419921875 0.341796875 0.81201171875 0.345703125 0.81591796875 0.3525390625 0.81640625 0.3623046875 0.81787109375 0.3681640625 0.82470703125 0.37109375 0.82568359375 0.3740234375 0.830078125 0.37890625 0.8310546875 0.4365234375 0.7734375 0.466796875 0.494140625 0.466796875
5 0.0712890625 0.484375 0.07177734375 0.4765625 0.07373046875 0.47265625 0.0771484375 0.4658203125 0.080078125 0.462890625 0.0849609375 0.4609375 0.08984375 0.4599609375 0.09619140625 0.458984375 0.10546875 0.4609375 0.11083984375 0.462890625 0.1201171875 0.4697265625 0.125 0.4755859375 0.12744140625 0.478515625 0.12890625 0.48828125 0.0732421875 0.4921875
5 0.1328125 0.4775390625 0.13671875 0.4638671875 0.1376953125 0.4599609375 0.14013671875 0.45703125 0.14697265625 0.45703125 0.1689453125 0.4638671875 0.1787109375 0.47265625 0.1806640625 0.474609375 0.18310546875 0.4755859375 0.18359375 0.4794921875 0.1845703125 0.48828125 0.13623046875 0.4892578125 0.13427734375 0.4892578125
5 0.18310546875 0.4697265625 0.18505859375 0.4658203125 0.1865234375 0.4638671875 0.189453125 0.462890625 0.1923828125 0.462890625 0.19677734375 0.462890625 0.201171875 0.4619140625 0.2060546875 0.4619140625 0.2099609375 0.462890625 0.21435546875 0.4658203125 0.2177734375 0.46875 0.220703125 0.4814453125 0.18408203125 0.4853515625
5 0.0 0.41015625 0.005859375 0.412109375 0.0068359375 0.4140625 0.009765625 0.4267578125 0.00732421875 0.4892578125 0.0 0.48828125
5 0.751953125 0.435546875 0.751953125 0.4296875 0.755859375 0.42578125 0.75830078125 0.4248046875 0.76123046875 0.4248046875 0.765625 0.42578125 0.767578125 0.427734375 0.76904296875 0.4296875 0.76953125 0.4365234375 0.76953125 0.4443359375 0.75341796875 0.4453125
3 0.69287109375 0.458984375 0.69287109375 0.443359375 0.69775390625 0.443359375 0.70654296875 0.44140625 0.7080078125 0.4384765625 0.71484375 0.4375 0.724609375 0.4365234375 0.73583984375 0.435546875 0.7431640625 0.435546875 0.744140625 0.4326171875 0.7451171875 0.43359375 0.75341796875 0.4326171875 0.75732421875 0.4326171875 0.76708984375 0.4326171875 0.77392578125 0.431640625 0.77880859375 0.431640625 0.77880859375 0.451171875 0.75341796875 0.466796875 0.7392578125 0.46484375 0.72802734375 0.4638671875 0.71484375 0.4619140625 0.705078125 0.46484375 0.69873046875 0.4638671875 0.6953125 0.4677734375
1 0.0 0.6708984375 0.0263671875 0.662109375 0.03515625 0.6572265625 0.0693359375 0.646484375 0.099609375 0.638671875 0.11376953125 0.6337890625 0.12841796875 0.6298828125 0.14453125 0.6259765625 0.15869140625 0.6220703125 0.16748046875 0.6201171875 0.17919921875 0.6171875 0.19580078125 0.6123046875 0.2109375 0.609375 0.267578125 0.595703125 0.29345703125 0.58984375 0.3388671875 0.580078125 0.36279296875 0.57421875 0.3876953125 0.5693359375 0.412109375 0.5625 0.42529296875 0.55859375 0.4365234375 0.556640625 0.44580078125 0.5546875 0.45703125 0.5517578125 0.4755859375 0.5478515625 0.490234375 0.5439453125 0.50146484375 0.5400390625 0.51416015625 0.5380859375 0.5234375 0.5361328125 0.5302734375 0.5341796875 0.5390625 0.53125 0.5458984375 0.5283203125 0.5517578125 0.5263671875 0.5546875 0.5244140625 0.55712890625 0.5234375 0.55712890625 0.5166015625 0.55224609375 0.513671875 0.54345703125 0.51171875 0.53369140625 0.51171875 0.51416015625 0.509765625 0.50927734375 0.5087890625 0.4951171875 0.5068359375 0.478515625 0.50390625 0.46826171875 0.501953125 0.45751953125 0.5009765625 0.447265625 0.5029296875 0.2216796875 0.5380859375 0.0 0.572265625
1 0.5283203125 0.48828125 0.5478515625 0.48828125 0.57275390625 0.4873046875 0.63720703125 0.484375 0.658203125 0.484375 0.6708984375 0.484375 0.67822265625 0.484375 0.68603515625 0.484375 0.70751953125 0.4833984375 0.72119140625 0.48046875 0.75341796875 0.4794921875 0.84423828125 0.4765625 0.86181640625 0.4765625 0.90380859375 0.4736328125 0.91015625 0.484375 0.89111328125 0.4853515625 0.86328125 0.4853515625 0.83251953125 0.4853515625 0.76416015625 0.4873046875 0.712890625 0.4912109375 0.6787109375 0.4921875 0.65478515625 0.4921875 0.63916015625 0.4912109375 0.59033203125 0.4921875 0.5654296875 0.49609375 0.52490234375 0.4970703125
4 0.99951171875 0.37109375 0.99365234375 0.3720703125 0.9921875 0.369140625 0.98876953125 0.369140625 0.98681640625 0.3740234375 0.98291015625 0.37109375 0.970703125 0.373046875 0.96630859375 0.3779296875 0.9609375 0.376953125 0.96044921875 0.37109375 0.95654296875 0.3701171875 0.95458984375 0.3623046875 0.95263671875 0.353515625 0.9501953125 0.3544921875 0.9482421875 0.3466796875 0.94677734375 0.34765625 0.9462890625 0.3525390625 0.947265625 0.3603515625 0.9443359375 0.3681640625 0.9423828125 0.3681640625 0.9404296875 0.3662109375 0.94091796875 0.3603515625 0.93994140625 0.357421875 0.9404296875 0.353515625 0.939453125 0.349609375 0.9384765625 0.3505859375 0.93603515625 0.3466796875 0.93359375 0.3486328125 0.9365234375 0.3525390625 0.93603515625 0.35546875 0.93310546875 0.3583984375 0.9306640625 0.359375 0.92626953125 0.3564453125 0.92333984375 0.3642578125 0.92333984375 0.369140625 0.92529296875 0.3720703125 0.9287109375 0.3701171875 0.93115234375 0.37109375 0.93115234375 0.3759765625 0.92919921875 0.380859375 0.92626953125 0.3818359375 0.923828125 0.3798828125 0.921875 0.3828125 0.90576171875 0.384765625 0.90380859375 0.390625 0.90283203125 0.400390625 0.90234375 0.40625 0.90087890625 0.4091796875 0.90380859375 0.416015625 0.90380859375 0.4248046875 0.90576171875 0.453125 0.99951171875 0.4443359375
4 0.99951171875 0.0 0.99951171875 0.287109375 0.9931640625 0.2939453125 0.98681640625 0.2958984375 0.9814453125 0.2939453125 0.97705078125 0.2900390625 0.97509765625 0.28515625 0.97119140625 0.28515625 0.97216796875 0.2705078125 0.96533203125 0.2783203125 0.96337890625 0.263671875 0.96923828125 0.2509765625 0.9755859375 0.2490234375 0.97509765625 0.240234375 0.966796875 0.2412109375 0.95068359375 0.24609375 0.947265625 0.2412109375 0.94189453125 0.240234375 0.93994140625 0.2412109375 0.93896484375 0.2431640625 0.93603515625 0.2421875 0.9326171875 0.2421875 0.92919921875 0.24609375 0.9326171875 0.2490234375 0.93701171875 0.248046875 0.939453125 0.2529296875 0.94384765625 0.2568359375 0.9453125 0.26171875 0.95068359375 0.2666015625 0.94482421875 0.26953125 0.94091796875 0.2685546875 0.93994140625 0.2607421875 0.935546875 0.2587890625 0.9345703125 0.2548828125 0.93017578125 0.2529296875 0.927734375 0.2490234375 0.923828125 0.25 0.9228515625 0.251953125 0.92041015625 0.2490234375 0.9189453125 0.24609375 0.9130859375 0.2470703125 0.91015625 0.2509765625 0.9091796875 0.2529296875 0.91162109375 0.2607421875 0.916015625 0.265625 0.92041015625 0.2646484375 0.92041015625 0.2578125 0.923828125 0.2568359375 0.92529296875 0.263671875 0.927734375 0.2685546875 0.92822265625 0.2734375 0.93017578125 0.28515625 0.92724609375 0.28515625 0.923828125 0.2744140625 0.9228515625 0.271484375 0.92041015625 0.2724609375 0.91796875 0.26953125 0.9111328125 0.2646484375 0.908203125 0.259765625 0.9052734375 0.2548828125 0.90673828125 0.2626953125 0.91064453125 0.26953125 0.91259765625 0.275390625 0.916015625 0.2783203125 0.91845703125 0.28515625 0.92333984375 0.2890625 0.921875 0.29296875 0.91748046875 0.291015625 0.9130859375 0.2890625 0.91064453125 0.28515625 0.9072265625 0.283203125 0.9052734375 0.2900390625 0.90087890625 0.2900390625 0.8984375 0.291015625 0.896484375 0.2880859375 0.89306640625 0.2900390625 0.888671875 0.291015625 0.8876953125 0.2998046875 0.88818359375 0.3046875 0.88623046875 0.314453125 0.88671875 0.328125 0.88623046875 0.33984375 0.88525390625 0.345703125 0.88525390625 0.3564453125 0.8857421875 0.365234375 0.88623046875 0.390625 0.88671875 0.4267578125 0.88916015625 0.4248046875 0.8935546875 0.4287109375 0.8994140625 0.4296875 0.9033203125 0.4306640625 0.908203125 0.431640625 0.9072265625 0.4453125 0.89697265625 0.4482421875 0.88623046875 0.4501953125 0.8740234375 0.4501953125 0.87158203125 0.4453125 0.87060546875 0.4296875 0.87060546875 0.4130859375 0.87158203125 0.390625 0.87109375 0.3662109375 0.8701171875 0.3525390625 0.87158203125 0.34765625 0.87060546875 0.34375 0.87255859375 0.337890625 0.873046875 0.330078125 0.87255859375 0.3134765625 0.87060546875 0.3115234375 0.86962890625 0.3193359375 0.86962890625 0.3369140625 0.8681640625 0.3583984375 0.8671875 0.376953125 0.86669921875 0.39453125 0.86572265625 0.408203125 0.86572265625 0.4287109375 0.8671875 0.4404296875 0.86669921875 0.4521484375 0.85302734375 0.453125 0.85107421875 0.439453125 0.85205078125 0.4248046875 0.853515625 0.4150390625 0.8544921875 0.404296875 0.85498046875 0.396484375 0.85498046875 0.3876953125 0.85595703125 0.3759765625 0.85693359375 0.3662109375 0.85888671875 0.3544921875 0.859375 0.3427734375 0.85986328125 0.333984375 0.86181640625 0.3203125 0.85986328125 0.3125 0.85595703125 0.3095703125 0.85595703125 0.314453125 0.849609375 0.31640625 0.84716796875 0.328125 0.84326171875 0.326171875 0.841796875 0.3203125 0.83935546875 0.3193359375 0.83837890625 0.3291015625 0.83837890625 0.3427734375 0.8388671875 0.357421875 0.83837890625 0.3681640625 0.83935546875 0.3857421875 0.83935546875 0.3994140625 0.837890625 0.41015625 0.83740234375 0.4287109375 0.82470703125 0.4287109375 0.82470703125 0.41796875 0.82666015625 0.4033203125 0.8271484375 0.3740234375 0.828125 0.3642578125 0.828125 0.3505859375 0.82861328125 0.33984375 0.82763671875 0.330078125 0.82763671875 0.3193359375 0.822265625 0.3173828125 0.82177734375 0.3076171875 0.8203125 0.298828125 0.8173828125 0.2939453125 0.81591796875 0.296875 0.81298828125 0.2998046875 0.81201171875 0.3095703125 0.8154296875 0.3134765625 0.8203125 0.318359375 0.81982421875 0.322265625 0.81494140625 0.32421875 0.81298828125 0.3310546875 0.81201171875 0.3369140625 0.81298828125 0.3505859375 0.81201171875 0.37109375 0.810546875 0.3818359375 0.80908203125 0.3974609375 0.80908203125 0.4296875 0.78662109375 0.4375 0.78515625 0.376953125 0.78125 0.3642578125 0.7802734375 0.35546875 0.7783203125 0.3427734375 0.7763671875 0.333984375 0.77294921875 0.3232421875 0.7685546875 0.31640625 0.76416015625 0.3232421875 0.76171875 0.314453125 0.7548828125 0.3173828125 0.75390625 0.326171875 0.75048828125 0.33203125 0.74560546875 0.330078125 0.74169921875 0.33203125 0.744140625 0.3369140625 0.73828125 0.33984375 0.73828125 0.345703125 0.7392578125 0.3525390625 0.7373046875 0.353515625 0.73828125 0.361328125 0.7373046875 0.3671875 0.732421875 0.3603515625 0.72412109375 0.3642578125 0.72216796875 0.3603515625 0.71630859375 0.3642578125 0.71435546875 0.359375 0.7099609375 0.357421875 0.7080078125 0.359375 0.70751953125 0.365234375 0.7109375 0.3662109375 0.7138671875 0.3701171875 0.7109375 0.3701171875 0.70751953125 0.3720703125 0.708984375 0.431640625 0.7099609375 0.455078125 0.705078125 0.455078125 0.7041015625 0.4287109375 0.70361328125 0.416015625 0.70263671875 0.3671875 0.6982421875 0.3740234375 0.6904296875 0.3798828125 0.685546875 0.3876953125 0.6796875 0.3798828125 0.6787109375 0.3916015625 0.677734375 0.408203125 0.6767578125 0.4306640625 0.6748046875 0.44921875 0.6748046875 0.455078125 0.66259765625 0.455078125 0.5849609375 0.458984375 0.5791015625 0.3720703125 0.57666015625 0.3779296875 0.5712890625 0.37890625 0.57275390625 0.37109375 0.5693359375 0.3681640625 0.5673828125 0.376953125 0.55419921875 0.3720703125 0.5537109375 0.3662109375 0.5517578125 0.3662109375 0.55126953125 0.369140625 0.54638671875 0.3701171875 0.54541015625 0.3681640625 0.54150390625 0.369140625 0.541015625 0.3623046875 0.541015625 0.3564453125 0.53759765625 0.3623046875 0.5341796875 0.3701171875 0.52587890625 0.3623046875 0.52197265625 0.365234375 0.51953125 0.3720703125 0.51611328125 0.3974609375 0.509765625 0.376953125 0.50927734375 0.3701171875 0.50537109375 0.359375 0.50146484375 0.3486328125 0.5009765625 0.353515625 0.49951171875 0.3583984375 0.49462890625 0.357421875 0.49169921875 0.365234375 0.48828125 0.3623046875 0.48486328125 0.361328125 0.482421875 0.3623046875 0.48046875 0.3623046875 0.4814453125 0.357421875 0.48291015625 0.3544921875 0.48193359375 0.34765625 0.47998046875 0.353515625 0.47705078125 0.353515625 0.4765625 0.380859375 0.4765625 0.4052734375 0.4775390625 0.4267578125 0.4794921875 0.462890625 0.4658203125 0.4697265625 0.46630859375 0.455078125 0.466796875 0.443359375 0.466796875 0.4130859375 0.4658203125 0.3828125 0.4658203125 0.3759765625 0.46337890625 0.369140625 0.462890625 0.384765625 0.4638671875 0.396484375 0.4638671875 0.4189453125 0.4638671875 0.4404296875 0.46484375 0.4541015625 0.46484375 0.478515625 0.4609375 0.4775390625 0.4609375 0.4619140625 0.4609375 0.44921875 0.4609375 0.42578125 0.4609375 0.400390625 0.46044921875 0.3701171875 0.45947265625 0.3642578125 0.45703125 0.357421875 0.451171875 0.3544921875 0.44580078125 0.3603515625 0.4443359375 0.3623046875 0.4443359375 0.373046875 0.4423828125 0.3798828125 0.44287109375 0.3896484375 0.44287109375 0.3994140625 0.44384765625 0.4150390625 0.44482421875 0.41796875 0.4443359375 0.4326171875 0.44482421875 0.4453125 0.4453125 0.4521484375 0.4453125 0.462890625 0.4462890625 0.47265625 0.44287109375 0.4736328125 0.43603515625 0.474609375 0.4248046875 0.474609375 0.4130859375 0.47265625 0.41455078125 0.4501953125 0.41455078125 0.4267578125 0.4140625 0.416015625 0.41455078125 0.4072265625 0.41259765625 0.3935546875 0.41259765625 0.3837890625 0.41064453125 0.3740234375 0.4130859375 0.3623046875 0.41162109375 0.35546875 0.4111328125 0.349609375 0.41015625 0.3447265625 0.40478515625 0.3427734375 0.39990234375 0.3447265625 0.3974609375 0.3466796875 0.39794921875 0.3583984375 0.404296875 0.4404296875 0.40625 0.451171875 0.408203125 0.4619140625 0.40869140625 0.4716796875 0.396484375 0.47265625 0.39501953125 0.4560546875 0.39404296875 0.443359375 0.39453125 0.4287109375 0.39404296875 0.4169921875 0.39404296875 0.4169921875 0.39306640625 0.40234375 0.3916015625 0.3916015625 0.3916015625 0.3818359375 0.39208984375 0.3720703125 0.39111328125 0.3623046875 0.388671875 0.3505859375 0.38623046875 0.341796875 0.38525390625 0.333984375 0.380859375 0.333984375 0.3798828125 0.3291015625 0.37646484375 0.326171875 0.37353515625 0.3232421875 0.36669921875 0.32421875 0.36572265625 0.3203125 0.36181640625 0.318359375 0.36181640625 0.322265625 0.36279296875 0.330078125 0.3583984375 0.333984375 0.35595703125 0.3408203125 0.35205078125 0.3359375 0.34716796875 0.3369140625 0.34326171875 0.3427734375 0.341796875 0.3486328125 0.337890625 0.353515625 0.3359375 0.3466796875 0.33349609375 0.349609375 0.33154296875 0.35546875 0.32666015625 0.353515625 0.32470703125 0.3583984375 0.32177734375 0.3662109375 0.31982421875 0.3701171875 0.3193359375 0.3779296875 0.3154296875 0.3818359375 0.31298828125 0.37890625 0.30859375 0.380859375 0.3046875 0.3759765625 0.3037109375 0.3720703125 0.3017578125 0.3681640625 0.29833984375 0.3642578125 0.29638671875 0.359375 0.29541015625 0.35546875 0.29296875 0.361328125 0.29150390625 0.361328125 0.29052734375 0.3564453125 0.2900390625 0.3505859375 0.2841796875 0.3544921875 0.28369140625 0.3505859375 0.28369140625 0.3447265625 0.283203125 0.33984375 0.283203125 0.333984375 0.2822265625 0.328125 0.28173828125 0.3193359375 0.28125 0.3125 0.27880859375 0.31640625 0.2783203125 0.33203125 0.27734375 0.357421875 0.2763671875 0.3779296875 0.2763671875 0.4013671875 0.27587890625 0.4189453125 0.27587890625 0.4326171875 0.27734375 0.44140625 0.2783203125 0.453125 0.279296875 0.4638671875 0.2802734375 0.4765625 0.279296875 0.484375 0.25830078125 0.48828125 0.224609375 0.4892578125 0.220703125 0.4814453125 0.220703125 0.474609375 0.22412109375 0.4609375 0.2265625 0.4521484375 0.22705078125 0.4375 0.2275390625 0.4091796875 0.2275390625 0.3818359375 0.2265625 0.3623046875 0.224609375 0.357421875 0.22119140625 0.365234375 0.21826171875 0.37109375 0.21630859375 0.369140625 0.212890625 0.3623046875 0.2041015625 0.359375 0.19970703125 0.3642578125 0.197265625 0.3681640625 0.19384765625 0.3681640625 0.19482421875 0.3603515625 0.1943359375 0.3564453125 0.189453125 0.357421875 0.1884765625 0.3662109375 0.18603515625 0.37109375 0.18359375 0.369140625 0.17919921875 0.37109375 0.177734375 0.3779296875 0.173828125 0.380859375 0.17236328125 0.3779296875 0.16796875 0.3740234375 0.16259765625 0.3798828125 0.1630859375 0.3720703125 0.16259765625 0.3671875 0.16015625 0.365234375 0.154296875 0.3564453125 0.14697265625 0.3564453125 0.14208984375 0.353515625 0.13916015625 0.349609375 0.1416015625 0.345703125 0.142578125 0.341796875 0.138671875 0.3408203125 0.13427734375 0.337890625 0.1298828125 0.3408203125 0.12451171875 0.3408203125 0.12109375 0.341796875 0.12158203125 0.3359375 0.12353515625 0.326171875 0.11962890625 0.328125 0.11865234375 0.3310546875 0.11376953125 0.328125 0.1083984375 0.3193359375 0.10791015625 0.3115234375 0.11083984375 0.3076171875 0.11474609375 0.3125 0.11572265625 0.3056640625 0.1123046875 0.30078125 0.10693359375 0.302734375 0.10498046875 0.2978515625 0.10205078125 0.298828125 0.099609375 0.2998046875 0.09619140625 0.2939453125 0.0986328125 0.287109375 0.1015625 0.2802734375 0.10693359375 0.2763671875 0.1083984375 0.265625 0.1025390625 0.26953125 0.09619140625 0.2646484375 0.09619140625 0.2607421875 0.091796875 0.2578125 0.09033203125 0.25 0.09033203125 0.2421875 0.0888671875 0.2373046875 0.0888671875 0.2333984375 0.09326171875 0.23046875 0.09619140625 0.23046875 0.099609375 0.2353515625 0.10302734375 0.23828125 0.10498046875 0.2412109375 0.10791015625 0.2412109375 0.107421875 0.2373046875 0.10498046875 0.23046875 0.10498046875 0.2265625 0.10546875 0.2216796875 0.1025390625 0.216796875 0.1044921875 0.2138671875 0.10791015625 0.21875 0.11083984375 0.2255859375 0.11474609375 0.2314453125 0.11669921875 0.2373046875 0.11962890625 0.23828125 0.11962890625 0.2314453125 0.12109375 0.2265625 0.12060546875 0.2197265625 0.12060546875 0.2138671875 0.12353515625 0.2109375 0.12353515625 0.2060546875 0.12158203125 0.2021484375 0.123046875 0.1943359375 0.12255859375 0.189453125 0.12158203125 0.1865234375 0.12158203125 0.1796875 0.12939453125 0.185546875 0.1357421875 0.1923828125 0.142578125 0.1923828125 0.1435546875 0.1826171875 0.13916015625 0.1806640625 0.1357421875 0.1787109375 0.13525390625 0.169921875 0.13037109375 0.16796875 0.12939453125 0.1630859375 0.12841796875 0.15625 0.12548828125 0.154296875 0.12060546875 0.1474609375 0.12109375 0.142578125 0.1259765625 0.150390625 0.12548828125 0.138671875 0.126953125 0.1279296875 0.12255859375 0.1240234375 0.11962890625 0.1123046875 0.11474609375 0.1142578125 0.1123046875 0.1162109375 0.11083984375 0.12109375 0.11181640625 0.1376953125 0.107421875 0.1337890625 0.10595703125 0.1416015625 0.1015625 0.138671875 0.0986328125 0.146484375 0.0966796875 0.1455078125 0.09521484375 0.1513671875 0.09423828125 0.1591796875 0.09033203125 0.16015625 0.08740234375 0.162109375 0.087890625 0.1669921875 0.0986328125 0.16796875 0.09765625 0.1748046875 0.1005859375 0.1806640625 0.09716796875 0.185546875 0.09716796875 0.189453125 0.10009765625 0.1953125 0.09765625 0.1943359375 0.08984375 0.189453125 0.0859375 0.19140625 0.0859375 0.197265625 0.09326171875 0.203125 0.087890625 0.2060546875 0.08740234375 0.2099609375 0.09326171875 0.2138671875 0.09033203125 0.21875 0.0869140625 0.2216796875 0.08203125 0.216796875 0.080078125 0.2177734375 0.08203125 0.2265625 0.0830078125 0.23046875 0.0771484375 0.2255859375 0.07373046875 0.21875 0.06787109375 0.21484375 0.06201171875 0.21484375 0.0595703125 0.208984375 0.05517578125 0.20703125 0.052734375 0.19921875 0.0498046875 0.197265625 0.0498046875 0.208984375 0.04833984375 0.2138671875 0.04736328125 0.21875 0.0478515625 0.2265625 0.04736328125 0.2314453125 0.05322265625 0.236328125 0.05517578125 0.2392578125 0.0498046875 0.2421875 0.0478515625 0.2431640625 0.0478515625 0.2568359375 0.04736328125 0.2646484375 0.04296875 0.2646484375 0.03955078125 0.265625 0.03759765625 0.2626953125 0.02734375 0.259765625 0.0224609375 0.2568359375 0.01708984375 0.2568359375 0.01708984375 0.248046875 0.01220703125 0.248046875 0.00634765625 0.24609375 0.001953125 0.2421875 0.00439453125 0.2294921875 0.0009765625 0.224609375 0.00390625 0.2138671875 0.0107421875 0.2109375 0.01220703125 0.21484375 0.015625 0.2216796875 0.01904296875 0.22265625 0.02001953125 0.21875 0.02294921875 0.2177734375 0.02392578125 0.208984375 0.01953125 0.2109375 0.015625 0.20703125 0.013671875 0.203125 0.01025390625 0.2001953125 0.0048828125 0.1943359375 0.0 0.158203125 0.0 0.0
4 0.0 0.310546875 0.01025390625 0.3115234375 0.01513671875 0.3095703125 0.01806640625 0.314453125 0.021484375 0.3173828125 0.02197265625 0.32421875 0.02294921875 0.3330078125 0.025390625 0.3349609375 0.02783203125 0.33203125 0.03125 0.333984375 0.037109375 0.3369140625 0.0400390625 0.3359375 0.044921875 0.3369140625 0.0419921875 0.326171875 0.033203125 0.31640625 0.03515625 0.310546875 0.037109375 0.306640625 0.0419921875 0.30859375 0.04248046875 0.3046875 0.03955078125 0.2978515625 0.03759765625 0.2900390625 0.03515625 0.2861328125 0.03173828125 0.2822265625 0.03125 0.275390625 0.02734375 0.2744140625 0.02392578125 0.275390625 0.021484375 0.2734375 0.01904296875 0.271484375 0.0185546875 0.2685546875 0.01904296875 0.2646484375 0.01611328125 0.263671875 0.01318359375 0.265625 0.00830078125 0.263671875 0.00732421875 0.265625 0.0 0.26171875
4 0.0 0.337890625 0.009765625 0.3359375 0.01220703125 0.341796875 0.0166015625 0.3486328125 0.01513671875 0.3525390625 0.01123046875 0.35546875 0.00927734375 0.365234375 0.01416015625 0.3642578125 0.01953125 0.3662109375 0.01904296875 0.3701171875 0.02392578125 0.3681640625 0.0302734375 0.3720703125 0.0341796875 0.37109375 0.03466796875 0.3662109375 0.03515625 0.359375 0.03466796875 0.3564453125 0.0302734375 0.3544921875 0.0302734375 0.349609375 0.02294921875 0.3466796875 0.02197265625 0.3408203125 0.01708984375 0.333984375 0.0224609375 0.333984375 0.021484375 0.3291015625 0.01513671875 0.328125 0.00927734375 0.328125 0.00390625 0.328125 0.0 0.326171875
5 0.494140625 0.44140625 0.501953125 0.4404296875 0.5107421875 0.4404296875 0.515625 0.44140625 0.52197265625 0.443359375 0.5283203125 0.4482421875 0.533203125 0.451171875 0.5380859375 0.4521484375 0.53955078125 0.455078125 0.54052734375 0.4619140625 0.54052734375 0.4677734375 0.5400390625 0.4716796875 0.5419921875 0.4736328125 0.5419921875 0.4765625 0.541015625 0.4853515625 0.5400390625 0.4873046875 0.5361328125 0.490234375 0.5341796875 0.4921875 0.53369140625 0.49609375 0.53173828125 0.498046875 0.52490234375 0.498046875 0.5234375 0.498046875 0.52197265625 0.49609375 0.52001953125 0.498046875 0.517578125 0.5009765625 0.5107421875 0.5009765625 0.50732421875 0.5 0.50537109375 0.4970703125 0.48974609375 0.49609375 0.46435546875 0.4970703125 0.46337890625 0.5009765625 0.46044921875 0.501953125 0.45654296875 0.501953125 0.45654296875 0.4990234375 0.45263671875 0.498046875 0.44873046875 0.4970703125 0.44580078125 0.490234375 0.44580078125 0.4853515625 0.4462890625 0.48046875 0.4482421875 0.4755859375 0.4501953125 0.4736328125 0.45263671875 0.4716796875 0.45947265625 0.4658203125 0.4677734375 0.462890625 0.47021484375 0.4619140625 0.4755859375 0.455078125 0.482421875 0.4482421875 0.48486328125 0.4443359375 0.4892578125 0.443359375
5 0.60009765625 0.490234375 0.6328125 0.4892578125 0.63427734375 0.4931640625 0.63671875 0.4951171875 0.6474609375 0.4951171875 0.64892578125 0.4912109375 0.6494140625 0.4873046875 0.65087890625 0.4931640625 0.65869140625 0.4931640625 0.66015625 0.490234375 0.66064453125 0.484375 0.6630859375 0.4833984375 0.666015625 0.4794921875 0.66796875 0.474609375 0.6689453125 0.4697265625 0.669921875 0.4658203125 0.66748046875 0.4599609375 0.66650390625 0.4482421875 0.6640625 0.447265625 0.658203125 0.4443359375 0.64697265625 0.435546875 0.64208984375 0.431640625 0.61865234375 0.4326171875 0.60546875 0.435546875 0.5966796875 0.4453125 0.5869140625 0.45703125 0.5810546875 0.458984375 0.57373046875 0.4619140625 0.5654296875 0.4658203125 0.5634765625 0.47265625 0.5615234375 0.4765625 0.56201171875 0.48046875 0.5634765625 0.484375 0.56591796875 0.4892578125 0.5693359375 0.4912109375 0.572265625 0.4921875 0.576171875 0.4970703125 0.583984375 0.4970703125 0.58740234375 0.4912109375 0.58935546875 0.4912109375 0.59033203125 0.49609375 0.59521484375 0.49609375 0.5986328125 0.49609375 0.599609375 0.4931640625
5 0.99951171875 0.4072265625 0.9873046875 0.404296875 0.96533203125 0.404296875 0.955078125 0.4052734375 0.947265625 0.408203125 0.93603515625 0.4169921875 0.9267578125 0.4267578125 0.9189453125 0.43359375 0.91259765625 0.4375 0.90087890625 0.4443359375 0.89501953125 0.451171875 0.89306640625 0.4599609375 0.89306640625 0.4716796875 0.89404296875 0.478515625 0.8974609375 0.4794921875 0.8994140625 0.48046875 0.9033203125 0.484375 0.90576171875 0.484375 0.91064453125 0.4853515625 0.92236328125 0.484375 0.92431640625 0.48046875 0.98291015625 0.4814453125 0.98388671875 0.4833984375 0.99951171875 0.4814453125
5 0.77587890625 0.4453125 0.7822265625 0.4375 0.78759765625 0.4306640625 0.7919921875 0.42578125 0.79736328125 0.421875 0.8046875 0.4208984375 0.8193359375 0.419921875 0.83349609375 0.419921875 0.84130859375 0.4208984375 0.84423828125 0.423828125 0.84765625 0.431640625 0.849609375 0.43359375 0.8515625 0.4365234375 0.85205078125 0.44140625 0.8525390625 0.45703125 0.8544921875 0.4599609375 0.85546875 0.4638671875 0.85498046875 0.4677734375 0.85302734375 0.4736328125 0.85205078125 0.4765625 0.85009765625 0.478515625 0.845703125 0.4794921875 0.84423828125 0.4814453125 0.84375 0.4853515625 0.84326171875 0.4873046875 0.82373046875 0.4873046875 0.822265625 0.484375 0.8203125 0.4833984375 0.81884765625 0.4814453125 0.79296875 0.484375 0.77392578125 0.486328125 0.7724609375 0.486328125 0.77001953125 0.4892578125 0.7568359375 0.4892578125 0.7548828125 0.48828125 0.7509765625 0.4873046875 0.74853515625 0.4853515625 0.74658203125 0.48046875 0.74560546875 0.4755859375 0.74560546875 0.4716796875 0.74755859375 0.466796875 0.74853515625 0.4638671875 0.7490234375 0.458984375 0.75048828125 0.45703125 0.7578125 0.453125 0.76904296875 0.44921875 0.77294921875 0.447265625
1 0.99951171875 0.51171875 0.962890625 0.5146484375 0.947265625 0.515625 0.92236328125 0.5244140625 0.9033203125 0.5341796875 0.89111328125 0.54296875 0.884765625 0.548828125 0.87744140625 0.5634765625 0.87451171875 0.578125 0.87353515625 0.595703125 0.8740234375 0.60546875 0.87841796875 0.62890625 0.88623046875 0.654296875 0.896484375 0.6806640625 0.9091796875 0.7138671875 0.9248046875 0.740234375 0.95263671875 0.787109375 0.970703125 0.814453125 0.98828125 0.83984375 0.99951171875 0.85546875
