0 0.0 0.853515625 0.470703125 0.3623046875 0.54833984375 0.3583984375 0.60205078125 0.3505859375 0.99951171875 0.6220703125 0.99951171875 0.9990234375 0.0 0.9990234375
2 0.478515625 0.3046875 0.478515625 0.3134765625 0.47802734375 0.3173828125 0.4697265625 0.322265625 0.46923828125 0.345703125 0.373046875 0.3623046875 0.35595703125 0.3623046875 0.36328125 0.2939453125
1 0.99951171875 0.697265625 0.95263671875 0.65234375 0.78564453125 0.6572265625 0.77783203125 0.6455078125 0.6572265625 0.5009765625 0.61669921875 0.458984375 0.60009765625 0.4482421875 0.57177734375 0.43359375 0.5654296875 0.4306640625 0.5478515625 0.4248046875 0.54541015625 0.4208984375 0.54541015625 0.41015625 0.5341796875 0.3955078125 0.56298828125 0.390625 0.7177734375 0.4482421875 0.99951171875 0.4951171875
2 0.21044921875 0.0634765625 0.228515625 0.072265625 0.24462890625 0.080078125 0.26025390625 0.087890625 0.27392578125 0.09375 0.29150390625 0.1083984375 0.30078125 0.1162109375 0.3115234375 0.125 0.31005859375 0.1806640625 0.30029296875 0.3837890625 0.16845703125 0.408203125 0.08154296875 0.4267578125 0.0 0.43359375 0.0 0.0556640625
2 0.46630859375 0.32421875 0.4755859375 0.322265625 0.48193359375 0.3232421875 0.486328125 0.3232421875 0.48828125 0.3232421875 0.49169921875 0.322265625 0.49365234375 0.3251953125 0.49658203125 0.3212890625 0.50390625 0.318359375 0.50927734375 0.3173828125 0.51611328125 0.31640625 0.5185546875 0.31640625 0.51904296875 0.3212890625 0.53369140625 0.3212890625 0.56201171875 0.3115234375 0.5771484375 0.3212890625 0.57373046875 0.34765625 0.5673828125 0.3662109375 0.55419921875 0.3671875 0.5244140625 0.369140625 0.4833984375 0.3779296875 0.44873046875 0.353515625
2 0.4189453125 0.234375 0.4345703125 0.22265625 0.44287109375 0.228515625 0.45849609375 0.2392578125 0.466796875 0.2451171875 0.4677734375 0.2421875 0.47314453125 0.2451171875 0.47314453125 0.25 0.4775390625 0.2529296875 0.48046875 0.2607421875 0.4814453125 0.265625 0.44140625 0.28125 0.4072265625 0.2705078125 0.4052734375 0.2548828125 0.4052734375 0.2421875 0.4111328125 0.2412109375
2 0.81787109375 0.0 0.92041015625 0.0 0.9189453125 0.1220703125 0.8173828125 0.1396484375
2 0.7841796875 0.1376953125 0.7919921875 0.138671875 0.8017578125 0.1357421875 0.826171875 0.126953125 0.8525390625 0.1171875 0.93115234375 0.08984375 0.98193359375 0.072265625 0.99951171875 0.06640625 0.99951171875 0.4052734375 0.6572265625 0.4384765625 0.626953125 0.431640625 0.611328125 0.4248046875 0.58740234375 0.41015625 0.5703125 0.3994140625 0.56494140625 0.3955078125 0.56640625 0.3310546875 0.56884765625 0.3115234375 0.57177734375 0.283203125 0.57080078125 0.2783203125 0.5791015625 0.27734375 0.60205078125 0.2431640625 0.60791015625 0.2333984375 0.60595703125 0.1279296875 0.60498046875 0.1259765625 0.60498046875 0.1201171875 0.646484375 0.0234375 0.6494140625 0.015625 0.6484375 0.0 0.78515625 0.0 0.77978515625 0.0703125
3 0.69384765625 0.3916015625 0.69970703125 0.3837890625 0.70361328125 0.3828125 0.7099609375 0.380859375 0.71533203125 0.3828125 0.7197265625 0.3857421875 0.72607421875 0.3916015625 0.7353515625 0.3916015625 0.7529296875 0.388671875 0.76171875 0.3876953125 0.77294921875 0.3837890625 0.8017578125 0.3779296875 0.8154296875 0.3779296875 0.904296875 0.361328125 0.93212890625 0.3564453125 0.9345703125 0.3564453125 0.9345703125 0.34765625 0.93896484375 0.345703125 0.93896484375 0.3544921875 0.94580078125 0.3544921875 0.94580078125 0.345703125 0.94677734375 0.34375 0.94677734375 0.33984375 0.94384765625 0.3349609375 0.94189453125 0.3271484375 0.94189453125 0.3193359375 0.9443359375 0.3115234375 0.94677734375 0.310546875 0.9521484375 0.310546875 0.95703125 0.314453125 0.95849609375 0.3291015625 0.9599609375 0.3359375 0.9599609375 0.34375 0.962890625 0.3408203125 0.96435546875 0.3408203125 0.98779296875 0.3896484375 0.99951171875 0.3828125 0.99951171875 0.6865234375 0.99609375 0.681640625 0.99462890625 0.6328125 0.98095703125 0.4091796875 0.97509765625 0.4755859375 0.828125 0.5390625 0.74560546875 0.5458984375 0.72216796875 0.5390625 0.705078125 0.52734375 0.70361328125 0.521484375 0.71533203125 0.505859375 0.71240234375 0.4755859375 0.69384765625 0.47265625
2 0.36572265625 0.212890625 0.3759765625 0.2138671875 0.384765625 0.21484375 0.3955078125 0.224609375 0.39501953125 0.2275390625 0.39208984375 0.2275390625 0.392578125 0.248046875 0.41455078125 0.2568359375 0.4423828125 0.265625 0.44287109375 0.2890625 0.3408203125 0.2861328125 0.34716796875 0.251953125 0.35888671875 0.248046875 0.3681640625 0.2353515625 0.36865234375 0.2255859375 0.36328125 0.22265625 0.36279296875 0.2119140625
3 0.14111328125 0.40234375 0.1572265625 0.40234375 0.17724609375 0.40625 0.21044921875 0.40625 0.2353515625 0.3994140625 0.26220703125 0.40234375 0.1943359375 0.427734375 0.05078125 0.4287109375 0.0 0.4248046875 0.0 0.3955078125 0.01611328125 0.396484375 0.091796875 0.40234375
3 0.11474609375 0.380859375 0.1259765625 0.3837890625 0.1298828125 0.3857421875 0.130859375 0.404296875 0.1142578125 0.4052734375 0.10498046875 0.3837890625
4 0.33544921875 0.2841796875 0.3466796875 0.28125 0.35888671875 0.2841796875 0.3681640625 0.294921875 0.37255859375 0.310546875 0.3681640625 0.37109375 0.353515625 0.369140625 0.3427734375 0.31640625 0.337890625 0.2978515625 0.333984375 0.287109375
4 0.396484375 0.32421875 0.404296875 0.3193359375 0.4111328125 0.3193359375 0.41357421875 0.31640625 0.419921875 0.3193359375 0.421875 0.3271484375 0.4267578125 0.3349609375 0.4365234375 0.345703125 0.43359375 0.4033203125 0.404296875 0.41015625 0.37744140625 0.390625 0.37353515625 0.3291015625 0.38525390625 0.3251953125
4 0.0615234375 0.1806640625 0.06884765625 0.2001953125 0.07861328125 0.2109375 0.078125 0.228515625 0.06494140625 0.236328125 0.06884765625 0.255859375 0.07421875 0.2666015625 0.0693359375 0.28125 0.0732421875 0.30859375 0.06591796875 0.33984375 0.05615234375 0.337890625 0.05712890625 0.279296875 0.04931640625 0.2705078125 0.05078125 0.314453125 0.04248046875 0.32421875 0.03466796875 0.310546875 0.0302734375 0.2919921875 0.01708984375 0.294921875 0.0 0.3056640625 0.0 0.125 0.0478515625 0.1435546875
4 0.12890625 0.4248046875 0.1357421875 0.4091796875 0.1357421875 0.33984375 0.142578125 0.3359375 0.1533203125 0.3359375 0.16455078125 0.3359375 0.17041015625 0.3427734375 0.17578125 0.3505859375 0.1806640625 0.353515625 0.18603515625 0.2978515625 0.1865234375 0.244140625 0.11865234375 0.2177734375 0.1171875 0.322265625 0.13134765625 0.3359375 0.1328125 0.41015625
3 0.22705078125 0.3583984375 0.2607421875 0.361328125 0.28173828125 0.361328125 0.2978515625 0.361328125 0.31103515625 0.3642578125 0.30810546875 0.41796875 0.201171875 0.427734375 0.205078125 0.359375
3 0.0 0.412109375 0.01318359375 0.412109375 0.041015625 0.4091796875 0.07421875 0.41015625 0.107421875 0.41015625 0.14111328125 0.412109375 0.17431640625 0.419921875 0.17626953125 0.41015625 0.1806640625 0.4169921875 0.1904296875 0.4169921875 0.20068359375 0.41796875 0.216796875 0.4130859375 0.3017578125 0.40234375 0.30859375 0.4150390625 0.3056640625 0.6123046875 0.228515625 0.6640625 0.2275390625 0.6943359375 0.220703125 0.697265625 0.21826171875 0.5830078125 0.15283203125 0.595703125 0.1533203125 0.6171875 0.14794921875 0.6171875 0.14599609375 0.572265625 0.0 0.572265625
2 0.48876953125 0.2548828125 0.49609375 0.2568359375 0.49658203125 0.3623046875 0.4833984375 0.3623046875 0.48193359375 0.2568359375
5 0.53076171875 0.361328125 0.53369140625 0.361328125 0.53466796875 0.3642578125 0.53466796875 0.3671875 0.53564453125 0.3681640625 0.5361328125 0.3720703125 0.5361328125 0.376953125 0.52880859375 0.3779296875 0.5263671875 0.3779296875 0.525390625 0.376953125 0.525390625 0.3740234375 0.52587890625 0.37109375 0.52587890625 0.3681640625 0.52587890625 0.3623046875 0.52783203125 0.361328125
5 0.4775390625 0.3828125 0.4892578125 0.3828125 0.484375 0.4033203125 0.48046875 0.4052734375 0.47998046875 0.41015625 0.47802734375 0.41015625 0.47607421875 0.40234375
5 0.55224609375 0.361328125 0.55517578125 0.361328125 0.55615234375 0.3662109375 0.55810546875 0.3720703125 0.55810546875 0.3740234375 0.55029296875 0.3740234375 0.55029296875 0.3671875 0.55029296875 0.3642578125
5 0.48291015625 0.3583984375 0.4892578125 0.3583984375 0.490234375 0.3642578125 0.49169921875 0.3671875 0.49267578125 0.369140625 0.4931640625 0.3720703125 0.4931640625 0.3759765625 0.49169921875 0.3779296875 0.4814453125 0.37890625 0.47998046875 0.3701171875 0.48046875 0.3662109375 0.4814453125 0.3623046875
5 0.4892578125 0.376953125 0.494140625 0.376953125 0.50146484375 0.376953125 0.4951171875 0.4091796875 0.49072265625 0.4130859375 0.4873046875 0.4130859375 0.48681640625 0.416015625 0.484375 0.416015625 0.48291015625 0.4150390625 0.4814453125 0.4150390625 0.48046875 0.4140625 0.48046875 0.408203125 0.48046875 0.4013671875 0.48046875 0.3935546875 0.482421875 0.388671875 0.484375 0.3837890625 0.48681640625 0.3798828125
5 0.50732421875 0.3828125 0.52001953125 0.380859375 0.52392578125 0.3818359375 0.52734375 0.39453125 0.52880859375 0.4013671875 0.529296875 0.408203125 0.52880859375 0.421875 0.5283203125 0.42578125 0.525390625 0.42578125 0.5244140625 0.421875 0.5234375 0.4208984375 0.52294921875 0.4248046875 0.52001953125 0.4248046875 0.51904296875 0.4208984375 0.51025390625 0.419921875
