0 0.0 0.572265625 0.267578125 0.416015625 0.3359375 0.41796875 0.61279296875 0.580078125 0.99951171875 0.8173828125 0.99951171875 0.9990234375 0.0 0.9990234375
2 0.0 0.0 0.22607421875 0.0 0.23779296875 0.05859375 0.2373046875 0.0693359375 0.2490234375 0.1328125 0.2451171875 0.138671875 0.24560546875 0.146484375 0.24462890625 0.1533203125 0.244140625 0.185546875 0.25048828125 0.189453125 0.24951171875 0.2470703125 0.25 0.2529296875 0.255859375 0.2421875 0.26513671875 0.2294921875 0.26904296875 0.2236328125 0.27392578125 0.216796875 0.2802734375 0.212890625 0.2861328125 0.2109375 0.29638671875 0.21875 0.29736328125 0.2236328125 0.3095703125 0.2353515625 0.3154296875 0.248046875 0.3203125 0.2666015625 0.32470703125 0.28515625 0.349609375 0.3857421875 0.33740234375 0.39453125 0.33251953125 0.41796875 0.26025390625 0.4169921875 0.25048828125 0.4375 0.19677734375 0.4677734375 0.05322265625 0.5009765625 0.0 0.5361328125
1 0.0 0.58984375 0.115234375 0.521484375 0.14404296875 0.501953125 0.244140625 0.4482421875 0.24951171875 0.4423828125 0.25390625 0.44140625 0.26123046875 0.44140625 0.2685546875 0.4404296875 0.2744140625 0.4384765625 0.27587890625 0.43359375 0.24951171875 0.4296875 0.24609375 0.4384765625 0.232421875 0.4453125 0.0986328125 0.474609375 0.0 0.51171875
2 0.34765625 0.0 0.3466796875 0.04296875 0.345703125 0.046875 0.34619140625 0.06640625 0.34716796875 0.0673828125 0.3466796875 0.1142578125 0.3466796875 0.1240234375 0.34765625 0.1240234375 0.34765625 0.1591796875 0.345703125 0.1640625 0.34716796875 0.30078125 0.34765625 0.3427734375 0.34521484375 0.369140625 0.3447265625 0.4052734375 0.34521484375 0.42578125 0.6806640625 0.5673828125 0.99951171875 0.68359375 0.99951171875 0.0
1 0.9990234375 0.8662109375 0.95458984375 0.8427734375 0.86376953125 0.791015625 0.5927734375 0.615234375 0.52392578125 0.5712890625 0.49169921875 0.546875 0.39306640625 0.462890625 0.490234375 0.451171875 0.57080078125 0.5009765625 0.57958984375 0.4990234375 0.62060546875 0.5126953125 0.63623046875 0.5234375 0.73974609375 0.5625 0.8134765625 0.591796875 0.99951171875 0.6435546875
4 0.2744140625 0.4248046875 0.27392578125 0.396484375 0.2685546875 0.3994140625 0.26025390625 0.3955078125 0.255859375 0.388671875 0.251953125 0.3798828125 0.24951171875 0.3779296875 0.24462890625 0.37109375 0.25341796875 0.3671875 0.25732421875 0.365234375 0.25830078125 0.359375 0.2548828125 0.357421875 0.2490234375 0.3544921875 0.255859375 0.353515625 0.25244140625 0.341796875 0.25927734375 0.345703125 0.2607421875 0.3408203125 0.26318359375 0.3310546875 0.26806640625 0.3251953125 0.27490234375 0.3203125 0.27880859375 0.314453125 0.283203125 0.31640625 0.2822265625 0.3056640625 0.28515625 0.2880859375 0.2880859375 0.275390625 0.29150390625 0.271484375 0.2958984375 0.275390625 0.2978515625 0.2802734375 0.30029296875 0.2783203125 0.30224609375 0.2705078125 0.3037109375 0.265625 0.30810546875 0.2646484375 0.31103515625 0.265625 0.3134765625 0.265625 0.31591796875 0.259765625 0.3193359375 0.2548828125 0.32177734375 0.2548828125 0.322265625 0.25 0.32666015625 0.2529296875 0.328125 0.24609375 0.33447265625 0.2451171875 0.3408203125 0.25390625 0.34375 0.2568359375 0.34423828125 0.25 0.34716796875 0.2529296875 0.34765625 0.259765625 0.3486328125 0.3740234375 0.33203125 0.388671875 0.31982421875 0.404296875 0.30712890625 0.4169921875 0.29833984375 0.40234375 0.29541015625 0.427734375 0.2900390625 0.427734375 0.2900390625 0.3896484375 0.28515625 0.3896484375 0.28466796875 0.42578125 0.2822265625 0.42578125 0.28173828125 0.3994140625 0.27880859375 0.3935546875 0.275390625 0.396484375 0.27783203125 0.4296875 0.27392578125 0.4296875
5 0.30517578125 0.416015625 0.30859375 0.40625 0.3154296875 0.4072265625 0.31689453125 0.4013671875 0.32470703125 0.3974609375 0.3330078125 0.3974609375 0.33935546875 0.3974609375 0.34130859375 0.4140625 0.33935546875 0.443359375 0.3134765625 0.4453125 0.3115234375 0.4365234375 0.31298828125 0.4267578125 0.3134765625 0.421875 0.3095703125 0.421875 0.3056640625 0.421875
5 0.314453125 0.4072265625 0.314453125 0.412109375 0.31396484375 0.41796875 0.3125 0.421875 0.3056640625 0.421875 0.30517578125 0.416015625 0.30859375 0.40625 0.314453125 0.4072265625
3 0.3154296875 0.44921875 0.31591796875 0.4150390625 0.3251953125 0.416015625 0.3232421875 0.4072265625 0.32861328125 0.40625 0.3291015625 0.416015625 0.34033203125 0.416015625 0.337890625 0.455078125 0.328125 0.4560546875 0.3212890625 0.455078125 0.31884765625 0.453125
5 0.32958984375 0.4638671875 0.3310546875 0.4404296875 0.3330078125 0.439453125 0.33544921875 0.431640625 0.33544921875 0.4287109375 0.32958984375 0.4267578125 0.32958984375 0.41796875 0.33349609375 0.41796875 0.3359375 0.41796875 0.3408203125 0.4150390625 0.34521484375 0.3994140625 0.3525390625 0.3876953125 0.36083984375 0.3837890625 0.36865234375 0.3876953125 0.37451171875 0.388671875 0.38037109375 0.3916015625 0.380859375 0.4912109375 0.36865234375 0.4853515625 0.3515625 0.4853515625 0.35009765625 0.4921875 0.345703125 0.4951171875 0.341796875 0.490234375 0.337890625 0.48828125 0.3349609375 0.478515625 0.3330078125 0.4775390625 0.33251953125 0.4716796875 0.330078125 0.46875
3 0.25390625 0.4208984375 0.255859375 0.4169921875 0.2705078125 0.4140625 0.27197265625 0.4091796875 0.27294921875 0.4130859375 0.27294921875 0.416015625 0.2763671875 0.4208984375 0.275390625 0.4248046875 0.2744140625 0.43359375 0.25537109375 0.44140625
5 0.34912109375 0.3935546875 0.3466796875 0.40625 0.341796875 0.41796875 0.33837890625 0.4169921875 0.3369140625 0.41796875 0.3359375 0.4248046875 0.337890625 0.4267578125 0.33984375 0.427734375 0.33837890625 0.4365234375 0.3359375 0.4482421875 0.33544921875 0.4619140625 0.33544921875 0.48046875 0.337890625 0.48828125 0.341796875 0.490234375 0.345703125 0.4951171875 0.35009765625 0.4921875 0.3515625 0.4853515625 0.36865234375 0.4853515625 0.380859375 0.4912109375 0.38037109375 0.3916015625 0.37451171875 0.388671875 0.36865234375 0.3876953125 0.36083984375 0.3837890625 0.3525390625 0.3876953125 0.34912109375 0.3935546875
5 0.37109375 0.474609375 0.37060546875 0.44921875 0.375 0.4169921875 0.36328125 0.4130859375 0.3642578125 0.3974609375 0.369140625 0.39453125 0.37548828125 0.3935546875 0.37548828125 0.4013671875 0.37744140625 0.40234375 0.3828125 0.3642578125 0.38818359375 0.3349609375 0.39404296875 0.328125 0.38916015625 0.32421875 0.39697265625 0.3203125 0.3994140625 0.31640625 0.47802734375 0.3232421875 0.48193359375 0.3330078125 0.48193359375 0.33984375 0.48681640625 0.34375 0.48876953125 0.3564453125 0.49072265625 0.365234375 0.513671875 0.359375 0.51904296875 0.3603515625 0.5185546875 0.45703125 0.517578125 0.5 0.5166015625 0.509765625 0.50341796875 0.5078125 0.49169921875 0.5087890625 0.49169921875 0.533203125 0.490234375 0.546875 0.4873046875 0.552734375 0.4794921875 0.5556640625 0.47607421875 0.55078125 0.474609375 0.5439453125 0.46826171875 0.537109375 0.46484375 0.5380859375 0.4638671875 0.541015625 0.4599609375 0.541015625 0.4580078125 0.5390625 0.4560546875 0.537109375 0.45361328125 0.5341796875 0.45263671875 0.5283203125 0.4365234375 0.5263671875 0.4345703125 0.52734375 0.427734375 0.5205078125 0.42333984375 0.5185546875 0.4130859375 0.525390625 0.4091796875 0.53125 0.4033203125 0.53515625 0.39697265625 0.53515625 0.39453125 0.5478515625 0.39208984375 0.55078125 0.38818359375 0.5498046875 0.38232421875 0.5498046875 0.37890625 0.546875 0.37890625 0.5283203125 0.376953125 0.53125 0.373046875 0.53125 0.3701171875 0.52734375 0.37060546875 0.501953125 0.37255859375 0.4814453125
2 0.08544921875 0.423828125 0.08837890625 0.431640625 0.08935546875 0.439453125 0.08544921875 0.4443359375 0.08203125 0.4521484375 0.07763671875 0.45703125 0.07568359375 0.4541015625 0.07373046875 0.44921875 0.0751953125 0.4423828125 0.07763671875 0.4384765625 0.07763671875 0.4306640625 0.0751953125 0.427734375 0.0703125 0.427734375 0.06884765625 0.42578125 0.06640625 0.4208984375 0.07177734375 0.421875 0.0751953125 0.421875 0.07958984375 0.42578125 0.08251953125 0.42578125
