0 0.0 0.5 0.21484375 0.423828125 0.29150390625 0.3681640625 0.400390625 0.3779296875 0.4677734375 0.4375 0.53662109375 0.4912109375 0.99951171875 0.50390625 0.99951171875 0.9990234375 0.0 0.9990234375
1 0.0 0.5576171875 0.03125 0.5556640625 0.0703125 0.5517578125 0.0888671875 0.5478515625 0.10888671875 0.544921875 0.134765625 0.5390625 0.15673828125 0.5361328125 0.17919921875 0.5302734375 0.19482421875 0.5244140625 0.19970703125 0.51953125 0.20263671875 0.5107421875 0.201171875 0.501953125 0.123046875 0.5029296875 0.14990234375 0.484375 0.25341796875 0.4033203125 0.11572265625 0.337890625 0.0 0.345703125
1 0.99951171875 0.5859375 0.98193359375 0.583984375 0.95458984375 0.583984375 0.8935546875 0.583984375 0.85595703125 0.583984375 0.80810546875 0.58203125 0.75634765625 0.5810546875 0.720703125 0.5810546875 0.69091796875 0.578125 0.6474609375 0.572265625 0.61474609375 0.5703125 0.57666015625 0.5673828125 0.5400390625 0.5615234375 0.50830078125 0.556640625 0.49169921875 0.552734375 0.48046875 0.546875 0.47265625 0.54296875 0.46875 0.5380859375 0.466796875 0.5322265625 0.4658203125 0.5244140625 0.46826171875 0.5166015625 0.46875 0.5107421875 0.51025390625 0.5126953125 0.49169921875 0.5009765625 0.47412109375 0.4697265625 0.44775390625 0.40625 0.5234375 0.37890625 0.99951171875 0.4326171875
2 0.09130859375 0.0 0.0 0.0 0.0 0.466796875 0.015625 0.466796875 0.02392578125 0.4658203125 0.076171875 0.458984375 0.07861328125 0.45703125 0.08251953125 0.4560546875 0.08837890625 0.453125 0.09521484375 0.4521484375 0.10107421875 0.4501953125 0.10546875 0.4501953125 0.1083984375 0.44921875 0.11181640625 0.44921875 0.11376953125 0.447265625 0.115234375 0.443359375 0.11572265625 0.44140625 0.11572265625 0.4375 0.11767578125 0.43359375 0.12548828125 0.4384765625 0.12744140625 0.4384765625 0.13037109375 0.4365234375 0.1298828125 0.4296875 0.13623046875 0.4306640625 0.20703125 0.3955078125 0.27978515625 0.4208984375 0.29931640625 0.4130859375 0.3154296875 0.4091796875 0.3427734375 0.404296875 0.34423828125 0.41015625 0.365234375 0.41015625 0.3955078125 0.4091796875 0.42822265625 0.3798828125 0.4287109375 0.3671875 0.4296875 0.3017578125 0.43408203125 0.0 0.447265625 0.03125 0.447265625 0.009765625 0.44677734375 0.0 0.99951171875 0.0 0.99951171875 0.51171875 0.978515625 0.5146484375 0.94287109375 0.513671875 0.8955078125 0.515625 0.85693359375 0.5126953125 0.8408203125 0.5068359375 0.796875 0.5068359375 0.77001953125 0.5068359375 0.767578125 0.5048828125 0.76513671875 0.5 0.7626953125 0.4990234375 0.7158203125 0.4873046875 0.6865234375 0.4833984375 0.65283203125 0.4736328125 0.6259765625 0.46484375 0.6181640625 0.46484375 0.6005859375 0.4609375 0.5810546875 0.4599609375 0.55908203125 0.4541015625 0.55029296875 0.451171875 0.54296875 0.4482421875 0.541015625 0.44921875 0.53515625 0.4482421875 0.529296875 0.4443359375 0.51806640625 0.44140625 0.505859375 0.4384765625 0.43310546875 0.423828125 0.42919921875 0.3701171875 0.43505859375 0.0
4 0.35693359375 0.4169921875 0.35693359375 0.390625 0.35791015625 0.3310546875 0.3583984375 0.3173828125 0.3564453125 0.3173828125 0.35546875 0.3232421875 0.3544921875 0.3544921875 0.35302734375 0.3583984375 0.35302734375 0.4013671875
4 0.38330078125 0.3896484375 0.38330078125 0.3662109375 0.38330078125 0.32421875 0.38037109375 0.32421875 0.37939453125 0.32421875 0.37890625 0.3818359375
4 0.39013671875 0.40234375 0.388671875 0.390625 0.39013671875 0.33203125 0.3857421875 0.33203125 0.38623046875 0.404296875
4 0.37353515625 0.388671875 0.375 0.37890625 0.3759765625 0.373046875 0.3759765625 0.3603515625 0.376953125 0.3486328125 0.37744140625 0.34765625 0.37841796875 0.3447265625 0.37939453125 0.328125 0.37890625 0.3232421875 0.3740234375 0.32421875 0.37158203125 0.33203125 0.37109375 0.3525390625 0.37060546875 0.361328125 0.37158203125 0.3642578125 0.3701171875 0.3779296875 0.36767578125 0.3955078125 0.36474609375 0.4091796875 0.36328125 0.419921875 0.36279296875 0.42578125 0.36279296875 0.427734375 0.36669921875 0.4267578125 0.369140625 0.42578125 0.36962890625 0.4208984375 0.37109375 0.4072265625 0.373046875 0.3955078125
4 0.34912109375 0.3935546875 0.34912109375 0.373046875 0.35009765625 0.34375 0.35009765625 0.3359375 0.35205078125 0.3291015625 0.3525390625 0.322265625 0.3486328125 0.322265625 0.34619140625 0.33203125 0.34521484375 0.3466796875 0.34423828125 0.3798828125 0.34326171875 0.3828125 0.3427734375 0.427734375 0.34716796875 0.427734375 0.34716796875 0.41015625 0.34912109375 0.4052734375
4 0.32177734375 0.41796875 0.3212890625 0.380859375 0.32177734375 0.3544921875 0.3212890625 0.337890625 0.31591796875 0.3408203125 0.31640625 0.4013671875 0.31640625 0.4189453125
4 0.3095703125 0.3759765625 0.310546875 0.349609375 0.31298828125 0.3369140625 0.31298828125 0.333984375 0.3095703125 0.333984375 0.30712890625 0.353515625 0.30517578125 0.3623046875 0.3046875 0.3974609375 0.30419921875 0.4140625 0.30322265625 0.4208984375 0.30322265625 0.423828125 0.30859375 0.4248046875 0.3095703125 0.423828125 0.30908203125 0.4208984375 0.30810546875 0.4189453125 0.30908203125 0.3837890625
4 0.30224609375 0.4326171875 0.30224609375 0.4208984375 0.30322265625 0.41796875 0.30322265625 0.4130859375 0.30322265625 0.41015625 0.30322265625 0.4072265625 0.30224609375 0.40625 0.3017578125 0.4052734375 0.30126953125 0.404296875 0.2998046875 0.404296875 0.29931640625 0.40234375 0.298828125 0.3779296875 0.2978515625 0.3740234375 0.2978515625 0.37109375 0.29833984375 0.3671875 0.29833984375 0.3544921875 0.29833984375 0.3505859375 0.29833984375 0.349609375 0.298828125 0.34375 0.28564453125 0.3466796875 0.287109375 0.357421875 0.28662109375 0.380859375 0.287109375 0.3994140625 0.287109375 0.4267578125 0.2861328125 0.4296875 0.28466796875 0.4326171875 0.28466796875 0.4326171875 0.28662109375 0.4326171875 0.2900390625 0.43359375 0.2939453125 0.43359375 0.296875 0.435546875 0.29833984375 0.43359375
4 0.2802734375 0.41796875 0.27978515625 0.4052734375 0.2783203125 0.37109375 0.27783203125 0.3623046875 0.2783203125 0.361328125 0.2783203125 0.3603515625 0.27783203125 0.3583984375 0.2763671875 0.3544921875 0.275390625 0.33984375 0.26806640625 0.3408203125 0.26904296875 0.3564453125 0.2685546875 0.361328125 0.2685546875 0.3671875 0.26904296875 0.384765625 0.27294921875 0.4189453125 0.2734375 0.4208984375 0.27392578125 0.4287109375 0.2744140625 0.431640625 0.27880859375 0.431640625 0.27880859375 0.423828125
4 0.26611328125 0.3876953125 0.2666015625 0.3681640625 0.26611328125 0.3359375 0.26611328125 0.3310546875 0.265625 0.326171875 0.26416015625 0.322265625 0.263671875 0.3193359375 0.2626953125 0.31640625 0.25927734375 0.31640625 0.26025390625 0.3359375 0.259765625 0.3544921875 0.2607421875 0.3583984375 0.26025390625 0.361328125 0.259765625 0.3642578125 0.259765625 0.3662109375 0.25830078125 0.37890625
4 0.2255859375 0.3740234375 0.22607421875 0.357421875 0.2265625 0.3466796875 0.22705078125 0.3447265625 0.228515625 0.3427734375 0.228515625 0.3408203125 0.22802734375 0.337890625 0.22802734375 0.3349609375 0.22802734375 0.3310546875 0.22802734375 0.3291015625 0.22802734375 0.3251953125 0.22412109375 0.3251953125 0.22216796875 0.326171875 0.2216796875 0.345703125 0.22119140625 0.349609375 0.22021484375 0.353515625 0.2197265625 0.357421875 0.21923828125 0.361328125 0.2177734375 0.3720703125
4 0.447265625 0.0634765625 0.44775390625 0.025390625 0.447265625 0.013671875 0.447265625 0.01171875 0.4462890625 0.0107421875 0.44580078125 0.0107421875 0.44580078125 0.0107421875 0.44482421875 0.009765625 0.4443359375 0.009765625 0.44384765625 0.0078125 0.44287109375 0.0 0.1484375 0.0 0.14794921875 0.037109375 0.14990234375 0.0400390625 0.1591796875 0.05859375 0.1689453125 0.076171875 0.1845703125 0.10546875 0.1845703125 0.099609375 0.19140625 0.099609375 0.19140625 0.0927734375 0.19140625 0.08984375 0.18994140625 0.087890625 0.18994140625 0.0859375 0.18896484375 0.080078125 0.189453125 0.076171875 0.19189453125 0.076171875 0.1923828125 0.06640625 0.19384765625 0.064453125 0.19482421875 0.064453125 0.1953125 0.0673828125 0.19580078125 0.0673828125 0.1962890625 0.064453125 0.1962890625 0.015625 0.1962890625 0.0 0.20166015625 0.0 0.201171875 0.0732421875 0.201171875 0.076171875 0.2021484375 0.078125 0.20263671875 0.0791015625 0.20263671875 0.1357421875 0.2041015625 0.138671875 0.205078125 0.14453125 0.205078125 0.1572265625 0.19189453125 0.158203125 0.19189453125 0.18359375 0.19091796875 0.18359375 0.19091796875 0.2431640625 0.15283203125 0.2431640625 0.1513671875 0.2451171875 0.15087890625 0.2451171875 0.14990234375 0.24609375 0.14892578125 0.2470703125 0.1484375 0.248046875 0.14794921875 0.251953125 0.1474609375 0.251953125 0.1474609375 0.251953125 0.14697265625 0.2666015625 0.14794921875 0.2685546875 0.14892578125 0.271484375 0.1494140625 0.2744140625 0.1494140625 0.275390625 0.1484375 0.2763671875 0.1474609375 0.2763671875 0.14697265625 0.2763671875 0.14697265625 0.2802734375 0.1474609375 0.28125 0.14892578125 0.2822265625 0.14892578125 0.2841796875 0.1494140625 0.287109375 0.14990234375 0.2861328125 0.1513671875 0.2861328125 0.1513671875 0.2890625 0.1513671875 0.2900390625 0.15283203125 0.2900390625 0.15380859375 0.2900390625 0.15478515625 0.2900390625 0.1552734375 0.29296875 0.15576171875 0.29296875 0.15673828125 0.291015625 0.15869140625 0.291015625 0.1591796875 0.294921875 0.1591796875 0.2958984375 0.15966796875 0.298828125 0.16015625 0.298828125 0.16015625 0.298828125 0.1611328125 0.298828125 0.1611328125 0.2998046875 0.16259765625 0.2998046875 0.16259765625 0.30078125 0.16259765625 0.302734375 0.162109375 0.3046875 0.16162109375 0.3056640625 0.16162109375 0.3095703125 0.16162109375 0.310546875 0.162109375 0.3115234375 0.162109375 0.3125 0.16455078125 0.314453125 0.16552734375 0.31640625 0.16650390625 0.31640625 0.1669921875 0.31640625 0.16845703125 0.3173828125 0.1708984375 0.3173828125 0.171875 0.3173828125 0.17236328125 0.3173828125 0.1728515625 0.3173828125 0.173828125 0.31640625 0.1748046875 0.3134765625 0.1748046875 0.3134765625 0.17529296875 0.3125 0.17822265625 0.3134765625 0.17919921875 0.3173828125 0.17919921875 0.318359375 0.1787109375 0.3193359375 0.177734375 0.3203125 0.17724609375 0.3203125 0.1767578125 0.3193359375 0.17529296875 0.3203125 0.1748046875 0.3212890625 0.1748046875 0.322265625 0.1748046875 0.32421875 0.1767578125 0.3251953125 0.177734375 0.326171875 0.177734375 0.328125 0.17724609375 0.3291015625 0.17626953125 0.330078125 0.1748046875 0.3310546875 0.17529296875 0.333984375 0.17626953125 0.3349609375 0.1767578125 0.3359375 0.17724609375 0.3359375 0.1787109375 0.3359375 0.1796875 0.3369140625 0.18017578125 0.3359375 0.1806640625 0.3349609375 0.18115234375 0.3330078125 0.18212890625 0.33203125 0.1826171875 0.33203125 0.18310546875 0.33203125 0.185546875 0.3310546875 0.189453125 0.3330078125 0.19287109375 0.33203125 0.19482421875 0.3310546875 0.1962890625 0.3291015625 0.19677734375 0.328125 0.197265625 0.32421875 0.1982421875 0.32421875 0.19873046875 0.326171875 0.19873046875 0.328125 0.19873046875 0.330078125 0.19873046875 0.3330078125 0.19970703125 0.333984375 0.20068359375 0.3349609375 0.20166015625 0.3349609375 0.2041015625 0.3359375 0.20458984375 0.3359375 0.2080078125 0.337890625 0.20947265625 0.3369140625 0.21044921875 0.3359375 0.21337890625 0.333984375 0.21435546875 0.3330078125 0.21533203125 0.33203125 0.2158203125 0.330078125 0.216796875 0.3291015625 0.2177734375 0.330078125 0.21826171875 0.3310546875 0.21875 0.33203125 0.21875 0.33203125 0.21923828125 0.3310546875 0.21923828125 0.3310546875 0.21923828125 0.3291015625 0.2197265625 0.326171875 0.22021484375 0.3251953125 0.220703125 0.32421875 0.2216796875 0.3251953125 0.2216796875 0.326171875 0.22216796875 0.328125 0.22216796875 0.3310546875 0.22216796875 0.3330078125 0.22216796875 0.3349609375 0.22265625 0.3369140625 0.22802734375 0.333984375 0.2294921875 0.3330078125 0.22998046875 0.33203125 0.23095703125 0.33203125 0.2314453125 0.333984375 0.23193359375 0.3349609375 0.23291015625 0.3359375 0.23388671875 0.3359375 0.234375 0.3359375 0.23486328125 0.3359375 0.236328125 0.3369140625 0.236328125 0.3369140625 0.2373046875 0.3359375 0.2451171875 0.330078125 0.24609375 0.32421875 0.24658203125 0.322265625 0.24755859375 0.3203125 0.248046875 0.318359375 0.24951171875 0.31640625 0.2509765625 0.314453125 0.251953125 0.31640625 0.25244140625 0.3173828125 0.25341796875 0.3193359375 0.25341796875 0.3193359375 0.25390625 0.3203125 0.25390625 0.3212890625 0.25390625 0.322265625 0.25341796875 0.32421875 0.25341796875 0.326171875 0.25341796875 0.330078125 0.25341796875 0.3310546875 0.25390625 0.3330078125 0.25439453125 0.33203125 0.25537109375 0.33203125 0.2568359375 0.3310546875 0.25732421875 0.3310546875 0.25830078125 0.33203125 0.25927734375 0.3330078125 0.25927734375 0.333984375 0.25927734375 0.333984375 0.2626953125 0.3330078125 0.26513671875 0.3349609375 0.265625 0.3369140625 0.26611328125 0.337890625 0.2666015625 0.3408203125 0.26904296875 0.34375 0.26953125 0.34375 0.271484375 0.34765625 0.27197265625 0.349609375 0.27294921875 0.3505859375 0.2734375 0.353515625 0.27490234375 0.3544921875 0.27587890625 0.35546875 0.2763671875 0.35546875 0.27783203125 0.3544921875 0.279296875 0.35546875 0.279296875 0.3583984375 0.27978515625 0.361328125 0.27978515625 0.3642578125 0.2802734375 0.3671875 0.28076171875 0.3681640625 0.2822265625 0.3671875 0.283203125 0.3662109375 0.2841796875 0.3642578125 0.28466796875 0.361328125 0.28515625 0.357421875 0.28564453125 0.3544921875 0.28662109375 0.3505859375 0.28759765625 0.349609375 0.2900390625 0.3486328125 0.2939453125 0.34765625 0.29541015625 0.34765625 0.29638671875 0.3486328125 0.29736328125 0.3486328125 0.2978515625 0.3486328125 0.30224609375 0.3466796875 0.30322265625 0.3466796875 0.3046875 0.34765625 0.30615234375 0.34765625 0.30712890625 0.34765625 0.30859375 0.3486328125 0.310546875 0.3486328125 0.31201171875 0.3486328125 0.3134765625 0.3486328125 0.3154296875 0.3486328125 0.3154296875 0.3486328125 0.32177734375 0.34765625 0.32275390625 0.3486328125 0.3232421875 0.349609375 0.32470703125 0.3505859375 0.32666015625 0.3505859375 0.32763671875 0.3505859375 0.32861328125 0.3505859375 0.3291015625 0.349609375 0.32958984375 0.3486328125 0.3310546875 0.3486328125 0.33447265625 0.3466796875 0.3349609375 0.3466796875 0.3369140625 0.3466796875 0.337890625 0.3466796875 0.3388671875 0.3466796875 0.33935546875 0.34765625 0.34033203125 0.349609375 0.34130859375 0.3525390625 0.341796875 0.3525390625 0.341796875 0.3525390625 0.34326171875 0.353515625 0.34521484375 0.353515625 0.34912109375 0.3525390625 0.349609375 0.34765625 0.3505859375 0.3466796875 0.3515625 0.345703125 0.35302734375 0.3466796875 0.35546875 0.34765625 0.35693359375 0.34765625 0.357421875 0.34765625 0.3583984375 0.3486328125 0.3623046875 0.3486328125 0.3623046875 0.34765625 0.36279296875 0.34765625 0.3642578125 0.3466796875 0.36572265625 0.345703125 0.3671875 0.3447265625 0.3681640625 0.3447265625 0.3681640625 0.3447265625 0.369140625 0.3447265625 0.3701171875 0.3447265625 0.37060546875 0.345703125 0.37109375 0.345703125 0.37646484375 0.34375 0.37841796875 0.34375 0.37939453125 0.345703125 0.37939453125 0.34765625 0.37890625 0.349609375 0.37841796875 0.353515625 0.37744140625 0.3583984375 0.376953125 0.359375 0.37646484375 0.361328125 0.37646484375 0.3642578125 0.3759765625 0.365234375 0.3759765625 0.3671875 0.37646484375 0.3681640625 0.37744140625 0.3681640625 0.37890625 0.3681640625 0.37939453125 0.369140625 0.38037109375 0.3701171875 0.380859375 0.3701171875 0.3818359375 0.3701171875 0.3828125 0.3701171875 0.38427734375 0.3701171875 0.384765625 0.369140625 0.38525390625 0.369140625 0.3857421875 0.369140625 0.3857421875 0.369140625 0.38623046875 0.3681640625 0.38623046875 0.3662109375 0.3857421875 0.3623046875 0.3857421875 0.361328125 0.38525390625 0.359375 0.384765625 0.3564453125 0.384765625 0.3544921875 0.38525390625 0.3525390625 0.3857421875 0.3525390625 0.38720703125 0.3525390625 0.3876953125 0.3525390625 0.39013671875 0.3525390625 0.3916015625 0.3525390625 0.39306640625 0.3525390625 0.39404296875 0.3525390625 0.39501953125 0.3525390625 0.39697265625 0.349609375 0.3974609375 0.34765625 0.3984375 0.345703125 0.40087890625 0.345703125 0.40234375 0.345703125 0.4033203125 0.3466796875 0.40380859375 0.3486328125 0.40380859375 0.3505859375 0.40478515625 0.3505859375 0.40625 0.3505859375 0.40673828125 0.3505859375 0.408203125 0.3505859375 0.4091796875 0.3505859375 0.4091796875 0.3486328125 0.40966796875 0.34765625 0.4111328125 0.3466796875 0.412109375 0.34765625 0.4150390625 0.3486328125 0.41552734375 0.3505859375 0.416015625 0.3525390625 0.41748046875 0.3505859375 0.4169921875 0.333984375 0.41845703125 0.3330078125 0.42041015625 0.3330078125 0.4208984375 0.330078125 0.4208984375 0.310546875 0.4208984375 0.30859375 0.421875 0.3095703125 0.421875 0.310546875 0.421875 0.310546875 0.42236328125 0.3095703125 0.42236328125 0.3095703125 0.42236328125 0.30859375 0.42333984375 0.30859375 0.423828125 0.3134765625 0.4248046875 0.31640625 0.4248046875 0.318359375 0.42529296875 0.322265625 0.427734375 0.322265625 0.4296875 0.3203125 0.43017578125 0.3193359375 0.4306640625 0.3173828125 0.4306640625 0.3134765625 0.45703125 0.3134765625 0.45703125 0.3193359375 0.4658203125 0.3193359375 0.46875 0.298828125 0.46240234375 0.29296875 0.45361328125 0.2763671875 0.451171875 0.2744140625 0.44970703125 0.2734375 0.4482421875 0.2666015625 0.44873046875 0.2490234375 0.44677734375 0.2490234375 0.447265625 0.14453125
2 0.4541015625 0.3193359375 0.453125 0.2841796875 0.453125 0.27734375 0.4501953125 0.2734375 0.44970703125 0.2744140625 0.44970703125 0.3203125
4 0.5341796875 0.4384765625 0.5341796875 0.40625 0.533203125 0.40234375 0.53125 0.4013671875 0.5283203125 0.3974609375 0.52783203125 0.3974609375 0.52587890625 0.3994140625 0.525390625 0.400390625 0.52490234375 0.4013671875 0.5244140625 0.4013671875 0.5234375 0.3974609375 0.52294921875 0.3955078125 0.521484375 0.39453125 0.51904296875 0.3935546875 0.5185546875 0.3935546875 0.51806640625 0.39453125 0.51708984375 0.3935546875 0.5166015625 0.39453125 0.51611328125 0.39453125 0.515625 0.3955078125 0.51513671875 0.396484375 0.51416015625 0.3974609375 0.51318359375 0.3994140625 0.51318359375 0.3994140625 0.51220703125 0.400390625 0.51171875 0.400390625 0.5107421875 0.400390625 0.509765625 0.400390625 0.50927734375 0.400390625 0.50732421875 0.40234375 0.50732421875 0.40234375 0.50732421875 0.4033203125 0.5068359375 0.40625 0.5068359375 0.4091796875 0.50634765625 0.4267578125 0.509765625 0.44921875 0.5322265625 0.4482421875 0.533203125 0.443359375
4 0.55224609375 0.4443359375 0.552734375 0.404296875 0.55126953125 0.4033203125 0.5478515625 0.400390625 0.54541015625 0.400390625 0.54296875 0.4013671875 0.541015625 0.40234375 0.5400390625 0.4033203125 0.53955078125 0.40625 0.5380859375 0.408203125 0.53759765625 0.4140625 0.53759765625 0.4169921875 0.53759765625 0.4189453125 0.53759765625 0.419921875 0.53759765625 0.4208984375 0.5380859375 0.423828125 0.5380859375 0.4248046875 0.53955078125 0.4501953125 0.541015625 0.453125 0.5419921875 0.4541015625 0.5439453125 0.455078125 0.54638671875 0.455078125 0.546875 0.455078125 0.5478515625 0.453125 0.54931640625 0.453125 0.5498046875 0.453125 0.55126953125 0.453125 0.5517578125 0.4521484375
5 0.41162109375 0.3837890625 0.4072265625 0.384765625 0.3994140625 0.3837890625 0.396484375 0.3837890625 0.39013671875 0.3876953125 0.384765625 0.3994140625 0.3818359375 0.4072265625 0.38134765625 0.4072265625 0.37939453125 0.4072265625 0.37841796875 0.408203125 0.37744140625 0.4091796875 0.37841796875 0.4140625 0.37939453125 0.416015625 0.3798828125 0.4169921875 0.37744140625 0.4267578125 0.3759765625 0.4443359375 0.3759765625 0.451171875 0.37646484375 0.453125 0.376953125 0.455078125 0.37841796875 0.45703125 0.37890625 0.458984375 0.3798828125 0.458984375 0.38134765625 0.45703125 0.3935546875 0.435546875 0.400390625 0.4150390625 0.40673828125 0.4033203125 0.40966796875 0.392578125
5 0.41259765625 0.3837890625 0.40625 0.384765625 0.396484375 0.3857421875 0.390625 0.3994140625 0.38818359375 0.404296875 0.38720703125 0.40625 0.3857421875 0.408203125 0.3828125 0.41015625 0.3828125 0.4130859375 0.38330078125 0.4150390625 0.38427734375 0.41796875 0.38330078125 0.421875 0.38232421875 0.43359375 0.38134765625 0.447265625 0.38134765625 0.453125 0.3818359375 0.45703125 0.38232421875 0.4599609375 0.3828125 0.4619140625 0.38330078125 0.462890625 0.384765625 0.4638671875 0.3857421875 0.46484375 0.38671875 0.46484375 0.3876953125 0.46484375 0.38818359375 0.466796875 0.388671875 0.4677734375 0.39013671875 0.46875 0.39111328125 0.46875 0.39208984375 0.46875 0.39306640625 0.46875 0.39453125 0.4677734375 0.396484375 0.4658203125 0.39794921875 0.4619140625 0.404296875 0.4384765625 0.40966796875 0.416015625 0.416015625 0.3857421875
5 0.43505859375 0.3701171875 0.43505859375 0.373046875 0.41796875 0.3720703125 0.41259765625 0.373046875 0.40966796875 0.37890625 0.40283203125 0.408203125 0.40234375 0.4091796875 0.40234375 0.4052734375 0.400390625 0.404296875 0.3994140625 0.4052734375 0.3984375 0.4072265625 0.39794921875 0.41015625 0.39794921875 0.412109375 0.39794921875 0.4140625 0.3994140625 0.4150390625 0.39990234375 0.4150390625 0.39990234375 0.4169921875 0.39990234375 0.4189453125 0.39892578125 0.4208984375 0.39697265625 0.4296875 0.396484375 0.44921875 0.3955078125 0.45703125 0.39501953125 0.46484375 0.39501953125 0.4697265625 0.39501953125 0.474609375 0.3955078125 0.4765625 0.396484375 0.478515625 0.39697265625 0.4794921875 0.3974609375 0.48046875 0.39892578125 0.48046875 0.3994140625 0.48046875 0.4013671875 0.48046875 0.40283203125 0.4833984375 0.4033203125 0.486328125 0.404296875 0.48828125 0.40478515625 0.4892578125 0.40625 0.4892578125 0.4072265625 0.4892578125 0.40869140625 0.4892578125 0.41015625 0.48828125 0.4111328125 0.4873046875 0.41259765625 0.4833984375 0.41552734375 0.47265625 0.4189453125 0.453125 0.4560546875 0.408203125 0.4697265625 0.392578125 0.46630859375 0.3896484375 0.46337890625 0.3837890625 0.45947265625 0.3798828125 0.45458984375 0.3779296875 0.45263671875 0.3779296875 0.45166015625 0.376953125 0.44677734375 0.3759765625 0.4443359375 0.373046875 0.43896484375 0.373046875 0.4384765625 0.3701171875
5 0.4677734375 0.3876953125 0.44970703125 0.3857421875 0.4443359375 0.384765625 0.4423828125 0.3857421875 0.44140625 0.3837890625 0.44091796875 0.3837890625 0.439453125 0.3837890625 0.4384765625 0.384765625 0.43603515625 0.3857421875 0.43115234375 0.388671875 0.423828125 0.4052734375 0.4208984375 0.41796875 0.419921875 0.419921875 0.41796875 0.4189453125 0.4130859375 0.4189453125 0.4111328125 0.421875 0.4111328125 0.42578125 0.41162109375 0.427734375 0.4130859375 0.4287109375 0.416015625 0.4296875 0.41650390625 0.4326171875 0.41650390625 0.435546875 0.41552734375 0.4375 0.41259765625 0.4453125 0.4111328125 0.46875 0.4111328125 0.4833984375 0.41162109375 0.4892578125 0.412109375 0.4921875 0.41259765625 0.4951171875 0.4150390625 0.4970703125 0.41650390625 0.4970703125 0.41845703125 0.4970703125 0.4189453125 0.5 0.419921875 0.5029296875 0.4208984375 0.5048828125 0.4228515625 0.5078125 0.42626953125 0.5078125 0.4287109375 0.5068359375 0.4306640625 0.50390625 0.4326171875 0.498046875 0.4326171875 0.4951171875 0.44775390625 0.4931640625 0.45703125 0.4951171875 0.46875 0.49609375 0.4697265625 0.498046875 0.470703125 0.501953125 0.4716796875 0.5048828125 0.47265625 0.5087890625 0.47509765625 0.5107421875 0.47705078125 0.509765625 0.478515625 0.5078125 0.48046875 0.50390625 0.4814453125 0.5 0.48291015625 0.5 0.48291015625 0.5068359375 0.4833984375 0.5087890625 0.48388671875 0.509765625 0.48486328125 0.5107421875 0.4873046875 0.5126953125 0.48828125 0.5126953125 0.490234375 0.5126953125 0.49267578125 0.5126953125 0.49462890625 0.509765625 0.49560546875 0.5048828125 0.49755859375 0.4755859375 0.49755859375 0.455078125 0.49658203125 0.435546875 0.49462890625 0.427734375 0.49169921875 0.4140625 0.4873046875 0.3994140625 0.486328125 0.3955078125 0.48486328125 0.39453125 0.48388671875 0.39453125 0.4833984375 0.392578125 0.482421875 0.3896484375 0.48095703125 0.3876953125 0.4765625 0.3876953125 0.4755859375 0.388671875 0.4755859375 0.3896484375 0.4716796875 0.388671875
5 0.26171875 0.373046875 0.2421875 0.3740234375 0.2392578125 0.373046875 0.23828125 0.3798828125 0.240234375 0.42578125 0.25146484375 0.44921875 0.26806640625 0.44921875 0.2685546875 0.451171875 0.27001953125 0.453125 0.2705078125 0.4560546875 0.2705078125 0.4560546875 0.27392578125 0.45703125 0.27734375 0.45703125 0.2783203125 0.455078125 0.27783203125 0.435546875 0.27783203125 0.4287109375 0.27783203125 0.423828125 0.27783203125 0.41015625 0.27880859375 0.4052734375 0.27880859375 0.40234375 0.27978515625 0.4013671875 0.28076171875 0.3994140625 0.28076171875 0.3955078125 0.2802734375 0.392578125 0.279296875 0.392578125 0.2763671875 0.3916015625 0.275390625 0.392578125 0.2744140625 0.3935546875 0.2744140625 0.3935546875 0.2734375 0.392578125 0.271484375 0.3828125 0.2705078125 0.380859375 0.271484375 0.3779296875 0.271484375 0.3759765625 0.2705078125 0.373046875 0.26953125 0.3701171875 0.26806640625 0.369140625 0.2666015625 0.369140625 0.26513671875 0.369140625 0.263671875 0.369140625
5 0.2431640625 0.3720703125 0.23828125 0.37109375 0.232421875 0.361328125 0.22607421875 0.3583984375 0.22412109375 0.359375 0.22216796875 0.3603515625 0.2216796875 0.365234375 0.22119140625 0.3662109375 0.22021484375 0.3662109375 0.20166015625 0.3681640625 0.19970703125 0.3720703125 0.2177734375 0.3935546875 0.244140625 0.4423828125 0.24560546875 0.453125 0.24609375 0.45703125 0.24609375 0.4599609375 0.24755859375 0.4638671875 0.24853515625 0.4658203125 0.25146484375 0.466796875 0.25341796875 0.4638671875 0.2548828125 0.4638671875 0.255859375 0.4638671875 0.2578125 0.462890625 0.25830078125 0.4609375 0.25830078125 0.455078125 0.25830078125 0.4375 0.25732421875 0.4306640625 0.25732421875 0.4208984375 0.25634765625 0.4140625 0.25390625 0.404296875 0.25048828125 0.3935546875 0.24951171875 0.3828125 0.2490234375 0.3818359375 0.24658203125 0.376953125
5 0.23681640625 0.384765625 0.2314453125 0.3857421875 0.23193359375 0.41015625 0.23974609375 0.4384765625 0.24169921875 0.447265625 0.24267578125 0.453125 0.24267578125 0.458984375 0.24267578125 0.462890625 0.24365234375 0.46875 0.244140625 0.47265625 0.2451171875 0.474609375 0.24609375 0.474609375 0.24755859375 0.47265625 0.248046875 0.4658203125 0.24658203125 0.4375 0.24658203125 0.427734375 0.24658203125 0.416015625 0.248046875 0.4150390625 0.24853515625 0.4140625 0.24951171875 0.4130859375 0.25048828125 0.412109375 0.25146484375 0.4091796875 0.251953125 0.4072265625 0.251953125 0.4052734375 0.2509765625 0.40234375 0.24951171875 0.4013671875 0.24658203125 0.40234375 0.24560546875 0.40234375 0.2451171875 0.40234375 0.244140625 0.40234375 0.24365234375 0.400390625 0.24267578125 0.396484375 0.2421875 0.3935546875 0.24072265625 0.3916015625 0.240234375 0.390625 0.2392578125 0.3896484375 0.23828125 0.3876953125
5 0.22119140625 0.3671875 0.20166015625 0.3671875 0.197265625 0.3798828125 0.2041015625 0.4248046875 0.20947265625 0.45703125 0.2216796875 0.478515625 0.224609375 0.478515625 0.22607421875 0.478515625 0.2265625 0.4833984375 0.22705078125 0.486328125 0.228515625 0.4873046875 0.23046875 0.48828125 0.23583984375 0.4873046875 0.23681640625 0.484375 0.2373046875 0.4794921875 0.23828125 0.48046875 0.240234375 0.4814453125 0.24267578125 0.4794921875 0.244140625 0.4755859375 0.24365234375 0.4619140625 0.24267578125 0.4384765625 0.2421875 0.43359375 0.2421875 0.4306640625 0.24267578125 0.41796875 0.24169921875 0.4150390625 0.23974609375 0.412109375 0.23974609375 0.4052734375 0.2421875 0.4013671875 0.24267578125 0.396484375 0.24169921875 0.3935546875 0.24072265625 0.3916015625 0.2392578125 0.3896484375 0.23828125 0.388671875 0.2373046875 0.3857421875 0.234375 0.3837890625 0.23193359375 0.37890625 0.23046875 0.3720703125 0.22998046875 0.369140625 0.22998046875 0.3662109375 0.2294921875 0.3623046875 0.22802734375 0.3603515625 0.2265625 0.359375 0.224609375 0.359375 0.22265625 0.361328125 0.22216796875 0.3623046875
5 0.1923828125 0.3662109375 0.189453125 0.3671875 0.17236328125 0.3671875 0.1640625 0.3681640625 0.16162109375 0.3671875 0.15380859375 0.3671875 0.15234375 0.3701171875 0.15087890625 0.373046875 0.1494140625 0.376953125 0.14697265625 0.3779296875 0.14453125 0.3798828125 0.14453125 0.380859375 0.142578125 0.3837890625 0.142578125 0.384765625 0.142578125 0.390625 0.142578125 0.392578125 0.13916015625 0.4033203125 0.13671875 0.4052734375 0.13330078125 0.4052734375 0.13232421875 0.4052734375 0.13037109375 0.40625 0.12890625 0.408203125 0.12841796875 0.4150390625 0.12939453125 0.41796875 0.1318359375 0.41796875 0.1318359375 0.419921875 0.1328125 0.4208984375 0.13525390625 0.421875 0.13330078125 0.427734375 0.12939453125 0.44140625 0.12744140625 0.4482421875 0.12744140625 0.453125 0.126953125 0.4677734375 0.12744140625 0.490234375 0.12744140625 0.5009765625 0.12939453125 0.5029296875 0.14208984375 0.50390625 0.14306640625 0.5029296875 0.14453125 0.5009765625 0.14501953125 0.5 0.1455078125 0.4990234375 0.14794921875 0.4990234375 0.14794921875 0.5 0.1484375 0.501953125 0.14892578125 0.501953125 0.14990234375 0.5029296875 0.1513671875 0.5029296875 0.1533203125 0.5029296875 0.15576171875 0.501953125 0.1572265625 0.5009765625 0.1572265625 0.4970703125 0.19873046875 0.4931640625 0.20166015625 0.4951171875 0.20166015625 0.4970703125 0.2021484375 0.5 0.20263671875 0.501953125 0.2041015625 0.5029296875 0.205078125 0.50390625 0.20654296875 0.5048828125 0.212890625 0.5048828125 0.21484375 0.5029296875 0.2158203125 0.4990234375 0.21630859375 0.4951171875 0.2197265625 0.4951171875 0.22119140625 0.4951171875 0.2216796875 0.4951171875 0.22265625 0.4931640625 0.2236328125 0.4912109375 0.2236328125 0.48828125 0.22265625 0.4697265625 0.22265625 0.4599609375 0.22216796875 0.4404296875 0.22216796875 0.43359375 0.21826171875 0.416015625 0.2177734375 0.412109375 0.21923828125 0.41015625 0.220703125 0.408203125 0.220703125 0.4052734375 0.220703125 0.404296875 0.21923828125 0.4013671875 0.21826171875 0.3974609375 0.21630859375 0.396484375 0.21337890625 0.3916015625 0.20947265625 0.380859375 0.2060546875 0.3740234375 0.20458984375 0.3701171875 0.2021484375 0.3681640625 0.201171875 0.3662109375 0.2001953125 0.3623046875 0.1982421875 0.3623046875 0.1962890625 0.3623046875 0.1943359375 0.3623046875
