0 0.0 0.5 0.12841796875 0.51171875 0.3544921875 0.4169921875 0.49267578125 0.3759765625 0.5263671875 0.359375 0.5673828125 0.35546875 0.591796875 0.35546875 0.6123046875 0.3818359375 0.67333984375 0.353515625 0.92236328125 0.3828125 0.99951171875 0.41796875 0.99951171875 0.9990234375 0.0 0.9990234375
1 0.0 0.541015625 0.0126953125 0.5400390625 0.03466796875 0.5390625 0.06787109375 0.5380859375 0.10302734375 0.5361328125 0.12451171875 0.53515625 0.15380859375 0.533203125 0.1748046875 0.52734375 0.20068359375 0.5244140625 0.2138671875 0.5234375 0.23046875 0.5205078125 0.2490234375 0.5166015625 0.263671875 0.5146484375 0.27392578125 0.5126953125 0.287109375 0.5078125 0.2978515625 0.4990234375 0.310546875 0.4912109375 0.32275390625 0.4853515625 0.33349609375 0.478515625 0.341796875 0.4736328125 0.35205078125 0.4638671875 0.4345703125 0.404296875 0.47509765625 0.3955078125 0.48828125 0.3876953125 0.50341796875 0.3779296875 0.35009765625 0.37890625 0.17041015625 0.41796875 0.0 0.42578125
1 0.99951171875 0.5 0.9716796875 0.5009765625 0.94091796875 0.5009765625 0.90625 0.501953125 0.87060546875 0.501953125 0.84375 0.50390625 0.8076171875 0.50390625 0.7666015625 0.50390625 0.73681640625 0.5029296875 0.7060546875 0.5029296875 0.67919921875 0.501953125 0.6513671875 0.5009765625 0.61865234375 0.498046875 0.60302734375 0.49609375 0.595703125 0.4921875 0.59033203125 0.48828125 0.5869140625 0.484375 0.5849609375 0.4765625 0.5849609375 0.47265625 0.5849609375 0.4619140625 0.607421875 0.4501953125 0.63720703125 0.453125 0.61669921875 0.3876953125 0.626953125 0.3662109375 0.65625 0.365234375 0.99951171875 0.4208984375
2 0.3681640625 0.0 0.0 0.0 0.0 0.5068359375 0.0498046875 0.5048828125 0.10009765625 0.50390625 0.10595703125 0.5029296875 0.12060546875 0.498046875 0.134765625 0.4931640625 0.14013671875 0.49609375 0.14697265625 0.4931640625 0.14794921875 0.4912109375 0.150390625 0.4892578125 0.1669921875 0.4853515625 0.19287109375 0.4775390625 0.1953125 0.474609375 0.19873046875 0.4697265625 0.2119140625 0.46875 0.2255859375 0.46875 0.23193359375 0.466796875 0.23974609375 0.462890625 0.23974609375 0.4599609375 0.2490234375 0.458984375 0.27294921875 0.4521484375 0.29541015625 0.4443359375 0.31591796875 0.439453125 0.328125 0.43359375 0.34716796875 0.427734375 0.40087890625 0.392578125 0.42333984375 0.3974609375 0.4287109375 0.396484375 0.43359375 0.39453125 0.43603515625 0.392578125 0.478515625 0.3828125 0.4921875 0.376953125 0.49951171875 0.373046875 0.505859375 0.37890625 0.5126953125 0.3818359375 0.51806640625 0.3876953125 0.52734375 0.388671875 0.56689453125 0.388671875 0.5888671875 0.3828125 0.6181640625 0.337890625 0.63525390625 0.203125 0.59765625 0.1083984375 0.61279296875 0.060546875 0.56201171875 0.1064453125 0.53759765625 0.1279296875 0.517578125 0.1064453125 0.4580078125 0.0673828125 0.4580078125 0.05859375 0.45458984375 0.048828125 0.44775390625 0.0322265625 0.44580078125 0.02734375 0.4453125 0.025390625 0.4453125 0.0234375 0.44677734375 0.021484375 0.4501953125 0.0205078125 0.4521484375 0.0166015625 0.453125 0.013671875 0.453125 0.0
4 0.53076171875 0.35546875 0.53076171875 0.345703125 0.53125 0.3427734375 0.53173828125 0.337890625 0.53173828125 0.3310546875 0.5322265625 0.326171875 0.5283203125 0.3291015625 0.5263671875 0.349609375
2 0.85595703125 0.0 0.58447265625 0.0 0.58447265625 0.0478515625 0.58203125 0.048828125 0.58203125 0.0556640625 0.5830078125 0.091796875 0.58935546875 0.1123046875 0.603515625 0.0947265625 0.60888671875 0.0947265625 0.60986328125 0.09765625 0.60107421875 0.2509765625 0.61083984375 0.3017578125 0.61181640625 0.3056640625 0.61181640625 0.310546875 0.615234375 0.3310546875 0.61328125 0.37890625 0.65478515625 0.40625 0.68701171875 0.4150390625 0.69775390625 0.4140625 0.712890625 0.4150390625 0.7255859375 0.4287109375 0.72802734375 0.4365234375 0.73291015625 0.4375 0.73779296875 0.4384765625 0.75732421875 0.4501953125 0.7734375 0.4521484375 0.7744140625 0.455078125 0.77587890625 0.4609375 0.7822265625 0.4619140625 0.798828125 0.462890625 0.80029296875 0.4658203125 0.80126953125 0.4716796875 0.80126953125 0.4736328125 0.8037109375 0.4755859375 0.8154296875 0.478515625 0.8369140625 0.4794921875 0.84326171875 0.4794921875 0.84912109375 0.4765625 0.890625 0.4794921875 0.89404296875 0.48046875 0.9501953125 0.4765625 0.95166015625 0.4736328125 0.98046875 0.47265625 0.99951171875 0.4716796875 0.99951171875 0.0
4 0.58349609375 0.373046875 0.58154296875 0.3525390625 0.5810546875 0.345703125 0.5810546875 0.337890625 0.58251953125 0.3291015625 0.5830078125 0.3212890625 0.5830078125 0.310546875 0.58349609375 0.3046875 0.58544921875 0.3046875 0.5859375 0.3212890625 0.58447265625 0.333984375 0.58349609375 0.337890625 0.58349609375 0.3447265625 0.58349609375 0.353515625 0.58349609375 0.357421875 0.58349609375 0.365234375
4 0.57470703125 0.3759765625 0.576171875 0.3671875 0.5771484375 0.3564453125 0.57763671875 0.3486328125 0.57861328125 0.33203125 0.580078125 0.3212890625 0.58154296875 0.3076171875 0.58251953125 0.296875 0.5810546875 0.2958984375 0.57861328125 0.3134765625 0.57763671875 0.3251953125 0.57666015625 0.3330078125 0.576171875 0.3359375 0.57568359375 0.3447265625 0.57470703125 0.3544921875 0.57470703125 0.3603515625 0.57373046875 0.365234375 0.572265625 0.37109375
4 0.5595703125 0.3671875 0.56005859375 0.3623046875 0.560546875 0.3544921875 0.56103515625 0.3466796875 0.5615234375 0.3408203125 0.5615234375 0.3369140625 0.56201171875 0.3330078125 0.56201171875 0.3310546875 0.56396484375 0.3291015625 0.56396484375 0.328125 0.56396484375 0.322265625 0.56298828125 0.3193359375 0.56201171875 0.3134765625 0.56201171875 0.3076171875 0.55859375 0.30859375 0.55712890625 0.369140625
4 0.54736328125 0.359375 0.5478515625 0.341796875 0.5478515625 0.306640625 0.5439453125 0.306640625 0.54541015625 0.3583984375
4 0.53564453125 0.3828125 0.5361328125 0.3671875 0.5361328125 0.357421875 0.53662109375 0.3466796875 0.53662109375 0.33984375 0.53662109375 0.3359375 0.53759765625 0.3310546875 0.53759765625 0.328125 0.5380859375 0.3232421875 0.5361328125 0.3232421875 0.5341796875 0.3369140625 0.533203125 0.3798828125
4 0.52783203125 0.3779296875 0.52734375 0.3564453125 0.52734375 0.3486328125 0.5263671875 0.34375 0.525390625 0.3359375 0.5244140625 0.3310546875 0.5234375 0.3203125 0.5234375 0.3193359375 0.5224609375 0.3173828125 0.51904296875 0.3203125 0.5185546875 0.330078125 0.51904296875 0.3369140625 0.52001953125 0.34375 0.5205078125 0.34765625 0.521484375 0.353515625 0.5205078125 0.3798828125
4 0.51513671875 0.3876953125 0.52001953125 0.3818359375 0.51806640625 0.369140625 0.5166015625 0.3486328125 0.515625 0.3359375 0.513671875 0.3203125 0.5107421875 0.3203125 0.51025390625 0.333984375 0.5107421875 0.345703125 0.5126953125 0.3740234375
4 0.48193359375 0.3740234375 0.48193359375 0.3603515625 0.48291015625 0.35546875 0.48388671875 0.3486328125 0.48486328125 0.3408203125 0.484375 0.328125 0.48486328125 0.3076171875 0.48291015625 0.30859375 0.482421875 0.333984375 0.4814453125 0.337890625 0.48095703125 0.3447265625 0.4814453125 0.3466796875 0.48095703125 0.3486328125 0.48046875 0.349609375 0.48046875 0.37890625
4 0.55908203125 0.09375 0.55615234375 0.099609375 0.55517578125 0.1005859375 0.55322265625 0.099609375 0.552734375 0.099609375 0.55126953125 0.0986328125 0.55029296875 0.09765625 0.55029296875 0.0966796875 0.5517578125 0.0947265625 0.55126953125 0.0908203125 0.55029296875 0.087890625 0.55126953125 0.0849609375 0.5517578125 0.08203125 0.5517578125 0.078125 0.5498046875 0.0732421875 0.54833984375 0.072265625 0.546875 0.0712890625 0.5458984375 0.0693359375 0.54541015625 0.0693359375 0.54345703125 0.0673828125 0.5419921875 0.06640625 0.541015625 0.0634765625 0.54052734375 0.0625 0.5400390625 0.0625 0.53662109375 0.06640625 0.53662109375 0.06640625 0.53564453125 0.0625 0.53466796875 0.060546875 0.5341796875 0.056640625 0.5341796875 0.0546875 0.53369140625 0.0478515625 0.533203125 0.0439453125 0.53173828125 0.041015625 0.53173828125 0.0400390625 0.52978515625 0.0380859375 0.5283203125 0.0361328125 0.52783203125 0.0361328125 0.5263671875 0.0361328125 0.52490234375 0.0361328125 0.52294921875 0.037109375 0.5224609375 0.0400390625 0.52197265625 0.041015625 0.52001953125 0.04296875 0.517578125 0.04296875 0.51708984375 0.04296875 0.51416015625 0.04296875 0.5126953125 0.04296875 0.5107421875 0.041015625 0.51025390625 0.041015625 0.50927734375 0.041015625 0.50732421875 0.041015625 0.5068359375 0.044921875 0.505859375 0.0458984375 0.50244140625 0.0517578125 0.50244140625 0.0556640625 0.50244140625 0.0576171875 0.50244140625 0.0595703125 0.50244140625 0.0595703125 0.501953125 0.064453125 0.5009765625 0.068359375 0.49951171875 0.068359375 0.49755859375 0.0703125 0.49365234375 0.0732421875 0.4921875 0.07421875 0.490234375 0.07421875 0.4873046875 0.07421875 0.48486328125 0.07421875 0.484375 0.07421875 0.484375 0.076171875 0.48388671875 0.0791015625 0.48193359375 0.0810546875 0.4814453125 0.0810546875 0.47998046875 0.080078125 0.4794921875 0.078125 0.4794921875 0.07421875 0.478515625 0.0712890625 0.47802734375 0.0693359375 0.4775390625 0.068359375 0.47705078125 0.06640625 0.4765625 0.06640625 0.47607421875 0.0625 0.4755859375 0.0576171875 0.47509765625 0.052734375 0.47412109375 0.0517578125 0.47216796875 0.0517578125 0.470703125 0.0517578125 0.46875 0.0517578125 0.46484375 0.0556640625 0.46484375 0.0556640625 0.462890625 0.056640625 0.45947265625 0.05859375 0.45947265625 0.05859375 0.458984375 0.060546875 0.4580078125 0.0634765625 0.45751953125 0.064453125 0.45458984375 0.068359375 0.45458984375 0.068359375 0.45458984375 0.068359375 0.45458984375 0.0703125 0.4541015625 0.07421875 0.4541015625 0.07421875 0.45361328125 0.076171875 0.453125 0.0791015625 0.453125 0.0791015625 0.4541015625 0.2294921875 0.4541015625 0.236328125 0.45751953125 0.2412109375 0.45751953125 0.2412109375 0.45849609375 0.2392578125 0.45849609375 0.2373046875 0.46044921875 0.2373046875 0.46240234375 0.240234375 0.46240234375 0.248046875 0.462890625 0.248046875 0.462890625 0.22265625 0.46337890625 0.21875 0.46533203125 0.21875 0.4658203125 0.1474609375 0.4658203125 0.099609375 0.466796875 0.1025390625 0.47021484375 0.12109375 0.47021484375 0.1259765625 0.4697265625 0.12890625 0.46826171875 0.130859375 0.46826171875 0.1328125 0.466796875 0.224609375 0.46826171875 0.228515625 0.46826171875 0.2392578125 0.46826171875 0.248046875 0.46923828125 0.248046875 0.47265625 0.2490234375 0.47412109375 0.251953125 0.47412109375 0.2578125 0.474609375 0.2578125 0.47705078125 0.2587890625 0.48046875 0.2578125 0.4814453125 0.2548828125 0.48095703125 0.2431640625 0.4814453125 0.2392578125 0.482421875 0.2392578125 0.48193359375 0.1494140625 0.48193359375 0.1435546875 0.48291015625 0.1416015625 0.484375 0.1474609375 0.48583984375 0.1552734375 0.48583984375 0.1591796875 0.48486328125 0.162109375 0.484375 0.1640625 0.484375 0.16796875 0.484375 0.17578125 0.484375 0.177734375 0.484375 0.2451171875 0.486328125 0.24609375 0.48681640625 0.2470703125 0.4873046875 0.2490234375 0.4873046875 0.2509765625 0.48681640625 0.2509765625 0.48583984375 0.2509765625 0.48486328125 0.2548828125 0.486328125 0.271484375 0.486328125 0.2763671875 0.486328125 0.2822265625 0.48583984375 0.2822265625 0.482421875 0.28125 0.4775390625 0.2841796875 0.4716796875 0.3056640625 0.45263671875 0.3125 0.4541015625 0.318359375 0.45458984375 0.3232421875 0.455078125 0.3251953125 0.455078125 0.3251953125 0.45703125 0.328125 0.45849609375 0.328125 0.4599609375 0.328125 0.46044921875 0.328125 0.46044921875 0.328125 0.46240234375 0.32421875 0.462890625 0.32421875 0.46435546875 0.3232421875 0.46435546875 0.3232421875 0.4677734375 0.3212890625 0.46875 0.3193359375 0.4697265625 0.3193359375 0.470703125 0.3212890625 0.47119140625 0.3212890625 0.4716796875 0.322265625 0.4716796875 0.32421875 0.4716796875 0.32421875 0.47265625 0.32421875 0.47265625 0.32421875 0.47509765625 0.3251953125 0.4765625 0.326171875 0.47705078125 0.326171875 0.47802734375 0.328125 0.478515625 0.3291015625 0.4794921875 0.330078125 0.47998046875 0.330078125 0.48046875 0.3310546875 0.48046875 0.3310546875 0.48095703125 0.3310546875 0.4814453125 0.3310546875 0.48193359375 0.3310546875 0.482421875 0.330078125 0.4833984375 0.328125 0.484375 0.3251953125 0.48486328125 0.32421875 0.48681640625 0.322265625 0.4873046875 0.3212890625 0.48779296875 0.3193359375 0.48876953125 0.318359375 0.490234375 0.3203125 0.4921875 0.32421875 0.4931640625 0.326171875 0.49365234375 0.326171875 0.49462890625 0.328125 0.4951171875 0.3291015625 0.49560546875 0.3291015625 0.49658203125 0.3310546875 0.49853515625 0.33203125 0.49853515625 0.33203125 0.5 0.33203125 0.5009765625 0.33203125 0.501953125 0.33203125 0.50439453125 0.3310546875 0.505859375 0.3310546875 0.5107421875 0.3310546875 0.51123046875 0.3310546875 0.51416015625 0.333984375 0.515625 0.333984375 0.5166015625 0.333984375 0.51806640625 0.3359375 0.52197265625 0.3359375 0.52197265625 0.3359375 0.52197265625 0.3359375 0.525390625 0.333984375 0.52587890625 0.333984375 0.52783203125 0.333984375 0.52783203125 0.3349609375 0.53076171875 0.333984375 0.533203125 0.3349609375 0.53515625 0.3349609375 0.53564453125 0.3349609375 0.54052734375 0.3310546875 0.541015625 0.333984375 0.54150390625 0.333984375 0.5400390625 0.3369140625 0.53955078125 0.3408203125 0.5400390625 0.3427734375 0.5400390625 0.3427734375 0.54052734375 0.3427734375 0.5419921875 0.3447265625 0.54248046875 0.3447265625 0.54345703125 0.3447265625 0.54638671875 0.345703125 0.54833984375 0.3447265625 0.54833984375 0.3447265625 0.54931640625 0.34375 0.55419921875 0.3427734375 0.55419921875 0.3427734375 0.55419921875 0.33984375 0.55419921875 0.3359375 0.55419921875 0.3359375 0.5546875 0.333984375 0.5556640625 0.333984375 0.55712890625 0.333984375 0.56103515625 0.333984375 0.56103515625 0.333984375 0.56298828125 0.33203125 0.56494140625 0.328125 0.56640625 0.32421875 0.56884765625 0.322265625 0.56787109375 0.3212890625 0.5703125 0.3193359375 0.5712890625 0.318359375 0.57177734375 0.318359375 0.57275390625 0.3203125 0.57275390625 0.3203125 0.5751953125 0.3232421875 0.57763671875 0.3232421875 0.578125 0.3232421875 0.5791015625 0.3232421875 0.58154296875 0.3232421875 0.58251953125 0.3232421875 0.58349609375 0.3232421875 0.5869140625 0.32421875 0.58935546875 0.3251953125 0.59033203125 0.326171875 0.59130859375 0.328125 0.59326171875 0.3291015625 0.59375 0.3291015625 0.59619140625 0.328125 0.59765625 0.32421875 0.59765625 0.32421875 0.6005859375 0.3212890625 0.6005859375 0.322265625 0.60693359375 0.322265625 0.61767578125 0.3203125 0.61181640625 0.31640625 0.611328125 0.3115234375 0.611328125 0.3046875 0.60888671875 0.294921875 0.611328125 0.2880859375 0.61181640625 0.2802734375 0.61181640625 0.2744140625 0.61181640625 0.26953125 0.61181640625 0.2548828125 0.61181640625 0.248046875 0.61181640625 0.2412109375 0.61181640625 0.23828125 0.61181640625 0.2353515625 0.61181640625 0.2294921875 0.61181640625 0.224609375 0.61181640625 0.2236328125 0.61083984375 0.193359375 0.61083984375 0.1865234375 0.61181640625 0.1806640625 0.611328125 0.1767578125 0.611328125 0.1708984375 0.611328125 0.1640625 0.61083984375 0.158203125 0.61083984375 0.1376953125 0.611328125 0.123046875 0.61083984375 0.12109375 0.61083984375 0.1171875 0.60986328125 0.1123046875 0.609375 0.1083984375 0.6083984375 0.1083984375 0.607421875 0.1083984375 0.603515625 0.1064453125 0.603515625 0.1064453125 0.60302734375 0.1005859375 0.6025390625 0.09765625 0.6025390625 0.0927734375 0.60107421875 0.091796875 0.60009765625 0.0908203125 0.5966796875 0.08984375 0.59619140625 0.08984375 0.59326171875 0.08984375 0.591796875 0.08984375 0.59033203125 0.08984375 0.58935546875 0.083984375 0.58935546875 0.0810546875 0.5888671875 0.080078125 0.58740234375 0.080078125 0.5869140625 0.080078125 0.5859375 0.0791015625 0.58349609375 0.07421875 0.5830078125 0.0732421875 0.5830078125 0.0732421875 0.58154296875 0.0732421875 0.5791015625 0.07421875 0.578125 0.0751953125 0.57763671875 0.0751953125 0.5771484375 0.07421875 0.5751953125 0.072265625 0.57275390625 0.0712890625 0.572265625 0.0703125 0.5703125 0.0693359375 0.56884765625 0.0673828125 0.56640625 0.064453125 0.5615234375 0.06640625 0.5615234375 0.07421875 0.5615234375 0.078125 0.5615234375 0.080078125 0.56005859375 0.08203125 0.5595703125 0.08203125 0.55908203125 0.0830078125 0.55908203125 0.0849609375 0.55908203125 0.087890625
5 0.50732421875 0.361328125 0.50146484375 0.361328125 0.5 0.3642578125 0.50048828125 0.3779296875 0.50244140625 0.384765625 0.5048828125 0.390625 0.50634765625 0.39453125 0.50732421875 0.3955078125 0.50927734375 0.396484375 0.51025390625 0.396484375 0.51171875 0.396484375 0.51416015625 0.39453125 0.51708984375 0.3916015625 0.5166015625 0.3876953125 0.51513671875 0.380859375 0.51416015625 0.3759765625 0.51416015625 0.3740234375 0.51513671875 0.373046875 0.51513671875 0.37109375 0.513671875 0.3701171875 0.51318359375 0.3701171875 0.5126953125 0.3671875 0.5126953125 0.3642578125 0.51220703125 0.3603515625 0.51025390625 0.3603515625 0.509765625 0.361328125
5 0.50390625 0.3662109375 0.5 0.3642578125 0.49755859375 0.3642578125 0.49365234375 0.3642578125 0.48876953125 0.365234375 0.486328125 0.3671875 0.484375 0.3720703125 0.484375 0.3759765625 0.48583984375 0.3828125 0.48876953125 0.384765625 0.4921875 0.390625 0.494140625 0.3935546875 0.49755859375 0.3916015625 0.49755859375 0.39453125 0.49853515625 0.3955078125 0.4990234375 0.3974609375 0.49951171875 0.400390625 0.50048828125 0.4013671875 0.50146484375 0.4013671875 0.501953125 0.4013671875 0.50244140625 0.4013671875 0.50390625 0.400390625 0.50439453125 0.3974609375 0.5048828125 0.3974609375 0.50537109375 0.396484375 0.50634765625 0.396484375 0.5068359375 0.3974609375 0.50732421875 0.3974609375 0.50830078125 0.396484375 0.50927734375 0.390625 0.50830078125 0.3828125 0.50732421875 0.376953125 0.50634765625 0.373046875
5 0.490234375 0.3662109375 0.482421875 0.3671875 0.4794921875 0.3701171875 0.47802734375 0.373046875 0.4775390625 0.37890625 0.4775390625 0.3828125 0.47802734375 0.388671875 0.48046875 0.396484375 0.48095703125 0.400390625 0.48486328125 0.40234375 0.49169921875 0.4013671875 0.4931640625 0.40234375 0.49462890625 0.4033203125 0.49560546875 0.4033203125 0.49609375 0.404296875 0.49755859375 0.404296875 0.498046875 0.4033203125 0.49853515625 0.40234375 0.4990234375 0.400390625 0.49951171875 0.3994140625 0.49951171875 0.3916015625 0.49853515625 0.3876953125 0.498046875 0.3740234375 0.49609375 0.369140625 0.49462890625 0.3671875
5 0.4833984375 0.3759765625 0.4794921875 0.37109375 0.4755859375 0.3701171875 0.462890625 0.369140625 0.4501953125 0.3701171875 0.44482421875 0.373046875 0.43896484375 0.37890625 0.43701171875 0.3828125 0.4365234375 0.3837890625 0.435546875 0.3857421875 0.435546875 0.3857421875 0.4306640625 0.3876953125 0.42822265625 0.388671875 0.4267578125 0.388671875 0.42529296875 0.39453125 0.42431640625 0.40625 0.42626953125 0.4140625 0.4296875 0.4169921875 0.43115234375 0.41796875 0.43359375 0.4189453125 0.43505859375 0.416015625 0.4365234375 0.412109375 0.44091796875 0.412109375 0.44140625 0.4140625 0.44189453125 0.4169921875 0.44287109375 0.41796875 0.44384765625 0.41796875 0.4453125 0.41796875 0.4462890625 0.4169921875 0.44775390625 0.4140625 0.44775390625 0.412109375 0.45703125 0.412109375 0.45849609375 0.4150390625 0.45849609375 0.416015625 0.45849609375 0.416015625 0.45947265625 0.4169921875 0.4619140625 0.41796875 0.4638671875 0.4169921875 0.4658203125 0.4140625 0.466796875 0.41015625 0.4716796875 0.4091796875 0.47265625 0.4091796875 0.47412109375 0.41015625 0.474609375 0.412109375 0.4755859375 0.4130859375 0.47607421875 0.4140625 0.47705078125 0.4140625 0.4794921875 0.4140625 0.48095703125 0.412109375 0.48291015625 0.4072265625 0.486328125 0.400390625 0.48681640625 0.392578125 0.486328125 0.3857421875 0.48583984375 0.3818359375
5 0.416015625 0.373046875 0.39697265625 0.3720703125 0.38623046875 0.3720703125 0.38037109375 0.3740234375 0.37255859375 0.376953125 0.36865234375 0.3798828125 0.3642578125 0.3857421875 0.35693359375 0.4052734375 0.35595703125 0.4091796875 0.35546875 0.412109375 0.353515625 0.4130859375 0.35205078125 0.41015625 0.349609375 0.41015625 0.3466796875 0.4140625 0.34619140625 0.4169921875 0.3466796875 0.421875 0.34765625 0.423828125 0.3515625 0.4248046875 0.35205078125 0.4267578125 0.34912109375 0.435546875 0.3466796875 0.44140625 0.34521484375 0.44921875 0.3447265625 0.4658203125 0.34521484375 0.4775390625 0.345703125 0.4853515625 0.34619140625 0.4951171875 0.34716796875 0.498046875 0.34765625 0.5009765625 0.34912109375 0.5029296875 0.35107421875 0.50390625 0.35302734375 0.50390625 0.3544921875 0.50390625 0.35595703125 0.50390625 0.357421875 0.501953125 0.3583984375 0.4990234375 0.35888671875 0.49609375 0.35888671875 0.4921875 0.36572265625 0.4912109375 0.36865234375 0.4912109375 0.36865234375 0.4931640625 0.369140625 0.4970703125 0.369140625 0.498046875 0.36962890625 0.4990234375 0.37060546875 0.4990234375 0.37353515625 0.5 0.3759765625 0.4990234375 0.376953125 0.49609375 0.37841796875 0.4921875 0.37890625 0.4892578125 0.412109375 0.4892578125 0.41259765625 0.4921875 0.4130859375 0.49609375 0.41455078125 0.498046875 0.4150390625 0.4990234375 0.41748046875 0.4990234375 0.4189453125 0.4990234375 0.42041015625 0.498046875 0.421875 0.4970703125 0.4228515625 0.4931640625 0.42333984375 0.4892578125 0.42431640625 0.4833984375 0.42724609375 0.48046875 0.42724609375 0.4853515625 0.42822265625 0.4873046875 0.42919921875 0.490234375 0.4296875 0.4912109375 0.43115234375 0.4921875 0.43359375 0.4921875 0.435546875 0.4921875 0.4365234375 0.4912109375 0.43798828125 0.48828125 0.4384765625 0.46484375 0.4384765625 0.458984375 0.4384765625 0.453125 0.4384765625 0.4501953125 0.4384765625 0.4443359375 0.43505859375 0.431640625 0.43408203125 0.42578125 0.43359375 0.41796875 0.43212890625 0.412109375 0.43212890625 0.4072265625 0.43212890625 0.404296875 0.43115234375 0.4013671875 0.4296875 0.400390625 0.4287109375 0.400390625 0.42724609375 0.3955078125 0.4228515625 0.3828125 0.4208984375 0.3779296875
5 0.5732421875 0.3623046875 0.56005859375 0.3623046875 0.55859375 0.3671875 0.55712890625 0.376953125 0.55517578125 0.388671875 0.5546875 0.3935546875 0.5546875 0.396484375 0.5546875 0.3994140625 0.55517578125 0.40234375 0.55615234375 0.404296875 0.55810546875 0.404296875 0.55859375 0.4033203125 0.55908203125 0.4013671875 0.57470703125 0.4013671875 0.57861328125 0.388671875 0.57861328125 0.376953125 0.57763671875 0.3681640625 0.5771484375 0.365234375
5 0.55712890625 0.376953125 0.5595703125 0.3701171875 0.56005859375 0.369140625 0.57373046875 0.369140625 0.5751953125 0.3701171875 0.5771484375 0.369140625 0.578125 0.373046875 0.57861328125 0.376953125 0.57861328125 0.388671875 0.57470703125 0.4013671875 0.55908203125 0.4013671875 0.55859375 0.4033203125 0.55810546875 0.404296875 0.55615234375 0.404296875 0.55517578125 0.40234375 0.5546875 0.3994140625 0.5546875 0.3935546875 0.55517578125 0.388671875 0.55712890625 0.376953125
5 0.6015625 0.3642578125 0.5947265625 0.365234375 0.5869140625 0.365234375 0.5830078125 0.3671875 0.58203125 0.369140625 0.58154296875 0.37109375 0.5791015625 0.373046875 0.5771484375 0.3759765625 0.57373046875 0.388671875 0.57275390625 0.390625 0.57177734375 0.390625 0.57080078125 0.3896484375 0.56982421875 0.390625 0.56884765625 0.390625 0.56787109375 0.392578125 0.56787109375 0.3935546875 0.56787109375 0.39453125 0.5693359375 0.3955078125 0.5703125 0.3994140625 0.57080078125 0.40234375 0.5703125 0.4150390625 0.56982421875 0.423828125 0.5703125 0.4296875 0.57080078125 0.431640625 0.57080078125 0.43359375 0.5712890625 0.4365234375 0.57177734375 0.4375 0.57275390625 0.4375 0.57275390625 0.4384765625 0.57373046875 0.4384765625 0.57568359375 0.4375 0.57568359375 0.4375 0.57958984375 0.427734375 0.5869140625 0.40625 0.58935546875 0.3916015625 0.5947265625 0.3876953125 0.60009765625 0.3828125 0.6015625 0.37890625 0.6025390625 0.3759765625 0.60546875 0.3720703125 0.603515625 0.3671875
5 0.578125 0.3740234375 0.578125 0.3740234375 0.5849609375 0.3740234375 0.5986328125 0.37890625 0.5986328125 0.384765625 0.5947265625 0.3876953125 0.58935546875 0.3916015625 0.5869140625 0.40625 0.57958984375 0.427734375 0.57568359375 0.4375 0.57373046875 0.4384765625 0.57275390625 0.4384765625 0.57275390625 0.4375 0.57177734375 0.4375 0.5712890625 0.4365234375 0.57080078125 0.43359375 0.57080078125 0.431640625 0.5703125 0.4296875 0.56982421875 0.423828125 0.5703125 0.4150390625 0.57080078125 0.40234375 0.5703125 0.3994140625 0.5693359375 0.3955078125 0.56787109375 0.39453125 0.56787109375 0.392578125 0.56884765625 0.390625 0.56982421875 0.390625 0.57080078125 0.3896484375 0.57177734375 0.390625 0.57275390625 0.390625 0.57373046875 0.388671875 0.5771484375 0.3759765625 0.578125 0.3740234375
5 0.61376953125 0.3662109375 0.60595703125 0.3671875 0.5927734375 0.3681640625 0.5869140625 0.37109375 0.583984375 0.3759765625 0.58154296875 0.3896484375 0.57958984375 0.390625 0.578125 0.390625 0.5771484375 0.3916015625 0.57763671875 0.3935546875 0.57763671875 0.39453125 0.578125 0.396484375 0.578125 0.396484375 0.57861328125 0.40234375 0.57763671875 0.40625 0.5771484375 0.4189453125 0.5771484375 0.42578125 0.5771484375 0.4306640625 0.5771484375 0.4365234375 0.5771484375 0.439453125 0.57763671875 0.44140625 0.57861328125 0.4423828125 0.57861328125 0.4423828125 0.57958984375 0.4423828125 0.58154296875 0.4404296875 0.58447265625 0.435546875 0.58447265625 0.435546875 0.5908203125 0.419921875 0.59716796875 0.4013671875 0.599609375 0.3955078125 0.6064453125 0.388671875 0.61572265625 0.3876953125 0.62109375 0.3857421875 0.62255859375 0.3828125 0.62158203125 0.37890625 0.61962890625 0.3759765625 0.6181640625 0.3720703125 0.61572265625 0.369140625
5 0.62353515625 0.3759765625 0.60693359375 0.3759765625 0.60009765625 0.376953125 0.59521484375 0.3779296875 0.591796875 0.380859375 0.58984375 0.3857421875 0.5859375 0.4033203125 0.5849609375 0.4013671875 0.58447265625 0.3994140625 0.58349609375 0.396484375 0.58154296875 0.396484375 0.580078125 0.3974609375 0.5791015625 0.3994140625 0.5791015625 0.40234375 0.57958984375 0.404296875 0.580078125 0.4052734375 0.58349609375 0.40625 0.583984375 0.40625 0.58447265625 0.4072265625 0.5849609375 0.408203125 0.5849609375 0.412109375 0.58154296875 0.4169921875 0.57958984375 0.423828125 0.57958984375 0.4296875 0.5791015625 0.45703125 0.57958984375 0.462890625 0.580078125 0.46484375 0.5810546875 0.4677734375 0.58251953125 0.4677734375 0.5830078125 0.46875 0.583984375 0.46875 0.5849609375 0.4716796875 0.5859375 0.4716796875 0.58837890625 0.4716796875 0.58935546875 0.4716796875 0.5908203125 0.4716796875 0.5927734375 0.4677734375 0.5947265625 0.4638671875 0.62841796875 0.4638671875 0.63330078125 0.4638671875 0.63525390625 0.4658203125 0.63720703125 0.46875 0.64013671875 0.4716796875 0.64111328125 0.4716796875 0.642578125 0.4716796875 0.64404296875 0.4677734375 0.64501953125 0.46484375 0.6455078125 0.451171875 0.6455078125 0.4384765625 0.64404296875 0.4287109375 0.64306640625 0.416015625 0.64208984375 0.4091796875 0.63916015625 0.3974609375 0.63623046875 0.388671875 0.63330078125 0.384765625 0.6298828125 0.380859375
5 0.54345703125 0.373046875 0.5205078125 0.373046875 0.5185546875 0.3740234375 0.513671875 0.3896484375 0.51220703125 0.3896484375 0.51123046875 0.3896484375 0.509765625 0.3896484375 0.50927734375 0.390625 0.5078125 0.392578125 0.50830078125 0.3935546875 0.50927734375 0.3955078125 0.5107421875 0.3974609375 0.51171875 0.3974609375 0.5126953125 0.396484375 0.51171875 0.400390625 0.51123046875 0.40625 0.5107421875 0.4169921875 0.51025390625 0.43359375 0.5107421875 0.4375 0.51123046875 0.44140625 0.51123046875 0.4423828125 0.51171875 0.4423828125 0.5126953125 0.443359375 0.513671875 0.443359375 0.515625 0.443359375 0.51708984375 0.4404296875 0.51806640625 0.4384765625 0.5185546875 0.4365234375 0.51953125 0.4326171875 0.5283203125 0.4326171875 0.541015625 0.4326171875 0.54345703125 0.43359375 0.54541015625 0.4375 0.54638671875 0.439453125 0.5478515625 0.44140625 0.54833984375 0.4423828125 0.548828125 0.443359375 0.5498046875 0.443359375 0.55126953125 0.443359375 0.55224609375 0.443359375 0.552734375 0.4423828125 0.55322265625 0.439453125 0.5537109375 0.41796875 0.5537109375 0.40625 0.5517578125 0.39453125 0.5517578125 0.3916015625 0.55224609375 0.390625 0.55224609375 0.388671875 0.5517578125 0.3857421875 0.55029296875 0.384765625 0.548828125 0.384765625 0.5478515625 0.37890625 0.54638671875 0.3759765625
