1 0.486328125 0.45703125 0.533203125 0.45703125 0.96044921875 0.4609375 0.962890625 0.4228515625 0.794921875 0.412109375 0.2021484375 0.41796875 0.33740234375 0.4501953125 0.341796875 0.4541015625 0.36572265625 0.4580078125 0.38671875 0.4541015625 0.39794921875 0.41796875 0.46044921875 0.4384765625 0.47509765625 0.439453125
0 0.99951171875 0.412109375 0.0 0.3857421875 0.0 0.9990234375 0.99951171875 0.9990234375 0.99951171875 0.4169921875
2 0.99951171875 0.4501953125 0.55859375 0.4228515625 0.40966796875 0.431640625 0.20068359375 0.4150390625 0.1396484375 0.43359375 0.0 0.4287109375 0.0 0.0 0.99951171875 0.0
5 0.08203125 0.419921875 0.0966796875 0.3935546875 0.10546875 0.388671875 0.14208984375 0.3935546875 0.14892578125 0.3935546875 0.15576171875 0.404296875 0.15966796875 0.4248046875 0.1611328125 0.443359375 0.162109375 0.455078125 0.1591796875 0.4599609375 0.15673828125 0.4580078125 0.1552734375 0.44921875 0.15185546875 0.4521484375 0.15185546875 0.4580078125 0.14599609375 0.4599609375 0.14111328125 0.4580078125 0.14111328125 0.455078125 0.13525390625 0.455078125 0.11328125 0.4580078125 0.07861328125 0.44921875
5 0.1611328125 0.4248046875 0.1728515625 0.412109375 0.1767578125 0.4072265625 0.17822265625 0.40625 0.1943359375 0.3876953125 0.19775390625 0.3857421875 0.2158203125 0.3828125 0.234375 0.3837890625 0.2392578125 0.431640625 0.2392578125 0.443359375 0.2314453125 0.4521484375 0.22900390625 0.455078125 0.2216796875 0.455078125 0.2197265625 0.4609375 0.216796875 0.462890625 0.208984375 0.4609375 0.20849609375 0.4599609375 0.19970703125 0.4609375 0.19677734375 0.45703125 0.19580078125 0.455078125 0.1767578125 0.455078125 0.17529296875 0.4580078125 0.171875 0.4599609375 0.16796875 0.4609375 0.166015625 0.4609375 0.16259765625 0.45703125 0.162109375 0.4521484375 0.1611328125 0.4462890625 0.16064453125 0.439453125 0.16064453125 0.43359375
5 0.3203125 0.380859375 0.30859375 0.3828125 0.29931640625 0.3857421875 0.28759765625 0.3984375 0.28466796875 0.4013671875 0.2822265625 0.4091796875 0.27294921875 0.4150390625 0.263671875 0.439453125 0.27294921875 0.4609375 0.27490234375 0.462890625 0.27783203125 0.46484375 0.2802734375 0.462890625 0.2822265625 0.4580078125 0.29931640625 0.45703125 0.31640625 0.455078125 0.32470703125 0.4443359375 0.35498046875 0.4609375 0.36181640625 0.4609375 0.3642578125 0.4580078125 0.3642578125 0.4501953125 0.3671875 0.447265625 0.3671875 0.4365234375 0.36669921875 0.4228515625 0.36572265625 0.4169921875 0.36328125 0.412109375 0.35888671875 0.4013671875 0.35498046875 0.396484375 0.35205078125 0.388671875 0.34423828125 0.380859375 0.32568359375 0.3837890625
1 0.9990234375 0.927734375 0.904296875 0.80859375 0.72998046875 0.5986328125 0.69287109375 0.5263671875 0.7646484375 0.5234375 0.99951171875 0.53515625 0.99951171875 0.9228515625
5 0.41064453125 0.3779296875 0.388671875 0.41015625 0.388671875 0.4599609375 0.388671875 0.46484375 0.3974609375 0.45703125 0.44287109375 0.45703125 0.44287109375 0.4609375 0.44580078125 0.46875 0.451171875 0.46875 0.45703125 0.46875 0.458984375 0.4658203125 0.4599609375 0.4580078125 0.4677734375 0.45703125 0.47509765625 0.455078125 0.47998046875 0.46484375 0.48388671875 0.4658203125 0.48779296875 0.46484375 0.49169921875 0.4580078125 0.4921875 0.455078125 0.49365234375 0.4501953125 0.4970703125 0.443359375 0.49755859375 0.435546875 0.49609375 0.4150390625 0.49609375 0.40625 0.49462890625 0.396484375 0.49169921875 0.3916015625 0.4853515625 0.373046875 0.48291015625 0.3701171875 0.4521484375 0.3662109375 0.44580078125 0.3623046875 0.44287109375 0.361328125 0.43896484375 0.361328125 0.43505859375 0.3623046875 0.42529296875 0.3642578125 0.41259765625 0.3720703125
3 0.900390625 0.3876953125 0.90576171875 0.3828125 0.90673828125 0.3779296875 0.94921875 0.3779296875 0.94677734375 0.41796875 0.94189453125 0.4384765625 0.91259765625 0.45703125 0.908203125 0.4521484375 0.9052734375 0.4521484375 0.90283203125 0.4384765625 0.9013671875 0.4208984375 0.9013671875 0.4140625
5 0.69140625 0.4462890625 0.6806640625 0.447265625 0.6767578125 0.455078125 0.6728515625 0.4609375 0.66796875 0.4677734375 0.6650390625 0.4677734375 0.66064453125 0.46484375 0.658203125 0.4580078125 0.65673828125 0.45703125 0.64892578125 0.4599609375 0.6474609375 0.46484375 0.64501953125 0.470703125 0.64111328125 0.47265625 0.63134765625 0.47265625 0.62744140625 0.4677734375 0.62353515625 0.4599609375 0.55615234375 0.4609375 0.55419921875 0.4658203125 0.5517578125 0.4677734375 0.54931640625 0.46875 0.544921875 0.470703125 0.5400390625 0.4677734375 0.537109375 0.462890625 0.5341796875 0.4609375 0.529296875 0.4580078125 0.5302734375 0.4248046875 0.53173828125 0.4169921875 0.55419921875 0.4072265625 0.5654296875 0.404296875 0.57080078125 0.396484375 0.595703125 0.3720703125 0.60546875 0.369140625 0.638671875 0.369140625 0.650390625 0.3701171875 0.6650390625 0.3779296875 0.67724609375 0.3857421875 0.68359375 0.3916015625 0.68994140625 0.4150390625 0.69140625 0.4384765625
5 0.7236328125 0.4140625 0.75390625 0.380859375 0.7802734375 0.3505859375 0.78564453125 0.34375 0.796875 0.337890625 0.8466796875 0.3330078125 0.875 0.337890625 0.88330078125 0.33984375 0.88720703125 0.3427734375 0.88525390625 0.3515625 0.896484375 0.369140625 0.9013671875 0.376953125 0.9033203125 0.3876953125 0.90283203125 0.3935546875 0.9033203125 0.404296875 0.9033203125 0.4072265625 0.9033203125 0.4208984375 0.904296875 0.4248046875 0.90576171875 0.4287109375 0.904296875 0.439453125 0.9033203125 0.4443359375 0.9013671875 0.4462890625 0.89453125 0.447265625 0.892578125 0.44921875 0.88720703125 0.4521484375 0.88330078125 0.4609375 0.8779296875 0.4677734375 0.8740234375 0.470703125 0.87109375 0.470703125 0.8671875 0.46875 0.861328125 0.4658203125 0.85888671875 0.462890625 0.853515625 0.4765625 0.84716796875 0.484375 0.830078125 0.470703125 0.82470703125 0.4521484375 0.82421875 0.45703125 0.77685546875 0.4541015625 0.77099609375 0.462890625 0.767578125 0.46875 0.7646484375 0.47265625 0.75927734375 0.47265625 0.75537109375 0.46875 0.75390625 0.4658203125 0.7529296875 0.4599609375 0.75146484375 0.45703125 0.74853515625 0.45703125 0.74462890625 0.4677734375 0.7421875 0.47265625 0.73974609375 0.4755859375 0.73388671875 0.4765625 0.72998046875 0.4765625 0.7236328125 0.470703125 0.71826171875 0.435546875 0.72314453125 0.419921875
5 0.99951171875 0.3427734375 0.98291015625 0.3408203125 0.966796875 0.34765625 0.95751953125 0.3564453125 0.93603515625 0.3876953125 0.923828125 0.4013671875 0.91796875 0.4072265625 0.912109375 0.41796875 0.9111328125 0.42578125 0.9111328125 0.4287109375 0.9091796875 0.4365234375 0.9091796875 0.4462890625 0.9091796875 0.45703125 0.91064453125 0.462890625 0.912109375 0.4677734375 0.91455078125 0.470703125 0.916015625 0.4765625 0.92138671875 0.4794921875 0.93115234375 0.4814453125 0.9365234375 0.4765625 0.94140625 0.470703125 0.99951171875 0.4609375 0.99951171875 0.44921875
5 0.08544921875 0.380859375 0.0966796875 0.4013671875 0.0986328125 0.4013671875 0.10009765625 0.40234375 0.10107421875 0.40625 0.10107421875 0.4091796875 0.10205078125 0.412109375 0.1171875 0.41796875 0.12109375 0.4208984375 0.12353515625 0.42578125 0.12744140625 0.439453125 0.1279296875 0.4580078125 0.12744140625 0.4677734375 0.1240234375 0.4794921875 0.12109375 0.4833984375 0.1181640625 0.4833984375 0.1142578125 0.4833984375 0.11279296875 0.4794921875 0.111328125 0.4755859375 0.08740234375 0.478515625 0.08642578125 0.484375 0.08203125 0.484375 0.07958984375 0.4833984375 0.0771484375 0.478515625 0.0732421875 0.484375 0.07080078125 0.4873046875 0.06787109375 0.4912109375 0.06396484375 0.4912109375 0.05859375 0.4873046875 0.05419921875 0.478515625 0.0 0.4658203125 0.00927734375 0.4140625 0.0107421875 0.3857421875 0.01708984375 0.380859375 0.05029296875 0.376953125 0.076171875 0.376953125
