0 0.99951171875 0.3642578125 0.34716796875 0.3291015625 0.0 0.3623046875 0.0 0.9990234375 0.99951171875 0.9990234375
1 0.2841796875 0.458984375 0.21337890625 0.478515625 0.3017578125 0.546875 0.4072265625 0.48828125 0.408203125 0.4853515625 0.39404296875 0.466796875 0.3818359375 0.462890625
1 0.45068359375 0.41015625 0.50146484375 0.4140625 0.49072265625 0.3701171875 0.478515625 0.3642578125 0.47216796875 0.3720703125 0.45751953125 0.3720703125 0.4482421875 0.3837890625
1 0.24755859375 0.447265625 0.35888671875 0.4384765625 0.328125 0.4326171875 0.2939453125 0.4248046875 0.25537109375 0.421875 0.23388671875 0.4208984375 0.21875 0.4375
1 0.87255859375 0.4384765625 0.84033203125 0.4384765625 0.82421875 0.4306640625 0.8134765625 0.439453125 0.7939453125 0.4287109375 0.775390625 0.427734375 0.74169921875 0.4140625 0.7353515625 0.4091796875 0.7314453125 0.3916015625 0.7822265625 0.388671875 0.849609375 0.3994140625 0.8349609375 0.4248046875 0.91259765625 0.4228515625 0.9228515625 0.4228515625 0.900390625 0.439453125
5 0.44384765625 0.3564453125 0.4384765625 0.3564453125 0.4365234375 0.359375 0.43603515625 0.3623046875 0.43603515625 0.3662109375 0.43994140625 0.3701171875 0.44384765625 0.3701171875 0.4443359375 0.3671875 0.4453125 0.3642578125 0.4453125 0.3623046875 0.4453125 0.359375
5 0.42578125 0.373046875 0.4306640625 0.3662109375 0.43359375 0.3623046875 0.4443359375 0.3642578125 0.4453125 0.3701171875 0.44384765625 0.376953125 0.43212890625 0.3798828125
2 0.99951171875 0.2109375 0.99951171875 0.0 0.525390625 0.0 0.5263671875 0.1494140625 0.5263671875 0.2705078125 0.42724609375 0.294921875 0.25634765625 0.0908203125 0.1982421875 0.0458984375 0.17578125 0.0 0.0 0.0 0.0 0.4169921875 0.16357421875 0.396484375 0.27099609375 0.3779296875 0.33642578125 0.375 0.40966796875 0.3671875 0.44140625 0.34375 0.45361328125 0.3720703125 0.4658203125 0.373046875 0.525390625 0.3662109375 0.57080078125 0.376953125 0.69140625 0.3935546875 0.921875 0.4169921875 0.99951171875 0.4013671875
5 0.29150390625 0.404296875 0.29150390625 0.3935546875 0.29150390625 0.390625 0.29248046875 0.388671875 0.29248046875 0.3876953125 0.29296875 0.3857421875 0.2939453125 0.3837890625 0.294921875 0.380859375 0.29638671875 0.3798828125 0.30615234375 0.3798828125 0.30712890625 0.3955078125 0.30712890625 0.40234375 0.30322265625 0.404296875 0.298828125 0.404296875
1 0.96826171875 0.4951171875 0.99951171875 0.4912109375 0.99951171875 0.462890625 0.9599609375 0.4541015625 0.91455078125 0.4658203125 0.94189453125 0.486328125
4 0.4736328125 0.0 0.5302734375 0.0 0.529296875 0.0126953125 0.53076171875 0.015625 0.5341796875 0.005859375 0.537109375 0.0078125 0.53759765625 0.0166015625 0.53759765625 0.02734375 0.541015625 0.0322265625 0.54296875 0.029296875 0.544921875 0.0244140625 0.54541015625 0.0166015625 0.548828125 0.0126953125 0.55078125 0.0166015625 0.55078125 0.0234375 0.55322265625 0.0234375 0.55419921875 0.0234375 0.55322265625 0.029296875 0.54931640625 0.0322265625 0.54931640625 0.0390625 0.55029296875 0.0419921875 0.55078125 0.0478515625 0.55322265625 0.0478515625 0.55615234375 0.0458984375 0.55712890625 0.044921875 0.55810546875 0.044921875 0.5595703125 0.0419921875 0.5615234375 0.037109375 0.5615234375 0.04296875 0.5634765625 0.0458984375 0.5634765625 0.05078125 0.5615234375 0.0537109375 0.5625 0.05859375 0.5615234375 0.0615234375 0.56005859375 0.06640625 0.56005859375 0.0693359375 0.56005859375 0.07421875 0.56103515625 0.0771484375 0.5625 0.0751953125 0.56396484375 0.0771484375 0.56884765625 0.0712890625 0.57080078125 0.068359375 0.57080078125 0.0771484375 0.56787109375 0.08203125 0.5693359375 0.0830078125 0.5703125 0.0849609375 0.5693359375 0.0908203125 0.56884765625 0.09375 0.56640625 0.09375 0.56689453125 0.1015625 0.5693359375 0.0986328125 0.57080078125 0.09765625 0.5732421875 0.09765625 0.57080078125 0.109375 0.56884765625 0.1162109375 0.57275390625 0.119140625 0.5732421875 0.123046875 0.57080078125 0.125 0.56884765625 0.126953125 0.57275390625 0.130859375 0.57470703125 0.130859375 0.5732421875 0.1357421875 0.57177734375 0.1435546875 0.57421875 0.1435546875 0.578125 0.138671875 0.5810546875 0.1376953125 0.583984375 0.1357421875 0.58203125 0.1435546875 0.5810546875 0.146484375 0.57958984375 0.1484375 0.57958984375 0.1494140625 0.57958984375 0.154296875 0.578125 0.1591796875 0.57861328125 0.162109375 0.57861328125 0.1650390625 0.57470703125 0.1669921875 0.5732421875 0.16796875 0.57275390625 0.1728515625 0.5732421875 0.1748046875 0.5732421875 0.177734375 0.57470703125 0.1806640625 0.57177734375 0.1806640625 0.5693359375 0.1787109375 0.56884765625 0.1806640625 0.56787109375 0.18359375 0.56689453125 0.1865234375 0.56884765625 0.1943359375 0.5693359375 0.1943359375 0.57275390625 0.197265625 0.57470703125 0.2021484375 0.576171875 0.2021484375 0.5771484375 0.19921875 0.57958984375 0.19921875 0.58349609375 0.2021484375 0.58740234375 0.205078125 0.5908203125 0.2021484375 0.591796875 0.2080078125 0.5888671875 0.212890625 0.58251953125 0.212890625 0.580078125 0.212890625 0.5771484375 0.2109375 0.578125 0.21875 0.578125 0.22265625 0.578125 0.234375 0.576171875 0.2392578125 0.576171875 0.244140625 0.5771484375 0.2451171875 0.5810546875 0.2470703125 0.57958984375 0.2529296875 0.57958984375 0.2578125 0.57861328125 0.263671875 0.57470703125 0.2763671875 0.57275390625 0.28125 0.57275390625 0.28515625 0.5703125 0.2919921875 0.56689453125 0.2958984375 0.56494140625 0.30078125 0.56494140625 0.3134765625 0.5625 0.318359375 0.56494140625 0.3193359375 0.5654296875 0.3271484375 0.56396484375 0.3291015625 0.55224609375 0.3271484375 0.5517578125 0.32421875 0.54931640625 0.32421875 0.5478515625 0.3271484375 0.5400390625 0.3271484375 0.53857421875 0.3251953125 0.537109375 0.3251953125 0.5341796875 0.3251953125 0.533203125 0.3330078125 0.5302734375 0.3349609375 0.52685546875 0.2734375 0.5224609375 0.271484375 0.51953125 0.2685546875 0.5185546875 0.2685546875 0.517578125 0.271484375 0.5185546875 0.287109375 0.517578125 0.3115234375 0.51953125 0.3212890625 0.51953125 0.3349609375 0.525390625 0.3349609375 0.5263671875 0.361328125 0.52490234375 0.3671875 0.521484375 0.3662109375 0.52001953125 0.3662109375 0.52001953125 0.3955078125 0.52001953125 0.3984375 0.5146484375 0.3984375 0.51171875 0.3955078125 0.51220703125 0.380859375 0.513671875 0.34375 0.51318359375 0.2763671875 0.5107421875 0.2705078125 0.50830078125 0.263671875 0.5078125 0.265625 0.5068359375 0.3359375 0.513671875 0.3359375 0.513671875 0.345703125 0.51318359375 0.3486328125 0.51220703125 0.3505859375 0.51171875 0.3583984375 0.50830078125 0.3564453125 0.5068359375 0.3623046875 0.50830078125 0.3662109375 0.50830078125 0.373046875 0.5078125 0.3837890625 0.5029296875 0.3798828125 0.50244140625 0.373046875 0.4853515625 0.3720703125 0.478515625 0.3720703125 0.48388671875 0.3701171875 0.48388671875 0.3564453125 0.474609375 0.3564453125 0.4697265625 0.3564453125 0.4697265625 0.3486328125 0.4658203125 0.34375 0.462890625 0.3427734375 0.4638671875 0.3486328125 0.4599609375 0.3515625 0.4560546875 0.3486328125 0.4560546875 0.3701171875 0.45458984375 0.3828125 0.453125 0.3837890625 0.45361328125 0.3876953125 0.45458984375 0.390625 0.45361328125 0.3955078125 0.45703125 0.4013671875 0.458984375 0.404296875 0.45751953125 0.412109375 0.4560546875 0.4140625 0.45458984375 0.419921875 0.45068359375 0.4208984375 0.4482421875 0.419921875 0.4453125 0.419921875 0.44140625 0.41796875 0.4384765625 0.4208984375 0.43603515625 0.4140625 0.4365234375 0.40234375 0.43310546875 0.3984375 0.43603515625 0.3935546875 0.43505859375 0.390625 0.4375 0.3876953125 0.43994140625 0.3876953125 0.4404296875 0.380859375 0.44287109375 0.3798828125 0.44580078125 0.3828125 0.44580078125 0.373046875 0.44384765625 0.369140625 0.4443359375 0.3564453125 0.4375 0.359375 0.43310546875 0.3623046875 0.412109375 0.375 0.39794921875 0.3779296875 0.3720703125 0.3994140625 0.3603515625 0.41796875 0.35400390625 0.4169921875 0.35009765625 0.4072265625 0.353515625 0.3994140625 0.35546875 0.3916015625 0.35546875 0.3857421875 0.35205078125 0.3798828125 0.3525390625 0.375 0.3525390625 0.373046875 0.3525390625 0.3720703125 0.35107421875 0.3662109375 0.35009765625 0.3583984375 0.353515625 0.3515625 0.35009765625 0.3486328125 0.3466796875 0.3427734375 0.34033203125 0.33984375 0.341796875 0.3544921875 0.3388671875 0.359375 0.337890625 0.3662109375 0.337890625 0.3701171875 0.337890625 0.3779296875 0.3349609375 0.390625 0.328125 0.3994140625 0.3271484375 0.396484375 0.3203125 0.388671875 0.32080078125 0.3876953125 0.3203125 0.3505859375 0.31884765625 0.34375 0.31884765625 0.3408203125 0.31689453125 0.33984375 0.31396484375 0.3359375 0.3134765625 0.337890625 0.3134765625 0.3984375 0.31689453125 0.40625 0.3154296875 0.4140625 0.31103515625 0.41015625 0.3046875 0.40234375 0.3046875 0.3720703125 0.296875 0.3701171875 0.296875 0.4072265625 0.294921875 0.40625 0.294921875 0.390625 0.28955078125 0.390625 0.28955078125 0.373046875 0.28564453125 0.373046875 0.28173828125 0.375 0.28173828125 0.375 0.28173828125 0.375 0.279296875 0.3779296875 0.275390625 0.376953125 0.27490234375 0.4892578125 0.27294921875 0.501953125 0.25830078125 0.5 0.2607421875 0.4755859375 0.2607421875 0.419921875 0.25927734375 0.388671875 0.25537109375 0.390625 0.25537109375 0.41796875 0.25146484375 0.4208984375 0.2529296875 0.388671875 0.2431640625 0.380859375 0.2314453125 0.380859375 0.22509765625 0.369140625 0.2197265625 0.3583984375 0.216796875 0.3486328125 0.21435546875 0.34375 0.21435546875 0.33984375 0.2099609375 0.34765625 0.2099609375 0.439453125 0.203125 0.439453125 0.203125 0.42578125 0.203125 0.4169921875 0.201171875 0.3515625 0.1982421875 0.3515625 0.1953125 0.34765625 0.1884765625 0.345703125 0.17431640625 0.330078125 0.1650390625 0.30859375 0.16064453125 0.287109375 0.1533203125 0.287109375 0.14892578125 0.28125 0.1396484375 0.271484375 0.13525390625 0.2548828125 0.13525390625 0.25 0.1328125 0.2451171875 0.13037109375 0.234375 0.13525390625 0.2294921875 0.1328125 0.220703125 0.13720703125 0.21875 0.13134765625 0.2099609375 0.13134765625 0.2041015625 0.13525390625 0.197265625 0.140625 0.1943359375 0.140625 0.181640625 0.13671875 0.1787109375 0.1328125 0.1748046875 0.1259765625 0.1669921875 0.1259765625 0.16015625 0.1279296875 0.15625 0.13720703125 0.16015625 0.14208984375 0.146484375 0.14599609375 0.146484375 0.14501953125 0.1376953125 0.14453125 0.1279296875 0.140625 0.1279296875 0.13671875 0.119140625 0.1318359375 0.1142578125 0.1240234375 0.1142578125 0.1259765625 0.109375 0.13525390625 0.103515625 0.13720703125 0.1005859375 0.14111328125 0.095703125 0.1396484375 0.0908203125 0.13037109375 0.087890625 0.1240234375 0.0859375 0.12353515625 0.0791015625 0.1259765625 0.0712890625 0.1259765625 0.0634765625 0.12353515625 0.05859375 0.12060546875 0.0537109375 0.11279296875 0.05078125 0.111328125 0.044921875 0.10888671875 0.0400390625 0.10791015625 0.029296875 0.10888671875 0.0263671875 0.10888671875 0.021484375 0.107421875 0.0126953125 0.1064453125 0.0029296875 0.10546875 0.001953125 0.10546875 0.0
4 0.0849609375 0.3623046875 0.06005859375 0.3427734375 0.0517578125 0.3359375 0.04296875 0.3271484375 0.0341796875 0.3291015625 0.02685546875 0.3251953125 0.0283203125 0.337890625 0.0322265625 0.3486328125 0.029296875 0.3515625 0.02490234375 0.34375 0.01953125 0.33203125 0.0078125 0.32421875 0.0 0.3271484375 0.0 0.005859375 0.0 0.0 0.00927734375 0.0078125 0.01171875 0.0166015625 0.01318359375 0.0244140625 0.0224609375 0.03515625 0.02294921875 0.0556640625 0.0224609375 0.068359375 0.025390625 0.07421875 0.029296875 0.1005859375 0.0322265625 0.1083984375 0.03759765625 0.109375 0.044921875 0.1201171875 0.041015625 0.1337890625 0.04296875 0.1435546875 0.05322265625 0.146484375 0.05859375 0.138671875 0.0625 0.15625 0.06884765625 0.16015625 0.0693359375 0.17578125 0.0654296875 0.181640625 0.0654296875 0.19140625 0.06494140625 0.19921875 0.06884765625 0.205078125 0.078125 0.2109375 0.078125 0.22265625 0.07470703125 0.2265625 0.0732421875 0.234375 0.07470703125 0.2470703125 0.07421875 0.2548828125 0.07080078125 0.2607421875 0.07275390625 0.2685546875 0.0732421875 0.27734375 0.0703125 0.302734375 0.078125 0.337890625
5 0.07470703125 0.353515625 0.0693359375 0.361328125 0.046875 0.361328125 0.044921875 0.3642578125 0.03955078125 0.3857421875 0.0361328125 0.3837890625 0.033203125 0.3857421875 0.0322265625 0.390625 0.03466796875 0.3955078125 0.033203125 0.3994140625 0.0322265625 0.4091796875 0.03173828125 0.4208984375 0.046875 0.4501953125 0.048828125 0.4443359375 0.05419921875 0.4443359375 0.0556640625 0.443359375 0.05615234375 0.4384765625 0.07177734375 0.435546875 0.07470703125 0.373046875 0.07470703125 0.3486328125
5 0.0517578125 0.5126953125 0.05322265625 0.4833984375 0.05322265625 0.455078125 0.0517578125 0.4462890625 0.04931640625 0.4384765625 0.044921875 0.43359375 0.04541015625 0.4306640625 0.04541015625 0.42578125 0.04150390625 0.4208984375 0.037109375 0.41796875 0.0341796875 0.4169921875 0.03076171875 0.404296875 0.025390625 0.3955078125 0.0185546875 0.390625 0.01171875 0.388671875 0.0 0.3876953125 0.0 0.513671875 0.0 0.5205078125 0.00830078125 0.5166015625 0.015625 0.5166015625 0.01611328125 0.5205078125 0.01708984375 0.5263671875 0.017578125 0.53125 0.02294921875 0.53125 0.0263671875 0.52734375 0.0283203125 0.5234375 0.029296875 0.515625 0.0302734375 0.5107421875 0.0322265625 0.5087890625 0.03466796875 0.5166015625 0.037109375 0.5185546875 0.04638671875 0.515625
5 0.24609375 0.412109375 0.24853515625 0.4091796875 0.2490234375 0.4013671875 0.2490234375 0.3876953125 0.24609375 0.3798828125 0.22314453125 0.3837890625 0.21826171875 0.3857421875 0.216796875 0.3935546875 0.21435546875 0.3955078125 0.21435546875 0.3994140625 0.212890625 0.404296875 0.212890625 0.4091796875 0.21435546875 0.4140625 0.21435546875 0.4169921875 0.21435546875 0.4208984375 0.2216796875 0.419921875 0.2236328125 0.4169921875 0.232421875 0.4169921875 0.2353515625 0.404296875
5 0.31689453125 0.412109375 0.31494140625 0.412109375 0.3125 0.412109375 0.3115234375 0.4072265625 0.3115234375 0.40234375 0.3115234375 0.3984375 0.3115234375 0.3955078125 0.3115234375 0.3916015625 0.31396484375 0.390625 0.31640625 0.3837890625 0.3193359375 0.3828125 0.32421875 0.3837890625 0.32421875 0.3984375 0.32421875 0.40625 0.32177734375 0.41015625
5 0.39208984375 0.388671875 0.38330078125 0.388671875 0.3740234375 0.3984375 0.36474609375 0.40234375 0.361328125 0.4072265625 0.359375 0.4091796875 0.35888671875 0.4140625 0.35791015625 0.4169921875 0.35888671875 0.4228515625 0.359375 0.427734375 0.36279296875 0.42578125 0.37060546875 0.4228515625 0.375 0.427734375 0.37890625 0.4287109375 0.38134765625 0.427734375 0.38330078125 0.427734375 0.39208984375 0.4091796875
5 0.392578125 0.396484375 0.3896484375 0.3857421875 0.39208984375 0.380859375 0.3935546875 0.3798828125 0.41796875 0.3798828125 0.4228515625 0.3828125 0.42578125 0.3876953125 0.4296875 0.3935546875 0.43212890625 0.3935546875 0.43310546875 0.3955078125 0.43115234375 0.396484375 0.4365234375 0.404296875 0.4384765625 0.4091796875 0.43896484375 0.4140625 0.4375 0.435546875 0.4345703125 0.435546875 0.43115234375 0.435546875 0.43115234375 0.431640625 0.4306640625 0.4306640625 0.41455078125 0.4306640625 0.41455078125 0.435546875 0.4111328125 0.435546875 0.408203125 0.435546875 0.40673828125 0.43359375 0.40673828125 0.4306640625 0.3935546875 0.4287109375 0.3896484375 0.41015625
5 0.5009765625 0.373046875 0.49072265625 0.373046875 0.48828125 0.373046875 0.48779296875 0.380859375 0.48681640625 0.380859375 0.486328125 0.380859375 0.486328125 0.3837890625 0.486328125 0.3857421875 0.486328125 0.3916015625 0.486328125 0.396484375 0.486328125 0.3994140625 0.48779296875 0.4013671875 0.4892578125 0.40234375 0.49560546875 0.3916015625 0.49755859375 0.3857421875 0.5 0.380859375 0.50244140625 0.3798828125 0.50244140625 0.376953125 0.50244140625 0.373046875
5 0.50927734375 0.396484375 0.5078125 0.388671875 0.5068359375 0.3857421875 0.50537109375 0.380859375 0.50439453125 0.3798828125 0.50390625 0.3779296875 0.4931640625 0.3779296875 0.49169921875 0.3857421875 0.48974609375 0.3876953125 0.48974609375 0.3916015625 0.4892578125 0.396484375 0.48974609375 0.4013671875 0.4970703125 0.4072265625 0.50439453125 0.4072265625
5 0.55712890625 0.3642578125 0.544921875 0.3642578125 0.54248046875 0.3671875 0.54248046875 0.369140625 0.54150390625 0.3720703125 0.54150390625 0.375 0.54248046875 0.376953125 0.5439453125 0.3779296875 0.54541015625 0.3798828125 0.546875 0.3798828125 0.54931640625 0.3798828125 0.55419921875 0.375 0.5546875 0.3720703125 0.55712890625 0.3671875 0.55859375 0.3662109375
5 0.5556640625 0.3798828125 0.55224609375 0.3798828125 0.5517578125 0.380859375 0.55029296875 0.380859375 0.54931640625 0.3798828125 0.54931640625 0.376953125 0.54931640625 0.373046875 0.55078125 0.369140625 0.5517578125 0.3671875 0.55322265625 0.3662109375 0.55810546875 0.3662109375 0.55859375 0.373046875
5 0.56884765625 0.376953125 0.56689453125 0.369140625 0.56640625 0.3671875 0.56494140625 0.3662109375 0.55810546875 0.3662109375 0.55615234375 0.3671875 0.5556640625 0.3701171875 0.55419921875 0.3701171875 0.55322265625 0.3720703125 0.55224609375 0.373046875 0.5517578125 0.373046875 0.5517578125 0.3798828125 0.55419921875 0.3837890625 0.5546875 0.3857421875 0.5556640625 0.3876953125 0.55615234375 0.3876953125 0.55712890625 0.3857421875 0.55712890625 0.3837890625 0.55859375 0.3837890625 0.55859375 0.3876953125 0.5595703125 0.388671875 0.56494140625 0.3828125
5 0.57177734375 0.3779296875 0.57080078125 0.3701171875 0.56884765625 0.369140625 0.56494140625 0.369140625 0.5615234375 0.369140625 0.56103515625 0.3701171875 0.56005859375 0.3720703125 0.56005859375 0.376953125 0.5595703125 0.3779296875 0.5595703125 0.3798828125 0.5595703125 0.3837890625 0.5595703125 0.3876953125 0.56103515625 0.388671875 0.5615234375 0.388671875 0.5625 0.388671875 0.5625 0.3857421875 0.56884765625 0.3857421875 0.5703125 0.3828125
5 0.57958984375 0.388671875 0.57275390625 0.3857421875 0.57275390625 0.3876953125 0.57275390625 0.388671875 0.57080078125 0.388671875 0.5693359375 0.388671875 0.56884765625 0.3876953125 0.56787109375 0.3837890625 0.56787109375 0.380859375 0.56787109375 0.3779296875 0.56884765625 0.375 0.5693359375 0.3720703125 0.5703125 0.3701171875 0.57861328125 0.369140625 0.583984375 0.3671875 0.5888671875 0.373046875 0.5908203125 0.375 0.591796875 0.388671875 0.580078125 0.3837890625 0.57861328125 0.3857421875
3 0.541015625 0.4013671875 0.53857421875 0.3955078125 0.49755859375 0.3916015625 0.49609375 0.3935546875 0.49462890625 0.396484375 0.4921875 0.40234375 0.4921875 0.41015625 0.4921875 0.427734375 0.49365234375 0.431640625 0.49560546875 0.4384765625 0.49560546875 0.439453125 0.5009765625 0.439453125 0.50244140625 0.439453125 0.50390625 0.439453125 0.50439453125 0.44140625 0.5068359375 0.44140625 0.5341796875 0.443359375 0.53564453125 0.439453125 0.5400390625 0.41796875
5 0.6533203125 0.3916015625 0.650390625 0.388671875 0.64208984375 0.3876953125 0.6357421875 0.3994140625 0.6357421875 0.4072265625 0.63525390625 0.4091796875 0.63525390625 0.4150390625 0.642578125 0.419921875 0.65185546875 0.4091796875 0.6533203125 0.396484375
3 0.6025390625 0.3642578125 0.62060546875 0.369140625 0.68994140625 0.3671875 0.6982421875 0.369140625 0.70068359375 0.4248046875 0.638671875 0.4150390625 0.6220703125 0.4140625 0.6103515625 0.40625 0.60400390625 0.404296875 0.57958984375 0.3935546875 0.57568359375 0.3916015625 0.57568359375 0.3779296875 0.599609375 0.380859375 0.60107421875 0.3828125 0.60009765625 0.3642578125
5 0.6591796875 0.3935546875 0.6513671875 0.388671875 0.64892578125 0.3876953125 0.64208984375 0.3876953125 0.63720703125 0.3984375 0.6357421875 0.4013671875 0.6357421875 0.4150390625 0.64794921875 0.419921875 0.6611328125 0.412109375
5 0.720703125 0.3779296875 0.732421875 0.376953125 0.73388671875 0.3798828125 0.734375 0.3857421875 0.7353515625 0.388671875 0.734375 0.3916015625 0.734375 0.3994140625 0.734375 0.40234375 0.73291015625 0.404296875 0.732421875 0.404296875 0.7314453125 0.3994140625 0.716796875 0.3994140625 0.7158203125 0.388671875
4 0.78076171875 0.0 0.7763671875 0.0166015625 0.77001953125 0.0263671875 0.76708984375 0.0263671875 0.76611328125 0.03125 0.76708984375 0.0390625 0.77001953125 0.0419921875 0.76953125 0.0478515625 0.76953125 0.0537109375 0.765625 0.052734375 0.763671875 0.05078125 0.75927734375 0.0498046875 0.75634765625 0.05078125 0.7568359375 0.0537109375 0.75830078125 0.056640625 0.75927734375 0.060546875 0.75927734375 0.0634765625 0.75927734375 0.0634765625 0.75927734375 0.068359375 0.75390625 0.0693359375 0.7529296875 0.07421875 0.75439453125 0.08203125 0.75634765625 0.087890625 0.7529296875 0.0859375 0.75 0.08984375 0.7490234375 0.09375 0.75244140625 0.1015625 0.7529296875 0.1064453125 0.7529296875 0.1083984375 0.75 0.1083984375 0.74853515625 0.1083984375 0.7470703125 0.111328125 0.7470703125 0.119140625 0.75 0.126953125 0.75 0.130859375 0.75146484375 0.1376953125 0.7470703125 0.138671875 0.74462890625 0.140625 0.74462890625 0.1435546875 0.7392578125 0.1435546875 0.734375 0.15234375 0.72998046875 0.1640625 0.732421875 0.1728515625 0.73681640625 0.17578125 0.7431640625 0.1787109375 0.73974609375 0.18359375 0.7431640625 0.1865234375 0.74169921875 0.193359375 0.74169921875 0.1962890625 0.74072265625 0.2021484375 0.74072265625 0.2041015625 0.73779296875 0.2041015625 0.73779296875 0.212890625 0.73681640625 0.228515625 0.7421875 0.2333984375 0.74560546875 0.2392578125 0.7470703125 0.2451171875 0.7421875 0.2451171875 0.7392578125 0.248046875 0.7431640625 0.2529296875 0.74560546875 0.2548828125 0.74609375 0.2626953125 0.74755859375 0.263671875 0.7470703125 0.2685546875 0.74853515625 0.2734375 0.75146484375 0.2744140625 0.75439453125 0.2705078125 0.7529296875 0.279296875 0.75390625 0.2900390625 0.75537109375 0.2958984375 0.75927734375 0.30078125 0.76025390625 0.302734375 0.75927734375 0.310546875 0.7607421875 0.3134765625 0.763671875 0.318359375 0.7646484375 0.3193359375 0.765625 0.3212890625 0.7685546875 0.3212890625 0.765625 0.3251953125 0.771484375 0.3330078125 0.77685546875 0.337890625 0.7822265625 0.3359375 0.7861328125 0.3330078125 0.78955078125 0.3330078125 0.794921875 0.34765625 0.80029296875 0.3544921875 0.8017578125 0.3623046875 0.79931640625 0.3828125 0.79931640625 0.4462890625 0.79931640625 0.447265625 0.80810546875 0.44921875 0.80810546875 0.3671875 0.8115234375 0.3544921875 0.81396484375 0.3505859375 0.81494140625 0.345703125 0.8193359375 0.3486328125 0.82421875 0.33984375 0.82861328125 0.3427734375 0.828125 0.3359375 0.82568359375 0.330078125 0.826171875 0.3271484375 0.826171875 0.32421875 0.833984375 0.322265625 0.837890625 0.33203125 0.84326171875 0.337890625 0.8447265625 0.3359375 0.8447265625 0.330078125 0.849609375 0.3271484375 0.85498046875 0.330078125 0.85498046875 0.3564453125 0.85791015625 0.3583984375 0.86474609375 0.3623046875 0.86962890625 0.361328125 0.8740234375 0.376953125 0.87353515625 0.4091796875 0.861328125 0.404296875 0.8564453125 0.3935546875 0.85107421875 0.3935546875 0.8408203125 0.3984375 0.837890625 0.4091796875 0.8349609375 0.4169921875 0.8349609375 0.4208984375 0.84033203125 0.427734375 0.900390625 0.4287109375 0.89990234375 0.41015625 0.900390625 0.40625 0.89990234375 0.3916015625 0.8974609375 0.3916015625 0.89208984375 0.3916015625 0.8857421875 0.4013671875 0.8828125 0.40234375 0.8828125 0.380859375 0.88427734375 0.375 0.88818359375 0.353515625 0.888671875 0.3359375 0.89208984375 0.3212890625 0.93896484375 0.2978515625 0.9228515625 0.1650390625 0.8779296875 0.109375 0.87255859375 0.08984375 0.8681640625 0.080078125 0.8642578125 0.07421875 0.8671875 0.0615234375 0.87060546875 0.0537109375 0.8671875 0.0419921875 0.8603515625 0.0478515625 0.859375 0.0341796875 0.85107421875 0.0244140625 0.85498046875 0.0185546875 0.8525390625 0.0087890625 0.85009765625 0.0 0.845703125 0.0
5 0.96533203125 0.388671875 0.958984375 0.380859375 0.95361328125 0.3779296875 0.94287109375 0.376953125 0.93896484375 0.3798828125 0.9296875 0.3837890625 0.93115234375 0.4013671875 0.96044921875 0.4140625 0.966796875 0.4091796875
5 0.974609375 0.412109375 0.96533203125 0.390625 0.951171875 0.3857421875 0.93212890625 0.3857421875 0.9267578125 0.390625 0.916015625 0.404296875 0.9052734375 0.4072265625 0.90185546875 0.4091796875 0.900390625 0.412109375 0.9013671875 0.43359375 0.90673828125 0.4365234375 0.908203125 0.439453125 0.91064453125 0.44140625 0.912109375 0.439453125 0.91455078125 0.435546875 0.92041015625 0.435546875 0.93115234375 0.4384765625 0.94287109375 0.4365234375 0.9443359375 0.4384765625 0.94677734375 0.439453125 0.94970703125 0.439453125 0.95361328125 0.4384765625 0.970703125 0.427734375
4 0.91650390625 0.4755859375 0.9189453125 0.3193359375 0.9189453125 0.310546875 0.91455078125 0.310546875 0.91357421875 0.302734375 0.91259765625 0.3037109375 0.908203125 0.306640625 0.908203125 0.306640625 0.908203125 0.306640625 0.90185546875 0.3056640625 0.888671875 0.294921875 0.8818359375 0.2900390625 0.87109375 0.2744140625 0.8671875 0.25 0.86474609375 0.2314453125 0.86474609375 0.2021484375 0.86279296875 0.18359375 0.861328125 0.169921875 0.86181640625 0.1455078125 0.86328125 0.123046875 0.8671875 0.111328125 0.87060546875 0.1015625 0.87255859375 0.1015625 0.87255859375 0.072265625 0.875 0.05859375 0.87744140625 0.05859375 0.8779296875 0.0458984375 0.8828125 0.0458984375 0.8857421875 0.0419921875 0.88818359375 0.037109375 0.89599609375 0.0263671875 0.9013671875 0.03125 0.90576171875 0.021484375 0.9033203125 0.0087890625 0.90673828125 0.0 0.99951171875 0.0 0.99951171875 0.0341796875 0.99951171875 0.43359375 0.9716796875 0.4248046875 0.9677734375 0.3984375 0.96044921875 0.3828125 0.93115234375 0.375 0.93359375 0.359375 0.921875 0.3642578125 0.923828125 0.4736328125
5 0.62646484375 0.498046875 0.6279296875 0.455078125 0.6279296875 0.44140625 0.63037109375 0.4384765625 0.6357421875 0.427734375 0.63720703125 0.4248046875 0.6318359375 0.4248046875 0.62890625 0.4228515625 0.6279296875 0.4208984375 0.6279296875 0.4150390625 0.62890625 0.412109375 0.63525390625 0.412109375 0.6357421875 0.412109375 0.63671875 0.4140625 0.63720703125 0.41796875 0.638671875 0.41796875 0.64599609375 0.3984375 0.64990234375 0.388671875 0.6552734375 0.380859375 0.6572265625 0.3779296875 0.6953125 0.3779296875 0.71826171875 0.3828125 0.720703125 0.3857421875 0.7236328125 0.390625 0.73046875 0.4140625 0.736328125 0.4365234375 0.73681640625 0.4580078125 0.73828125 0.462890625 0.7392578125 0.4658203125 0.736328125 0.484375 0.736328125 0.505859375 0.73388671875 0.521484375 0.732421875 0.5244140625 0.7216796875 0.5234375 0.720703125 0.521484375 0.7197265625 0.5107421875 0.71923828125 0.5078125 0.71533203125 0.505859375 0.71435546875 0.5029296875 0.708984375 0.501953125 0.70849609375 0.5087890625 0.69775390625 0.5078125 0.69580078125 0.5029296875 0.69580078125 0.5029296875 0.6572265625 0.5 0.65673828125 0.5 0.6552734375 0.5166015625 0.65185546875 0.5205078125 0.646484375 0.5185546875 0.6435546875 0.5166015625 0.642578125 0.515625 0.64111328125 0.5087890625 0.64208984375 0.4970703125 0.638671875 0.4970703125 0.63818359375 0.5029296875 0.63720703125 0.5048828125 0.63525390625 0.5048828125 0.62890625 0.5048828125
