1 0.0810546875 0.4287109375 0.2822265625 0.4150390625 0.27880859375 0.451171875 0.06640625 0.4658203125
0 0.0771484375 0.4560546875 0.1015625 0.455078125 0.16455078125 0.447265625 0.1826171875 0.443359375 0.20361328125 0.4453125 0.2685546875 0.443359375 0.32470703125 0.439453125 0.3525390625 0.435546875 0.41162109375 0.4296875 0.4150390625 0.40625 0.4404296875 0.4033203125 0.4560546875 0.3837890625 0.46337890625 0.369140625 0.49267578125 0.4013671875 0.6005859375 0.431640625 0.7216796875 0.421875 0.89794921875 0.4130859375 0.99951171875 0.8779296875 0.99951171875 0.9990234375 0.0 0.9990234375 0.0 0.4384765625
2 0.353515625 0.412109375 0.36474609375 0.4140625 0.3701171875 0.4287109375 0.36865234375 0.43359375 0.35498046875 0.43359375
1 0.3291015625 0.439453125 0.37060546875 0.4375 0.3935546875 0.4365234375 0.4140625 0.4375 0.416015625 0.4267578125 0.41259765625 0.41796875 0.37890625 0.4013671875 0.365234375 0.4013671875 0.3583984375 0.40234375 0.35888671875 0.4169921875 0.36328125 0.4169921875 0.36669921875 0.4208984375 0.3671875 0.4267578125 0.3671875 0.4296875 0.35986328125 0.4296875 0.3544921875 0.4326171875 0.3505859375 0.4326171875 0.32470703125 0.4287109375
2 0.0 0.0 0.36474609375 0.0 0.36669921875 0.103515625 0.36767578125 0.10546875 0.3681640625 0.130859375 0.3671875 0.1337890625 0.3671875 0.1416015625 0.369140625 0.1416015625 0.369140625 0.1337890625 0.37255859375 0.1337890625 0.388671875 0.1337890625 0.38916015625 0.1357421875 0.39013671875 0.142578125 0.39453125 0.142578125 0.39404296875 0.1474609375 0.3974609375 0.1474609375 0.3974609375 0.1533203125 0.41015625 0.15234375 0.41455078125 0.1630859375 0.4228515625 0.1630859375 0.42333984375 0.2021484375 0.42724609375 0.203125 0.42822265625 0.2138671875 0.42822265625 0.2236328125 0.43115234375 0.2236328125 0.4326171875 0.2421875 0.4521484375 0.2412109375 0.45263671875 0.2412109375 0.453125 0.294921875 0.43115234375 0.400390625 0.39501953125 0.40234375 0.3583984375 0.404296875 0.35888671875 0.431640625 0.25244140625 0.431640625 0.05517578125 0.435546875 0.0 0.4384765625
2 0.6328125 0.0 0.99951171875 0.0 0.99951171875 0.5009765625 0.861328125 0.4736328125 0.859375 0.4306640625 0.81201171875 0.408203125 0.74365234375 0.427734375 0.697265625 0.4287109375 0.54541015625 0.4208984375 0.4501953125 0.3740234375 0.4521484375 0.23828125 0.46044921875 0.234375 0.4638671875 0.234375 0.46435546875 0.236328125 0.48046875 0.2236328125 0.48046875 0.208984375 0.494140625 0.20703125 0.50439453125 0.1982421875 0.50341796875 0.1044921875 0.52294921875 0.0830078125 0.5498046875 0.083984375 0.5517578125 0.0791015625 0.5791015625 0.0517578125 0.580078125 0.0439453125 0.58544921875 0.0400390625 0.58544921875 0.0341796875 0.59326171875 0.025390625 0.59912109375 0.0
1 0.71240234375 0.439453125 0.73291015625 0.4404296875 0.75146484375 0.4404296875 0.80419921875 0.44140625 0.86328125 0.4375 0.8564453125 0.431640625 0.830078125 0.4287109375 0.79931640625 0.4267578125 0.75244140625 0.4248046875 0.732421875 0.4208984375 0.68994140625 0.421875 0.64697265625 0.4208984375 0.62890625 0.421875 0.6298828125 0.4375 0.66796875 0.43359375 0.69873046875 0.4365234375
1 0.86083984375 0.4677734375 0.859375 0.4453125 0.82373046875 0.4482421875 0.7939453125 0.4521484375 0.77783203125 0.4560546875 0.7392578125 0.455078125 0.71533203125 0.462890625 0.734375 0.47265625 0.7734375 0.4873046875 0.79736328125 0.4990234375 0.78076171875 0.5126953125 0.72802734375 0.5263671875 0.705078125 0.541015625 0.6923828125 0.556640625 0.689453125 0.5791015625 0.6962890625 0.6044921875 0.75244140625 0.6533203125 0.767578125 0.677734375 0.80712890625 0.7197265625 0.99951171875 0.9306640625 0.99951171875 0.4873046875
4 0.99609375 0.0 0.796875 0.0 0.79296875 0.0224609375 0.79052734375 0.041015625 0.7841796875 0.0478515625 0.7626953125 0.078125 0.76220703125 0.0947265625 0.76708984375 0.1240234375 0.77197265625 0.1298828125 0.7783203125 0.126953125 0.77880859375 0.115234375 0.78466796875 0.115234375 0.78515625 0.1298828125 0.77734375 0.1396484375 0.77587890625 0.154296875 0.77978515625 0.1640625 0.7861328125 0.1640625 0.78564453125 0.16796875 0.77392578125 0.17578125 0.76904296875 0.1884765625 0.76904296875 0.1982421875 0.771484375 0.2041015625 0.77294921875 0.212890625 0.77978515625 0.20703125 0.78564453125 0.2109375 0.7880859375 0.212890625 0.7861328125 0.2197265625 0.78466796875 0.2265625 0.7900390625 0.2353515625 0.7841796875 0.2451171875 0.77587890625 0.2548828125 0.76513671875 0.26953125 0.76953125 0.2841796875 0.76806640625 0.3349609375 0.76806640625 0.3857421875 0.77490234375 0.3662109375 0.78076171875 0.37109375 0.78466796875 0.37890625 0.787109375 0.3798828125 0.79833984375 0.380859375 0.80419921875 0.3857421875 0.76806640625 0.4150390625 0.76904296875 0.4267578125 0.82568359375 0.43359375 0.861328125 0.4326171875 0.86083984375 0.3232421875 0.9130859375 0.31640625 0.9462890625 0.3125 0.947265625 0.3095703125 0.9541015625 0.30859375 0.9541015625 0.1982421875 0.99951171875 0.1884765625 0.99951171875 0.0
4 0.43310546875 0.26953125 0.4404296875 0.2646484375 0.44580078125 0.265625 0.44970703125 0.2724609375 0.45166015625 0.2763671875 0.4521484375 0.2802734375 0.45166015625 0.287109375 0.44970703125 0.2900390625 0.455078125 0.2939453125 0.46044921875 0.296875 0.46533203125 0.2978515625 0.466796875 0.3017578125 0.46826171875 0.3125 0.470703125 0.31640625 0.47412109375 0.3193359375 0.4755859375 0.326171875 0.47509765625 0.333984375 0.47705078125 0.349609375 0.47705078125 0.357421875 0.474609375 0.3681640625 0.4716796875 0.3759765625 0.46826171875 0.37890625 0.458984375 0.3818359375 0.45751953125 0.396484375 0.45068359375 0.4052734375 0.43017578125 0.3564453125 0.427734375 0.34765625 0.427734375 0.337890625 0.42919921875 0.3330078125 0.4306640625 0.3251953125 0.43359375 0.3173828125
4 0.0 0.060546875 0.005859375 0.05859375 0.01611328125 0.0517578125 0.017578125 0.068359375 0.02197265625 0.0595703125 0.02734375 0.0712890625 0.0302734375 0.080078125 0.03369140625 0.0869140625 0.0322265625 0.1005859375 0.03564453125 0.10546875 0.037109375 0.087890625 0.04150390625 0.0751953125 0.046875 0.0791015625 0.0498046875 0.0703125 0.0537109375 0.072265625 0.0556640625 0.078125 0.0595703125 0.0810546875 0.0615234375 0.0947265625 0.0673828125 0.0830078125 0.0712890625 0.0830078125 0.0751953125 0.072265625 0.07666015625 0.0732421875 0.0791015625 0.07421875 0.080078125 0.078125 0.08203125 0.087890625 0.0859375 0.0986328125 0.08984375 0.10546875 0.091796875 0.1123046875 0.0888671875 0.126953125 0.087890625 0.1396484375 0.09033203125 0.1513671875 0.0908203125 0.1640625 0.09326171875 0.17578125 0.10107421875 0.1650390625 0.10205078125 0.15234375 0.10302734375 0.1416015625 0.10498046875 0.1376953125 0.107421875 0.134765625 0.111328125 0.138671875 0.11279296875 0.140625 0.11474609375 0.12890625 0.11376953125 0.10546875 0.1142578125 0.0966796875 0.1171875 0.095703125 0.1181640625 0.087890625 0.12158203125 0.0859375 0.12451171875 0.0869140625 0.12744140625 0.087890625 0.13134765625 0.0927734375 0.13525390625 0.0869140625 0.14013671875 0.095703125 0.14013671875 0.0693359375 0.1435546875 0.0712890625 0.146484375 0.07421875 0.14794921875 0.052734375 0.15283203125 0.046875 0.15478515625 0.05078125 0.15869140625 0.048828125 0.16259765625 0.056640625 0.16455078125 0.0615234375 0.16552734375 0.0732421875 0.16650390625 0.08203125 0.171875 0.0849609375 0.177734375 0.08203125 0.1826171875 0.0859375 0.18603515625 0.083984375 0.1865234375 0.078125 0.19091796875 0.0791015625 0.19189453125 0.0849609375 0.19677734375 0.087890625 0.20068359375 0.0810546875 0.2021484375 0.0693359375 0.20458984375 0.068359375 0.2080078125 0.0791015625 0.2099609375 0.07421875 0.2109375 0.068359375 0.2158203125 0.068359375 0.21826171875 0.08203125 0.21923828125 0.1005859375 0.22216796875 0.1064453125 0.2265625 0.107421875 0.2314453125 0.1083984375 0.22705078125 0.1142578125 0.22509765625 0.1220703125 0.22998046875 0.1259765625 0.23388671875 0.1298828125 0.236328125 0.1318359375 0.23681640625 0.1279296875 0.240234375 0.12890625 0.24365234375 0.1328125 0.25048828125 0.1328125 0.25146484375 0.138671875 0.25244140625 0.1669921875 0.255859375 0.1748046875 0.25732421875 0.1767578125 0.2548828125 0.1865234375 0.2490234375 0.1943359375 0.24853515625 0.2138671875 0.24609375 0.228515625 0.244140625 0.24609375 0.23681640625 0.2490234375 0.2373046875 0.2568359375 0.2421875 0.259765625 0.2421875 0.27734375 0.24755859375 0.2861328125 0.25341796875 0.29296875 0.25341796875 0.30078125 0.25634765625 0.34765625 0.24755859375 0.353515625 0.228515625 0.3544921875 0.22021484375 0.3662109375 0.2158203125 0.3720703125 0.201171875 0.365234375 0.1865234375 0.359375 0.18115234375 0.365234375 0.17626953125 0.3662109375 0.171875 0.369140625 0.1572265625 0.3583984375 0.13720703125 0.353515625 0.12841796875 0.3642578125 0.12255859375 0.3642578125 0.11083984375 0.3505859375 0.0947265625 0.345703125 0.087890625 0.3486328125 0.08447265625 0.357421875 0.06591796875 0.3544921875 0.037109375 0.35546875 0.025390625 0.3525390625 0.0 0.359375
5 0.1767578125 0.4072265625 0.1943359375 0.4072265625 0.19580078125 0.41015625 0.19580078125 0.4296875 0.189453125 0.44921875 0.185546875 0.4501953125 0.18310546875 0.447265625 0.17138671875 0.4453125 0.16796875 0.44921875 0.1640625 0.44921875 0.15576171875 0.435546875 0.16064453125 0.4091796875
5 0.31201171875 0.416015625 0.31884765625 0.416015625 0.3212890625 0.4169921875 0.32470703125 0.4189453125 0.3271484375 0.423828125 0.3330078125 0.423828125 0.33349609375 0.4296875 0.33447265625 0.4375 0.33349609375 0.44140625 0.3271484375 0.4423828125 0.3251953125 0.4453125 0.3212890625 0.4453125 0.31884765625 0.4443359375 0.30908203125 0.44140625 0.29638671875 0.4326171875 0.29931640625 0.42578125 0.30419921875 0.4189453125 0.3095703125 0.416015625
5 0.2744140625 0.412109375 0.2841796875 0.412109375 0.287109375 0.4140625 0.29248046875 0.4189453125 0.296875 0.423828125 0.298828125 0.427734375 0.3046875 0.4287109375 0.31005859375 0.4296875 0.314453125 0.431640625 0.31591796875 0.4365234375 0.31591796875 0.443359375 0.3154296875 0.44921875 0.31005859375 0.4501953125 0.30615234375 0.455078125 0.3017578125 0.4560546875 0.29638671875 0.4501953125 0.2724609375 0.451171875 0.2705078125 0.455078125 0.267578125 0.45703125 0.26220703125 0.455078125 0.2568359375 0.4453125 0.25927734375 0.419921875 0.2607421875 0.416015625 0.267578125 0.4130859375
1 0.462890625 0.4609375 0.47265625 0.458984375 0.48388671875 0.45703125 0.484375 0.4638671875 0.47802734375 0.4677734375 0.4638671875 0.4716796875 0.45166015625 0.474609375 0.4365234375 0.474609375 0.42431640625 0.474609375 0.42626953125 0.46875 0.4404296875 0.46484375 0.44970703125 0.4619140625
5 0.12158203125 0.4248046875 0.126953125 0.423828125 0.13427734375 0.423828125 0.13720703125 0.4267578125 0.142578125 0.4326171875 0.14892578125 0.43359375 0.15673828125 0.4365234375 0.15966796875 0.4423828125 0.158203125 0.451171875 0.15283203125 0.455078125 0.1484375 0.45703125 0.14404296875 0.45703125 0.14111328125 0.455078125 0.12109375 0.455078125 0.1181640625 0.45703125 0.11279296875 0.45703125 0.11083984375 0.4560546875 0.1083984375 0.453125 0.103515625 0.4521484375 0.1025390625 0.4404296875 0.10791015625 0.431640625 0.11328125 0.4287109375 0.119140625 0.4248046875
1 0.4716796875 0.4072265625 0.48291015625 0.4248046875 0.48046875 0.431640625 0.470703125 0.42578125 0.4619140625 0.419921875 0.4609375 0.408203125
5 0.365234375 0.3994140625 0.36962890625 0.3916015625 0.37451171875 0.390625 0.37744140625 0.390625 0.38134765625 0.40234375 0.3828125 0.4140625 0.37890625 0.416015625 0.369140625 0.4091796875
5 0.380859375 0.3896484375 0.38525390625 0.3896484375 0.38671875 0.39453125 0.39013671875 0.3974609375 0.39111328125 0.4033203125 0.388671875 0.4072265625 0.384765625 0.4130859375 0.38232421875 0.41015625 0.37841796875 0.392578125 0.37646484375 0.3896484375
5 0.4208984375 0.39453125 0.4296875 0.392578125 0.43212890625 0.4091796875 0.42236328125 0.404296875
5 0.41552734375 0.392578125 0.42138671875 0.392578125 0.42431640625 0.400390625 0.4248046875 0.4072265625 0.4248046875 0.4140625 0.4228515625 0.4140625 0.42138671875 0.4130859375 0.419921875 0.4130859375 0.419921875 0.4140625 0.41796875 0.4140625 0.41748046875 0.4130859375 0.4150390625 0.4130859375 0.4130859375 0.416015625 0.412109375 0.4150390625 0.412109375 0.412109375 0.40966796875 0.4091796875 0.4091796875 0.392578125
5 0.4384765625 0.3994140625 0.42431640625 0.4013671875 0.42333984375 0.41015625 0.42333984375 0.421875 0.423828125 0.4287109375 0.4248046875 0.4287109375 0.42626953125 0.427734375 0.4267578125 0.42578125 0.43798828125 0.42578125 0.44091796875 0.4208984375
5 0.447265625 0.3916015625 0.455078125 0.3935546875 0.45654296875 0.404296875 0.44970703125 0.4033203125
5 0.45166015625 0.4033203125 0.45458984375 0.39453125 0.46044921875 0.39453125 0.4619140625 0.4013671875 0.455078125 0.408203125
4 0.45849609375 0.380859375 0.45849609375 0.40625 0.45751953125 0.4072265625 0.4580078125 0.3720703125
5 0.45751953125 0.408203125 0.458984375 0.3974609375 0.4677734375 0.396484375 0.4716796875 0.4033203125 0.4736328125 0.416015625 0.470703125 0.416015625 0.4697265625 0.4150390625 0.45947265625 0.416015625
5 0.4482421875 0.4033203125 0.4521484375 0.4033203125 0.458984375 0.4033203125 0.4609375 0.4072265625 0.46240234375 0.408203125 0.46337890625 0.4091796875 0.46240234375 0.4130859375 0.462890625 0.4169921875 0.46337890625 0.4248046875 0.462890625 0.4267578125 0.4619140625 0.427734375 0.4599609375 0.4267578125 0.45166015625 0.427734375 0.44775390625 0.4267578125 0.447265625 0.421875 0.44677734375 0.416015625 0.44677734375 0.4072265625
5 0.509765625 0.416015625 0.52001953125 0.4169921875 0.521484375 0.41796875 0.52490234375 0.4287109375 0.52587890625 0.4296875 0.529296875 0.4296875 0.5302734375 0.4326171875 0.52978515625 0.435546875 0.52734375 0.4375 0.529296875 0.4443359375 0.52880859375 0.4541015625 0.52880859375 0.46484375 0.52783203125 0.466796875 0.52587890625 0.4677734375 0.5234375 0.4677734375 0.5126953125 0.455078125 0.501953125 0.419921875
5 0.49853515625 0.4150390625 0.513671875 0.4169921875 0.515625 0.4208984375 0.51904296875 0.4365234375 0.5205078125 0.435546875 0.52294921875 0.4365234375 0.52392578125 0.439453125 0.52392578125 0.4423828125 0.521484375 0.4443359375 0.52197265625 0.453125 0.52197265625 0.45703125 0.52197265625 0.4658203125 0.52197265625 0.4716796875 0.5205078125 0.4736328125 0.51708984375 0.4736328125 0.51416015625 0.4736328125 0.513671875 0.46875 0.49609375 0.46875 0.49560546875 0.4697265625 0.49365234375 0.4697265625 0.4921875 0.46875 0.48876953125 0.4677734375 0.48876953125 0.47265625 0.48681640625 0.474609375 0.48388671875 0.4736328125 0.4833984375 0.4716796875 0.482421875 0.4697265625 0.482421875 0.46484375 0.482421875 0.455078125 0.482421875 0.4453125 0.48291015625 0.443359375 0.482421875 0.439453125 0.4833984375 0.4375 0.484375 0.43359375 0.48681640625 0.4306640625 0.48974609375 0.416015625
5 0.69287109375 0.416015625 0.70458984375 0.416015625 0.70751953125 0.42578125 0.70849609375 0.4296875 0.7099609375 0.4326171875 0.71044921875 0.4384765625 0.71044921875 0.4619140625 0.71044921875 0.466796875 0.70458984375 0.466796875 0.7041015625 0.4619140625 0.70068359375 0.462890625 0.685546875 0.4619140625 0.68408203125 0.462890625 0.68359375 0.466796875 0.67919921875 0.4658203125 0.6787109375 0.4638671875 0.6787109375 0.455078125 0.6787109375 0.4482421875 0.6787109375 0.4384765625 0.6796875 0.43359375 0.677734375 0.4326171875 0.6767578125 0.4306640625 0.6787109375 0.4287109375 0.68017578125 0.4296875 0.6806640625 0.4296875 0.68212890625 0.42578125 0.68408203125 0.4189453125 0.68505859375 0.4169921875 0.6884765625 0.416015625
3 0.79541015625 0.3857421875 0.8095703125 0.388671875 0.810546875 0.4150390625 0.77197265625 0.416015625 0.771484375 0.3876953125
4 0.36767578125 0.396484375 0.37060546875 0.3935546875 0.37255859375 0.3955078125 0.373046875 0.3994140625 0.37255859375 0.4033203125 0.37158203125 0.40625 0.37060546875 0.408203125 0.369140625 0.408203125 0.36865234375 0.40625 0.36572265625 0.4052734375 0.3642578125 0.404296875 0.3623046875 0.40234375 0.361328125 0.400390625 0.36181640625 0.3974609375 0.3642578125 0.396484375
4 0.39697265625 0.3857421875 0.39794921875 0.380859375 0.3994140625 0.3779296875 0.40234375 0.376953125 0.40576171875 0.376953125 0.408203125 0.3779296875 0.4091796875 0.388671875 0.4091796875 0.396484375 0.408203125 0.4013671875 0.40869140625 0.40234375 0.412109375 0.4140625 0.4140625 0.419921875 0.39794921875 0.412109375 0.39404296875 0.41796875 0.39111328125 0.41796875 0.388671875 0.4150390625 0.390625 0.4072265625 0.39208984375 0.4013671875 0.39501953125 0.392578125
