0 0.99951171875 0.4208984375 0.56689453125 0.34375 0.38134765625 0.287109375 0.1484375 0.390625 0.0 0.470703125 0.0 0.9990234375 0.99951171875 0.9990234375
2 0.365234375 0.2333984375 0.37158203125 0.3173828125 0.38525390625 0.3271484375 0.4306640625 0.3271484375 0.4443359375 0.31640625 0.43798828125 0.2275390625 0.392578125 0.205078125
5 0.439453125 0.3115234375 0.41796875 0.3115234375 0.41552734375 0.3291015625 0.41455078125 0.349609375 0.4130859375 0.3681640625 0.41552734375 0.38671875 0.416015625 0.3935546875 0.4169921875 0.4052734375 0.42431640625 0.40625 0.443359375 0.3662109375
4 0.33935546875 0.1708984375 0.37353515625 0.17578125 0.39111328125 0.1884765625 0.4033203125 0.224609375 0.38330078125 0.259765625 0.37890625 0.275390625 0.38232421875 0.3017578125 0.36865234375 0.3310546875 0.31298828125 0.333984375 0.3095703125 0.2294921875
1 0.30810546875 0.3759765625 0.267578125 0.41796875 0.23291015625 0.4375 0.2177734375 0.4453125 0.19775390625 0.4482421875 0.1630859375 0.453125 0.1015625 0.4658203125 0.04833984375 0.470703125 0.0654296875 0.4287109375 0.07763671875 0.3955078125 0.158203125 0.33984375 0.27490234375 0.3515625
1 0.99951171875 0.4794921875 0.92431640625 0.474609375 0.91552734375 0.4501953125 0.833984375 0.4462890625 0.72998046875 0.4501953125 0.68212890625 0.4609375 0.67236328125 0.47265625 0.63232421875 0.47265625 0.583984375 0.4697265625 0.52734375 0.4609375 0.48876953125 0.4580078125 0.45947265625 0.4560546875 0.42919921875 0.4462890625 0.41845703125 0.435546875 0.4130859375 0.4228515625 0.41552734375 0.4052734375 0.42431640625 0.37890625 0.4580078125 0.3447265625 0.4912109375 0.349609375 0.57568359375 0.3515625 0.7275390625 0.3544921875 0.99951171875 0.3759765625
2 0.99951171875 0.43359375 0.60546875 0.4306640625 0.58642578125 0.4306640625 0.56689453125 0.423828125 0.5615234375 0.4189453125 0.513671875 0.3837890625 0.4951171875 0.3740234375 0.4873046875 0.369140625 0.466796875 0.3564453125 0.421875 0.193359375 0.46142578125 0.0 0.99951171875 0.0
2 0.314453125 0.0 0.314453125 0.0078125 0.3203125 0.025390625 0.3251953125 0.0400390625 0.328125 0.0439453125 0.3291015625 0.0517578125 0.33203125 0.0576171875 0.337890625 0.0673828125 0.3427734375 0.07421875 0.34765625 0.083984375 0.35009765625 0.0869140625 0.35498046875 0.109375 0.3564453125 0.109375 0.35546875 0.1181640625 0.35888671875 0.140625 0.35986328125 0.1552734375 0.35888671875 0.1826171875 0.35791015625 0.2109375 0.35888671875 0.2666015625 0.357421875 0.275390625 0.3515625 0.2724609375 0.34912109375 0.259765625 0.3466796875 0.2568359375 0.34423828125 0.25 0.337890625 0.25 0.33154296875 0.2578125 0.32421875 0.26171875 0.3251953125 0.2724609375 0.3291015625 0.2744140625 0.3291015625 0.279296875 0.328125 0.2822265625 0.3291015625 0.287109375 0.328125 0.296875 0.330078125 0.3076171875 0.33203125 0.3125 0.3369140625 0.3515625 0.2880859375 0.3857421875 0.2490234375 0.390625 0.22021484375 0.400390625 0.16845703125 0.400390625 0.15625 0.400390625 0.13134765625 0.40625 0.115234375 0.41015625 0.07666015625 0.4189453125 0.0 0.3642578125 0.0 0.0
5 0.04736328125 0.33203125 0.005859375 0.3271484375 0.0 0.326171875 0.0 0.4921875 0.01025390625 0.490234375 0.017578125 0.4873046875 0.02099609375 0.4775390625 0.02587890625 0.4775390625 0.03466796875 0.4794921875 0.0380859375 0.4775390625 0.04443359375 0.490234375 0.04931640625 0.4951171875 0.056640625 0.4970703125 0.06201171875 0.4921875 0.06591796875 0.4853515625 0.0693359375 0.4794921875 0.0703125 0.470703125 0.07763671875 0.4677734375 0.083984375 0.4599609375 0.08447265625 0.41015625 0.08154296875 0.38671875 0.07080078125 0.3544921875 0.06591796875 0.341796875 0.05712890625 0.3359375
4 0.10009765625 0.23828125 0.0966796875 0.17578125 0.1015625 0.12109375 0.1103515625 0.1142578125 0.1123046875 0.1044921875 0.1123046875 0.091796875 0.12744140625 0.0947265625 0.13330078125 0.091796875 0.14013671875 0.0947265625 0.15380859375 0.0810546875 0.15234375 0.0673828125 0.1708984375 0.06640625 0.16796875 0.0419921875 0.16943359375 0.0224609375 0.1748046875 0.0244140625 0.1708984375 0.044921875 0.17919921875 0.048828125 0.18701171875 0.03515625 0.18798828125 0.02734375 0.193359375 0.01953125 0.2001953125 0.0 0.0 0.0 0.0 0.0615234375 0.0087890625 0.0693359375 0.0244140625 0.0771484375 0.04296875 0.103515625 0.05322265625 0.09375 0.06591796875 0.0869140625 0.07275390625 0.0673828125 0.091796875 0.0673828125 0.0927734375 0.0986328125 0.0927734375 0.1416015625 0.08935546875 0.1611328125 0.091796875 0.25 0.09130859375 0.5126953125 0.09765625 0.5126953125
5 0.44189453125 0.3291015625 0.42431640625 0.3291015625 0.42236328125 0.33203125 0.41943359375 0.33984375 0.4169921875 0.3447265625 0.41796875 0.353515625 0.416015625 0.3583984375 0.41455078125 0.37890625 0.416015625 0.40625 0.42919921875 0.4130859375 0.4384765625 0.3935546875 0.45068359375 0.3544921875
4 0.39599609375 0.1923828125 0.384765625 0.2099609375 0.3837890625 0.2373046875 0.388671875 0.2568359375 0.388671875 0.2666015625 0.39111328125 0.2666015625 0.39208984375 0.2705078125 0.392578125 0.275390625 0.3984375 0.2841796875 0.4072265625 0.2919921875 0.40625 0.3017578125 0.41357421875 0.3076171875 0.41943359375 0.3095703125 0.42431640625 0.3095703125 0.42724609375 0.3076171875 0.4296875 0.322265625 0.44287109375 0.3115234375 0.4453125 0.2431640625 0.42724609375 0.1953125 0.40576171875 0.1884765625
5 0.44189453125 0.3388671875 0.42431640625 0.33984375 0.421875 0.349609375 0.419921875 0.365234375 0.41748046875 0.3623046875 0.416015625 0.3681640625 0.41796875 0.3935546875 0.42578125 0.408203125 0.44580078125 0.4013671875 0.44677734375 0.3544921875
4 0.3515625 0.0 0.3564453125 0.0068359375 0.361328125 0.009765625 0.357421875 0.0205078125 0.361328125 0.0302734375 0.36279296875 0.0322265625 0.3623046875 0.0419921875 0.36669921875 0.0400390625 0.37158203125 0.0439453125 0.3701171875 0.0517578125 0.37109375 0.0546875 0.36669921875 0.064453125 0.36279296875 0.07421875 0.35986328125 0.0791015625 0.35546875 0.0869140625 0.35498046875 0.0966796875 0.357421875 0.099609375 0.35986328125 0.1083984375 0.35791015625 0.119140625 0.34912109375 0.1318359375 0.34130859375 0.1416015625 0.3427734375 0.1513671875 0.3505859375 0.158203125 0.3505859375 0.166015625 0.3505859375 0.18359375 0.357421875 0.185546875 0.36376953125 0.203125 0.38720703125 0.1953125 0.38623046875 0.2177734375 0.40234375 0.2294921875 0.42431640625 0.240234375 0.42724609375 0.25 0.431640625 0.2626953125 0.435546875 0.2822265625 0.4384765625 0.3095703125 0.435546875 0.31640625 0.4306640625 0.3212890625 0.43701171875 0.322265625 0.43701171875 0.3291015625 0.42431640625 0.333984375 0.41552734375 0.341796875 0.416015625 0.34375 0.4306640625 0.3369140625 0.42431640625 0.3466796875 0.43212890625 0.3486328125 0.43310546875 0.3583984375 0.4208984375 0.380859375 0.41943359375 0.4130859375 0.42431640625 0.4306640625 0.43310546875 0.4326171875 0.4814453125 0.4326171875 0.48046875 0.4052734375 0.47412109375 0.3984375 0.47265625 0.380859375 0.47509765625 0.3662109375 0.47265625 0.359375 0.47265625 0.353515625 0.46923828125 0.3486328125 0.47412109375 0.341796875 0.4814453125 0.333984375 0.4765625 0.3310546875 0.4677734375 0.3359375 0.4716796875 0.326171875 0.4765625 0.3212890625 0.47119140625 0.3193359375 0.4677734375 0.3095703125 0.46875 0.296875 0.4716796875 0.28515625 0.47119140625 0.2744140625 0.46630859375 0.2724609375 0.46875 0.2646484375 0.4716796875 0.2626953125 0.46875 0.2529296875 0.4716796875 0.2421875 0.4716796875 0.2373046875 0.47802734375 0.2333984375 0.4853515625 0.2294921875 0.494140625 0.2294921875 0.4990234375 0.23046875 0.4990234375 0.220703125 0.50244140625 0.23046875 0.50732421875 0.2333984375 0.50830078125 0.2294921875 0.5048828125 0.220703125 0.51123046875 0.224609375 0.5126953125 0.2333984375 0.51708984375 0.2275390625 0.5185546875 0.22265625 0.5224609375 0.2109375 0.5244140625 0.2001953125 0.5185546875 0.1923828125 0.51123046875 0.1826171875 0.51123046875 0.173828125 0.51708984375 0.1728515625 0.513671875 0.158203125 0.51513671875 0.15625 0.52099609375 0.1640625 0.52587890625 0.1630859375 0.5322265625 0.1611328125 0.5380859375 0.1533203125 0.53955078125 0.1337890625 0.537109375 0.12109375 0.5361328125 0.109375 0.52587890625 0.123046875 0.52001953125 0.126953125 0.52001953125 0.1181640625 0.513671875 0.1083984375 0.513671875 0.0986328125 0.5185546875 0.1044921875 0.5244140625 0.111328125 0.52978515625 0.1083984375 0.52587890625 0.1015625 0.5224609375 0.09375 0.5244140625 0.0859375 0.52587890625 0.0810546875 0.52734375 0.0673828125 0.53466796875 0.0615234375 0.54052734375 0.064453125 0.54345703125 0.0576171875 0.53955078125 0.056640625 0.54052734375 0.0439453125 0.53076171875 0.046875 0.5283203125 0.0322265625 0.5322265625 0.0
5 0.40087890625 0.322265625 0.40576171875 0.322265625 0.40625 0.3271484375 0.408203125 0.33203125 0.4033203125 0.333984375 0.3994140625 0.33203125 0.3984375 0.3271484375 0.3984375 0.326171875 0.3984375 0.32421875 0.3994140625 0.322265625
5 0.361328125 0.3115234375 0.3740234375 0.3115234375 0.37744140625 0.3115234375 0.37890625 0.3173828125 0.3798828125 0.32421875 0.380859375 0.3388671875 0.380859375 0.353515625 0.380859375 0.361328125 0.365234375 0.3642578125 0.365234375 0.3369140625 0.36474609375 0.3271484375 0.3623046875 0.3173828125
5 0.3505859375 0.3369140625 0.35302734375 0.3388671875 0.3564453125 0.3388671875 0.35791015625 0.3447265625 0.35888671875 0.3486328125 0.361328125 0.3466796875 0.36279296875 0.3486328125 0.36279296875 0.3515625 0.3603515625 0.353515625 0.3603515625 0.3564453125 0.361328125 0.361328125 0.361328125 0.3662109375 0.361328125 0.3759765625 0.361328125 0.380859375 0.35888671875 0.3837890625 0.35546875 0.3818359375 0.34912109375 0.3740234375 0.34814453125 0.349609375
5 0.25244140625 0.298828125 0.2685546875 0.296875 0.2734375 0.2939453125 0.27490234375 0.2939453125 0.27490234375 0.296875 0.29931640625 0.296875 0.3056640625 0.298828125 0.30908203125 0.3037109375 0.3115234375 0.3095703125 0.3134765625 0.3291015625 0.3134765625 0.3369140625 0.3154296875 0.34375 0.31689453125 0.34375 0.31689453125 0.333984375 0.3193359375 0.333984375 0.32080078125 0.333984375 0.32275390625 0.349609375 0.32080078125 0.3515625 0.31591796875 0.3515625 0.31591796875 0.361328125 0.31787109375 0.369140625 0.3203125 0.3818359375 0.32080078125 0.3837890625 0.32080078125 0.3916015625 0.32080078125 0.4052734375 0.32080078125 0.4140625 0.3193359375 0.4140625 0.318359375 0.4228515625 0.31201171875 0.4228515625 0.31201171875 0.4189453125 0.3095703125 0.4189453125 0.3095703125 0.4287109375 0.3056640625 0.4306640625 0.3017578125 0.4306640625 0.3017578125 0.4189453125 0.2724609375 0.4189453125 0.27099609375 0.427734375 0.26513671875 0.427734375 0.263671875 0.4228515625 0.2626953125 0.416015625 0.2587890625 0.416015625 0.2587890625 0.43359375 0.2509765625 0.43359375 0.2490234375 0.4130859375 0.24853515625 0.40625 0.24609375 0.3935546875 0.24609375 0.3642578125 0.24853515625 0.31640625 0.2490234375 0.3017578125
1 0.99951171875 0.591796875 0.97998046875 0.58984375 0.9384765625 0.5869140625 0.88134765625 0.57421875 0.78466796875 0.5498046875 0.7548828125 0.5390625 0.73046875 0.525390625 0.72265625 0.5205078125 0.7177734375 0.5146484375 0.72021484375 0.509765625 0.7314453125 0.5029296875 0.75830078125 0.4970703125 0.78955078125 0.490234375 0.83056640625 0.4873046875 0.90185546875 0.4853515625 0.99951171875 0.4853515625
4 0.564453125 0.3681640625 0.56201171875 0.376953125 0.55908203125 0.390625 0.5556640625 0.396484375 0.55712890625 0.40625 0.560546875 0.4140625 0.56298828125 0.423828125 0.5693359375 0.4287109375 0.5751953125 0.42578125 0.57666015625 0.4208984375 0.578125 0.4140625 0.58154296875 0.4052734375 0.58056640625 0.396484375 0.5791015625 0.38671875 0.578125 0.380859375 0.57666015625 0.37109375 0.57568359375 0.3642578125 0.57080078125 0.3515625 0.56591796875 0.3515625 0.56591796875 0.3583984375
4 0.658203125 0.0 0.642578125 0.0439453125 0.6611328125 0.0322265625 0.66064453125 0.064453125 0.65966796875 0.09375 0.6533203125 0.103515625 0.65576171875 0.13671875 0.662109375 0.15625 0.662109375 0.1904296875 0.65869140625 0.2197265625 0.662109375 0.240234375 0.662109375 0.279296875 0.66943359375 0.3017578125 0.66845703125 0.3271484375 0.6748046875 0.3447265625 0.67236328125 0.37890625 0.6669921875 0.373046875 0.6669921875 0.3544921875 0.6611328125 0.3310546875 0.64599609375 0.3369140625 0.634765625 0.390625 0.64697265625 0.4453125 0.6611328125 0.4580078125 0.671875 0.453125 0.6884765625 0.400390625 0.72314453125 0.380859375 0.71533203125 0.259765625 0.7080078125 0.2080078125 0.70556640625 0.173828125 0.70556640625 0.140625 0.70703125 0.126953125 0.7119140625 0.1259765625 0.7119140625 0.109375 0.70654296875 0.109375 0.70654296875 0.103515625 0.708984375 0.099609375 0.70703125 0.09375 0.7041015625 0.0947265625 0.70263671875 0.0
5 0.99951171875 0.3583984375 0.98046875 0.359375 0.9638671875 0.36328125 0.94921875 0.376953125 0.97509765625 0.451171875 0.97509765625 0.4609375 0.99951171875 0.455078125
5 0.96142578125 0.36328125 0.92333984375 0.361328125 0.9033203125 0.36328125 0.888671875 0.3681640625 0.8701171875 0.388671875 0.85888671875 0.40625 0.8740234375 0.470703125 0.90625 0.46484375 0.91552734375 0.4775390625 0.9248046875 0.4775390625 0.93408203125 0.470703125 0.97412109375 0.470703125 0.97802734375 0.46484375 0.99267578125 0.451171875 0.99169921875 0.423828125 0.986328125 0.3955078125 0.97412109375 0.3759765625 0.9677734375 0.3681640625
5 0.78369140625 0.373046875 0.80322265625 0.36328125 0.80224609375 0.3466796875 0.8095703125 0.3642578125 0.8388671875 0.3662109375 0.8564453125 0.369140625 0.85986328125 0.373046875 0.861328125 0.376953125 0.8662109375 0.3916015625 0.869140625 0.3984375 0.87353515625 0.41015625 0.875 0.4306640625 0.875 0.4462890625 0.8740234375 0.46484375 0.86865234375 0.4658203125 0.8662109375 0.4775390625 0.85498046875 0.4775390625 0.85302734375 0.4755859375 0.84814453125 0.4677734375 0.830078125 0.4658203125 0.82763671875 0.4755859375 0.82421875 0.4794921875 0.814453125 0.4794921875 0.8115234375 0.4755859375 0.80810546875 0.4658203125 0.78564453125 0.4658203125 0.7744140625 0.416015625
5 0.7138671875 0.3662109375 0.76513671875 0.3642578125 0.7861328125 0.3681640625 0.787109375 0.3740234375 0.7861328125 0.37890625 0.79443359375 0.4052734375 0.79345703125 0.4208984375 0.7958984375 0.443359375 0.79296875 0.4599609375 0.7880859375 0.4658203125 0.783203125 0.48046875 0.7685546875 0.4794921875 0.763671875 0.470703125 0.75732421875 0.4658203125 0.74169921875 0.4677734375 0.73974609375 0.4755859375 0.7353515625 0.4775390625 0.72802734375 0.4775390625 0.7216796875 0.474609375 0.716796875 0.46484375 0.6953125 0.4697265625 0.67724609375 0.4755859375 0.66943359375 0.47265625 0.66845703125 0.4609375 0.66552734375 0.455078125 0.66552734375 0.4423828125 0.66796875 0.4189453125 0.67333984375 0.4111328125 0.6796875 0.4033203125 0.68212890625 0.3984375 0.68798828125 0.3916015625 0.7001953125 0.3759765625 0.70654296875 0.369140625
