0 0.99951171875 0.4677734375 0.783203125 0.4921875 0.0 0.5810546875 0.0 0.9990234375 0.99951171875 0.9990234375
1 0.0 0.611328125 0.0615234375 0.6044921875 0.12158203125 0.59765625 0.23876953125 0.5859375 0.36474609375 0.5732421875 0.44677734375 0.56640625 0.537109375 0.5556640625 0.6748046875 0.54296875 0.83154296875 0.5224609375 0.93408203125 0.5068359375 0.97998046875 0.501953125 0.99951171875 0.5 0.99951171875 0.4033203125 0.95703125 0.390625 0.8544921875 0.4140625 0.76904296875 0.423828125 0.720703125 0.431640625 0.662109375 0.43359375 0.47412109375 0.4619140625 0.35498046875 0.4677734375 0.24560546875 0.4599609375 0.11083984375 0.4619140625 0.0 0.474609375
2 0.0 0.4990234375 0.20166015625 0.4755859375 0.208984375 0.0 0.0 0.0
2 0.99951171875 0.42578125 0.99658203125 0.4267578125 0.98828125 0.4267578125 0.98828125 0.419921875 0.9658203125 0.41796875 0.9560546875 0.4169921875 0.92529296875 0.4189453125 0.90087890625 0.423828125 0.89306640625 0.42578125 0.8818359375 0.4267578125 0.8466796875 0.4326171875 0.81201171875 0.4384765625 0.80908203125 0.44140625 0.7939453125 0.443359375 0.7939453125 0.466796875 0.7734375 0.4716796875 0.75537109375 0.466796875 0.75537109375 0.4482421875 0.72119140625 0.4501953125 0.720703125 0.4541015625 0.720703125 0.455078125 0.70458984375 0.458984375 0.6982421875 0.458984375 0.64453125 0.46484375 0.63330078125 0.46484375 0.61572265625 0.4697265625 0.61083984375 0.48046875 0.6025390625 0.484375 0.5888671875 0.4853515625 0.54833984375 0.4892578125 0.53515625 0.4892578125 0.521484375 0.4892578125 0.50048828125 0.486328125 0.49267578125 0.4853515625 0.43115234375 0.49609375 0.36181640625 0.5068359375 0.35205078125 0.5068359375 0.31787109375 0.4990234375 0.275390625 0.490234375 0.24755859375 0.4833984375 0.20361328125 0.4755859375 0.1533203125 0.4814453125 0.150390625 0.4794921875 0.1494140625 0.4384765625 0.14697265625 0.3173828125 0.1455078125 0.2333984375 0.1484375 0.2314453125 0.189453125 0.2314453125 0.189453125 0.2275390625 0.18701171875 0.2255859375 0.18505859375 0.0205078125 0.18505859375 0.0 0.99951171875 0.0
4 0.69775390625 0.419921875 0.69580078125 0.4033203125 0.69384765625 0.396484375 0.69189453125 0.392578125 0.68994140625 0.388671875 0.68701171875 0.3837890625 0.68408203125 0.380859375 0.6787109375 0.37890625 0.6748046875 0.37890625 0.6708984375 0.37890625 0.6669921875 0.3779296875 0.6650390625 0.3798828125 0.6611328125 0.3837890625 0.65869140625 0.388671875 0.65625 0.3955078125 0.65478515625 0.41015625 0.65673828125 0.419921875 0.65869140625 0.4248046875 0.66455078125 0.4306640625 0.6904296875 0.4365234375 0.69677734375 0.4296875
4 0.4892578125 0.4482421875 0.48974609375 0.4404296875 0.4892578125 0.435546875 0.48779296875 0.4287109375 0.486328125 0.423828125 0.48583984375 0.4169921875 0.48291015625 0.41015625 0.47802734375 0.40625 0.4736328125 0.40234375 0.4677734375 0.400390625 0.4609375 0.3974609375 0.45849609375 0.3994140625 0.4560546875 0.4013671875 0.45166015625 0.4052734375 0.44482421875 0.4150390625 0.44189453125 0.4189453125 0.43994140625 0.42578125 0.4384765625 0.435546875 0.43701171875 0.443359375 0.43701171875 0.4501953125 0.447265625 0.4599609375 0.47412109375 0.458984375 0.48974609375 0.453125
3 0.9638671875 0.427734375 0.6748046875 0.4521484375 0.30517578125 0.4736328125 0.0 0.4931640625 0.0 0.4990234375 0.02880859375 0.4990234375 0.12451171875 0.4921875 0.203125 0.48828125 0.375 0.4765625 0.65283203125 0.4599609375 0.89990234375 0.4384765625 0.96337890625 0.4326171875
3 0.1259765625 0.427734375 0.13232421875 0.427734375 0.134765625 0.58203125 0.12939453125 0.58203125
3 0.29833984375 0.419921875 0.298828125 0.4267578125 0.2998046875 0.564453125 0.30517578125 0.564453125 0.3046875 0.4189453125
3 0.4482421875 0.4140625 0.44873046875 0.501953125 0.44873046875 0.55078125 0.4541015625 0.55078125 0.45361328125 0.4921875 0.45361328125 0.4130859375
3 0.57958984375 0.408203125 0.583984375 0.408203125 0.58349609375 0.537109375 0.58349609375 0.5390625 0.5791015625 0.5390625
3 0.6953125 0.404296875 0.69482421875 0.525390625 0.69873046875 0.525390625 0.7001953125 0.4033203125
3 0.7958984375 0.3994140625 0.79541015625 0.513671875 0.79931640625 0.513671875 0.80029296875 0.3955078125
3 0.88330078125 0.39453125 0.88232421875 0.501953125 0.88623046875 0.501953125 0.88818359375 0.3916015625
3 0.0 0.4248046875 0.0322265625 0.423828125 0.142578125 0.41796875 0.52734375 0.404296875 0.76318359375 0.3935546875 0.96044921875 0.3828125 0.9619140625 0.3828125 0.9638671875 0.3837890625 0.96484375 0.3857421875 0.96533203125 0.388671875 0.96533203125 0.39453125 0.96435546875 0.4912109375 0.96337890625 0.4921875 0.9609375 0.4921875 0.96044921875 0.4912109375 0.9619140625 0.4130859375 0.9619140625 0.396484375 0.9619140625 0.3935546875 0.9609375 0.392578125 0.9599609375 0.3916015625 0.9580078125 0.390625 0.955078125 0.390625 0.60546875 0.4091796875 0.30517578125 0.421875 0.0166015625 0.435546875 0.0 0.4365234375
