0 0.88134765625 0.490234375 0.7001953125 0.5 0.4453125 0.4873046875 0.24853515625 0.48046875 0.05810546875 0.4755859375 0.01025390625 0.4833984375 0.0 0.6787109375 0.0 0.9990234375 0.99951171875 0.9990234375 0.99951171875 0.5771484375
1 0.1015625 0.4970703125 0.1748046875 0.4970703125 0.26611328125 0.5 0.3564453125 0.501953125 0.40869140625 0.501953125 0.42578125 0.5126953125 0.435546875 0.5166015625 0.5615234375 0.51953125 0.65087890625 0.5205078125 0.70263671875 0.5224609375 0.85888671875 0.5302734375 0.97509765625 0.4755859375 0.76513671875 0.396484375 0.14990234375 0.3642578125 0.08203125 0.4404296875 0.09130859375 0.4873046875
2 0.080078125 0.4560546875 0.134765625 0.4560546875 0.458984375 0.4609375 0.6845703125 0.4677734375 0.88232421875 0.470703125 0.99951171875 0.4677734375 0.99951171875 0.0 0.0 0.0 0.0 0.453125
3 0.0283203125 0.314453125 0.0302734375 0.3134765625 0.0947265625 0.3193359375 0.09326171875 0.322265625 0.09375 0.330078125 0.09326171875 0.3369140625 0.109375 0.3359375 0.134765625 0.3359375 0.13623046875 0.44140625 0.0078125 0.443359375 0.01171875 0.30859375
4 0.099609375 0.3974609375 0.103515625 0.3876953125 0.10888671875 0.380859375 0.115234375 0.380859375 0.11865234375 0.3857421875 0.12158203125 0.388671875 0.12548828125 0.3916015625 0.13134765625 0.39453125 0.13427734375 0.439453125 0.10595703125 0.4375 0.0947265625 0.4375 0.09521484375 0.41796875
4 0.9775390625 0.0 0.9765625 0.046875 0.97998046875 0.0576171875 0.98046875 0.083984375 0.9814453125 0.0966796875 0.9853515625 0.1142578125 0.98486328125 0.1455078125 0.9873046875 0.1787109375 0.9912109375 0.2255859375 0.994140625 0.2529296875 0.994140625 0.298828125 0.99755859375 0.341796875 0.98974609375 0.373046875 0.982421875 0.3642578125 0.97802734375 0.361328125 0.97265625 0.3466796875 0.96630859375 0.359375 0.96142578125 0.3740234375 0.96044921875 0.38671875 0.9501953125 0.390625 0.93798828125 0.388671875 0.92578125 0.38671875 0.91845703125 0.3935546875 0.91357421875 0.3837890625 0.90234375 0.380859375 0.8994140625 0.3740234375 0.89208984375 0.3818359375 0.89111328125 0.41015625 0.8876953125 0.4130859375 0.88232421875 0.4052734375 0.87646484375 0.4013671875 0.86865234375 0.400390625 0.86474609375 0.400390625 0.85791015625 0.41015625 0.861328125 0.4208984375 0.8603515625 0.4326171875 0.85791015625 0.443359375 0.84521484375 0.4384765625 0.84033203125 0.4462890625 0.8251953125 0.4462890625 0.8134765625 0.453125 0.8046875 0.4658203125 0.791015625 0.4609375 0.77978515625 0.4794921875 0.7724609375 0.462890625 0.763671875 0.4599609375 0.75341796875 0.453125 0.744140625 0.4580078125 0.7451171875 0.48046875 0.74658203125 0.4951171875 0.76025390625 0.48828125 0.76708984375 0.4931640625 0.767578125 0.5078125 0.76220703125 0.5078125 0.76123046875 0.498046875 0.75146484375 0.51171875 0.74755859375 0.5224609375 0.7548828125 0.5205078125 0.7412109375 0.5419921875 0.7490234375 0.5400390625 0.740234375 0.5595703125 0.7353515625 0.5947265625 0.744140625 0.5869140625 0.74755859375 0.5859375 0.744140625 0.5986328125 0.73779296875 0.6142578125 0.73291015625 0.6337890625 0.73291015625 0.6533203125 0.73876953125 0.677734375 0.76123046875 0.712890625 0.77490234375 0.724609375 0.86474609375 0.7431640625 0.99951171875 0.7646484375 0.99951171875 0.0
4 0.55712890625 0.0 0.55712890625 0.02734375 0.5556640625 0.046875 0.556640625 0.0693359375 0.55712890625 0.111328125 0.556640625 0.1416015625 0.5556640625 0.18359375 0.55712890625 0.25 0.556640625 0.3046875 0.5556640625 0.3486328125 0.5546875 0.4189453125 0.5517578125 0.4794921875 0.556640625 0.4833984375 0.568359375 0.48046875 0.57177734375 0.4794921875 0.5703125 0.4599609375 0.568359375 0.3857421875 0.5693359375 0.3173828125 0.5693359375 0.2578125 0.5693359375 0.23828125 0.56787109375 0.2080078125 0.568359375 0.1904296875 0.56689453125 0.1611328125 0.568359375 0.1337890625 0.568359375 0.123046875 0.56787109375 0.0771484375 0.56787109375 0.0390625 0.57177734375 0.017578125 0.57177734375 0.0
4 0.37646484375 0.0 0.3740234375 0.0146484375 0.36474609375 0.03515625 0.36279296875 0.0615234375 0.36279296875 0.0947265625 0.365234375 0.1064453125 0.36279296875 0.119140625 0.36279296875 0.2431640625 0.365234375 0.416015625 0.36865234375 0.48046875 0.35498046875 0.48046875 0.34814453125 0.4755859375 0.3505859375 0.4658203125 0.3525390625 0.4404296875 0.34912109375 0.1875 0.3505859375 0.1044921875 0.3505859375 0.0615234375 0.34814453125 0.0341796875 0.34619140625 0.0146484375 0.341796875 0.0
4 0.2353515625 0.0 0.23486328125 0.0966796875 0.2373046875 0.16796875 0.24267578125 0.25 0.244140625 0.3017578125 0.2490234375 0.435546875 0.2509765625 0.4853515625 0.23974609375 0.4755859375 0.23388671875 0.474609375 0.2353515625 0.369140625 0.23486328125 0.2802734375 0.23046875 0.23046875 0.2275390625 0.1904296875 0.2265625 0.140625 0.22509765625 0.1181640625 0.22314453125 0.0966796875 0.22412109375 0.0791015625 0.22265625 0.0146484375 0.22119140625 0.0
1 0.037109375 0.751953125 0.09130859375 0.748046875 0.15478515625 0.7333984375 0.2138671875 0.7158203125 0.2646484375 0.677734375 0.30712890625 0.6484375 0.34423828125 0.630859375 0.412109375 0.603515625 0.48779296875 0.583984375 0.541015625 0.5673828125 0.55810546875 0.5625 0.54296875 0.5546875 0.47265625 0.5517578125 0.37841796875 0.5498046875 0.28564453125 0.548828125 0.1748046875 0.5419921875 0.11865234375 0.5419921875 0.01220703125 0.5390625
5 0.0595703125 0.3984375 0.06787109375 0.408203125 0.07666015625 0.4208984375 0.080078125 0.42578125 0.09423828125 0.4287109375 0.10498046875 0.4326171875 0.11669921875 0.4404296875 0.12353515625 0.455078125 0.125 0.47265625 0.12353515625 0.4833984375 0.12158203125 0.4873046875 0.1201171875 0.48828125 0.1103515625 0.4921875 0.1103515625 0.4951171875 0.10400390625 0.5029296875 0.1015625 0.5048828125 0.0966796875 0.5048828125 0.0927734375 0.501953125 0.09033203125 0.498046875 0.08056640625 0.5 0.0732421875 0.5 0.07275390625 0.5048828125 0.07080078125 0.51171875 0.05908203125 0.5126953125 0.0546875 0.5029296875 0.04443359375 0.498046875 0.03466796875 0.4921875 0.0 0.5126953125 0.00830078125 0.388671875 0.0361328125 0.388671875 0.04931640625 0.388671875 0.0556640625 0.3955078125 0.0556640625 0.3955078125
5 0.0361328125 0.369140625 0.03955078125 0.37890625 0.044921875 0.390625 0.0546875 0.41015625 0.06201171875 0.427734375 0.0615234375 0.4375 0.060546875 0.470703125 0.06201171875 0.474609375 0.06689453125 0.48046875 0.06591796875 0.4970703125 0.0634765625 0.5048828125 0.05712890625 0.509765625 0.02880859375 0.509765625 0.02490234375 0.376953125
4 0.0419921875 0.0 0.04296875 0.0126953125 0.041015625 0.025390625 0.05322265625 0.0126953125 0.0546875 0.025390625 0.06298828125 0.025390625 0.06298828125 0.037109375 0.0556640625 0.03515625 0.05810546875 0.0419921875 0.0615234375 0.044921875 0.0615234375 0.0498046875 0.05908203125 0.0546875 0.05322265625 0.056640625 0.05224609375 0.0693359375 0.0517578125 0.0712890625 0.04052734375 0.072265625 0.0419921875 0.0888671875 0.046875 0.09375 0.04833984375 0.099609375 0.05712890625 0.0947265625 0.068359375 0.091796875 0.07177734375 0.083984375 0.07763671875 0.07421875 0.07568359375 0.06640625 0.0830078125 0.0517578125 0.08447265625 0.064453125 0.08203125 0.0693359375 0.08203125 0.0771484375 0.080078125 0.08203125 0.07080078125 0.1044921875 0.06787109375 0.1083984375 0.06201171875 0.103515625 0.05322265625 0.1083984375 0.04833984375 0.1083984375 0.05078125 0.11328125 0.0615234375 0.119140625 0.05810546875 0.126953125 0.0517578125 0.13671875 0.04833984375 0.1318359375 0.03857421875 0.13671875 0.03955078125 0.1640625 0.04736328125 0.1552734375 0.0556640625 0.1552734375 0.06201171875 0.1552734375 0.0703125 0.1611328125 0.07568359375 0.1787109375 0.06787109375 0.173828125 0.06201171875 0.177734375 0.05810546875 0.1787109375 0.056640625 0.177734375 0.0546875 0.18359375 0.0458984375 0.1806640625 0.04833984375 0.185546875 0.05322265625 0.1923828125 0.046875 0.2001953125 0.04296875 0.2099609375 0.0361328125 0.212890625 0.0380859375 0.2451171875 0.041015625 0.2421875 0.0458984375 0.23828125 0.0546875 0.240234375 0.060546875 0.2353515625 0.064453125 0.248046875 0.0654296875 0.2373046875 0.0751953125 0.2353515625 0.07763671875 0.23828125 0.07275390625 0.2431640625 0.07275390625 0.25 0.07421875 0.2548828125 0.07666015625 0.2470703125 0.083984375 0.2548828125 0.0791015625 0.26171875 0.068359375 0.2646484375 0.06787109375 0.279296875 0.05810546875 0.2802734375 0.0556640625 0.2841796875 0.0556640625 0.2890625 0.04443359375 0.2919921875 0.05078125 0.2998046875 0.0458984375 0.3046875 0.04345703125 0.3115234375 0.0419921875 0.3173828125 0.05078125 0.33203125 0.04931640625 0.3544921875 0.0458984375 0.36328125 0.0419921875 0.36328125 0.04052734375 0.3544921875 0.0380859375 0.3564453125 0.0380859375 0.369140625 0.041015625 0.3818359375 0.046875 0.38671875 0.04736328125 0.37890625 0.0615234375 0.373046875 0.06298828125 0.3642578125 0.068359375 0.3662109375 0.0634765625 0.37890625 0.06787109375 0.388671875 0.080078125 0.376953125 0.08447265625 0.376953125 0.0751953125 0.3916015625 0.06787109375 0.400390625 0.06201171875 0.3984375 0.0595703125 0.4052734375 0.0517578125 0.4111328125 0.05078125 0.4189453125 0.04052734375 0.4189453125 0.03955078125 0.4130859375 0.0361328125 0.4130859375 0.0361328125 0.4423828125 0.0458984375 0.4482421875 0.05810546875 0.470703125 0.0654296875 0.4658203125 0.0654296875 0.4560546875 0.07177734375 0.4560546875 0.0693359375 0.4755859375 0.05224609375 0.4921875 0.0380859375 0.4931640625 0.03466796875 0.4931640625 0.03564453125 0.5595703125 0.01611328125 0.5615234375 0.0 0.4697265625 0.00244140625 0.33984375 0.00244140625 0.322265625 0.00244140625 0.2939453125 0.00341796875 0.2548828125 0.00390625 0.2353515625 0.00390625 0.150390625 0.0048828125 0.119140625 0.00390625 0.0546875 0.0048828125 0.0
5 0.05078125 0.658203125 0.046875 0.6962890625 0.041015625 0.76171875 0.03369140625 0.7939453125 0.02685546875 0.8173828125 0.01025390625 0.8310546875 0.0 0.822265625 0.0 0.4140625 0.01220703125 0.4423828125 0.02685546875 0.4501953125 0.0283203125 0.451171875 0.033203125 0.4609375 0.03125 0.4873046875 0.01953125 0.4951171875 0.02685546875 0.509765625 0.03076171875 0.5302734375 0.03466796875 0.556640625 0.03369140625 0.5791015625 0.033203125 0.5869140625 0.0361328125 0.5966796875 0.04443359375 0.611328125 0.04833984375 0.6259765625
3 0.798828125 0.5263671875 0.8115234375 0.5390625 0.880859375 0.548828125 0.9189453125 0.5546875 0.91796875 0.6044921875 0.85205078125 0.6005859375 0.845703125 0.6220703125 0.833984375 0.6220703125 0.82666015625 0.6005859375 0.81494140625 0.58984375 0.8095703125 0.5986328125 0.8095703125 0.6298828125 0.80615234375 0.62890625 0.79736328125 0.6005859375 0.79296875 0.58203125 0.7919921875 0.5703125 0.79248046875 0.533203125
