0 0.0 0.51171875 0.4287109375 0.380859375 0.5498046875 0.37890625 0.6416015625 0.3994140625 0.99951171875 0.578125 0.99951171875 0.9990234375 0.0 0.9990234375
1 0.59375 0.4091796875 0.6025390625 0.41015625 0.62451171875 0.41015625 0.6298828125 0.4189453125 0.609375 0.4267578125 0.5986328125 0.423828125 0.59716796875 0.41796875 0.58740234375 0.41015625 0.5888671875 0.4091796875
1 0.45166015625 0.3974609375 0.46484375 0.400390625 0.46533203125 0.40234375 0.43603515625 0.4140625 0.42822265625 0.4169921875 0.40966796875 0.4208984375 0.40283203125 0.42578125 0.39990234375 0.4306640625 0.390625 0.4296875 0.341796875 0.43359375 0.32080078125 0.44140625 0.20703125 0.4697265625 0.0 0.521484375 0.0 0.3359375 0.4287109375 0.3466796875
4 0.453125 0.2978515625 0.4580078125 0.2998046875 0.4619140625 0.3046875 0.46337890625 0.3046875 0.4638671875 0.296875 0.4658203125 0.2861328125 0.4677734375 0.2705078125 0.47265625 0.2333984375 0.47412109375 0.2275390625 0.4755859375 0.2275390625 0.4775390625 0.2431640625 0.48095703125 0.294921875 0.482421875 0.3193359375 0.482421875 0.326171875 0.48486328125 0.326171875 0.486328125 0.3212890625 0.4892578125 0.318359375 0.49267578125 0.31640625 0.49658203125 0.314453125 0.50048828125 0.3134765625 0.50439453125 0.318359375 0.50830078125 0.322265625 0.51171875 0.328125 0.51416015625 0.328125 0.51904296875 0.32421875 0.52197265625 0.3232421875 0.52392578125 0.318359375 0.52587890625 0.3115234375 0.52880859375 0.3193359375 0.53125 0.3212890625 0.53466796875 0.318359375 0.53759765625 0.326171875 0.54345703125 0.326171875 0.5458984375 0.3232421875 0.5546875 0.322265625 0.55908203125 0.3193359375 0.55810546875 0.306640625 0.55322265625 0.3125 0.54931640625 0.3056640625 0.54931640625 0.296875 0.548828125 0.2900390625 0.548828125 0.2841796875 0.55126953125 0.27734375 0.5546875 0.2783203125 0.55712890625 0.28125 0.55712890625 0.2734375 0.56005859375 0.2705078125 0.5634765625 0.2705078125 0.56640625 0.271484375 0.5693359375 0.2783203125 0.5693359375 0.271484375 0.5703125 0.2587890625 0.5732421875 0.2548828125 0.5751953125 0.2509765625 0.57958984375 0.2509765625 0.58154296875 0.2509765625 0.58251953125 0.2470703125 0.5859375 0.2451171875 0.58935546875 0.248046875 0.5908203125 0.251953125 0.595703125 0.2470703125 0.6005859375 0.24609375 0.60498046875 0.2509765625 0.6083984375 0.25390625 0.61181640625 0.2548828125 0.61474609375 0.25390625 0.61669921875 0.2451171875 0.62060546875 0.2421875 0.623046875 0.40625 0.61474609375 0.4052734375 0.58740234375 0.39453125 0.57958984375 0.388671875 0.57763671875 0.3857421875 0.5703125 0.3916015625 0.55615234375 0.390625 0.54833984375 0.392578125 0.50634765625 0.384765625 0.48828125 0.384765625 0.462890625 0.380859375 0.45263671875 0.376953125 0.4482421875 0.2958984375
5 0.4609375 0.3779296875 0.46484375 0.3818359375 0.4697265625 0.3818359375 0.47216796875 0.3828125 0.47265625 0.3857421875 0.4736328125 0.390625 0.4736328125 0.3935546875 0.470703125 0.3935546875 0.46875 0.39453125 0.4677734375 0.3955078125 0.46533203125 0.3955078125 0.462890625 0.3935546875 0.4541015625 0.3916015625 0.45458984375 0.3759765625 0.45849609375 0.3759765625
2 0.0 0.0 0.45361328125 0.0 0.45654296875 0.0146484375 0.462890625 0.04296875 0.4638671875 0.0458984375 0.46044921875 0.05078125 0.45751953125 0.193359375 0.455078125 0.31640625 0.45458984375 0.3828125 0.4560546875 0.3837890625 0.4560546875 0.400390625 0.404296875 0.412109375 0.3291015625 0.4189453125 0.22119140625 0.42578125 0.1298828125 0.427734375 0.0 0.458984375
2 0.73583984375 0.0 0.99951171875 0.0 0.99951171875 0.4501953125 0.7158203125 0.404296875 0.62841796875 0.4091796875 0.61962890625 0.40234375 0.6142578125 0.3994140625 0.61767578125 0.26953125 0.62255859375 0.0
5 0.57763671875 0.384765625 0.5830078125 0.3857421875 0.583984375 0.3857421875 0.5869140625 0.3896484375 0.5830078125 0.3955078125 0.57861328125 0.40234375 0.5771484375 0.40234375 0.576171875 0.3994140625 0.56494140625 0.3994140625 0.56298828125 0.3974609375 0.56396484375 0.3916015625 0.56640625 0.390625 0.57177734375 0.3896484375 0.5732421875 0.3876953125 0.5751953125 0.3857421875
3 0.40234375 0.3759765625 0.4169921875 0.3779296875 0.4169921875 0.3994140625 0.40478515625 0.400390625 0.40380859375 0.4013671875 0.40380859375 0.40625 0.40234375 0.4072265625 0.40234375 0.3759765625
5 0.14404296875 0.3330078125 0.16650390625 0.337890625 0.17431640625 0.3427734375 0.18359375 0.35546875 0.189453125 0.3681640625 0.19580078125 0.384765625 0.20068359375 0.3857421875 0.20263671875 0.3876953125 0.20263671875 0.3974609375 0.20166015625 0.3994140625 0.2060546875 0.4072265625 0.2080078125 0.4169921875 0.2080078125 0.4189453125 0.2109375 0.4296875 0.21240234375 0.439453125 0.212890625 0.4609375 0.21044921875 0.4814453125 0.20947265625 0.4912109375 0.20751953125 0.5009765625 0.2060546875 0.5048828125 0.2001953125 0.5048828125 0.1953125 0.50390625 0.1943359375 0.4921875 0.18798828125 0.490234375 0.1630859375 0.49609375 0.16259765625 0.501953125 0.15869140625 0.5185546875 0.15478515625 0.521484375 0.146484375 0.521484375 0.14306640625 0.51953125 0.14013671875 0.5029296875 0.12841796875 0.498046875 0.12548828125 0.498046875 0.119140625 0.4990234375 0.1142578125 0.4970703125 0.111328125 0.4921875 0.08203125 0.4873046875 0.04541015625 0.4091796875 0.05322265625 0.39453125 0.06005859375 0.37890625 0.06396484375 0.365234375 0.07373046875 0.3369140625 0.0791015625 0.333984375 0.08935546875 0.33203125 0.0986328125 0.33203125 0.12353515625 0.3310546875
5 0.0 0.33984375 0.00830078125 0.3427734375 0.0244140625 0.3544921875 0.03466796875 0.3662109375 0.04541015625 0.3828125 0.05224609375 0.3974609375 0.05419921875 0.400390625 0.05517578125 0.3935546875 0.05810546875 0.3916015625 0.060546875 0.392578125 0.064453125 0.400390625 0.06640625 0.4091796875 0.06591796875 0.41796875 0.07275390625 0.4287109375 0.07958984375 0.4404296875 0.083984375 0.44921875 0.08837890625 0.466796875 0.0888671875 0.486328125 0.0869140625 0.513671875 0.08349609375 0.52734375 0.07958984375 0.546875 0.076171875 0.5546875 0.0693359375 0.556640625 0.05908203125 0.556640625 0.05419921875 0.5498046875 0.0517578125 0.537109375 0.0 0.5517578125
5 0.47998046875 0.3759765625 0.48291015625 0.3759765625 0.48388671875 0.3837890625 0.48193359375 0.3955078125 0.4794921875 0.392578125 0.47607421875 0.392578125 0.47607421875 0.39453125 0.47412109375 0.39453125 0.47265625 0.3857421875 0.4736328125 0.3798828125 0.47412109375 0.3759765625 0.47509765625 0.3740234375
5 0.55810546875 0.388671875 0.56201171875 0.3896484375 0.56201171875 0.3916015625 0.56298828125 0.3935546875 0.56298828125 0.3974609375 0.56298828125 0.3994140625 0.56103515625 0.3994140625 0.560546875 0.3974609375 0.55419921875 0.3974609375 0.55419921875 0.3955078125 0.55419921875 0.3935546875 0.55517578125 0.3916015625 0.5556640625 0.388671875
5 0.548828125 0.3896484375 0.55224609375 0.3896484375 0.55322265625 0.3916015625 0.5537109375 0.3935546875 0.5537109375 0.3974609375 0.55224609375 0.3974609375 0.548828125 0.3974609375 0.54638671875 0.3974609375 0.54541015625 0.392578125 0.546875 0.390625
5 0.53564453125 0.380859375 0.541015625 0.380859375 0.54296875 0.3818359375 0.54541015625 0.384765625 0.54638671875 0.3896484375 0.546875 0.3955078125 0.54638671875 0.3974609375 0.54296875 0.3974609375 0.53759765625 0.396484375 0.53173828125 0.39453125 0.53076171875 0.3896484375 0.53173828125 0.3857421875 0.53369140625 0.3828125
5 0.63916015625 0.3974609375 0.64306640625 0.3955078125 0.650390625 0.39453125 0.65380859375 0.3955078125 0.65625 0.400390625 0.63134765625 0.4150390625 0.6240234375 0.427734375 0.62255859375 0.4267578125 0.6201171875 0.4248046875 0.61962890625 0.4208984375 0.62060546875 0.4169921875 0.62158203125 0.4130859375 0.623046875 0.41015625 0.62646484375 0.408203125 0.6318359375 0.4052734375 0.634765625 0.4033203125
5 0.63671875 0.41015625 0.6435546875 0.4072265625 0.64990234375 0.404296875 0.65234375 0.40234375 0.6552734375 0.3994140625 0.673828125 0.396484375 0.6484375 0.427734375 0.6435546875 0.431640625 0.6416015625 0.43359375 0.63916015625 0.4326171875 0.63720703125 0.431640625 0.63525390625 0.4306640625 0.63232421875 0.4306640625 0.63134765625 0.4287109375 0.6298828125 0.423828125 0.63037109375 0.4189453125 0.6328125 0.4150390625
5 0.6689453125 0.3935546875 0.6533203125 0.4365234375 0.6494140625 0.4365234375 0.646484375 0.4365234375 0.64453125 0.43359375 0.64404296875 0.427734375 0.6435546875 0.421875 0.6455078125 0.4140625 0.64892578125 0.4091796875 0.654296875 0.4052734375 0.66015625 0.4013671875
5 0.67822265625 0.3828125 0.68359375 0.3828125 0.703125 0.384765625 0.7099609375 0.3857421875 0.716796875 0.388671875 0.68212890625 0.421875 0.6669921875 0.4404296875 0.6640625 0.4423828125 0.66015625 0.4423828125 0.658203125 0.439453125 0.6552734375 0.4404296875 0.6513671875 0.4375 0.650390625 0.431640625 0.64990234375 0.427734375 0.65234375 0.4169921875 0.654296875 0.408203125 0.65673828125 0.404296875 0.66064453125 0.3994140625 0.66796875 0.390625 0.67236328125 0.3876953125
5 0.70947265625 0.3857421875 0.72265625 0.3857421875 0.73486328125 0.388671875 0.73974609375 0.3916015625 0.70263671875 0.44140625 0.68701171875 0.447265625 0.677734375 0.4453125 0.67138671875 0.443359375 0.66650390625 0.4423828125 0.6650390625 0.4384765625 0.66455078125 0.4326171875 0.66455078125 0.42578125 0.66552734375 0.419921875 0.66748046875 0.4130859375 0.6865234375 0.3974609375 0.6943359375 0.3916015625
5 0.7080078125 0.4130859375 0.7177734375 0.4072265625 0.72607421875 0.3974609375 0.73193359375 0.3916015625 0.74658203125 0.3818359375 0.75244140625 0.3798828125 0.7578125 0.37890625 0.767578125 0.3779296875 0.7724609375 0.3779296875 0.7216796875 0.462890625 0.71630859375 0.466796875 0.71044921875 0.46484375 0.708984375 0.4619140625 0.70751953125 0.455078125 0.70068359375 0.455078125 0.6982421875 0.4501953125 0.697265625 0.4423828125 0.697265625 0.43359375 0.69873046875 0.42578125 0.7001953125 0.419921875 0.703125 0.416015625
5 0.7841796875 0.373046875 0.81884765625 0.3740234375 0.828125 0.3759765625 0.83544921875 0.376953125 0.84033203125 0.37890625 0.84423828125 0.3798828125 0.82275390625 0.419921875 0.775390625 0.46484375 0.75244140625 0.46484375 0.7509765625 0.4677734375 0.74609375 0.4716796875 0.74072265625 0.4697265625 0.7373046875 0.46875 0.73291015625 0.4716796875 0.72705078125 0.4716796875 0.72216796875 0.4677734375 0.71923828125 0.462890625 0.71630859375 0.4560546875 0.7080078125 0.455078125 0.70751953125 0.4443359375 0.70751953125 0.439453125 0.70751953125 0.431640625 0.70849609375 0.427734375 0.71630859375 0.4150390625 0.7216796875 0.41015625 0.734375 0.40234375 0.76611328125 0.37890625 0.7744140625 0.3740234375
5 0.8515625 0.380859375 0.8701171875 0.3798828125 0.88818359375 0.3798828125 0.9033203125 0.3828125 0.84375 0.443359375 0.82568359375 0.4951171875 0.82177734375 0.4990234375 0.8154296875 0.5009765625 0.8095703125 0.4990234375 0.8076171875 0.4951171875 0.80419921875 0.49609375 0.80224609375 0.501953125 0.79296875 0.5029296875 0.78369140625 0.4931640625 0.779296875 0.4873046875 0.775390625 0.484375 0.771484375 0.4736328125 0.7685546875 0.46484375 0.76953125 0.453125 0.7705078125 0.443359375 0.7724609375 0.4384765625 0.77587890625 0.431640625 0.77978515625 0.4267578125 0.7841796875 0.421875 0.79052734375 0.4189453125 0.7998046875 0.4130859375 0.81591796875 0.396484375 0.8291015625 0.3896484375 0.8408203125 0.3837890625
5 0.841796875 0.3837890625 0.833984375 0.3896484375 0.8193359375 0.3994140625 0.80419921875 0.4130859375 0.79638671875 0.421875 0.78369140625 0.435546875 0.7763671875 0.451171875 0.7734375 0.46484375 0.77587890625 0.4853515625 0.779296875 0.4873046875 0.78369140625 0.4931640625 0.79296875 0.5029296875 0.80224609375 0.501953125 0.80419921875 0.49609375 0.8076171875 0.4951171875 0.8095703125 0.4990234375 0.8154296875 0.5009765625 0.82177734375 0.4990234375 0.82568359375 0.4951171875 0.84375 0.443359375 0.9033203125 0.3828125 0.88818359375 0.3798828125 0.8701171875 0.3798828125 0.8515625 0.380859375 0.841796875 0.3837890625
5 0.91650390625 0.3759765625 0.93115234375 0.3759765625 0.955078125 0.37890625 0.97265625 0.3828125 0.99267578125 0.390625 0.873046875 0.5048828125 0.857421875 0.5078125 0.85595703125 0.5146484375 0.8515625 0.51953125 0.84375 0.5205078125 0.83447265625 0.5205078125 0.828125 0.5166015625 0.82470703125 0.5068359375 0.822265625 0.49609375 0.8203125 0.4951171875 0.80615234375 0.4931640625 0.80322265625 0.4873046875 0.8046875 0.4814453125 0.80517578125 0.4521484375 0.80859375 0.4453125 0.81103515625 0.435546875 0.81494140625 0.427734375 0.82763671875 0.41796875 0.8369140625 0.416015625 0.85693359375 0.4169921875 0.890625 0.3876953125 0.90625 0.3779296875
5 0.97412109375 0.3876953125 0.99951171875 0.3828125 0.99951171875 0.4765625 0.96240234375 0.52734375 0.94970703125 0.52734375 0.93408203125 0.5263671875 0.9267578125 0.5341796875 0.91748046875 0.5361328125 0.90673828125 0.53125 0.90283203125 0.53515625 0.89404296875 0.5400390625 0.8857421875 0.5390625 0.876953125 0.53515625 0.875 0.5263671875 0.87158203125 0.515625 0.853515625 0.5068359375 0.8486328125 0.501953125 0.8486328125 0.4755859375 0.85107421875 0.4619140625 0.85498046875 0.4501953125 0.86376953125 0.4404296875 0.88623046875 0.4326171875 0.9140625 0.4296875 0.91845703125 0.4287109375 0.94189453125 0.40625 0.96875 0.3896484375
5 0.99951171875 0.4599609375 0.99951171875 0.55859375 0.99365234375 0.5673828125 0.98876953125 0.5703125 0.98095703125 0.5712890625 0.9716796875 0.5693359375 0.96630859375 0.5634765625 0.9599609375 0.5498046875 0.95751953125 0.541015625 0.95458984375 0.51953125 0.955078125 0.5048828125 0.95947265625 0.4951171875 0.9638671875 0.48828125 0.96630859375 0.474609375 0.97607421875 0.4560546875 0.99755859375 0.43359375 0.99951171875 0.431640625
5 0.375 0.35546875 0.37646484375 0.3564453125 0.38232421875 0.3720703125 0.384765625 0.3857421875 0.388671875 0.3857421875 0.39013671875 0.3857421875 0.39013671875 0.39453125 0.38720703125 0.396484375 0.3857421875 0.3994140625 0.38720703125 0.4052734375 0.3876953125 0.41015625 0.38720703125 0.4150390625 0.38720703125 0.4296875 0.38671875 0.4375 0.38623046875 0.4423828125 0.38623046875 0.443359375 0.3818359375 0.443359375 0.38037109375 0.447265625 0.37890625 0.447265625 0.3740234375 0.447265625 0.37353515625 0.443359375 0.37353515625 0.439453125 0.369140625 0.439453125 0.3671875 0.4375 0.349609375 0.4375 0.34912109375 0.44140625 0.3486328125 0.443359375 0.34423828125 0.443359375 0.3427734375 0.4384765625 0.33984375 0.4384765625 0.33935546875 0.44140625 0.3388671875 0.443359375 0.3349609375 0.4443359375 0.3330078125 0.4423828125 0.33203125 0.431640625 0.33203125 0.416015625 0.3330078125 0.390625 0.3349609375 0.3759765625 0.3369140625 0.3662109375 0.34033203125 0.3564453125 0.34375 0.35546875 0.3515625 0.3544921875 0.35888671875 0.3544921875 0.369140625 0.3544921875 0.37158203125 0.3544921875
5 0.50439453125 0.3759765625 0.50927734375 0.3759765625 0.51123046875 0.3798828125 0.513671875 0.390625 0.51220703125 0.39453125 0.509765625 0.3955078125 0.50537109375 0.3935546875 0.50341796875 0.3916015625 0.49951171875 0.3818359375 0.5009765625 0.3759765625
5 0.4873046875 0.3759765625 0.4921875 0.376953125 0.49560546875 0.3837890625 0.4931640625 0.396484375 0.48974609375 0.396484375 0.48876953125 0.396484375 0.48828125 0.39453125 0.4833984375 0.39453125 0.4833984375 0.396484375 0.4814453125 0.396484375 0.48046875 0.3955078125 0.47998046875 0.392578125 0.47998046875 0.3916015625 0.47998046875 0.388671875 0.48095703125 0.3818359375 0.482421875 0.376953125
5 0.50048828125 0.3779296875 0.50390625 0.3779296875 0.5048828125 0.384765625 0.50537109375 0.392578125 0.50537109375 0.4013671875 0.50537109375 0.404296875 0.50439453125 0.404296875 0.50244140625 0.404296875 0.50244140625 0.40234375 0.494140625 0.40234375 0.494140625 0.404296875 0.49169921875 0.404296875 0.49169921875 0.39453125 0.49169921875 0.3896484375 0.49267578125 0.3837890625 0.49365234375 0.3798828125 0.49462890625 0.37890625 0.49658203125 0.3779296875
