2 0.09130859375 0.193359375 0.091796875 0.201171875 0.0927734375 0.2041015625 0.09326171875 0.20703125 0.091796875 0.2119140625 0.09326171875 0.234375 0.08154296875 0.2353515625 0.08251953125 0.2294921875 0.083984375 0.216796875 0.083984375 0.212890625 0.08349609375 0.208984375 0.0830078125 0.2060546875 0.08447265625 0.1884765625
2 0.0 0.2470703125 0.005859375 0.24609375 0.005859375 0.236328125 0.00732421875 0.23046875 0.0068359375 0.21875 0.00927734375 0.212890625 0.01220703125 0.203125 0.017578125 0.2021484375 0.02978515625 0.2041015625 0.041015625 0.2041015625 0.05029296875 0.2041015625 0.06982421875 0.2099609375 0.0732421875 0.2099609375 0.07666015625 0.2119140625 0.07958984375 0.2197265625 0.0810546875 0.2294921875 0.1005859375 0.22265625 0.10693359375 0.22265625 0.1259765625 0.2001953125 0.341796875 0.0 0.3525390625 0.0 0.353515625 0.0185546875 0.35546875 0.0400390625 0.35595703125 0.05078125 0.3564453125 0.0546875 0.359375 0.056640625 0.35791015625 0.0634765625 0.35791015625 0.078125 0.35791015625 0.08203125 0.361328125 0.0859375 0.36376953125 0.0986328125 0.36474609375 0.126953125 0.36572265625 0.142578125 0.36572265625 0.15234375 0.3671875 0.1640625 0.36767578125 0.1689453125 0.38037109375 0.1708984375 0.38232421875 0.1708984375 0.38232421875 0.1748046875 0.392578125 0.1748046875 0.4033203125 0.1767578125 0.4150390625 0.177734375 0.41796875 0.1796875 0.4189453125 0.1953125 0.42138671875 0.193359375 0.42236328125 0.19140625 0.42431640625 0.189453125 0.4296875 0.1884765625 0.4345703125 0.1884765625 0.43701171875 0.1982421875 0.4443359375 0.1982421875 0.45166015625 0.19921875 0.4599609375 0.201171875 0.47021484375 0.201171875 0.48291015625 0.205078125 0.48974609375 0.20703125 0.5 0.208984375 0.5107421875 0.20703125 0.5205078125 0.2060546875 0.5283203125 0.208984375 0.53515625 0.2119140625 0.5390625 0.21484375 0.55126953125 0.2197265625 0.56005859375 0.2216796875 0.560546875 0.216796875 0.5673828125 0.2158203125 0.56787109375 0.2236328125 0.59326171875 0.2294921875 0.61376953125 0.236328125 0.607421875 0.3564453125 0.01416015625 0.388671875 0.0 0.341796875
5 0.40283203125 0.3544921875 0.40966796875 0.357421875 0.404296875 0.39453125 0.3994140625 0.3955078125 0.39501953125 0.37890625 0.3935546875 0.359375 0.396484375 0.3544921875
4 0.341796875 0.259765625 0.34716796875 0.2822265625 0.3525390625 0.2900390625 0.35595703125 0.2900390625 0.36083984375 0.296875 0.36572265625 0.2939453125 0.3681640625 0.30078125 0.37158203125 0.31640625 0.37548828125 0.326171875 0.37841796875 0.3369140625 0.380859375 0.3349609375 0.38525390625 0.326171875 0.3876953125 0.33203125 0.3935546875 0.349609375 0.39404296875 0.3583984375 0.38232421875 0.373046875 0.31591796875 0.369140625 0.31591796875 0.345703125 0.3203125 0.3193359375 0.3330078125 0.27734375
0 0.0 0.4326171875 0.388671875 0.419921875 0.4052734375 0.37890625 0.5166015625 0.3681640625 0.99951171875 0.4287109375 0.99951171875 0.9990234375 0.0 0.9990234375
4 0.4267578125 0.2958984375 0.43115234375 0.2939453125 0.4365234375 0.2783203125 0.44189453125 0.2744140625 0.4462890625 0.27734375 0.45263671875 0.283203125 0.45654296875 0.287109375 0.4580078125 0.294921875 0.4609375 0.302734375 0.46435546875 0.30078125 0.4716796875 0.30078125 0.4765625 0.3046875 0.47998046875 0.3056640625 0.4814453125 0.2998046875 0.4833984375 0.291015625 0.48486328125 0.28515625 0.48779296875 0.287109375 0.490234375 0.29296875 0.49365234375 0.2861328125 0.49609375 0.283203125 0.501953125 0.27734375 0.50390625 0.2861328125 0.50732421875 0.2880859375 0.51318359375 0.2890625 0.515625 0.2822265625 0.517578125 0.275390625 0.5224609375 0.2744140625 0.5283203125 0.2763671875 0.5341796875 0.2861328125 0.5390625 0.294921875 0.5458984375 0.306640625 0.544921875 0.310546875 0.548828125 0.3173828125 0.55224609375 0.326171875 0.55029296875 0.3369140625 0.50341796875 0.361328125 0.4453125 0.396484375 0.43896484375 0.39453125 0.43896484375 0.380859375 0.4423828125 0.3740234375 0.44970703125 0.373046875 0.44970703125 0.3623046875 0.4462890625 0.359375 0.44140625 0.357421875 0.44091796875 0.3720703125 0.439453125 0.37109375 0.43994140625 0.34765625 0.43359375 0.345703125 0.4326171875 0.3369140625 0.4306640625 0.3330078125 0.42822265625 0.3330078125 0.4248046875 0.3291015625 0.42138671875 0.3232421875 0.416015625 0.3134765625 0.4150390625 0.3076171875 0.416015625 0.3017578125
1 0.0 0.4736328125 0.00927734375 0.4736328125 0.17529296875 0.486328125 0.267578125 0.4892578125 0.2939453125 0.4892578125 0.31396484375 0.48828125 0.42431640625 0.4833984375 0.43505859375 0.478515625 0.43701171875 0.474609375 0.43701171875 0.46875 0.4345703125 0.45703125 0.4306640625 0.443359375 0.42822265625 0.4375 0.42529296875 0.43359375 0.4228515625 0.4306640625 0.416015625 0.4267578125 0.408203125 0.421875 0.3955078125 0.4189453125 0.0 0.44140625
4 0.57470703125 0.3134765625 0.576171875 0.30078125 0.57958984375 0.2978515625 0.57763671875 0.29296875 0.57861328125 0.287109375 0.58154296875 0.2861328125 0.58447265625 0.28515625 0.58740234375 0.28125 0.59423828125 0.287109375 0.60595703125 0.3310546875 0.57177734375 0.333984375 0.57177734375 0.322265625 0.57470703125 0.3212890625
1 0.0 0.548828125 0.03466796875 0.5517578125 0.0498046875 0.5546875 0.06201171875 0.5556640625 0.10205078125 0.5595703125 0.11962890625 0.5625 0.16552734375 0.57421875 0.1806640625 0.58203125 0.18896484375 0.587890625 0.1943359375 0.603515625 0.197265625 0.6201171875 0.19775390625 0.6416015625 0.19482421875 0.654296875 0.189453125 0.677734375 0.177734375 0.705078125 0.10693359375 0.837890625 0.0 0.9990234375
4 0.43115234375 0.3642578125 0.44140625 0.365234375 0.451171875 0.365234375 0.451171875 0.3720703125 0.44287109375 0.3994140625 0.43701171875 0.3994140625 0.439453125 0.37890625 0.439453125 0.376953125 0.43603515625 0.376953125 0.435546875 0.369140625 0.4296875 0.369140625
3 0.0 0.3779296875 0.03369140625 0.37890625 0.06298828125 0.380859375 0.162109375 0.3759765625 0.23583984375 0.3720703125 0.2919921875 0.3681640625 0.30810546875 0.3701171875 0.34716796875 0.3681640625 0.35546875 0.365234375 0.38037109375 0.359375 0.3974609375 0.3583984375 0.400390625 0.419921875 0.40478515625 0.4248046875 0.40478515625 0.4326171875 0.4091796875 0.4375 0.40576171875 0.4384765625 0.40625 0.4443359375 0.37109375 0.447265625 0.3740234375 0.4404296875 0.30615234375 0.443359375 0.30712890625 0.4501953125 0.28564453125 0.453125 0.28759765625 0.443359375 0.2109375 0.4443359375 0.01611328125 0.458984375 0.00537109375 0.458984375 0.0 0.4560546875
5 0.15625 0.3564453125 0.1767578125 0.3564453125 0.19189453125 0.3583984375 0.20458984375 0.3603515625 0.2109375 0.3671875 0.22119140625 0.3798828125 0.22705078125 0.3857421875 0.23388671875 0.396484375 0.240234375 0.3994140625 0.24365234375 0.4033203125 0.2431640625 0.416015625 0.24609375 0.423828125 0.24609375 0.4326171875 0.25 0.4423828125 0.25341796875 0.45703125 0.25244140625 0.4755859375 0.2490234375 0.4970703125 0.24658203125 0.5009765625 0.2421875 0.5009765625 0.23974609375 0.5126953125 0.2373046875 0.5205078125 0.23046875 0.5244140625 0.21875 0.525390625 0.2158203125 0.5244140625 0.21044921875 0.5126953125 0.20947265625 0.5078125 0.18408203125 0.5087890625 0.18017578125 0.5126953125 0.17236328125 0.51171875 0.16455078125 0.513671875 0.16455078125 0.521484375 0.16259765625 0.53125 0.15673828125 0.5341796875 0.14404296875 0.53515625 0.13427734375 0.5302734375 0.1298828125 0.5166015625 0.0859375 0.509765625 0.05810546875 0.5234375 0.041015625 0.5234375 0.02880859375 0.4990234375 0.03515625 0.4443359375 0.04833984375 0.4375 0.0673828125 0.41796875 0.0888671875 0.3818359375 0.09912109375 0.3720703125 0.10986328125 0.3642578125 0.123046875 0.359375 0.13818359375 0.357421875 0.154296875 0.3564453125
2 0.4267578125 0.3642578125 0.4384765625 0.3681640625 0.44091796875 0.3994140625 0.4326171875 0.4013671875
5 0.41064453125 0.3505859375 0.42626953125 0.3505859375 0.42724609375 0.353515625 0.4287109375 0.3564453125 0.4296875 0.3603515625 0.4306640625 0.3642578125 0.43212890625 0.3642578125 0.43310546875 0.365234375 0.4326171875 0.3681640625 0.4326171875 0.37109375 0.43408203125 0.3779296875 0.43408203125 0.3818359375 0.43408203125 0.388671875 0.4345703125 0.39453125 0.4345703125 0.400390625 0.43408203125 0.4052734375 0.43310546875 0.4052734375 0.43017578125 0.4052734375 0.42919921875 0.404296875 0.4287109375 0.4033203125 0.4267578125 0.404296875 0.42626953125 0.4033203125 0.42529296875 0.3994140625 0.41162109375 0.3974609375 0.41162109375 0.400390625 0.40966796875 0.400390625 0.408203125 0.400390625 0.408203125 0.4033203125 0.4072265625 0.4052734375 0.404296875 0.4052734375 0.4033203125 0.4052734375 0.4013671875 0.404296875 0.40087890625 0.4013671875 0.40087890625 0.3955078125 0.40087890625 0.3916015625 0.40087890625 0.3857421875 0.40087890625 0.3828125 0.40087890625 0.37890625 0.40087890625 0.376953125 0.4013671875 0.3759765625 0.4013671875 0.37109375 0.40283203125 0.3671875 0.40380859375 0.3623046875 0.40478515625 0.359375 0.40576171875 0.3564453125 0.4072265625 0.353515625
5 0.4541015625 0.37890625 0.4560546875 0.3779296875 0.453125 0.3974609375 0.44775390625 0.3974609375 0.447265625 0.400390625 0.4462890625 0.400390625 0.44482421875 0.400390625 0.44384765625 0.3994140625 0.44287109375 0.396484375 0.44287109375 0.39453125 0.44287109375 0.390625 0.44384765625 0.3876953125 0.44287109375 0.3876953125 0.44287109375 0.3857421875 0.4443359375 0.384765625 0.4453125 0.3828125 0.4462890625 0.380859375 0.44775390625 0.3798828125 0.453125 0.3798828125
1 0.99951171875 0.46875 0.990234375 0.48828125 0.99169921875 0.4951171875 0.9951171875 0.4970703125 0.99951171875 0.498046875
3 0.50048828125 0.3486328125 0.517578125 0.3447265625 0.55615234375 0.333984375 0.57666015625 0.3310546875 0.60107421875 0.328125 0.60009765625 0.3681640625 0.587890625 0.3671875 0.55859375 0.3681640625 0.52197265625 0.3701171875 0.49853515625 0.373046875 0.474609375 0.3740234375 0.47705078125 0.3544921875
5 0.46826171875 0.353515625 0.47265625 0.353515625 0.4775390625 0.353515625 0.48095703125 0.3544921875 0.48291015625 0.359375 0.48388671875 0.3671875 0.484375 0.37109375 0.486328125 0.37109375 0.48779296875 0.37109375 0.48828125 0.3720703125 0.48779296875 0.3759765625 0.48779296875 0.3779296875 0.48779296875 0.3798828125 0.48779296875 0.3837890625 0.48779296875 0.388671875 0.48779296875 0.3916015625 0.48779296875 0.3955078125 0.48779296875 0.400390625 0.48779296875 0.4072265625 0.48779296875 0.4130859375 0.48681640625 0.4150390625 0.484375 0.4150390625 0.48291015625 0.4140625 0.48193359375 0.4130859375 0.48046875 0.4140625 0.47998046875 0.4072265625 0.458984375 0.4052734375 0.45849609375 0.40625 0.45751953125 0.408203125 0.45654296875 0.408203125 0.45654296875 0.412109375 0.455078125 0.4130859375 0.45263671875 0.4130859375 0.45166015625 0.412109375 0.451171875 0.412109375 0.451171875 0.404296875 0.451171875 0.3994140625 0.451171875 0.390625 0.451171875 0.3828125 0.45166015625 0.3779296875 0.45068359375 0.3779296875 0.45166015625 0.3740234375 0.45263671875 0.3720703125 0.45361328125 0.3701171875 0.45458984375 0.3671875 0.45654296875 0.3603515625 0.45849609375 0.3544921875 0.4599609375 0.353515625
