0 0.99951171875 0.603515625 0.6435546875 0.4072265625 0.52099609375 0.3671875 0.2939453125 0.43359375 0.0 0.5244140625 0.0 0.9990234375 0.99951171875 0.9990234375
1 0.99951171875 0.5615234375 0.99951171875 0.6640625 0.86474609375 0.5859375 0.79248046875 0.5478515625 0.75927734375 0.5263671875 0.72509765625 0.5126953125 0.6904296875 0.46875 0.6474609375 0.4599609375 0.6279296875 0.4462890625 0.60400390625 0.4228515625 0.58251953125 0.412109375 0.578125 0.3857421875 0.60546875 0.3544921875 0.93896484375 0.4521484375 0.99951171875 0.4501953125
2 0.4365234375 0.0849609375 0.45849609375 0.0751953125 0.474609375 0.072265625 0.482421875 0.0908203125 0.50830078125 0.087890625 0.50830078125 0.0849609375 0.51318359375 0.0849609375 0.525390625 0.0615234375 0.525390625 0.05078125 0.55322265625 0.0478515625 0.5595703125 0.0556640625 0.56005859375 0.056640625 0.57421875 0.0556640625 0.57421875 0.0458984375 0.5849609375 0.044921875 0.583984375 0.0244140625 0.60009765625 0.021484375 0.60009765625 0.0 0.99951171875 0.0 0.99951171875 0.4873046875 0.916015625 0.4755859375 0.79931640625 0.4521484375 0.72900390625 0.43359375 0.63037109375 0.41015625 0.595703125 0.3984375 0.55078125 0.4013671875 0.53466796875 0.4013671875 0.5146484375 0.3955078125 0.48779296875 0.3994140625 0.43115234375 0.3984375 0.400390625 0.3984375 0.0 0.4970703125 0.0 0.22265625 0.392578125 0.119140625
5 0.45703125 0.3984375 0.45361328125 0.3955078125 0.453125 0.3935546875 0.453125 0.390625 0.453125 0.388671875 0.45458984375 0.3837890625 0.462890625 0.3837890625 0.4638671875 0.3857421875 0.4638671875 0.3876953125 0.4638671875 0.396484375 0.46240234375 0.40234375 0.45751953125 0.40234375
5 0.45361328125 0.396484375 0.451171875 0.3857421875 0.44970703125 0.3857421875 0.4443359375 0.3857421875 0.44384765625 0.3857421875 0.44189453125 0.396484375 0.44580078125 0.3984375
5 0.47900390625 0.3876953125 0.47705078125 0.3798828125 0.47509765625 0.376953125 0.46923828125 0.376953125 0.46826171875 0.3798828125 0.466796875 0.3798828125 0.4658203125 0.3798828125 0.4638671875 0.3857421875 0.462890625 0.3876953125 0.46240234375 0.390625 0.46142578125 0.3916015625 0.46044921875 0.396484375 0.46044921875 0.404296875 0.462890625 0.404296875 0.462890625 0.40234375 0.4658203125 0.40234375 0.4658203125 0.404296875 0.4677734375 0.404296875 0.4697265625 0.40234375 0.4716796875 0.3984375 0.4775390625 0.390625
5 0.48291015625 0.390625 0.48291015625 0.380859375 0.4931640625 0.3828125 0.49462890625 0.3837890625 0.49462890625 0.388671875 0.49609375 0.3955078125 0.49609375 0.40234375 0.49560546875 0.40234375 0.49560546875 0.404296875 0.49462890625 0.40625 0.49365234375 0.40625 0.4931640625 0.40625 0.4931640625 0.40234375 0.4892578125 0.40234375 0.48291015625 0.4013671875
5 0.48828125 0.41015625 0.48828125 0.3955078125 0.48681640625 0.390625 0.48779296875 0.388671875 0.486328125 0.3876953125 0.484375 0.3876953125 0.48388671875 0.380859375 0.47216796875 0.380859375 0.4716796875 0.380859375 0.470703125 0.3876953125 0.470703125 0.3916015625 0.4697265625 0.3935546875 0.4697265625 0.396484375 0.46923828125 0.3984375 0.46923828125 0.41015625 0.470703125 0.41015625 0.47216796875 0.41015625 0.47216796875 0.412109375 0.474609375 0.412109375 0.474609375 0.4072265625 0.48388671875 0.4072265625 0.48388671875 0.41015625 0.4853515625 0.41015625 0.486328125 0.4091796875
5 0.50390625 0.3916015625 0.5068359375 0.3876953125 0.5078125 0.3857421875 0.51318359375 0.3837890625 0.515625 0.3876953125 0.51708984375 0.388671875 0.517578125 0.388671875 0.517578125 0.3955078125 0.517578125 0.3984375 0.51025390625 0.3984375 0.5078125 0.3994140625 0.5078125 0.4013671875 0.50634765625 0.4013671875 0.50537109375 0.3994140625 0.50537109375 0.3984375
5 0.515625 0.3798828125 0.5146484375 0.3984375 0.515625 0.3994140625 0.515625 0.40234375 0.51611328125 0.404296875 0.5185546875 0.404296875 0.5185546875 0.3994140625 0.52294921875 0.3994140625 0.52294921875 0.404296875 0.525390625 0.404296875 0.5263671875 0.404296875 0.5263671875 0.3984375 0.5283203125 0.396484375 0.53076171875 0.3935546875 0.529296875 0.3837890625 0.5283203125 0.3798828125 0.52783203125 0.3798828125 0.521484375 0.3798828125 0.51708984375 0.3798828125
5 0.5478515625 0.396484375 0.548828125 0.3916015625 0.548828125 0.388671875 0.54931640625 0.388671875 0.55419921875 0.3837890625 0.56005859375 0.3837890625 0.56103515625 0.390625 0.5595703125 0.3994140625 0.55859375 0.404296875 0.5546875 0.40234375 0.55029296875 0.40234375 0.54931640625 0.404296875 0.548828125 0.404296875
5 0.55419921875 0.4072265625 0.55419921875 0.396484375 0.55419921875 0.3916015625 0.55419921875 0.390625 0.55615234375 0.3837890625 0.56005859375 0.3828125 0.5615234375 0.3837890625 0.5625 0.3935546875 0.5634765625 0.3994140625 0.5625 0.40234375 0.55712890625 0.404296875 0.55712890625 0.4091796875
5 0.5634765625 0.3798828125 0.56640625 0.375 0.57275390625 0.375 0.57568359375 0.376953125 0.580078125 0.380859375 0.5849609375 0.390625 0.58740234375 0.3935546875 0.58935546875 0.388671875 0.59423828125 0.376953125 0.59814453125 0.375 0.62255859375 0.376953125 0.6259765625 0.3779296875 0.6279296875 0.3828125 0.62939453125 0.390625 0.63134765625 0.388671875 0.6328125 0.388671875 0.63427734375 0.3916015625 0.63330078125 0.3955078125 0.63037109375 0.3955078125 0.63427734375 0.4091796875 0.63525390625 0.4208984375 0.63427734375 0.4521484375 0.6328125 0.4541015625 0.62744140625 0.4541015625 0.62646484375 0.4521484375 0.62646484375 0.44921875 0.6259765625 0.44921875 0.62060546875 0.44921875 0.61962890625 0.447265625 0.61962890625 0.4462890625 0.5966796875 0.4443359375 0.595703125 0.4443359375 0.595703125 0.44921875 0.5947265625 0.4501953125 0.58935546875 0.44921875 0.58740234375 0.447265625 0.587890625 0.4443359375 0.58740234375 0.44140625 0.5849609375 0.4365234375 0.58251953125 0.431640625 0.5732421875 0.431640625 0.56689453125 0.4306640625 0.56396484375 0.4287109375 0.5625 0.404296875
5 0.6474609375 0.44921875 0.646484375 0.470703125 0.646484375 0.4892578125 0.646484375 0.5029296875 0.64794921875 0.505859375 0.6591796875 0.505859375 0.65966796875 0.4951171875 0.66748046875 0.501953125 0.66650390625 0.5087890625 0.66796875 0.5166015625 0.67041015625 0.5185546875 0.67578125 0.521484375 0.67919921875 0.5205078125 0.6806640625 0.5048828125 0.7470703125 0.5107421875 0.74755859375 0.521484375 0.7490234375 0.5244140625 0.7529296875 0.52734375 0.76220703125 0.5263671875 0.7646484375 0.515625 0.7646484375 0.501953125 0.7685546875 0.4833984375 0.76953125 0.470703125 0.7685546875 0.4443359375 0.76025390625 0.4208984375 0.76220703125 0.41796875 0.76318359375 0.4150390625 0.76318359375 0.412109375 0.76220703125 0.4091796875 0.75927734375 0.4091796875 0.75439453125 0.4091796875 0.75439453125 0.40625 0.7529296875 0.3994140625 0.75146484375 0.3994140625 0.7431640625 0.3857421875 0.73828125 0.3828125 0.6982421875 0.3798828125 0.6982421875 0.375 0.6982421875 0.3671875 0.68212890625 0.3671875 0.68212890625 0.3720703125 0.68212890625 0.375 0.69384765625 0.375 0.69384765625 0.3798828125 0.67724609375 0.3798828125 0.671875 0.3837890625 0.65966796875 0.4150390625 0.658203125 0.4140625 0.65673828125 0.4140625 0.65283203125 0.4140625 0.65283203125 0.4150390625 0.6513671875 0.4169921875 0.650390625 0.4248046875 0.65283203125 0.42578125 0.6572265625 0.42578125 0.64990234375 0.44140625
4 0.86328125 0.3828125 0.85546875 0.3720703125 0.8486328125 0.3720703125 0.8447265625 0.373046875 0.841796875 0.376953125 0.8388671875 0.3837890625 0.837890625 0.388671875 0.83642578125 0.396484375 0.83740234375 0.4140625 0.83935546875 0.41796875 0.8466796875 0.4287109375 0.853515625 0.427734375 0.85888671875 0.4228515625 0.86572265625 0.3955078125
4 0.89208984375 0.4365234375 0.88671875 0.419921875 0.88525390625 0.404296875 0.8857421875 0.3876953125 0.890625 0.375 0.89453125 0.3720703125 0.8974609375 0.3701171875 0.91259765625 0.3671875 0.91455078125 0.373046875 0.91748046875 0.376953125 0.9189453125 0.3828125 0.923828125 0.390625 0.923828125 0.4013671875 0.92431640625 0.4072265625 0.921875 0.4140625 0.92041015625 0.41796875 0.91748046875 0.4306640625 0.9052734375 0.4384765625 0.89453125 0.435546875
4 0.99951171875 0.369140625 0.99072265625 0.361328125 0.98046875 0.3623046875 0.974609375 0.3642578125 0.966796875 0.373046875 0.96142578125 0.3828125 0.9599609375 0.396484375 0.95849609375 0.40234375 0.958984375 0.42578125 0.970703125 0.44140625 0.98681640625 0.45703125 0.99951171875 0.4501953125
4 0.42822265625 0.0 0.0 0.0 0.0 0.294921875 0.0068359375 0.2998046875 0.0107421875 0.2998046875 0.00537109375 0.32421875 0.0078125 0.3408203125 0.015625 0.373046875 0.04248046875 0.375 0.04541015625 0.3505859375 0.0478515625 0.310546875 0.0654296875 0.2900390625 0.07861328125 0.2841796875 0.08203125 0.2900390625 0.0888671875 0.294921875 0.09716796875 0.2841796875 0.10107421875 0.2900390625 0.09716796875 0.3056640625 0.09814453125 0.3291015625 0.095703125 0.3505859375 0.10107421875 0.380859375 0.1240234375 0.42578125 0.12890625 0.419921875 0.12890625 0.32421875 0.1318359375 0.3134765625 0.14208984375 0.3330078125 0.14794921875 0.4248046875 0.162109375 0.4306640625 0.16064453125 0.40625 0.16064453125 0.3701171875 0.1767578125 0.3662109375 0.18505859375 0.361328125 0.19140625 0.361328125 0.19580078125 0.4384765625 0.20849609375 0.44140625 0.20361328125 0.419921875 0.20458984375 0.3642578125 0.2197265625 0.3642578125 0.22314453125 0.4287109375 0.23681640625 0.4462890625 0.22509765625 0.3701171875 0.2392578125 0.373046875 0.23779296875 0.4150390625 0.2490234375 0.44140625 0.24462890625 0.4072265625 0.2568359375 0.404296875 0.25390625 0.3701171875 0.275390625 0.3837890625 0.275390625 0.40625 0.2841796875 0.419921875 0.2861328125 0.404296875 0.28466796875 0.388671875 0.294921875 0.388671875 0.326171875 0.42578125 0.3896484375 0.4091796875 0.421875 0.412109375 0.4345703125 0.3994140625 0.4365234375 0.3935546875 0.43603515625 0.3701171875 0.4365234375 0.3564453125 0.44189453125 0.3486328125 0.44580078125 0.345703125 0.451171875 0.34375 0.45849609375 0.337890625 0.458984375 0.322265625 0.46435546875 0.322265625 0.47607421875 0.314453125 0.48388671875 0.3056640625 0.48291015625 0.287109375 0.49072265625 0.287109375 0.49169921875 0.27734375 0.4892578125 0.271484375 0.49169921875 0.2666015625 0.49169921875 0.2607421875 0.49072265625 0.2578125 0.49169921875 0.2451171875 0.48828125 0.2373046875 0.486328125 0.234375 0.47998046875 0.236328125 0.478515625 0.228515625 0.478515625 0.2177734375 0.47900390625 0.2080078125 0.47998046875 0.2021484375 0.48046875 0.193359375 0.47998046875 0.185546875 0.47900390625 0.1787109375 0.4853515625 0.1787109375 0.48388671875 0.1708984375 0.47998046875 0.1669921875 0.48291015625 0.16015625 0.478515625 0.15625 0.478515625 0.1494140625 0.4775390625 0.146484375 0.47314453125 0.1455078125 0.46826171875 0.1416015625 0.46533203125 0.1416015625 0.462890625 0.1279296875 0.46240234375 0.119140625 0.4599609375 0.1162109375 0.45458984375 0.1162109375 0.451171875 0.1064453125 0.45751953125 0.0986328125 0.4560546875 0.0908203125 0.45751953125 0.0849609375 0.458984375 0.0751953125 0.45849609375 0.0712890625 0.4560546875 0.068359375 0.455078125 0.064453125 0.4521484375 0.05859375 0.44775390625 0.064453125 0.44140625 0.0615234375 0.44189453125 0.0537109375 0.44140625 0.04296875 0.4384765625 0.0400390625 0.4296875 0.037109375 0.42578125 0.03515625 0.423828125 0.03515625 0.423828125 0.0244140625 0.42431640625 0.0185546875 0.42919921875 0.015625 0.4296875 0.0107421875 0.4296875 0.0048828125
5 0.4228515625 0.40234375 0.42529296875 0.390625 0.4306640625 0.390625 0.4345703125 0.3994140625 0.43603515625 0.3994140625 0.4365234375 0.40234375 0.43603515625 0.404296875 0.4365234375 0.427734375 0.43603515625 0.4306640625 0.43212890625 0.435546875 0.43115234375 0.435546875 0.42919921875 0.431640625 0.42431640625 0.4169921875
5 0.400390625 0.3994140625 0.41650390625 0.3916015625 0.42529296875 0.390625 0.42919921875 0.3955078125 0.43212890625 0.4072265625 0.43359375 0.4306640625 0.43310546875 0.43359375 0.43115234375 0.431640625 0.4306640625 0.43359375 0.4296875 0.4365234375 0.42724609375 0.4365234375 0.42578125 0.4365234375 0.42529296875 0.43359375 0.416015625 0.43359375 0.4111328125 0.41796875
5 0.36865234375 0.4072265625 0.37890625 0.3828125 0.3828125 0.375 0.40966796875 0.373046875 0.41357421875 0.376953125 0.416015625 0.3798828125 0.41796875 0.3916015625 0.419921875 0.41796875 0.419921875 0.42578125 0.419921875 0.44140625 0.4189453125 0.44140625 0.416015625 0.44140625 0.41455078125 0.44140625 0.4111328125 0.4443359375 0.40966796875 0.4462890625 0.40673828125 0.4462890625 0.4052734375 0.44140625 0.38671875 0.44140625 0.3779296875 0.4306640625
5 0.34326171875 0.4072265625 0.34716796875 0.3916015625 0.349609375 0.3798828125 0.3818359375 0.3779296875 0.38671875 0.3837890625 0.388671875 0.40234375 0.39111328125 0.4091796875 0.392578125 0.4248046875 0.39208984375 0.4306640625 0.392578125 0.4521484375 0.39111328125 0.4541015625 0.38720703125 0.455078125 0.3857421875 0.455078125 0.38427734375 0.44921875 0.3828125 0.44921875 0.3818359375 0.4580078125 0.38037109375 0.4599609375 0.3759765625 0.4599609375 0.37353515625 0.4599609375 0.37353515625 0.4521484375 0.357421875 0.4521484375 0.34716796875 0.4306640625
5 0.32861328125 0.412109375 0.33642578125 0.396484375 0.349609375 0.3935546875 0.353515625 0.3955078125 0.35791015625 0.404296875 0.36279296875 0.419921875 0.3642578125 0.4287109375 0.36572265625 0.4609375 0.3642578125 0.4658203125 0.3603515625 0.4658203125 0.359375 0.4658203125 0.35888671875 0.462890625 0.3525390625 0.46484375 0.337890625 0.4501953125 0.33251953125 0.419921875
5 0.2939453125 0.42578125 0.29638671875 0.412109375 0.29541015625 0.3994140625 0.29931640625 0.396484375 0.328125 0.3935546875 0.33349609375 0.3916015625 0.34033203125 0.4013671875 0.3486328125 0.4228515625 0.35009765625 0.4306640625 0.35205078125 0.4384765625 0.3525390625 0.44921875 0.353515625 0.46875 0.3525390625 0.47265625 0.35205078125 0.4755859375 0.3447265625 0.4755859375 0.34423828125 0.4755859375 0.34423828125 0.470703125 0.33251953125 0.4736328125 0.3310546875 0.4814453125 0.32861328125 0.4833984375 0.32568359375 0.4833984375 0.32421875 0.4794921875 0.3232421875 0.4755859375 0.3056640625 0.4765625 0.298828125 0.46484375 0.29296875 0.43359375
5 0.24560546875 0.419921875 0.2568359375 0.3984375 0.28564453125 0.3955078125 0.29638671875 0.3955078125 0.30419921875 0.4091796875 0.30859375 0.4248046875 0.31103515625 0.4365234375 0.3115234375 0.4609375 0.3115234375 0.47265625 0.3115234375 0.486328125 0.3095703125 0.4873046875 0.3056640625 0.4873046875 0.30224609375 0.4873046875 0.30029296875 0.4794921875 0.291015625 0.4833984375 0.28955078125 0.4921875 0.28759765625 0.4970703125 0.283203125 0.498046875 0.28076171875 0.498046875 0.28076171875 0.486328125 0.2724609375 0.486328125 0.25927734375 0.45703125
5 0.1904296875 0.4443359375 0.19677734375 0.4208984375 0.20458984375 0.4072265625 0.21044921875 0.404296875 0.228515625 0.3994140625 0.25634765625 0.3994140625 0.2607421875 0.4013671875 0.26611328125 0.41015625 0.27294921875 0.4384765625 0.27392578125 0.4609375 0.27392578125 0.4765625 0.27490234375 0.4873046875 0.27490234375 0.4970703125 0.27294921875 0.5029296875 0.2724609375 0.505859375 0.26611328125 0.5078125 0.2646484375 0.5029296875 0.2646484375 0.4970703125 0.265625 0.4921875 0.25 0.498046875 0.2490234375 0.5087890625 0.24853515625 0.513671875 0.24560546875 0.5166015625 0.24072265625 0.513671875 0.23974609375 0.501953125 0.1943359375 0.505859375 0.19775390625 0.4736328125
5 0.0986328125 0.4306640625 0.12060546875 0.4072265625 0.173828125 0.4013671875 0.18603515625 0.40234375 0.19775390625 0.4228515625 0.20458984375 0.435546875 0.208984375 0.44140625 0.212890625 0.4892578125 0.212890625 0.5 0.21142578125 0.5234375 0.2099609375 0.53125 0.20703125 0.5341796875 0.19775390625 0.5341796875 0.19580078125 0.52734375 0.19384765625 0.5185546875 0.17724609375 0.5263671875 0.17578125 0.529296875 0.17578125 0.54296875 0.173828125 0.5498046875 0.169921875 0.55078125 0.166015625 0.55078125 0.16357421875 0.5498046875 0.1611328125 0.53515625 0.111328125 0.537109375 0.091796875 0.486328125
5 0.1171875 0.3505859375 0.1240234375 0.4150390625 0.12890625 0.462890625 0.1318359375 0.4892578125 0.12744140625 0.5185546875 0.1259765625 0.5556640625 0.12060546875 0.5712890625 0.1142578125 0.5751953125 0.10498046875 0.5751953125 0.10107421875 0.57421875 0.099609375 0.5712890625 0.0966796875 0.55859375 0.0966796875 0.5419921875 0.07080078125 0.55078125 0.06787109375 0.5791015625 0.06494140625 0.59375 0.06103515625 0.5986328125 0.0517578125 0.6005859375 0.041015625 0.6005859375 0.037109375 0.59765625 0.0341796875 0.580078125 0.033203125 0.56640625 0.0 0.564453125 0.0 0.345703125 0.05859375 0.3408203125 0.08642578125 0.33984375 0.103515625 0.34375
