0 0.99951171875 0.4501953125 0.0 0.4365234375 0.0 0.9990234375 0.99951171875 0.9990234375
1 0.67578125 0.529296875 0.67822265625 0.5400390625 0.6904296875 0.564453125 0.76171875 0.65234375 0.89794921875 0.82421875 0.99951171875 0.8955078125 0.99951171875 0.5498046875 0.69970703125 0.5263671875 0.68994140625 0.5263671875 0.68310546875 0.5244140625 0.6796875 0.5263671875
2 0.99951171875 0.0 0.58251953125 0.0 0.0 0.0 0.0 0.0 0.0 0.4462890625 0.07421875 0.4365234375 0.41650390625 0.4541015625 0.99951171875 0.4501953125
5 0.296875 0.40625 0.291015625 0.4140625 0.2802734375 0.4228515625 0.275390625 0.42578125 0.27294921875 0.4306640625 0.27294921875 0.443359375 0.27294921875 0.455078125 0.27392578125 0.45703125 0.27490234375 0.4609375 0.2763671875 0.4677734375 0.279296875 0.470703125 0.287109375 0.470703125 0.28759765625 0.46875 0.291015625 0.462890625 0.30224609375 0.462890625 0.30615234375 0.4677734375 0.31103515625 0.46875 0.3154296875 0.4677734375 0.31787109375 0.4609375 0.32470703125 0.4609375 0.3271484375 0.4677734375 0.328125 0.470703125 0.33642578125 0.470703125 0.337890625 0.4677734375 0.34033203125 0.4609375 0.35400390625 0.4599609375 0.35498046875 0.46484375 0.359375 0.470703125 0.36474609375 0.470703125 0.36669921875 0.46875 0.3681640625 0.4609375 0.37109375 0.455078125 0.3720703125 0.44921875 0.36962890625 0.4228515625 0.3603515625 0.404296875 0.35546875 0.396484375 0.333984375 0.3916015625 0.32080078125 0.3916015625 0.3115234375 0.3935546875 0.30419921875 0.3984375
5 0.455078125 0.4072265625 0.451171875 0.3876953125 0.44970703125 0.3828125 0.44921875 0.380859375 0.4482421875 0.376953125 0.44580078125 0.373046875 0.4443359375 0.373046875 0.43994140625 0.373046875 0.4384765625 0.375 0.4365234375 0.3798828125 0.42529296875 0.3828125 0.4091796875 0.396484375 0.392578125 0.419921875 0.38720703125 0.4248046875 0.3828125 0.42578125 0.3818359375 0.435546875 0.38134765625 0.439453125 0.3818359375 0.447265625 0.3828125 0.4580078125 0.3828125 0.4609375 0.3896484375 0.4609375 0.400390625 0.462890625 0.44287109375 0.4365234375
5 0.54296875 0.42578125 0.55078125 0.4169921875 0.56494140625 0.4140625 0.587890625 0.3876953125 0.603515625 0.3798828125 0.63818359375 0.3798828125 0.6474609375 0.3828125 0.658203125 0.390625 0.66064453125 0.41796875 0.6552734375 0.44921875 0.638671875 0.4794921875 0.62890625 0.4814453125 0.6240234375 0.478515625 0.62109375 0.46875 0.62060546875 0.4677734375 0.55615234375 0.46875 0.55322265625 0.4755859375 0.55078125 0.4765625 0.54150390625 0.478515625 0.53857421875 0.4736328125 0.53564453125 0.455078125 0.54150390625 0.4287109375
5 0.5546875 0.44140625 0.548828125 0.4169921875 0.5322265625 0.3857421875 0.52001953125 0.3798828125 0.4677734375 0.3779296875 0.4638671875 0.373046875 0.455078125 0.375 0.451171875 0.3779296875 0.44970703125 0.380859375 0.43994140625 0.388671875 0.42822265625 0.4013671875 0.42724609375 0.3994140625 0.4228515625 0.4072265625 0.42041015625 0.412109375 0.392578125 0.4248046875 0.38818359375 0.431640625 0.3857421875 0.443359375 0.38525390625 0.455078125 0.38525390625 0.4599609375 0.38818359375 0.470703125 0.390625 0.47265625 0.39453125 0.4794921875 0.39599609375 0.486328125 0.4033203125 0.4873046875 0.408203125 0.486328125 0.41064453125 0.4814453125 0.41455078125 0.4755859375 0.43359375 0.4765625 0.4365234375 0.4814453125 0.43896484375 0.4873046875 0.4453125 0.4873046875 0.453125 0.4833984375 0.455078125 0.4755859375 0.46923828125 0.4765625 0.5146484375 0.478515625 0.51611328125 0.4833984375 0.521484375 0.4921875 0.525390625 0.4921875 0.53076171875 0.4912109375 0.53466796875 0.484375 0.53955078125 0.4736328125 0.5439453125 0.47265625 0.55029296875 0.46875 0.55322265625 0.4599609375
5 0.75146484375 0.3828125 0.767578125 0.369140625 0.77490234375 0.3564453125 0.81005859375 0.34765625 0.857421875 0.361328125 0.8671875 0.369140625 0.8818359375 0.396484375 0.8818359375 0.43359375 0.86669921875 0.4501953125 0.826171875 0.4365234375 0.77001953125 0.41796875
5 0.91064453125 0.4169921875 0.92041015625 0.390625 0.95068359375 0.3564453125 0.9677734375 0.3544921875 0.99951171875 0.359375 0.99951171875 0.4833984375 0.99365234375 0.4912109375 0.98974609375 0.494140625 0.98291015625 0.4921875 0.9775390625 0.486328125 0.974609375 0.4765625 0.93115234375 0.4765625 0.9267578125 0.4833984375 0.923828125 0.4833984375 0.91748046875 0.4833984375 0.9072265625 0.4736328125 0.89990234375 0.4462890625 0.90673828125 0.412109375
5 0.8056640625 0.396484375 0.77783203125 0.3662109375 0.77294921875 0.361328125 0.7197265625 0.3564453125 0.6943359375 0.361328125 0.68310546875 0.3671875 0.6796875 0.3662109375 0.6767578125 0.3662109375 0.67431640625 0.3701171875 0.673828125 0.3779296875 0.6552734375 0.3955078125 0.6533203125 0.3955078125 0.6513671875 0.3984375 0.650390625 0.3994140625 0.64208984375 0.4013671875 0.638671875 0.4013671875 0.63427734375 0.404296875 0.63037109375 0.4150390625 0.62890625 0.44140625 0.62646484375 0.44921875 0.62744140625 0.4599609375 0.6318359375 0.484375 0.654296875 0.494140625 0.65576171875 0.5 0.65966796875 0.513671875 0.66357421875 0.5185546875 0.68212890625 0.5185546875 0.6845703125 0.515625 0.6884765625 0.498046875 0.69580078125 0.501953125 0.7021484375 0.5087890625 0.705078125 0.5126953125 0.71142578125 0.5126953125 0.7158203125 0.505859375 0.72607421875 0.501953125 0.79296875 0.5078125 0.81005859375 0.4912109375 0.82421875 0.46875 0.81884765625 0.431640625 0.81005859375 0.41796875 0.80615234375 0.4013671875
5 0.17529296875 0.4072265625 0.19140625 0.40625 0.19775390625 0.4013671875 0.20703125 0.3955078125 0.21826171875 0.3916015625 0.24365234375 0.3935546875 0.2509765625 0.3935546875 0.25439453125 0.3955078125 0.2568359375 0.3994140625 0.26025390625 0.4140625 0.26171875 0.41796875 0.26318359375 0.4228515625 0.263671875 0.44140625 0.26318359375 0.4541015625 0.26171875 0.4609375 0.25830078125 0.4677734375 0.25537109375 0.46875 0.25146484375 0.46875 0.25 0.4677734375 0.24853515625 0.4609375 0.24365234375 0.4599609375 0.22314453125 0.4541015625 0.21533203125 0.455078125 0.1982421875 0.4541015625 0.1806640625 0.4384765625
5 0.04541015625 0.42578125 0.029296875 0.4521484375 0.0146484375 0.4541015625 0.01318359375 0.4609375 0.0107421875 0.462890625 0.00439453125 0.4658203125 0.0 0.4609375 0.0 0.43359375 0.0 0.42578125 0.01708984375 0.404296875 0.03076171875 0.404296875 0.03857421875 0.41796875
