0 0.0 0.3671875 0.185546875 0.3701171875 0.3916015625 0.4013671875 0.49658203125 0.4072265625 0.814453125 0.5439453125 0.99951171875 0.54296875 0.99951171875 0.9990234375 0.0 0.9990234375
1 0.17822265625 0.4130859375 0.150390625 0.4130859375 0.15234375 0.421875 0.19091796875 0.421875 0.1904296875 0.4130859375 0.18212890625 0.412109375
1 0.4560546875 0.4404296875 0.50732421875 0.423828125 0.552734375 0.4287109375 0.63330078125 0.423828125 0.70361328125 0.3935546875 0.7890625 0.3818359375 0.93603515625 0.37109375 0.99951171875 0.576171875 0.87060546875 0.576171875 0.8076171875 0.572265625 0.71337890625 0.5615234375 0.58837890625 0.5087890625 0.521484375 0.4765625 0.49560546875 0.47265625 0.47265625 0.466796875 0.458984375 0.462890625 0.43017578125 0.458984375 0.43798828125 0.44921875 0.4501953125 0.443359375
2 0.46533203125 0.3232421875 0.546875 0.3115234375 0.5498046875 0.3896484375 0.51171875 0.4052734375 0.45849609375 0.4013671875
2 0.28759765625 0.0 0.29541015625 0.0 0.29541015625 0.0087890625 0.29296875 0.0126953125 0.29541015625 0.0185546875 0.29541015625 0.0126953125 0.298828125 0.0126953125 0.298828125 0.0234375 0.30810546875 0.03125 0.3134765625 0.0341796875 0.31640625 0.0322265625 0.3271484375 0.0419921875 0.33740234375 0.0400390625 0.3408203125 0.0400390625 0.345703125 0.04296875 0.35107421875 0.0498046875 0.35400390625 0.05078125 0.359375 0.0537109375 0.36328125 0.0556640625 0.37109375 0.0634765625 0.37353515625 0.068359375 0.375 0.06640625 0.37939453125 0.068359375 0.38525390625 0.072265625 0.3857421875 0.0751953125 0.3896484375 0.0791015625 0.392578125 0.0791015625 0.39990234375 0.0830078125 0.40185546875 0.0859375 0.4033203125 0.0908203125 0.4033203125 0.1015625 0.41259765625 0.1083984375 0.4189453125 0.1123046875 0.4306640625 0.1123046875 0.43359375 0.1083984375 0.4375 0.1083984375 0.44287109375 0.123046875 0.4443359375 0.1171875 0.4453125 0.1162109375 0.45068359375 0.1162109375 0.46044921875 0.1171875 0.46142578125 0.1201171875 0.478515625 0.1201171875 0.4677734375 0.412109375 0.31884765625 0.41015625 0.1845703125 0.4033203125 0.16455078125 0.40625 0.1318359375 0.4052734375 0.0 0.4150390625 0.0 0.0
2 0.83251953125 0.19921875 0.83740234375 0.18359375 0.83935546875 0.1748046875 0.84033203125 0.1748046875 0.8408203125 0.177734375 0.85498046875 0.17578125 0.86181640625 0.16015625 0.86572265625 0.1650390625 0.86962890625 0.16796875 0.875 0.162109375 0.8818359375 0.154296875 0.88671875 0.146484375 0.88720703125 0.146484375 0.88720703125 0.1669921875 0.88427734375 0.3359375 0.88232421875 0.3896484375 0.837890625 0.3857421875 0.744140625 0.3837890625 0.734375 0.3359375 0.70458984375 0.3642578125 0.73291015625 0.3212890625 0.73779296875 0.30078125 0.7470703125 0.2822265625 0.75537109375 0.3037109375 0.77099609375 0.306640625 0.77001953125 0.2705078125 0.78076171875 0.2705078125 0.779296875 0.2578125 0.78076171875 0.251953125 0.78564453125 0.251953125 0.787109375 0.2265625 0.78955078125 0.2294921875 0.79296875 0.2314453125 0.7978515625 0.2294921875 0.80419921875 0.21875 0.80615234375 0.2109375 0.81005859375 0.21875 0.81640625 0.2236328125 0.8203125 0.22265625 0.82568359375 0.21484375
4 0.28955078125 0.2978515625 0.294921875 0.3251953125 0.29541015625 0.3544921875 0.2978515625 0.4013671875 0.30224609375 0.40234375 0.30078125 0.306640625
5 0.330078125 0.380859375 0.33740234375 0.380859375 0.34326171875 0.3828125 0.34814453125 0.3837890625 0.34716796875 0.4091796875 0.32861328125 0.4091796875 0.3203125 0.40625 0.3203125 0.390625 0.32421875 0.380859375 0.326171875 0.3798828125
5 0.96240234375 0.2451171875 0.97509765625 0.2451171875 0.99951171875 0.244140625 0.99951171875 0.6005859375 0.9931640625 0.59765625 0.974609375 0.5927734375 0.9375 0.5830078125 0.92529296875 0.58203125 0.92431640625 0.5859375 0.923828125 0.5927734375 0.92041015625 0.6015625 0.91650390625 0.609375 0.91259765625 0.611328125 0.90576171875 0.6142578125 0.89599609375 0.6123046875 0.890625 0.611328125 0.8857421875 0.603515625 0.8828125 0.59375 0.87890625 0.5751953125 0.87744140625 0.564453125 0.87353515625 0.560546875 0.8720703125 0.5556640625 0.86865234375 0.5244140625 0.8681640625 0.5126953125 0.8681640625 0.4951171875 0.86962890625 0.4814453125 0.8720703125 0.4658203125 0.8740234375 0.4599609375 0.87646484375 0.455078125 0.8779296875 0.435546875 0.88037109375 0.419921875 0.8857421875 0.4013671875 0.89208984375 0.3876953125 0.89208984375 0.3642578125 0.8935546875 0.3505859375 0.89599609375 0.34765625 0.89990234375 0.345703125 0.90283203125 0.34765625 0.9052734375 0.3505859375 0.908203125 0.3427734375 0.91455078125 0.3271484375 0.92041015625 0.310546875 0.9296875 0.28515625 0.94287109375 0.2607421875 0.953125 0.248046875
4 0.1796875 0.2685546875 0.1845703125 0.28515625 0.18505859375 0.306640625 0.18505859375 0.3291015625 0.1845703125 0.3564453125 0.18359375 0.3935546875 0.18310546875 0.419921875 0.203125 0.41796875 0.2021484375 0.3876953125 0.20068359375 0.3515625 0.19970703125 0.3115234375 0.203125 0.314453125 0.20458984375 0.322265625 0.20751953125 0.3505859375 0.21435546875 0.2900390625 0.19970703125 0.2587890625 0.19580078125 0.251953125
5 0.37109375 0.3935546875 0.3779296875 0.3935546875 0.38037109375 0.3984375 0.38037109375 0.404296875 0.375 0.40625 0.3671875 0.40625 0.3642578125 0.40625 0.3642578125 0.40234375 0.3642578125 0.3984375 0.36572265625 0.3955078125 0.3671875 0.3935546875
4 0.3896484375 0.2041015625 0.3857421875 0.20703125 0.38330078125 0.212890625 0.38134765625 0.2158203125 0.3779296875 0.21875 0.37646484375 0.22265625 0.37353515625 0.2314453125 0.4072265625 0.2529296875 0.41455078125 0.2451171875 0.4150390625 0.2333984375 0.4111328125 0.2333984375 0.40966796875 0.228515625 0.40673828125 0.22265625 0.40576171875 0.21875 0.4033203125 0.2158203125 0.40185546875 0.21484375 0.400390625 0.20703125 0.396484375 0.2080078125 0.3935546875 0.205078125
4 0.41455078125 0.2705078125 0.4189453125 0.244140625 0.42138671875 0.2412109375 0.4228515625 0.2412109375 0.423828125 0.2421875 0.42431640625 0.2421875 0.42529296875 0.2373046875 0.4267578125 0.234375 0.4267578125 0.2294921875 0.42919921875 0.234375 0.4306640625 0.2412109375 0.43115234375 0.248046875 0.43115234375 0.2548828125
4 0.43359375 0.2470703125 0.4375 0.244140625 0.44384765625 0.2392578125 0.44677734375 0.2392578125 0.44775390625 0.25 0.451171875 0.2451171875 0.45458984375 0.2470703125 0.45751953125 0.2470703125 0.46044921875 0.2529296875 0.44970703125 0.2685546875 0.4306640625 0.2548828125
4 0.62255859375 0.330078125 0.62646484375 0.3271484375 0.62939453125 0.32421875 0.63427734375 0.32421875 0.63720703125 0.322265625 0.640625 0.32421875 0.642578125 0.3251953125 0.64501953125 0.322265625 0.64990234375 0.32421875 0.65283203125 0.3271484375 0.65576171875 0.33203125 0.658203125 0.3330078125 0.662109375 0.3359375 0.66650390625 0.3359375 0.66796875 0.330078125 0.66796875 0.32421875 0.66796875 0.318359375 0.673828125 0.31640625 0.67529296875 0.3134765625 0.67822265625 0.3115234375 0.6865234375 0.314453125 0.68896484375 0.310546875 0.69287109375 0.30859375 0.69384765625 0.30078125 0.69970703125 0.302734375 0.70458984375 0.302734375 0.708984375 0.310546875 0.7099609375 0.3056640625 0.7138671875 0.3056640625 0.71435546875 0.310546875 0.71923828125 0.30859375 0.7197265625 0.3115234375 0.71826171875 0.314453125 0.72314453125 0.32421875 0.73046875 0.3486328125 0.72998046875 0.373046875 0.6171875 0.3662109375
4 0.1064453125 0.234375 0.10546875 0.2451171875 0.10400390625 0.30078125 0.10400390625 0.310546875 0.10546875 0.314453125 0.10498046875 0.3271484375 0.10498046875 0.3544921875 0.10498046875 0.388671875 0.09326171875 0.3837890625 0.09326171875 0.359375 0.0947265625 0.2451171875 0.0966796875 0.228515625 0.0947265625 0.2158203125 0.0927734375 0.2099609375 0.09033203125 0.19921875 0.087890625 0.19140625 0.08544921875 0.185546875 0.08203125 0.1806640625 0.08642578125 0.1650390625 0.080078125 0.1484375 0.07177734375 0.1455078125 0.06787109375 0.162109375 0.05859375 0.1591796875 0.03955078125 0.1416015625 0.033203125 0.1328125 0.021484375 0.109375 0.021484375 0.09765625 0.02783203125 0.0927734375 0.0322265625 0.0859375 0.0283203125 0.0791015625 0.0185546875 0.064453125 0.01953125 0.056640625 0.037109375 0.056640625 0.044921875 0.0556640625 0.044921875 0.05078125 0.021484375 0.0458984375 0.01953125 0.0419921875 0.02001953125 0.029296875 0.021484375 0.0234375 0.02099609375 0.0166015625 0.0078125 0.015625 0.0 0.0 0.294921875 0.0 0.294921875 0.0078125 0.29296875 0.0234375 0.28857421875 0.0244140625 0.2841796875 0.021484375 0.283203125 0.0244140625 0.28466796875 0.0390625 0.28955078125 0.0419921875 0.28759765625 0.0498046875 0.2939453125 0.05078125 0.2939453125 0.0615234375 0.30078125 0.06640625 0.30615234375 0.072265625 0.3095703125 0.0830078125 0.30224609375 0.0859375 0.3017578125 0.087890625 0.3046875 0.09765625 0.3046875 0.103515625 0.3056640625 0.109375 0.30859375 0.119140625 0.31103515625 0.1220703125 0.31005859375 0.126953125 0.30712890625 0.1279296875 0.31005859375 0.1357421875 0.3125 0.140625 0.3095703125 0.1435546875 0.31494140625 0.1513671875 0.3193359375 0.15625 0.3232421875 0.1591796875 0.3271484375 0.15625 0.32861328125 0.16015625 0.3271484375 0.169921875 0.3310546875 0.1728515625 0.33349609375 0.181640625 0.33642578125 0.1884765625 0.34033203125 0.193359375 0.34033203125 0.1962890625 0.34033203125 0.19921875 0.3408203125 0.20703125 0.34326171875 0.212890625 0.34423828125 0.220703125 0.34326171875 0.2265625 0.34326171875 0.2314453125 0.345703125 0.2373046875 0.345703125 0.2421875 0.35009765625 0.2470703125 0.35205078125 0.25 0.35205078125 0.2529296875 0.34716796875 0.2578125 0.34716796875 0.2626953125 0.3427734375 0.263671875 0.3408203125 0.2705078125 0.34033203125 0.27734375 0.330078125 0.2744140625 0.32421875 0.2744140625 0.3193359375 0.279296875 0.31494140625 0.28125 0.3125 0.279296875 0.31103515625 0.2900390625 0.30810546875 0.30078125 0.31005859375 0.30859375 0.3115234375 0.3271484375 0.3115234375 0.3359375 0.30712890625 0.3359375 0.30419921875 0.3271484375 0.29638671875 0.31640625 0.29150390625 0.3193359375 0.28076171875 0.330078125 0.26611328125 0.3291015625 0.26220703125 0.3271484375 0.25634765625 0.330078125 0.2529296875 0.3330078125 0.2509765625 0.3349609375 0.2392578125 0.3291015625 0.234375 0.3212890625 0.232421875 0.3134765625 0.232421875 0.2998046875 0.22900390625 0.294921875 0.22509765625 0.3056640625 0.22314453125 0.318359375 0.21923828125 0.3271484375 0.2099609375 0.3212890625 0.19677734375 0.255859375 0.18359375 0.279296875 0.17529296875 0.2763671875 0.16064453125 0.27734375 0.1552734375 0.2763671875 0.1474609375 0.27734375 0.14599609375 0.2890625 0.1357421875 0.2890625 0.12646484375 0.28515625 0.12109375 0.279296875 0.11279296875 0.2412109375
1 0.0 0.5986328125 0.04150390625 0.576171875 0.146484375 0.5146484375 0.1796875 0.4853515625 0.2041015625 0.466796875 0.22412109375 0.451171875 0.22509765625 0.443359375 0.21044921875 0.435546875 0.19287109375 0.4404296875 0.173828125 0.4404296875 0.1259765625 0.44921875 0.0 0.5146484375
4 0.26318359375 0.31640625 0.2685546875 0.33984375 0.27001953125 0.34375 0.27001953125 0.3515625 0.27001953125 0.3662109375 0.26953125 0.388671875 0.27392578125 0.388671875 0.27392578125 0.375 0.27392578125 0.3486328125 0.275390625 0.3408203125 0.2822265625 0.3271484375
5 0.416015625 0.3935546875 0.42138671875 0.3955078125 0.423828125 0.3984375 0.4267578125 0.40625 0.42724609375 0.4072265625 0.42822265625 0.4072265625 0.42919921875 0.4091796875 0.42919921875 0.412109375 0.42919921875 0.4140625 0.43212890625 0.4169921875 0.43310546875 0.4208984375 0.43359375 0.427734375 0.43359375 0.43359375 0.43310546875 0.4365234375 0.43212890625 0.4443359375 0.4306640625 0.4462890625 0.42724609375 0.4443359375 0.42724609375 0.439453125 0.4228515625 0.439453125 0.421875 0.443359375 0.42138671875 0.4443359375 0.4189453125 0.4443359375 0.41650390625 0.4443359375 0.416015625 0.439453125 0.40966796875 0.439453125 0.408203125 0.4384765625 0.40576171875 0.4384765625 0.4052734375 0.443359375 0.40283203125 0.443359375 0.4013671875 0.443359375 0.400390625 0.4365234375 0.39501953125 0.4384765625 0.39453125 0.443359375 0.39208984375 0.443359375 0.390625 0.443359375 0.3896484375 0.44140625 0.3896484375 0.431640625 0.38818359375 0.427734375 0.38818359375 0.4248046875 0.38818359375 0.4208984375 0.388671875 0.419921875 0.38818359375 0.4150390625 0.388671875 0.4091796875 0.390625 0.404296875 0.39208984375 0.404296875 0.392578125 0.404296875 0.39892578125 0.3916015625 0.404296875 0.3916015625
1 0.1796875 0.4091796875 0.142578125 0.408203125 0.1484375 0.4033203125 0.1806640625 0.404296875
5 0.2197265625 0.3837890625 0.228515625 0.3837890625 0.23779296875 0.3837890625 0.24072265625 0.388671875 0.2470703125 0.404296875 0.23974609375 0.4150390625 0.234375 0.41796875 0.228515625 0.4150390625 0.2138671875 0.4091796875 0.21435546875 0.3837890625
5 0.25634765625 0.3798828125 0.26220703125 0.3798828125 0.26953125 0.3798828125 0.275390625 0.3798828125 0.27783203125 0.3798828125 0.2802734375 0.3857421875 0.2822265625 0.40234375 0.271484375 0.4208984375 0.2626953125 0.42578125 0.2578125 0.419921875 0.25146484375 0.4169921875 0.24365234375 0.4150390625 0.24072265625 0.412109375 0.2421875 0.40234375 0.24462890625 0.3994140625 0.24609375 0.3916015625 0.2490234375 0.3876953125
5 0.46337890625 0.3857421875 0.46533203125 0.3916015625 0.46923828125 0.3935546875 0.47216796875 0.396484375 0.4716796875 0.40625 0.46533203125 0.41015625 0.4580078125 0.41015625 0.45703125 0.412109375 0.45458984375 0.4130859375 0.453125 0.4091796875 0.45361328125 0.4072265625 0.45068359375 0.404296875 0.4521484375 0.400390625 0.4560546875 0.3955078125 0.45751953125 0.3916015625 0.45947265625 0.3896484375
5 0.28173828125 0.388671875 0.29150390625 0.388671875 0.29638671875 0.388671875 0.2978515625 0.3916015625 0.29931640625 0.3955078125 0.30029296875 0.396484375 0.30322265625 0.3984375 0.3056640625 0.3994140625 0.30712890625 0.40234375 0.30712890625 0.40625 0.30712890625 0.4150390625 0.30712890625 0.4228515625 0.30615234375 0.4287109375 0.30224609375 0.4287109375 0.3017578125 0.427734375 0.29541015625 0.427734375 0.294921875 0.4287109375 0.29150390625 0.4287109375 0.291015625 0.42578125 0.2841796875 0.42578125 0.283203125 0.42578125 0.283203125 0.427734375 0.28173828125 0.4287109375 0.2783203125 0.4287109375 0.27783203125 0.427734375 0.27783203125 0.42578125 0.27392578125 0.42578125 0.27392578125 0.4287109375 0.27099609375 0.4287109375 0.2685546875 0.4228515625 0.2685546875 0.4140625 0.26953125 0.40625 0.2724609375 0.3994140625 0.2763671875 0.3935546875 0.2783203125 0.390625
4 0.71435546875 0.0 0.9345703125 0.0 0.9306640625 0.0234375 0.93212890625 0.0263671875 0.9345703125 0.02734375 0.9384765625 0.03125 0.94189453125 0.0390625 0.94287109375 0.0458984375 0.94189453125 0.0537109375 0.94140625 0.05859375 0.93603515625 0.052734375 0.9345703125 0.0537109375 0.9345703125 0.056640625 0.93359375 0.060546875 0.93115234375 0.05859375 0.92822265625 0.05859375 0.92431640625 0.056640625 0.92138671875 0.052734375 0.92138671875 0.056640625 0.921875 0.060546875 0.923828125 0.0634765625 0.92138671875 0.064453125 0.92041015625 0.072265625 0.921875 0.080078125 0.921875 0.0830078125 0.91796875 0.080078125 0.92041015625 0.087890625 0.921875 0.0927734375 0.921875 0.1005859375 0.92041015625 0.1044921875 0.919921875 0.103515625 0.91748046875 0.1044921875 0.91796875 0.1083984375 0.91259765625 0.111328125 0.912109375 0.109375 0.908203125 0.109375 0.9072265625 0.1220703125 0.90576171875 0.125 0.9033203125 0.125 0.900390625 0.1220703125 0.89501953125 0.1123046875 0.89208984375 0.1044921875 0.89208984375 0.1083984375 0.89599609375 0.123046875 0.8935546875 0.126953125 0.890625 0.130859375 0.88818359375 0.1279296875 0.88427734375 0.1220703125 0.8818359375 0.119140625 0.88037109375 0.123046875 0.87646484375 0.125 0.8740234375 0.1201171875 0.8740234375 0.1142578125 0.87255859375 0.1162109375 0.87060546875 0.1220703125 0.86474609375 0.123046875 0.86328125 0.1201171875 0.8603515625 0.123046875 0.85888671875 0.1201171875 0.85791015625 0.1162109375 0.85546875 0.1201171875 0.85498046875 0.1171875 0.85546875 0.111328125 0.85107421875 0.1171875 0.85009765625 0.1142578125 0.85498046875 0.1005859375 0.8564453125 0.095703125 0.8603515625 0.09765625 0.86181640625 0.09765625 0.86328125 0.0908203125 0.8642578125 0.0859375 0.86669921875 0.0791015625 0.8642578125 0.07421875 0.85791015625 0.0712890625 0.85546875 0.072265625 0.8525390625 0.068359375 0.85205078125 0.072265625 0.8525390625 0.0751953125 0.85107421875 0.0791015625 0.8525390625 0.0830078125 0.8525390625 0.08984375 0.85205078125 0.09375 0.849609375 0.0986328125 0.8486328125 0.103515625 0.84716796875 0.1083984375 0.8447265625 0.111328125 0.8408203125 0.1123046875 0.837890625 0.1142578125 0.833984375 0.1171875 0.82958984375 0.1171875 0.828125 0.1123046875 0.82421875 0.1171875 0.82470703125 0.1220703125 0.82177734375 0.1201171875 0.8203125 0.1201171875 0.81884765625 0.1201171875 0.81640625 0.1279296875 0.81494140625 0.1328125 0.8115234375 0.1376953125 0.80810546875 0.1416015625 0.80224609375 0.1435546875 0.80029296875 0.1435546875 0.8017578125 0.1484375 0.79638671875 0.15234375 0.794921875 0.15234375 0.7939453125 0.146484375 0.791015625 0.146484375 0.79248046875 0.154296875 0.79248046875 0.1572265625 0.7900390625 0.1591796875 0.78955078125 0.1640625 0.79248046875 0.1640625 0.794921875 0.169921875 0.791015625 0.1748046875 0.787109375 0.17578125 0.78955078125 0.181640625 0.78759765625 0.1865234375 0.7861328125 0.185546875 0.78466796875 0.1884765625 0.7861328125 0.19140625 0.7841796875 0.193359375 0.783203125 0.197265625 0.779296875 0.19921875 0.78173828125 0.2021484375 0.7783203125 0.2021484375 0.77685546875 0.2041015625 0.7783203125 0.2099609375 0.77392578125 0.2041015625 0.77392578125 0.22265625 0.775390625 0.2314453125 0.77783203125 0.236328125 0.7802734375 0.2373046875 0.779296875 0.2314453125 0.77783203125 0.2294921875 0.7783203125 0.2236328125 0.78076171875 0.2255859375 0.7822265625 0.2265625 0.78466796875 0.2265625 0.787109375 0.228515625 0.78955078125 0.2314453125 0.78564453125 0.236328125 0.78564453125 0.2421875 0.783203125 0.248046875 0.7783203125 0.2529296875 0.77490234375 0.2607421875 0.77490234375 0.2763671875 0.77490234375 0.28515625 0.77685546875 0.27734375 0.78076171875 0.2822265625 0.78076171875 0.287109375 0.78076171875 0.2900390625 0.77783203125 0.2958984375 0.77490234375 0.2958984375 0.77490234375 0.3037109375 0.77783203125 0.302734375 0.77783203125 0.306640625 0.77783203125 0.310546875 0.7763671875 0.314453125 0.7763671875 0.322265625 0.7763671875 0.33984375 0.7763671875 0.3505859375 0.775390625 0.353515625 0.7763671875 0.373046875 0.775390625 0.4013671875 0.775390625 0.419921875 0.7783203125 0.4228515625 0.7802734375 0.42578125 0.77685546875 0.431640625 0.77783203125 0.4609375 0.75390625 0.4609375 0.7568359375 0.3916015625 0.7568359375 0.32421875 0.7568359375 0.2421875 0.75830078125 0.2314453125 0.7568359375 0.2265625 0.75537109375 0.2177734375 0.75146484375 0.2158203125 0.74755859375 0.21484375 0.75146484375 0.205078125 0.75 0.2041015625 0.7431640625 0.2109375 0.74169921875 0.2099609375 0.74365234375 0.2041015625 0.73828125 0.2080078125 0.734375 0.2021484375 0.73681640625 0.19921875 0.73388671875 0.197265625 0.736328125 0.193359375 0.72900390625 0.1962890625 0.728515625 0.193359375 0.73291015625 0.1865234375 0.73046875 0.181640625 0.72509765625 0.18359375 0.7236328125 0.1787109375 0.728515625 0.17578125 0.724609375 0.1708984375 0.724609375 0.169921875 0.72314453125 0.1669921875 0.720703125 0.162109375 0.72314453125 0.1572265625 0.7216796875 0.1513671875 0.7216796875 0.1484375 0.72607421875 0.1435546875 0.7392578125 0.138671875 0.73779296875 0.1328125 0.73388671875 0.1337890625 0.73046875 0.1376953125 0.7275390625 0.1376953125 0.7275390625 0.130859375 0.72509765625 0.1279296875 0.72216796875 0.130859375 0.7177734375 0.1328125 0.71923828125 0.123046875 0.71435546875 0.1279296875 0.71240234375 0.119140625 0.70849609375 0.1201171875 0.701171875 0.1220703125 0.69580078125 0.125 0.6904296875 0.123046875 0.68896484375 0.1201171875 0.68603515625 0.1171875 0.68359375 0.1142578125 0.67919921875 0.111328125 0.67138671875 0.1162109375 0.6650390625 0.1162109375 0.662109375 0.1142578125 0.6533203125 0.119140625 0.65673828125 0.1328125 0.6611328125 0.140625 0.65283203125 0.1455078125 0.63525390625 0.1142578125 0.64501953125 0.0634765625 0.64453125 0.0556640625 0.64794921875 0.0537109375 0.6513671875 0.05078125 0.65185546875 0.0458984375 0.654296875 0.0419921875 0.6513671875 0.037109375 0.654296875 0.03125 0.64990234375 0.029296875 0.65185546875 0.0
5 0.46875 0.40234375 0.47216796875 0.3994140625 0.47607421875 0.3974609375 0.4814453125 0.396484375 0.49072265625 0.396484375 0.48681640625 0.4072265625 0.48193359375 0.41015625 0.47607421875 0.412109375 0.4716796875 0.412109375 0.47021484375 0.4130859375 0.46826171875 0.4130859375 0.46630859375 0.4130859375 0.46533203125 0.412109375 0.4638671875 0.412109375 0.46337890625 0.41015625 0.46337890625 0.40625
4 0.20849609375 0.31640625 0.20849609375 0.345703125 0.20849609375 0.3671875 0.20751953125 0.3837890625 0.20703125 0.396484375 0.2060546875 0.40234375 0.2060546875 0.4169921875 0.216796875 0.41796875 0.216796875 0.3837890625 0.2158203125 0.3623046875 0.216796875 0.3330078125 0.2197265625 0.322265625 0.21533203125 0.30859375
3 0.55712890625 0.3564453125 0.5634765625 0.357421875 0.5732421875 0.359375 0.58544921875 0.3603515625 0.5927734375 0.3623046875 0.6005859375 0.3603515625 0.61328125 0.3623046875 0.62548828125 0.3642578125 0.640625 0.3583984375 0.6533203125 0.3583984375 0.6689453125 0.3642578125 0.67236328125 0.416015625 0.61474609375 0.39453125 0.58544921875 0.388671875 0.5546875 0.376953125
5 0.35009765625 0.3828125 0.36181640625 0.3828125 0.36328125 0.3857421875 0.3642578125 0.3916015625 0.36572265625 0.3984375 0.36669921875 0.40234375 0.3642578125 0.404296875 0.3564453125 0.404296875 0.35107421875 0.40625 0.34716796875 0.4091796875 0.3466796875 0.4091796875 0.3466796875 0.40625 0.3466796875 0.40234375 0.3466796875 0.396484375 0.3466796875 0.3916015625 0.3447265625 0.3857421875 0.34326171875 0.3828125
4 0.53466796875 0.03125 0.53857421875 0.02734375 0.541015625 0.0234375 0.54296875 0.02734375 0.546875 0.0263671875 0.5478515625 0.0234375 0.55078125 0.0244140625 0.55322265625 0.0244140625 0.55615234375 0.029296875 0.55615234375 0.021484375 0.5615234375 0.0 0.58935546875 0.0 0.5927734375 0.0185546875 0.5947265625 0.0263671875 0.5986328125 0.0234375 0.6064453125 0.021484375 0.60791015625 0.013671875 0.61181640625 0.0126953125 0.61572265625 0.015625 0.6181640625 0.0185546875 0.61572265625 0.0234375 0.61474609375 0.0263671875 0.61181640625 0.0263671875 0.61474609375 0.03125 0.61865234375 0.0341796875 0.61865234375 0.04296875 0.61669921875 0.0478515625 0.6103515625 0.0537109375 0.607421875 0.0556640625 0.61181640625 0.0634765625 0.6142578125 0.0537109375 0.6171875 0.0537109375 0.6171875 0.060546875 0.6181640625 0.068359375 0.62109375 0.068359375 0.62939453125 0.068359375 0.63427734375 0.0498046875 0.6396484375 0.0556640625 0.6435546875 0.0615234375 0.64892578125 0.0771484375 0.64501953125 0.09375 0.64599609375 0.1171875 0.654296875 0.1357421875 0.66455078125 0.1416015625 0.66650390625 0.138671875 0.6689453125 0.1376953125 0.67041015625 0.138671875 0.67041015625 0.1455078125 0.669921875 0.146484375 0.67138671875 0.1494140625 0.67529296875 0.1494140625 0.6767578125 0.1513671875 0.67578125 0.1572265625 0.67529296875 0.1640625 0.67822265625 0.162109375 0.68310546875 0.1650390625 0.68603515625 0.16796875 0.6865234375 0.17578125 0.68359375 0.177734375 0.68212890625 0.185546875 0.67822265625 0.189453125 0.67431640625 0.1943359375 0.66650390625 0.2001953125 0.66259765625 0.19921875 0.66259765625 0.205078125 0.66064453125 0.2158203125 0.6591796875 0.220703125 0.6533203125 0.2265625 0.65673828125 0.234375 0.65966796875 0.234375 0.65966796875 0.2392578125 0.662109375 0.2421875 0.66455078125 0.248046875 0.6650390625 0.2578125 0.662109375 0.265625 0.6591796875 0.2626953125 0.6572265625 0.263671875 0.6572265625 0.2666015625 0.65673828125 0.2685546875 0.6591796875 0.2705078125 0.66357421875 0.2744140625 0.66357421875 0.28125 0.65966796875 0.28515625 0.6533203125 0.2822265625 0.6552734375 0.287109375 0.65673828125 0.29296875 0.65673828125 0.2978515625 0.6572265625 0.302734375 0.6552734375 0.3037109375 0.6572265625 0.3115234375 0.65673828125 0.3212890625 0.64990234375 0.3291015625 0.64697265625 0.3310546875 0.63623046875 0.3310546875 0.63037109375 0.33203125 0.6259765625 0.3193359375 0.62255859375 0.3193359375 0.62255859375 0.3349609375 0.625 0.357421875 0.6181640625 0.3515625 0.61181640625 0.3505859375 0.60791015625 0.34375 0.603515625 0.3427734375 0.59814453125 0.3427734375 0.595703125 0.337890625 0.5888671875 0.337890625 0.58251953125 0.33984375 0.57861328125 0.337890625 0.57958984375 0.3330078125 0.57861328125 0.3271484375 0.56884765625 0.314453125 0.5615234375 0.310546875 0.56005859375 0.310546875 0.55859375 0.314453125 0.55712890625 0.32421875 0.5595703125 0.3798828125 0.55859375 0.412109375 0.54931640625 0.3994140625 0.5478515625 0.3349609375 0.5439453125 0.3349609375 0.53955078125 0.3359375 0.53564453125 0.3330078125 0.533203125 0.330078125 0.53076171875 0.3251953125 0.52685546875 0.3291015625 0.52490234375 0.330078125 0.51953125 0.33203125 0.51708984375 0.3330078125 0.51220703125 0.3330078125 0.50830078125 0.33203125 0.50146484375 0.33984375 0.5 0.3427734375 0.5 0.3486328125 0.5029296875 0.34765625 0.50537109375 0.34765625 0.50927734375 0.3505859375 0.51025390625 0.3564453125 0.51025390625 0.3662109375 0.50830078125 0.369140625 0.50439453125 0.3671875 0.50244140625 0.3671875 0.5 0.3701171875 0.5 0.3984375 0.49560546875 0.3984375 0.49560546875 0.353515625 0.4921875 0.3515625 0.48828125 0.34765625 0.4873046875 0.3603515625 0.4833984375 0.373046875 0.4775390625 0.359375 0.47412109375 0.3642578125 0.47119140625 0.365234375 0.4658203125 0.3642578125 0.4609375 0.3564453125 0.4599609375 0.353515625 0.45703125 0.3515625 0.45361328125 0.3486328125 0.4521484375 0.3515625 0.44580078125 0.337890625 0.44677734375 0.3212890625 0.4453125 0.30859375 0.44677734375 0.2978515625 0.44580078125 0.287109375 0.44970703125 0.25 0.4599609375 0.251953125 0.46435546875 0.2470703125 0.466796875 0.2373046875 0.45458984375 0.2412109375 0.45068359375 0.2373046875 0.44970703125 0.2314453125 0.4482421875 0.2236328125 0.44921875 0.220703125 0.4521484375 0.21875 0.4521484375 0.21484375 0.4482421875 0.2099609375 0.4443359375 0.2001953125 0.4453125 0.19921875 0.451171875 0.1943359375 0.4560546875 0.19140625 0.4560546875 0.185546875 0.4521484375 0.177734375 0.44970703125 0.1748046875 0.451171875 0.1591796875 0.45068359375 0.15234375 0.45068359375 0.1494140625 0.453125 0.1484375 0.45361328125 0.1435546875 0.46240234375 0.1357421875 0.4658203125 0.1328125 0.46533203125 0.1279296875 0.46923828125 0.1279296875 0.474609375 0.1279296875 0.47314453125 0.1142578125 0.4775390625 0.1142578125 0.482421875 0.1162109375 0.4853515625 0.111328125 0.48681640625 0.103515625 0.486328125 0.095703125 0.48388671875 0.08984375 0.48681640625 0.0849609375 0.4892578125 0.0849609375 0.49072265625 0.0712890625 0.4892578125 0.0634765625 0.48779296875 0.060546875 0.4921875 0.056640625 0.4892578125 0.0400390625 0.49365234375 0.0390625 0.49853515625 0.0341796875 0.5029296875 0.0390625 0.50830078125 0.044921875 0.51220703125 0.0419921875 0.51220703125 0.03515625 0.513671875 0.029296875 0.515625 0.0244140625 0.52001953125 0.0263671875 0.5224609375 0.0322265625 0.52490234375 0.0341796875 0.5283203125 0.0390625 0.53173828125 0.0400390625 0.53076171875 0.03515625
5 0.4921875 0.3955078125 0.5029296875 0.3955078125 0.5078125 0.4091796875 0.5029296875 0.419921875 0.50244140625 0.427734375 0.5 0.427734375 0.4990234375 0.4248046875 0.49365234375 0.4208984375 0.48828125 0.4228515625 0.48779296875 0.42578125 0.48681640625 0.42578125 0.484375 0.4208984375 0.48388671875 0.4150390625 0.48388671875 0.40625 0.484375 0.40234375 0.48681640625 0.3984375 0.4892578125 0.3955078125
4 0.0 0.34375 0.0068359375 0.353515625 0.01123046875 0.3662109375 0.015625 0.357421875 0.01806640625 0.3466796875 0.02490234375 0.3486328125 0.02978515625 0.345703125 0.037109375 0.3427734375 0.04296875 0.3623046875 0.04541015625 0.3740234375 0.04931640625 0.359375 0.04345703125 0.328125 0.044921875 0.3095703125 0.05712890625 0.3115234375 0.06884765625 0.322265625 0.0703125 0.341796875 0.07373046875 0.357421875 0.0791015625 0.365234375 0.0830078125 0.361328125 0.083984375 0.3486328125 0.08984375 0.3505859375 0.09423828125 0.3642578125 0.09619140625 0.3759765625 0.1005859375 0.3818359375 0.10595703125 0.3798828125 0.111328125 0.3828125 0.11376953125 0.3955078125 0.11865234375 0.4013671875 0.12353515625 0.4052734375 0.126953125 0.3994140625 0.12939453125 0.3974609375 0.1376953125 0.400390625 0.14404296875 0.4013671875 0.15087890625 0.4052734375 0.1611328125 0.423828125 0.16650390625 0.443359375 0.17138671875 0.455078125 0.17333984375 0.466796875 0.15576171875 0.474609375 0.14404296875 0.478515625 0.12744140625 0.48828125 0.10693359375 0.49609375 0.05029296875 0.521484375 0.04541015625 0.53125 0.041015625 0.5517578125 0.03125 0.55859375 0.0 0.5625
3 0.6806640625 0.37109375 0.69189453125 0.3740234375 0.68994140625 0.431640625 0.6787109375 0.4267578125
3 0.6806640625 0.37109375 0.69189453125 0.3740234375 0.68994140625 0.431640625 0.677734375 0.4365234375
