0 0.99951171875 0.6708984375 0.07080078125 0.3515625 0.0 0.4384765625 0.0 0.9990234375 0.99951171875 0.9990234375
2 0.99951171875 0.2734375 0.99951171875 0.0 0.11279296875 0.0 0.1064453125 0.0 0.08251953125 0.021484375 0.076171875 0.0234375 0.0732421875 0.0 0.07275390625 0.0234375 0.06787109375 0.0244140625 0.0654296875 0.005859375 0.0654296875 0.0322265625 0.0634765625 0.0341796875 0.0625 0.0390625 0.0595703125 0.0419921875 0.0595703125 0.0478515625 0.05615234375 0.05078125 0.0556640625 0.0537109375 0.05322265625 0.05859375 0.05419921875 0.0615234375 0.0546875 0.0615234375 0.0546875 0.06640625 0.04248046875 0.0927734375 0.04638671875 0.0986328125 0.04638671875 0.103515625 0.0322265625 0.3037109375 0.0 0.337890625 0.0 0.4072265625 0.025390625 0.40625 0.04296875 0.41796875 0.2177734375 0.4248046875 0.51953125 0.455078125 0.578125 0.4248046875 0.66650390625 0.4208984375 0.67529296875 0.3642578125 0.6884765625 0.4228515625 0.97607421875 0.4580078125
5 0.048828125 0.4169921875 0.04248046875 0.4013671875 0.041015625 0.3955078125 0.041015625 0.3935546875 0.03955078125 0.3916015625 0.0302734375 0.3916015625 0.02783203125 0.3935546875 0.02685546875 0.3955078125 0.0263671875 0.4013671875 0.025390625 0.40234375 0.02490234375 0.40234375 0.02490234375 0.4072265625 0.0224609375 0.412109375 0.02685546875 0.431640625 0.041015625 0.4248046875
5 0.08251953125 0.4140625 0.08740234375 0.3984375 0.09423828125 0.3935546875 0.099609375 0.3935546875 0.10498046875 0.4013671875 0.10498046875 0.41796875 0.09423828125 0.4248046875
5 0.11669921875 0.404296875 0.111328125 0.3955078125 0.109375 0.3935546875 0.099609375 0.3955078125 0.0966796875 0.40234375 0.09423828125 0.40625 0.0927734375 0.41015625 0.09326171875 0.4150390625 0.103515625 0.4150390625 0.111328125 0.412109375
5 0.1279296875 0.40234375 0.12744140625 0.3984375 0.1259765625 0.3955078125 0.1142578125 0.3955078125 0.1103515625 0.3955078125 0.107421875 0.3984375 0.10400390625 0.404296875 0.107421875 0.412109375 0.1142578125 0.4140625 0.12060546875 0.4091796875
5 0.1396484375 0.40625 0.13134765625 0.3984375 0.12890625 0.396484375 0.125 0.396484375 0.1220703125 0.396484375 0.11962890625 0.4013671875 0.1181640625 0.412109375 0.12890625 0.4140625
5 0.166015625 0.4091796875 0.16455078125 0.3935546875 0.16259765625 0.3837890625 0.1611328125 0.380859375 0.13525390625 0.3828125 0.1318359375 0.3955078125 0.13134765625 0.3984375 0.12890625 0.3994140625 0.13037109375 0.4140625 0.13720703125 0.427734375 0.140625 0.4365234375 0.142578125 0.435546875 0.1513671875 0.431640625 0.15966796875 0.4091796875
5 0.18212890625 0.3935546875 0.17431640625 0.3935546875 0.17041015625 0.3935546875 0.1611328125 0.3935546875 0.154296875 0.3955078125 0.150390625 0.404296875 0.14794921875 0.40625 0.146484375 0.4072265625 0.146484375 0.41015625 0.14892578125 0.412109375 0.14794921875 0.4150390625 0.14599609375 0.41796875 0.14599609375 0.427734375 0.14599609375 0.431640625 0.146484375 0.4365234375 0.14892578125 0.4384765625 0.150390625 0.4384765625 0.150390625 0.435546875 0.154296875 0.435546875 0.1552734375 0.439453125 0.15673828125 0.44140625 0.158203125 0.439453125 0.15966796875 0.4365234375 0.1650390625 0.43359375 0.173828125 0.4169921875
5 0.20849609375 0.4169921875 0.2021484375 0.3994140625 0.19921875 0.3916015625 0.19677734375 0.388671875 0.17919921875 0.388671875 0.171875 0.388671875 0.1689453125 0.396484375 0.166015625 0.40625 0.16455078125 0.40625 0.16357421875 0.4091796875 0.16455078125 0.41015625 0.16259765625 0.41796875 0.16259765625 0.427734375 0.16259765625 0.4365234375 0.16259765625 0.439453125 0.16357421875 0.443359375 0.1650390625 0.443359375 0.16796875 0.443359375 0.16796875 0.439453125 0.1728515625 0.439453125 0.1728515625 0.4443359375 0.17431640625 0.4443359375 0.17724609375 0.4443359375 0.1806640625 0.4443359375 0.18212890625 0.4384765625 0.19189453125 0.4384765625 0.203125 0.435546875
5 0.24609375 0.4306640625 0.2353515625 0.4169921875 0.23291015625 0.40625 0.23046875 0.3984375 0.228515625 0.3955078125 0.20849609375 0.3955078125 0.2021484375 0.396484375 0.19921875 0.3994140625 0.19580078125 0.41015625 0.19384765625 0.412109375 0.19140625 0.4169921875 0.19189453125 0.41796875 0.18896484375 0.42578125 0.18994140625 0.4287109375 0.18896484375 0.435546875 0.18896484375 0.443359375 0.18994140625 0.447265625 0.1904296875 0.447265625 0.1943359375 0.44921875 0.1953125 0.4462890625 0.19580078125 0.4443359375 0.2021484375 0.4443359375 0.203125 0.44921875 0.20361328125 0.44921875 0.205078125 0.44921875 0.20849609375 0.447265625 0.208984375 0.4443359375 0.21826171875 0.443359375 0.21923828125 0.4462890625 0.2197265625 0.447265625 0.22216796875 0.44921875 0.224609375 0.4462890625 0.224609375 0.443359375 0.234375 0.4443359375 0.2392578125 0.4384765625
5 0.3828125 0.3115234375 0.37890625 0.33203125 0.37353515625 0.3828125 0.3720703125 0.3837890625 0.3720703125 0.3828125 0.37109375 0.375 0.36962890625 0.373046875 0.3671875 0.373046875 0.36572265625 0.373046875 0.36474609375 0.3798828125 0.36474609375 0.3955078125 0.3671875 0.3984375 0.37109375 0.396484375 0.36962890625 0.404296875 0.36962890625 0.44140625 0.37060546875 0.4462890625 0.37109375 0.4501953125 0.37109375 0.4658203125 0.37255859375 0.4765625 0.37353515625 0.4814453125 0.3759765625 0.4833984375 0.3818359375 0.4833984375 0.3828125 0.4814453125 0.3828125 0.478515625 0.38671875 0.4765625 0.3857421875 0.470703125 0.39892578125 0.47265625 0.39990234375 0.4814453125 0.4013671875 0.4912109375 0.40283203125 0.494140625 0.4033203125 0.4951171875 0.41064453125 0.4951171875 0.412109375 0.4912109375 0.41259765625 0.486328125 0.41748046875 0.486328125 0.419921875 0.486328125 0.419921875 0.4833984375 0.4189453125 0.478515625 0.4189453125 0.4765625 0.43896484375 0.4736328125 0.45068359375 0.4501953125 0.474609375 0.4150390625 0.48291015625 0.3837890625 0.48291015625 0.3828125 0.48046875 0.3544921875 0.48046875 0.3486328125 0.47998046875 0.34765625 0.47607421875 0.3212890625 0.47216796875 0.30078125 0.470703125 0.294921875 0.46826171875 0.2900390625 0.466796875 0.2890625 0.46142578125 0.2890625 0.44384765625 0.2890625 0.4228515625 0.2919921875 0.41064453125 0.294921875 0.39501953125 0.30078125 0.38720703125 0.3056640625
5 0.43212890625 0.45703125 0.43212890625 0.46875 0.43115234375 0.4814453125 0.43212890625 0.4921875 0.43359375 0.505859375 0.43603515625 0.5107421875 0.44677734375 0.5107421875 0.44775390625 0.5087890625 0.4482421875 0.501953125 0.46533203125 0.5048828125 0.46533203125 0.5048828125 0.466796875 0.515625 0.4677734375 0.5205078125 0.46923828125 0.5234375 0.470703125 0.5234375 0.48046875 0.5234375 0.482421875 0.521484375 0.48388671875 0.5126953125 0.484375 0.5029296875 0.49853515625 0.501953125 0.50830078125 0.501953125 0.5107421875 0.4970703125 0.529296875 0.494140625 0.5302734375 0.4970703125 0.53466796875 0.4970703125 0.5361328125 0.5048828125 0.537109375 0.5087890625 0.5400390625 0.5126953125 0.55078125 0.5126953125 0.55224609375 0.5078125 0.55419921875 0.4970703125 0.55419921875 0.4873046875 0.5556640625 0.4873046875 0.55712890625 0.4833984375 0.55810546875 0.4736328125 0.55810546875 0.455078125 0.55810546875 0.4521484375 0.5556640625 0.4521484375 0.5556640625 0.4384765625 0.55419921875 0.42578125 0.55029296875 0.4169921875 0.5478515625 0.4140625 0.544921875 0.412109375 0.54150390625 0.4091796875 0.53466796875 0.3955078125 0.5263671875 0.3857421875 0.521484375 0.380859375 0.517578125 0.3798828125 0.5068359375 0.3779296875 0.49169921875 0.3798828125 0.4736328125 0.3828125 0.4716796875 0.3857421875 0.462890625 0.3916015625 0.46044921875 0.3935546875 0.453125 0.4072265625 0.44775390625 0.427734375 0.44677734375 0.4306640625 0.4453125 0.4287109375 0.4453125 0.4228515625 0.4404296875 0.4228515625 0.4384765625 0.42578125 0.4375 0.4287109375 0.4384765625 0.435546875 0.44384765625 0.435546875 0.4365234375 0.4462890625 0.43359375 0.4521484375
5 0.06396484375 0.42578125 0.06689453125 0.4140625 0.06884765625 0.4091796875 0.0693359375 0.4072265625 0.07177734375 0.40625 0.0732421875 0.4013671875 0.083984375 0.3984375 0.091796875 0.3994140625 0.095703125 0.40234375 0.09814453125 0.4150390625 0.09716796875 0.4306640625 0.0908203125 0.431640625 0.0771484375 0.43359375 0.076171875 0.435546875 0.07470703125 0.4384765625 0.07080078125 0.4365234375 0.06787109375 0.431640625
5 0.14599609375 0.484375 0.14599609375 0.455078125 0.14501953125 0.4462890625 0.142578125 0.4306640625 0.142578125 0.4287109375 0.142578125 0.42578125 0.142578125 0.4208984375 0.138671875 0.4208984375 0.13330078125 0.404296875 0.1328125 0.40234375 0.0986328125 0.404296875 0.0986328125 0.404296875 0.095703125 0.4072265625 0.0908203125 0.4228515625 0.0888671875 0.4208984375 0.08740234375 0.4208984375 0.08349609375 0.4228515625 0.08203125 0.42578125 0.08251953125 0.43359375 0.08935546875 0.43359375 0.08642578125 0.4462890625 0.08740234375 0.4814453125 0.08935546875 0.484375 0.0908203125 0.4873046875 0.0966796875 0.4873046875 0.09716796875 0.4794921875 0.09716796875 0.4736328125 0.13330078125 0.4755859375 0.13330078125 0.4794921875 0.13720703125 0.4794921875 0.13818359375 0.4833984375 0.13818359375 0.486328125
5 0.07177734375 0.447265625 0.07275390625 0.42578125 0.07177734375 0.419921875 0.0703125 0.4140625 0.07177734375 0.412109375 0.07177734375 0.4091796875 0.06884765625 0.4072265625 0.06640625 0.3994140625 0.06396484375 0.396484375 0.046875 0.396484375 0.04296875 0.3984375 0.041015625 0.4091796875 0.03955078125 0.4091796875 0.03759765625 0.41015625 0.03857421875 0.4150390625 0.03857421875 0.4384765625 0.03955078125 0.4462890625 0.041015625 0.4501953125 0.044921875 0.4501953125 0.044921875 0.4443359375 0.0634765625 0.4443359375 0.0634765625 0.44921875 0.0654296875 0.44921875 0.06640625 0.4443359375 0.06787109375 0.4443359375 0.06787109375 0.44921875
4 0.05029296875 0.46875 0.05078125 0.4580078125 0.04931640625 0.4541015625 0.04638671875 0.4541015625 0.04248046875 0.4501953125 0.04296875 0.4287109375 0.04248046875 0.41796875 0.04248046875 0.412109375 0.03857421875 0.412109375 0.03564453125 0.4072265625 0.03466796875 0.4072265625 0.03076171875 0.4013671875 0.02490234375 0.40625 0.0224609375 0.41015625 0.02001953125 0.4091796875 0.01220703125 0.40625 0.0068359375 0.40625 0.0068359375 0.3994140625 0.0068359375 0.390625 0.0009765625 0.390625 0.0 0.3916015625 0.0 0.54296875 0.01171875 0.5390625 0.017578125 0.53125 0.01953125 0.5244140625 0.025390625 0.5185546875 0.03466796875 0.515625 0.03564453125 0.5087890625 0.03564453125 0.5078125 0.03759765625 0.5048828125 0.041015625 0.5048828125 0.04248046875 0.4970703125 0.04638671875 0.4921875 0.04931640625 0.4892578125 0.05224609375 0.484375 0.0517578125 0.4814453125 0.05078125 0.4736328125
4 0.078125 0.2001953125 0.07861328125 0.1943359375 0.08349609375 0.185546875 0.080078125 0.1787109375 0.07568359375 0.1728515625 0.07421875 0.1591796875 0.06787109375 0.1572265625 0.06787109375 0.15234375 0.06640625 0.1416015625 0.0654296875 0.1337890625 0.0625 0.126953125 0.05419921875 0.123046875 0.0478515625 0.1064453125 0.04638671875 0.095703125 0.044921875 0.087890625 0.04248046875 0.0771484375 0.04638671875 0.064453125 0.04638671875 0.0556640625 0.04150390625 0.0537109375 0.04150390625 0.044921875 0.04296875 0.0390625 0.04150390625 0.02734375 0.04150390625 0.0205078125 0.03955078125 0.0166015625 0.0283203125 0.0244140625 0.02392578125 0.02734375 0.021484375 0.0205078125 0.02294921875 0.005859375 0.02099609375 0.0 0.0 0.0 0.0 0.3427734375 0.00537109375 0.34765625 0.01025390625 0.3486328125 0.0146484375 0.3505859375 0.01220703125 0.3564453125 0.01171875 0.3623046875 0.01220703125 0.3662109375 0.015625 0.3671875 0.01953125 0.3701171875 0.025390625 0.3701171875 0.02685546875 0.3642578125 0.02685546875 0.3583984375 0.02685546875 0.353515625 0.03076171875 0.353515625 0.0341796875 0.3486328125 0.03759765625 0.3486328125 0.04296875 0.34765625 0.04931640625 0.34765625 0.05078125 0.3427734375 0.05224609375 0.3359375 0.05322265625 0.3330078125 0.0517578125 0.3291015625 0.05078125 0.3251953125 0.05078125 0.3212890625 0.05078125 0.31640625 0.048828125 0.3134765625 0.04638671875 0.30859375 0.044921875 0.302734375 0.04248046875 0.29296875 0.04296875 0.287109375 0.04638671875 0.2822265625 0.04541015625 0.2763671875 0.0517578125 0.2744140625 0.06103515625 0.2744140625 0.0654296875 0.2705078125 0.06640625 0.2607421875 0.06689453125 0.251953125 0.07275390625 0.25 0.078125 0.2470703125 0.07861328125 0.2392578125 0.076171875 0.2333984375 0.0732421875 0.2314453125 0.0703125 0.228515625 0.0732421875 0.220703125 0.0771484375 0.2177734375 0.07421875 0.2080078125 0.076171875 0.205078125
