1 0.123046875 0.419921875 0.41455078125 0.40234375 0.99951171875 0.388671875 0.99951171875 0.9990234375 0.74462890625 0.9990234375 0.03955078125 0.4306640625 0.08837890625 0.4189453125
2 0.0 0.3056640625 0.0048828125 0.3115234375 0.0078125 0.3173828125 0.01123046875 0.3212890625 0.01025390625 0.322265625 0.0107421875 0.33984375 0.01220703125 0.341796875 0.015625 0.3447265625 0.01611328125 0.3466796875 0.015625 0.361328125 0.02587890625 0.361328125 0.048828125 0.361328125 0.05126953125 0.3603515625 0.05224609375 0.359375 0.05810546875 0.359375 0.05859375 0.3544921875 0.06005859375 0.3525390625 0.0634765625 0.3564453125 0.06494140625 0.35546875 0.06640625 0.353515625 0.06787109375 0.349609375 0.0771484375 0.30078125 0.07763671875 0.2431640625 0.07763671875 0.2275390625 0.0771484375 0.20703125 0.078125 0.1953125 0.0810546875 0.185546875 0.08349609375 0.185546875 0.0849609375 0.1806640625 0.08837890625 0.1875 0.09765625 0.173828125 0.13623046875 0.169921875 0.2021484375 0.291015625 0.201171875 0.408203125 0.171875 0.4189453125 0.0810546875 0.4248046875 0.0 0.4150390625
0 0.0 0.4296875 0.07568359375 0.4267578125 0.08154296875 0.4423828125 0.0947265625 0.453125 0.19775390625 0.533203125 0.41455078125 0.689453125 0.64990234375 0.8505859375 0.90966796875 0.9990234375 0.0 0.9990234375
2 0.662109375 0.0 0.99951171875 0.0 0.99951171875 0.435546875 0.78564453125 0.4306640625 0.7216796875 0.4287109375 0.6953125 0.419921875 0.67431640625 0.42578125 0.630859375 0.4208984375 0.5927734375 0.4296875 0.46875 0.423828125 0.384765625 0.4365234375 0.208984375 0.4140625 0.25634765625 0.0 0.505859375 0.0
4 0.0 0.359375 0.00390625 0.3564453125 0.00732421875 0.3525390625 0.01123046875 0.3671875 0.013671875 0.373046875 0.01953125 0.37109375 0.0234375 0.3740234375 0.025390625 0.3779296875 0.0283203125 0.376953125 0.03125 0.3720703125 0.0390625 0.3701171875 0.04248046875 0.37109375 0.04541015625 0.3671875 0.05126953125 0.3662109375 0.0537109375 0.37109375 0.0595703125 0.37109375 0.06494140625 0.3701171875 0.06396484375 0.3828125 0.0634765625 0.388671875 0.0615234375 0.39453125 0.07275390625 0.3955078125 0.07666015625 0.3974609375 0.07763671875 0.4072265625 0.076171875 0.4169921875 0.0 0.4248046875
4 0.13671875 0.34375 0.13720703125 0.3623046875 0.13818359375 0.4130859375 0.1357421875 0.412109375 0.134765625 0.35546875
4 0.11328125 0.3671875 0.109375 0.3896484375 0.11083984375 0.4306640625 0.107421875 0.4306640625 0.107421875 0.40625 0.1064453125 0.3896484375 0.10302734375 0.376953125 0.10595703125 0.3720703125
5 0.0 0.40625 0.00390625 0.4130859375 0.00537109375 0.423828125 0.0078125 0.427734375 0.01220703125 0.4287109375 0.01611328125 0.4326171875 0.0185546875 0.4365234375 0.0185546875 0.4404296875 0.01611328125 0.44140625 0.01318359375 0.4443359375 0.01513671875 0.4541015625 0.0166015625 0.466796875 0.017578125 0.4794921875 0.01806640625 0.490234375 0.01708984375 0.4970703125 0.01611328125 0.5 0.01416015625 0.5 0.01513671875 0.5078125 0.01416015625 0.51171875 0.01123046875 0.513671875 0.0 0.5146484375
5 0.0 0.4326171875 0.00634765625 0.439453125 0.0068359375 0.4453125 0.0048828125 0.4501953125 0.0009765625 0.451171875 0.00439453125 0.4638671875 0.005859375 0.4765625 0.0068359375 0.4951171875 0.0068359375 0.509765625 0.00537109375 0.5224609375 0.0 0.5244140625
4 0.1494140625 0.3564453125 0.14990234375 0.41015625 0.14794921875 0.41015625 0.14697265625 0.357421875
4 0.1904296875 0.0 0.81689453125 0.0 0.81689453125 0.0244140625 0.82177734375 0.0283203125 0.82568359375 0.033203125 0.826171875 0.0380859375 0.81640625 0.0458984375 0.81201171875 0.05078125 0.81689453125 0.0595703125 0.81787109375 0.0634765625 0.8193359375 0.068359375 0.81982421875 0.068359375 0.8251953125 0.064453125 0.8271484375 0.0673828125 0.828125 0.07421875 0.8349609375 0.0751953125 0.83447265625 0.0869140625 0.83154296875 0.0966796875 0.82080078125 0.103515625 0.81787109375 0.1083984375 0.82373046875 0.111328125 0.82470703125 0.12109375 0.8251953125 0.1298828125 0.82470703125 0.138671875 0.81494140625 0.138671875 0.80712890625 0.140625 0.8154296875 0.14453125 0.8134765625 0.150390625 0.81005859375 0.1533203125 0.81201171875 0.1572265625 0.81396484375 0.162109375 0.81982421875 0.16015625 0.8271484375 0.1640625 0.828125 0.1689453125 0.82373046875 0.177734375 0.833984375 0.1689453125 0.8388671875 0.171875 0.837890625 0.1787109375 0.826171875 0.185546875 0.81689453125 0.197265625 0.8251953125 0.2060546875 0.822265625 0.212890625 0.8095703125 0.21484375 0.8076171875 0.21875 0.81494140625 0.2294921875 0.8203125 0.2392578125 0.81396484375 0.2451171875 0.8037109375 0.2431640625 0.79052734375 0.2421875 0.78369140625 0.2392578125 0.771484375 0.23046875 0.76513671875 0.2333984375 0.755859375 0.2353515625 0.74951171875 0.228515625 0.74755859375 0.224609375 0.74267578125 0.2041015625 0.73583984375 0.205078125 0.7265625 0.201171875 0.7216796875 0.2001953125 0.720703125 0.185546875 0.7177734375 0.1796875 0.69677734375 0.177734375 0.689453125 0.173828125 0.68798828125 0.1875 0.67822265625 0.1904296875 0.67041015625 0.1923828125 0.66650390625 0.19921875 0.66650390625 0.2119140625 0.6650390625 0.2197265625 0.65966796875 0.2314453125 0.65966796875 0.240234375 0.65576171875 0.259765625 0.65478515625 0.2646484375 0.6572265625 0.2705078125 0.658203125 0.2802734375 0.6533203125 0.3017578125 0.65283203125 0.3203125 0.642578125 0.3193359375 0.6416015625 0.2861328125 0.64111328125 0.2548828125 0.634765625 0.2578125 0.63134765625 0.275390625 0.62548828125 0.2822265625 0.61767578125 0.28125 0.6083984375 0.28125 0.609375 0.298828125 0.60546875 0.3046875 0.6025390625 0.3134765625 0.59619140625 0.3251953125 0.591796875 0.3193359375 0.5869140625 0.306640625 0.58251953125 0.298828125 0.5810546875 0.314453125 0.57373046875 0.326171875 0.5703125 0.330078125 0.5634765625 0.328125 0.55810546875 0.3212890625 0.55224609375 0.31640625 0.54296875 0.3056640625 0.53515625 0.3046875 0.5302734375 0.306640625 0.51953125 0.3095703125 0.51611328125 0.3193359375 0.51318359375 0.322265625 0.50341796875 0.322265625 0.505859375 0.33203125 0.49658203125 0.32421875 0.49365234375 0.3427734375 0.4833984375 0.35546875 0.47705078125 0.357421875 0.4658203125 0.3564453125 0.4580078125 0.3564453125 0.4541015625 0.3564453125 0.4443359375 0.3564453125 0.43994140625 0.353515625 0.44091796875 0.3671875 0.43359375 0.365234375 0.43017578125 0.357421875 0.43115234375 0.34765625 0.42626953125 0.341796875 0.42138671875 0.33203125 0.4189453125 0.3330078125 0.419921875 0.3447265625 0.41796875 0.349609375 0.41748046875 0.365234375 0.408203125 0.37109375 0.40234375 0.365234375 0.3955078125 0.3642578125 0.3876953125 0.3662109375 0.376953125 0.3740234375 0.37646484375 0.33984375 0.37060546875 0.34375 0.36474609375 0.345703125 0.35498046875 0.345703125 0.34765625 0.34765625 0.3408203125 0.3486328125 0.3359375 0.3486328125 0.32958984375 0.34765625 0.3173828125 0.34765625 0.31689453125 0.3642578125 0.30810546875 0.3759765625 0.30419921875 0.37890625 0.29345703125 0.3779296875 0.2861328125 0.3779296875 0.28125 0.380859375 0.275390625 0.3818359375 0.2705078125 0.37890625 0.259765625 0.3818359375 0.25439453125 0.3779296875 0.24951171875 0.361328125 0.24267578125 0.35546875 0.23681640625 0.3603515625 0.240234375 0.373046875 0.2451171875 0.3818359375 0.25 0.400390625 0.25537109375 0.4052734375 0.25341796875 0.408203125 0.24267578125 0.408203125 0.228515625 0.4072265625 0.22412109375 0.4072265625 0.2109375 0.4072265625 0.205078125 0.4091796875 0.1904296875 0.4130859375 0.1767578125 0.412109375 0.1728515625 0.412109375 0.17431640625 0.4072265625 0.18115234375 0.4033203125 0.1826171875 0.396484375 0.18115234375 0.3935546875 0.18017578125 0.384765625 0.18212890625 0.376953125 0.1826171875 0.3701171875 0.1845703125 0.359375 0.18017578125 0.365234375 0.17919921875 0.365234375 0.17529296875 0.357421875 0.17138671875 0.361328125 0.16748046875 0.3544921875 0.16455078125 0.3603515625 0.1630859375 0.365234375 0.15576171875 0.3662109375 0.1357421875 0.357421875 0.13525390625 0.3662109375 0.13037109375 0.3642578125 0.1298828125 0.33984375 0.11279296875 0.33984375 0.1142578125 0.3701171875 0.111328125 0.369140625 0.1083984375 0.3740234375 0.09912109375 0.369140625 0.09619140625 0.3681640625 0.095703125 0.361328125 0.09326171875 0.361328125 0.091796875 0.3662109375 0.09130859375 0.3671875 0.0927734375 0.3720703125 0.08935546875 0.373046875 0.08837890625 0.3681640625 0.08154296875 0.3681640625 0.08154296875 0.3623046875 0.0830078125 0.349609375 0.072265625 0.349609375 0.07470703125 0.3466796875 0.07568359375 0.34375 0.0751953125 0.3369140625 0.0703125 0.341796875 0.06640625 0.34375 0.06591796875 0.3408203125 0.06884765625 0.3369140625 0.06884765625 0.3349609375 0.064453125 0.3310546875 0.06689453125 0.3203125 0.0673828125 0.3173828125 0.06298828125 0.3115234375 0.06396484375 0.3095703125 0.06884765625 0.3115234375 0.0693359375 0.306640625 0.0732421875 0.3076171875 0.076171875 0.2978515625 0.07666015625 0.2900390625 0.0771484375 0.2861328125 0.07958984375 0.287109375 0.07958984375 0.27734375 0.0791015625 0.2705078125 0.08447265625 0.275390625 0.0869140625 0.2705078125 0.08740234375 0.263671875 0.08935546875 0.263671875 0.09130859375 0.259765625 0.0908203125 0.2509765625 0.087890625 0.2451171875 0.0927734375 0.24609375 0.09716796875 0.2431640625 0.10107421875 0.228515625 0.1044921875 0.2265625 0.10693359375 0.224609375 0.1064453125 0.2158203125 0.107421875 0.2099609375 0.10791015625 0.2041015625 0.11669921875 0.2109375 0.11865234375 0.205078125 0.11328125 0.1943359375 0.11376953125 0.1796875 0.10888671875 0.177734375 0.10595703125 0.173828125 0.10791015625 0.1708984375 0.115234375 0.1689453125 0.1142578125 0.16796875 0.1064453125 0.162109375 0.10595703125 0.15625 0.11767578125 0.15625 0.1181640625 0.1513671875 0.11376953125 0.14453125 0.11572265625 0.1396484375 0.11572265625 0.1337890625 0.11279296875 0.134765625 0.10986328125 0.138671875 0.103515625 0.1201171875 0.10546875 0.1171875 0.099609375 0.10546875 0.1025390625 0.1044921875 0.103515625 0.0986328125 0.0986328125 0.095703125 0.09423828125 0.0849609375 0.09521484375 0.0791015625 0.10986328125 0.0810546875 0.1142578125 0.08203125 0.1142578125 0.0751953125 0.10791015625 0.0712890625 0.1083984375 0.0693359375 0.12548828125 0.0615234375 0.13232421875 0.0546875 0.13916015625 0.0439453125 0.14013671875 0.04296875 0.12744140625 0.041015625 0.12109375 0.03515625 0.109375 0.0341796875 0.11376953125 0.0224609375 0.1123046875 0.015625 0.11669921875 0.013671875 0.1181640625 0.0078125 0.1201171875 0.001953125 0.11767578125 0.001953125 0.10791015625 0.0087890625 0.09033203125 0.0
4 0.12255859375 0.3505859375 0.1240234375 0.3623046875 0.1240234375 0.408203125 0.11962890625 0.4091796875 0.11865234375 0.3642578125
4 0.49267578125 0.3310546875 0.4931640625 0.3427734375 0.4990234375 0.3603515625 0.49853515625 0.373046875 0.49853515625 0.3876953125 0.48681640625 0.3876953125 0.48583984375 0.3662109375 0.484375 0.35546875 0.48046875 0.349609375
4 0.3935546875 0.4267578125 0.3955078125 0.4072265625 0.40234375 0.39453125 0.41015625 0.3935546875 0.42333984375 0.400390625 0.43017578125 0.404296875 0.435546875 0.4150390625 0.4365234375 0.423828125 0.42333984375 0.44140625 0.40087890625 0.4453125 0.39453125 0.4365234375
4 0.4677734375 0.3994140625 0.4794921875 0.3974609375 0.48974609375 0.3955078125 0.49951171875 0.396484375 0.5068359375 0.400390625 0.49853515625 0.41015625 0.47705078125 0.4130859375 0.46875 0.4140625 0.46630859375 0.412109375
4 0.6533203125 0.2998046875 0.65283203125 0.3203125 0.65283203125 0.3740234375 0.6513671875 0.4365234375 0.6513671875 0.51171875 0.6455078125 0.501953125 0.638671875 0.5029296875 0.63916015625 0.4833984375 0.64111328125 0.45703125 0.63916015625 0.4501953125 0.63916015625 0.439453125 0.64111328125 0.4296875 0.64208984375 0.3818359375 0.642578125 0.30859375 0.64208984375 0.294921875
4 0.716796875 0.1708984375 0.71826171875 0.236328125 0.71923828125 0.2978515625 0.720703125 0.326171875 0.720703125 0.3701171875 0.7216796875 0.380859375 0.72412109375 0.3916015625 0.7216796875 0.4013671875 0.72265625 0.4208984375 0.72509765625 0.47265625 0.724609375 0.5146484375 0.724609375 0.6181640625 0.72265625 0.671875 0.6943359375 0.673828125 0.6962890625 0.599609375 0.697265625 0.5517578125 0.6962890625 0.3544921875 0.69140625 0.337890625 0.6943359375 0.31640625 0.6953125 0.294921875 0.6962890625 0.166015625
4 0.4560546875 0.353515625 0.4560546875 0.357421875 0.4541015625 0.357421875 0.4541015625 0.3701171875 0.4560546875 0.3701171875 0.4560546875 0.3818359375 0.45654296875 0.4091796875 0.4560546875 0.427734375 0.44677734375 0.427734375 0.447265625 0.416015625 0.447265625 0.3974609375 0.447265625 0.380859375 0.44677734375 0.3583984375 0.44775390625 0.349609375
4 0.43994140625 0.3603515625 0.4404296875 0.3701171875 0.44091796875 0.3818359375 0.4423828125 0.4423828125 0.44287109375 0.458984375 0.44482421875 0.466796875 0.44677734375 0.4755859375 0.4345703125 0.4755859375 0.4345703125 0.4619140625 0.43408203125 0.4384765625 0.43408203125 0.40625 0.43359375 0.3798828125 0.43310546875 0.3564453125
4 0.33984375 0.3369140625 0.33984375 0.3583984375 0.3408203125 0.4072265625 0.34130859375 0.423828125 0.3349609375 0.423828125 0.33447265625 0.4140625 0.333984375 0.369140625 0.3330078125 0.365234375 0.3330078125 0.3623046875 0.333984375 0.3603515625 0.333984375 0.341796875
4 0.31494140625 0.3603515625 0.31494140625 0.37109375 0.31494140625 0.4033203125 0.31494140625 0.4150390625 0.314453125 0.431640625 0.31494140625 0.4638671875 0.3154296875 0.4833984375 0.31640625 0.486328125 0.3154296875 0.4892578125 0.31591796875 0.5244140625 0.3046875 0.5244140625 0.3046875 0.4755859375 0.3037109375 0.4453125 0.3037109375 0.4296875 0.30419921875 0.4072265625 0.30517578125 0.4013671875 0.3046875 0.3759765625 0.3046875 0.3583984375
4 0.27880859375 0.3681640625 0.279296875 0.380859375 0.279296875 0.40234375 0.2802734375 0.421875 0.28173828125 0.4521484375 0.2744140625 0.451171875 0.2744140625 0.4375 0.27392578125 0.4091796875 0.27392578125 0.3828125 0.27392578125 0.365234375
4 0.16455078125 0.353515625 0.16455078125 0.369140625 0.16552734375 0.3720703125 0.1650390625 0.3779296875 0.16455078125 0.384765625 0.1650390625 0.412109375 0.1650390625 0.4384765625 0.1650390625 0.451171875 0.162109375 0.451171875 0.16162109375 0.427734375 0.1611328125 0.400390625 0.16064453125 0.388671875 0.15966796875 0.3837890625 0.1591796875 0.37890625 0.16015625 0.373046875 0.1611328125 0.3681640625 0.1611328125 0.349609375
