0 0.0 0.3818359375 0.09521484375 0.3564453125 0.11865234375 0.40625 0.18310546875 0.40234375 0.255859375 0.3994140625 0.42138671875 0.3994140625 0.57861328125 0.42578125 0.99951171875 0.94921875 0.99951171875 0.9990234375 0.0 0.9990234375
1 0.458984375 0.41015625 0.48779296875 0.4130859375 0.50341796875 0.412109375 0.65380859375 0.423828125 0.7939453125 0.439453125 0.7568359375 0.421875 0.92626953125 0.4248046875 0.99951171875 0.443359375 0.99951171875 0.9990234375 0.85693359375 0.9072265625 0.76708984375 0.78515625 0.7314453125 0.7353515625 0.6376953125 0.5556640625 0.56982421875 0.4990234375 0.50927734375 0.4599609375 0.50048828125 0.4541015625 0.50146484375 0.451171875 0.537109375 0.4453125 0.51611328125 0.439453125 0.4580078125 0.4267578125
2 0.79150390625 0.2578125 0.99951171875 0.271484375 0.99951171875 0.4599609375 0.88818359375 0.44140625 0.83544921875 0.4384765625 0.7763671875 0.4248046875 0.75146484375 0.4208984375 0.7421875 0.2568359375
4 0.0 0.189453125 0.02392578125 0.173828125 0.03466796875 0.166015625 0.04248046875 0.1708984375 0.0517578125 0.1796875 0.05859375 0.1875 0.072265625 0.1982421875 0.08349609375 0.2158203125 0.0947265625 0.2236328125 0.10205078125 0.2119140625 0.11181640625 0.2099609375 0.123046875 0.2099609375 0.1259765625 0.2216796875 0.13232421875 0.228515625 0.13427734375 0.2236328125 0.13720703125 0.2255859375 0.14404296875 0.2392578125 0.14794921875 0.248046875 0.14306640625 0.2509765625 0.14501953125 0.2578125 0.14111328125 0.2666015625 0.1494140625 0.2587890625 0.1533203125 0.2646484375 0.16064453125 0.2841796875 0.166015625 0.291015625 0.17333984375 0.2822265625 0.1806640625 0.27734375 0.19189453125 0.2783203125 0.20654296875 0.2822265625 0.20458984375 0.408203125 0.15234375 0.3955078125 0.123046875 0.4013671875 0.0302734375 0.390625 0.0 0.3759765625
2 0.20068359375 0.2041015625 0.21435546875 0.1923828125 0.228515625 0.1767578125 0.23974609375 0.166015625 0.24609375 0.1591796875 0.26171875 0.1455078125 0.2724609375 0.1376953125 0.28515625 0.1396484375 0.2890625 0.146484375 0.29638671875 0.146484375 0.30126953125 0.14453125 0.30419921875 0.087890625 0.30615234375 0.08984375 0.30908203125 0.1357421875 0.40478515625 0.087890625 0.46533203125 0.12890625 0.48095703125 0.134765625 0.50390625 0.1396484375 0.55615234375 0.1552734375 0.5859375 0.1572265625 0.61279296875 0.16015625 0.61328125 0.15625 0.6142578125 0.1318359375 0.64453125 0.1162109375 0.6474609375 0.1201171875 0.65869140625 0.12109375 0.68017578125 0.126953125 0.70947265625 0.12890625 0.72021484375 0.1259765625 0.73046875 0.142578125 0.7314453125 0.1748046875 0.76318359375 0.17578125 0.7958984375 0.2880859375 0.70068359375 0.4248046875 0.662109375 0.416015625 0.4013671875 0.412109375 0.2001953125 0.3994140625 0.19384765625 0.39453125 0.19482421875 0.3505859375 0.201171875 0.349609375 0.201171875 0.3115234375 0.2001953125 0.22265625
5 0.130859375 0.373046875 0.13916015625 0.3740234375 0.14111328125 0.376953125 0.140625 0.3994140625 0.1298828125 0.3994140625 0.12744140625 0.384765625
4 0.75390625 0.1787109375 0.7802734375 0.134765625 0.79296875 0.1171875 0.8193359375 0.1083984375 0.8271484375 0.1103515625 0.8427734375 0.1767578125 0.88037109375 0.1708984375 0.888671875 0.130859375 0.90283203125 0.1328125 0.9130859375 0.0947265625 0.921875 0.1005859375 0.93408203125 0.0830078125 0.9365234375 0.0693359375 0.94287109375 0.076171875 0.9482421875 0.076171875 0.951171875 0.0546875 0.9638671875 0.0546875 0.96533203125 0.060546875 0.966796875 0.046875 0.9794921875 0.0576171875 0.97607421875 0.06640625 0.9814453125 0.083984375 0.99951171875 0.0947265625 0.99951171875 0.3525390625 0.9765625 0.3427734375 0.96875 0.337890625 0.95068359375 0.3486328125 0.93603515625 0.384765625 0.93505859375 0.4150390625 0.912109375 0.3916015625 0.88232421875 0.3427734375 0.8642578125 0.3544921875 0.802734375 0.3525390625 0.78369140625 0.3544921875 0.76953125 0.3486328125 0.74853515625 0.3466796875 0.728515625 0.318359375 0.7236328125 0.3017578125 0.72607421875 0.291015625 0.7255859375 0.2822265625 0.7275390625 0.2783203125 0.7255859375 0.2587890625 0.73095703125 0.2568359375 0.7314453125 0.2197265625 0.7275390625 0.2099609375 0.7314453125 0.2001953125 0.72998046875 0.189453125 0.7333984375 0.1796875 0.7421875 0.1748046875
1 0.0849609375 0.40234375 0.0947265625 0.40234375 0.10498046875 0.40234375 0.12646484375 0.40234375 0.17236328125 0.4072265625 0.171875 0.4140625 0.16259765625 0.41796875 0.13037109375 0.427734375 0.0302734375 0.4501953125 0.0 0.4501953125 0.0 0.4384765625 0.0205078125 0.435546875 0.091796875 0.4267578125 0.111328125 0.421875 0.1259765625 0.41796875 0.13330078125 0.4140625 0.1318359375 0.412109375 0.12451171875 0.4091796875 0.10791015625 0.4072265625 0.08837890625 0.4052734375 0.0869140625 0.4052734375 0.08544921875 0.4052734375
1 0.0 0.5380859375 0.09375 0.515625 0.16162109375 0.4921875 0.22998046875 0.462890625 0.24267578125 0.455078125 0.24462890625 0.4501953125 0.26611328125 0.43359375 0.294921875 0.4375 0.3349609375 0.44140625 0.32763671875 0.462890625 0.2138671875 0.552734375 0.0 0.6376953125
4 0.81005859375 0.349609375 0.80908203125 0.365234375 0.80810546875 0.400390625 0.8076171875 0.431640625 0.802734375 0.4306640625 0.8017578125 0.408203125 0.80322265625 0.3681640625 0.7958984375 0.3447265625 0.81103515625 0.3359375
4 0.78076171875 0.345703125 0.78369140625 0.357421875 0.78564453125 0.3662109375 0.7861328125 0.373046875 0.78515625 0.3828125 0.78515625 0.4287109375 0.7880859375 0.427734375 0.7880859375 0.3876953125 0.7880859375 0.37890625 0.7919921875 0.3642578125 0.79052734375 0.359375 0.7939453125 0.34375
4 0.6416015625 0.16796875 0.64697265625 0.1650390625 0.65869140625 0.1552734375 0.66455078125 0.1474609375 0.66845703125 0.146484375 0.673828125 0.1533203125 0.6787109375 0.16796875 0.6845703125 0.1767578125 0.6884765625 0.1875 0.69189453125 0.181640625 0.6953125 0.166015625 0.69873046875 0.17578125 0.70361328125 0.1904296875 0.703125 0.19921875 0.703125 0.208984375 0.70654296875 0.21484375 0.71240234375 0.208984375 0.71826171875 0.22265625 0.72119140625 0.240234375 0.720703125 0.2529296875 0.72021484375 0.275390625 0.7177734375 0.2890625 0.71044921875 0.306640625 0.7197265625 0.3115234375 0.72216796875 0.3212890625 0.72021484375 0.328125 0.70263671875 0.333984375 0.6962890625 0.3583984375 0.68896484375 0.361328125 0.66845703125 0.361328125 0.6513671875 0.3564453125 0.64306640625 0.3544921875 0.62109375 0.357421875 0.61474609375 0.3564453125 0.60888671875 0.3525390625 0.6025390625 0.349609375 0.59912109375 0.3427734375 0.5986328125 0.3251953125 0.6005859375 0.3056640625 0.60302734375 0.2861328125 0.6044921875 0.2744140625 0.609375 0.2724609375 0.61376953125 0.2724609375 0.615234375 0.2685546875 0.61279296875 0.2587890625 0.61474609375 0.2509765625 0.619140625 0.2451171875 0.61865234375 0.2353515625 0.61767578125 0.2275390625 0.6171875 0.2177734375 0.62158203125 0.2099609375 0.626953125 0.2119140625 0.62744140625 0.201171875 0.62890625 0.189453125 0.63720703125 0.1787109375 0.64111328125 0.1748046875
5 0.482421875 0.37109375 0.50244140625 0.3720703125 0.5048828125 0.3740234375 0.505859375 0.400390625 0.490234375 0.4072265625 0.47509765625 0.41015625 0.4609375 0.408203125 0.4619140625 0.3955078125 0.46484375 0.388671875 0.46923828125 0.3818359375 0.47509765625 0.373046875 0.4775390625 0.369140625
5 0.4833984375 0.392578125 0.49462890625 0.392578125 0.49755859375 0.3974609375 0.4990234375 0.4052734375 0.49951171875 0.41015625 0.49609375 0.4130859375 0.494140625 0.4150390625 0.4921875 0.416015625 0.48974609375 0.4140625 0.4755859375 0.4140625 0.4736328125 0.416015625 0.470703125 0.4150390625 0.46875 0.4140625 0.4638671875 0.412109375 0.46484375 0.404296875 0.4697265625 0.400390625 0.47607421875 0.39453125
5 0.52197265625 0.384765625 0.5380859375 0.384765625 0.54296875 0.412109375 0.51708984375 0.408203125 0.51708984375 0.3916015625
5 0.62548828125 0.380859375 0.64013671875 0.380859375 0.642578125 0.3955078125 0.63671875 0.419921875 0.61474609375 0.408203125 0.61767578125 0.3935546875 0.6201171875 0.3837890625
4 0.39404296875 0.01171875 0.40283203125 0.0146484375 0.41015625 0.013671875 0.41845703125 0.0244140625 0.42333984375 0.041015625 0.43017578125 0.048828125 0.43359375 0.0556640625 0.43798828125 0.0673828125 0.43994140625 0.0673828125 0.44384765625 0.0703125 0.45166015625 0.0830078125 0.45751953125 0.09375 0.4560546875 0.1103515625 0.4638671875 0.1044921875 0.46875 0.1044921875 0.47265625 0.0986328125 0.474609375 0.1103515625 0.4794921875 0.115234375 0.47412109375 0.1328125 0.47607421875 0.140625 0.478515625 0.146484375 0.48046875 0.162109375 0.47705078125 0.169921875 0.482421875 0.1689453125 0.482421875 0.1796875 0.48779296875 0.1748046875 0.49462890625 0.1748046875 0.498046875 0.173828125 0.4951171875 0.1640625 0.50048828125 0.1513671875 0.5068359375 0.1474609375 0.50830078125 0.1357421875 0.51513671875 0.1240234375 0.51953125 0.1171875 0.521484375 0.107421875 0.52392578125 0.0966796875 0.5341796875 0.1064453125 0.53515625 0.1171875 0.53955078125 0.115234375 0.54541015625 0.123046875 0.55322265625 0.126953125 0.5576171875 0.1328125 0.55712890625 0.150390625 0.5615234375 0.1572265625 0.5654296875 0.16796875 0.5732421875 0.17578125 0.5810546875 0.18359375 0.58251953125 0.193359375 0.58544921875 0.2021484375 0.58447265625 0.2236328125 0.5888671875 0.23046875 0.58447265625 0.2412109375 0.58544921875 0.2646484375 0.59033203125 0.28125 0.58935546875 0.291015625 0.5859375 0.322265625 0.5849609375 0.3369140625 0.5849609375 0.3505859375 0.5751953125 0.34765625 0.56689453125 0.353515625 0.55810546875 0.3544921875 0.54931640625 0.3564453125 0.54296875 0.3544921875 0.533203125 0.3505859375 0.53125 0.4091796875 0.52734375 0.4091796875 0.5283203125 0.392578125 0.52880859375 0.3759765625 0.5283203125 0.3544921875 0.52783203125 0.3564453125 0.5263671875 0.4072265625 0.5224609375 0.408203125 0.5244140625 0.3583984375 0.52197265625 0.3447265625 0.52001953125 0.3427734375 0.51611328125 0.345703125 0.50927734375 0.3505859375 0.5 0.349609375 0.49072265625 0.3505859375 0.48291015625 0.345703125 0.4765625 0.3447265625 0.47021484375 0.3369140625 0.46240234375 0.3330078125 0.455078125 0.330078125 0.4462890625 0.322265625 0.4443359375 0.3134765625 0.4384765625 0.3193359375 0.43310546875 0.32421875 0.43115234375 0.330078125 0.4248046875 0.3291015625 0.4208984375 0.330078125 0.41796875 0.3232421875 0.40478515625 0.345703125 0.3994140625 0.3349609375 0.39697265625 0.328125 0.3935546875 0.32421875 0.392578125 0.34375 0.392578125 0.369140625 0.390625 0.37890625 0.38671875 0.3759765625 0.3857421875 0.341796875 0.38818359375 0.3251953125 0.384765625 0.326171875 0.38037109375 0.3173828125 0.37744140625 0.3095703125 0.37353515625 0.306640625 0.37255859375 0.3818359375 0.36962890625 0.37890625 0.3701171875 0.3095703125 0.3681640625 0.3134765625 0.3681640625 0.3212890625 0.36474609375 0.32421875 0.35888671875 0.3251953125 0.3564453125 0.33203125 0.34912109375 0.333984375 0.3447265625 0.326171875 0.34326171875 0.314453125 0.33544921875 0.3056640625 0.3330078125 0.2978515625 0.3251953125 0.3046875 0.31396484375 0.3095703125 0.3056640625 0.310546875 0.30126953125 0.291015625 0.29541015625 0.2880859375 0.2919921875 0.26953125 0.28955078125 0.2548828125 0.28125 0.240234375 0.27587890625 0.2275390625 0.2724609375 0.2216796875 0.26953125 0.1708984375 0.27490234375 0.140625 0.28466796875 0.142578125 0.2939453125 0.14453125 0.30126953125 0.14453125 0.31005859375 0.134765625 0.314453125 0.126953125 0.31005859375 0.1171875 0.3154296875 0.1123046875 0.31396484375 0.1025390625 0.30859375 0.0986328125 0.30615234375 0.0869140625 0.30810546875 0.07421875 0.3134765625 0.0673828125 0.326171875 0.06640625 0.3369140625 0.06640625 0.33984375 0.060546875 0.3486328125 0.0595703125 0.353515625 0.0556640625 0.35986328125 0.0400390625 0.3671875 0.044921875 0.365234375 0.03125 0.369140625 0.03125 0.3759765625 0.046875 0.38037109375 0.0244140625 0.38818359375 0.0068359375
5 0.05419921875 0.373046875 0.06103515625 0.373046875 0.06591796875 0.3798828125 0.06591796875 0.3916015625 0.064453125 0.392578125 0.0537109375 0.392578125
5 0.03564453125 0.3720703125 0.041015625 0.3720703125 0.0390625 0.390625 0.03564453125 0.3935546875 0.03173828125 0.3935546875 0.0302734375 0.392578125 0.02978515625 0.3896484375 0.02978515625 0.3828125 0.03173828125 0.37890625 0.033203125 0.3740234375 0.0341796875 0.3720703125
5 0.04345703125 0.3701171875 0.05029296875 0.3701171875 0.05322265625 0.3720703125 0.06005859375 0.3759765625 0.06103515625 0.384765625 0.06103515625 0.392578125 0.06005859375 0.3955078125 0.05859375 0.396484375 0.0576171875 0.3955078125 0.0576171875 0.39453125 0.05224609375 0.39453125 0.05126953125 0.3955078125 0.05126953125 0.396484375 0.04931640625 0.396484375 0.04833984375 0.396484375 0.046875 0.396484375 0.044921875 0.396484375 0.0439453125 0.3955078125 0.0390625 0.3955078125 0.0390625 0.396484375 0.03662109375 0.396484375 0.03515625 0.3955078125 0.03515625 0.392578125 0.03515625 0.3876953125 0.0361328125 0.3798828125 0.03955078125 0.373046875 0.04150390625 0.3701171875
5 0.2177734375 0.3779296875 0.23046875 0.37890625 0.23388671875 0.384765625 0.236328125 0.392578125 0.23583984375 0.3994140625 0.22998046875 0.400390625 0.21923828125 0.400390625 0.212890625 0.3994140625 0.2080078125 0.3994140625 0.20703125 0.400390625 0.20458984375 0.3994140625 0.2021484375 0.3896484375 0.20263671875 0.3876953125 0.2060546875 0.3828125 0.208984375 0.3818359375 0.212890625 0.37890625
5 0.005859375 0.373046875 0.00927734375 0.373046875 0.01513671875 0.373046875 0.02001953125 0.373046875 0.0224609375 0.3759765625 0.02392578125 0.380859375 0.02392578125 0.3857421875 0.02490234375 0.3837890625 0.0263671875 0.3837890625 0.02783203125 0.384765625 0.02783203125 0.3896484375 0.02587890625 0.390625 0.02783203125 0.39453125 0.0263671875 0.400390625 0.02587890625 0.4130859375 0.0244140625 0.4140625 0.02294921875 0.4150390625 0.0205078125 0.4150390625 0.01953125 0.412109375 0.00537109375 0.412109375 0.0048828125 0.4072265625 0.0048828125 0.40234375 0.00439453125 0.39453125 0.005859375 0.3896484375
4 0.23779296875 0.322265625 0.240234375 0.3125 0.23974609375 0.302734375 0.24072265625 0.291015625 0.24072265625 0.2861328125 0.24462890625 0.28515625 0.2490234375 0.2890625 0.2509765625 0.2978515625 0.2509765625 0.302734375 0.2568359375 0.306640625 0.25732421875 0.314453125 0.255859375 0.3212890625 0.25439453125 0.3251953125 0.25341796875 0.3310546875 0.25390625 0.33203125 0.25927734375 0.3330078125 0.25830078125 0.337890625 0.25634765625 0.3447265625 0.25634765625 0.353515625 0.25732421875 0.3623046875 0.25390625 0.3720703125 0.251953125 0.380859375 0.25390625 0.3837890625 0.2578125 0.3779296875 0.259765625 0.3828125 0.25439453125 0.390625 0.2578125 0.3994140625 0.24853515625 0.400390625 0.24560546875 0.400390625 0.23974609375 0.3994140625 0.23828125 0.392578125 0.240234375 0.380859375 0.24072265625 0.361328125 0.2392578125 0.3525390625 0.23779296875 0.34765625 0.2333984375 0.3408203125 0.232421875 0.3291015625 0.23388671875 0.3232421875
5 0.1044921875 0.373046875 0.1181640625 0.3740234375 0.1171875 0.3955078125 0.11474609375 0.400390625 0.1123046875 0.400390625 0.11181640625 0.396484375 0.1015625 0.396484375 0.09912109375 0.400390625 0.0966796875 0.400390625 0.095703125 0.3974609375 0.09423828125 0.3974609375 0.0927734375 0.400390625 0.08984375 0.400390625 0.0888671875 0.396484375 0.0869140625 0.3955078125 0.0859375 0.390625 0.0859375 0.3837890625 0.08837890625 0.3828125 0.09521484375 0.380859375 0.09765625 0.3779296875 0.1005859375 0.373046875
5 0.16455078125 0.3720703125 0.171875 0.3720703125 0.173828125 0.3779296875 0.1748046875 0.3818359375 0.173828125 0.390625 0.1708984375 0.3974609375 0.1611328125 0.3974609375 0.1611328125 0.3916015625 0.162109375 0.3857421875 0.162109375 0.3759765625
4 0.21484375 0.365234375 0.2119140625 0.365234375 0.20947265625 0.3642578125 0.20849609375 0.359375 0.20703125 0.3544921875 0.20703125 0.3486328125 0.21044921875 0.341796875 0.21337890625 0.345703125 0.2158203125 0.3447265625 0.21630859375 0.33984375 0.216796875 0.333984375 0.21875 0.3310546875 0.2216796875 0.333984375 0.22265625 0.33984375 0.2255859375 0.345703125 0.22216796875 0.34765625 0.22216796875 0.34765625 0.21875 0.3486328125 0.21875 0.357421875 0.21923828125 0.365234375 0.21826171875 0.3662109375 0.2177734375 0.4033203125 0.21533203125 0.4033203125 0.2158203125 0.3701171875
5 0.3037109375 0.3857421875 0.31103515625 0.3857421875 0.3154296875 0.3876953125 0.3203125 0.3876953125 0.328125 0.396484375 0.3232421875 0.4052734375 0.3203125 0.4033203125 0.298828125 0.40234375 0.3017578125 0.3896484375
4 0.30859375 0.2998046875 0.30859375 0.322265625 0.30859375 0.349609375 0.30908203125 0.361328125 0.30859375 0.384765625 0.30810546875 0.3935546875 0.30859375 0.41015625 0.302734375 0.41015625 0.30419921875 0.3896484375 0.30419921875 0.34765625 0.30419921875 0.3046875 0.30419921875 0.28125 0.3037109375 0.2734375 0.30908203125 0.2744140625 0.30810546875 0.2880859375
