4 0.57958984375 0.0 0.5791015625 0.2333984375 0.6953125 0.2060546875 0.69189453125 0.0
1 0.041015625 0.3662109375 0.11767578125 0.333984375 0.4111328125 0.3974609375 0.83544921875 0.3583984375 0.99951171875 0.361328125 0.99951171875 0.599609375 0.16796875 0.6474609375 0.03173828125 0.3994140625
0 0.99951171875 0.544921875 0.95751953125 0.5517578125 0.685546875 0.552734375 0.46435546875 0.5341796875 0.322265625 0.521484375 0.22216796875 0.4970703125 0.12255859375 0.453125 0.06494140625 0.4169921875 0.0537109375 0.4052734375 0.04638671875 0.3876953125 0.0478515625 0.3720703125 0.0556640625 0.3662109375 0.06005859375 0.365234375 0.06298828125 0.3583984375 0.0732421875 0.3525390625 0.078125 0.33984375 0.0751953125 0.3359375 0.02294921875 0.337890625 0.0 0.337890625 0.0 0.9990234375 0.99951171875 0.9990234375
4 0.52490234375 0.0 0.56689453125 0.0 0.58544921875 0.0302734375 0.59326171875 0.1494140625 0.5244140625 0.146484375
2 0.38330078125 0.0 0.533203125 0.0 0.533203125 0.0419921875 0.5341796875 0.0908203125 0.53466796875 0.1357421875 0.59033203125 0.138671875 0.62109375 0.140625 0.650390625 0.138671875 0.6533203125 0.1416015625 0.68359375 0.1396484375 0.68359375 0.103515625 0.66748046875 0.1083984375 0.658203125 0.0830078125 0.6591796875 0.0712890625 0.6513671875 0.0615234375 0.6474609375 0.064453125 0.64599609375 0.064453125 0.650390625 0.0341796875 0.65283203125 0.029296875 0.65283203125 0.0 0.99951171875 0.0 0.99951171875 0.42578125 0.78759765625 0.4169921875 0.7099609375 0.4013671875 0.6884765625 0.3828125 0.5927734375 0.3505859375 0.361328125 0.3544921875 0.0 0.3359375 0.0 0.0
5 0.04296875 0.322265625 0.04150390625 0.318359375 0.03759765625 0.31640625 0.03076171875 0.314453125 0.025390625 0.314453125 0.02294921875 0.318359375 0.021484375 0.3193359375 0.02001953125 0.32421875 0.01611328125 0.3251953125 0.013671875 0.33203125 0.0185546875 0.3427734375 0.0224609375 0.3427734375 0.02783203125 0.3427734375 0.0283203125 0.34375 0.0322265625 0.34375 0.0341796875 0.34375 0.03564453125 0.3408203125 0.04150390625 0.3408203125 0.04296875 0.34375 0.044921875 0.34375 0.04638671875 0.3427734375 0.046875 0.3359375 0.04638671875 0.33203125 0.04638671875 0.3291015625
4 0.05615234375 0.2294921875 0.05078125 0.2333984375 0.044921875 0.234375 0.04638671875 0.2236328125 0.03955078125 0.2294921875 0.03564453125 0.2255859375 0.033203125 0.22265625 0.02099609375 0.2177734375 0.015625 0.2158203125 0.00390625 0.2314453125 0.0 0.228515625 0.0 0.0 0.4150390625 0.0 0.41748046875 0.0185546875 0.4189453125 0.0390625 0.4189453125 0.0458984375 0.42431640625 0.0400390625 0.42919921875 0.0419921875 0.43310546875 0.044921875 0.43310546875 0.056640625 0.4345703125 0.064453125 0.4384765625 0.068359375 0.44384765625 0.0634765625 0.44287109375 0.0791015625 0.44580078125 0.0849609375 0.44580078125 0.0927734375 0.44287109375 0.1015625 0.4482421875 0.103515625 0.451171875 0.1064453125 0.44921875 0.125 0.45361328125 0.1142578125 0.45458984375 0.119140625 0.45068359375 0.1357421875 0.44970703125 0.1455078125 0.44775390625 0.154296875 0.44189453125 0.154296875 0.4404296875 0.162109375 0.43994140625 0.1669921875 0.4443359375 0.1748046875 0.43896484375 0.181640625 0.4365234375 0.1884765625 0.43603515625 0.19921875 0.43310546875 0.205078125 0.3896484375 0.28515625 0.11865234375 0.2421875
5 0.10888671875 0.302734375 0.12939453125 0.302734375 0.12890625 0.3427734375 0.09814453125 0.3564453125 0.083984375 0.345703125 0.0888671875 0.318359375 0.0947265625 0.302734375 0.10546875 0.2998046875
5 0.0146484375 0.330078125 0.01171875 0.3251953125 0.0 0.32421875 0.0 0.404296875 0.00830078125 0.404296875 0.00830078125 0.4091796875 0.01025390625 0.41015625 0.01318359375 0.412109375 0.0146484375 0.41015625 0.01611328125 0.4072265625 0.017578125 0.4072265625 0.0185546875 0.412109375 0.02001953125 0.4150390625 0.02490234375 0.4150390625 0.0283203125 0.4140625 0.0283203125 0.3916015625 0.02685546875 0.3828125 0.02685546875 0.3701171875 0.025390625 0.359375 0.021484375 0.3505859375 0.01953125 0.337890625
5 0.61279296875 0.310546875 0.62353515625 0.3115234375 0.63134765625 0.3134765625 0.63818359375 0.3251953125 0.64111328125 0.353515625 0.63037109375 0.3642578125 0.61181640625 0.3623046875 0.603515625 0.3623046875 0.599609375 0.361328125 0.595703125 0.361328125 0.59326171875 0.3583984375 0.59326171875 0.353515625 0.5927734375 0.3505859375 0.591796875 0.34765625 0.591796875 0.3359375 0.591796875 0.3291015625 0.59326171875 0.322265625 0.595703125 0.3134765625 0.59716796875 0.3115234375 0.5986328125 0.314453125 0.599609375 0.32421875 0.60107421875 0.32421875 0.603515625 0.318359375 0.607421875 0.3115234375
5 0.6572265625 0.3037109375 0.673828125 0.30078125 0.6865234375 0.3046875 0.6865234375 0.37109375 0.6806640625 0.373046875 0.671875 0.376953125 0.66748046875 0.3798828125 0.6591796875 0.376953125 0.6572265625 0.369140625 0.6396484375 0.3671875 0.63818359375 0.375 0.63134765625 0.376953125 0.6259765625 0.3720703125 0.6318359375 0.3349609375 0.63427734375 0.33203125 0.638671875 0.330078125 0.6396484375 0.32421875 0.6435546875 0.322265625 0.64892578125 0.3115234375
4 0.07275390625 0.2353515625 0.07568359375 0.328125 0.07470703125 0.3505859375 0.06298828125 0.359375 0.06396484375 0.369140625 0.072265625 0.3671875 0.0810546875 0.3671875 0.09521484375 0.3671875 0.08740234375 0.326171875 0.08740234375 0.2333984375 0.08740234375 0.2158203125 0.0703125 0.216796875
4 0.4384765625 0.181640625 0.4306640625 0.2119140625 0.44091796875 0.2138671875 0.4443359375 0.216796875 0.4462890625 0.2177734375 0.45263671875 0.2158203125 0.45703125 0.2216796875 0.4609375 0.224609375 0.4638671875 0.22265625 0.466796875 0.22265625 0.47412109375 0.2216796875 0.47998046875 0.2216796875 0.48046875 0.224609375 0.46826171875 0.2255859375 0.4658203125 0.2294921875 0.4560546875 0.2333984375 0.45166015625 0.2392578125 0.45166015625 0.24609375 0.453125 0.2509765625 0.458984375 0.25 0.46630859375 0.2509765625 0.47119140625 0.25390625 0.46875 0.2607421875 0.4619140625 0.26953125 0.4541015625 0.287109375 0.45703125 0.2900390625 0.45166015625 0.2939453125 0.44970703125 0.3017578125 0.4482421875 0.3095703125 0.43798828125 0.3125 0.42529296875 0.3193359375 0.41650390625 0.3232421875 0.423828125 0.326171875 0.43115234375 0.330078125 0.43310546875 0.333984375 0.4267578125 0.3427734375 0.4150390625 0.34375 0.41015625 0.3525390625 0.41015625 0.3583984375 0.41162109375 0.3623046875 0.40478515625 0.365234375 0.396484375 0.3662109375 0.4013671875 0.3837890625 0.40234375 0.3974609375 0.40380859375 0.4072265625 0.4072265625 0.4130859375 0.4130859375 0.4169921875 0.4189453125 0.41796875 0.41748046875 0.4287109375 0.39453125 0.43359375 0.2978515625 0.4482421875 0.22509765625 0.4521484375 0.1669921875 0.4453125 0.10302734375 0.416015625 0.078125 0.40234375 0.078125 0.3916015625 0.0693359375 0.376953125 0.0712890625 0.3681640625 0.080078125 0.35546875 0.08203125 0.3486328125 0.08349609375 0.3466796875 0.07568359375 0.337890625 0.07275390625 0.3291015625 0.07470703125 0.3173828125 0.08203125 0.3173828125 0.0869140625 0.3212890625 0.0859375 0.31640625 0.087890625 0.30859375 0.091796875 0.30078125 0.099609375 0.302734375 0.107421875 0.30859375 0.11181640625 0.3232421875 0.1171875 0.328125 0.123046875 0.3330078125 0.12646484375 0.3349609375 0.13623046875 0.337890625 0.1416015625 0.3330078125 0.14208984375 0.328125 0.1513671875 0.322265625 0.15625 0.30859375 0.15576171875 0.30078125 0.154296875 0.302734375 0.15283203125 0.2978515625 0.1474609375 0.3046875 0.14208984375 0.2900390625 0.13037109375 0.2861328125 0.1259765625 0.3017578125 0.10888671875 0.3017578125 0.1044921875 0.296875 0.10302734375 0.287109375 0.099609375 0.2841796875 0.095703125 0.2861328125 0.08935546875 0.2958984375 0.08544921875 0.2890625 0.0869140625 0.2333984375 0.12060546875 0.2294921875 0.40625 0.1787109375
