0 0.0 0.9990234375 0.99951171875 0.9990234375 0.99951171875 0.640625 0.69287109375 0.48046875 0.6455078125 0.4306640625 0.61767578125 0.39453125 0.60009765625 0.37890625 0.5791015625 0.37890625 0.54638671875 0.3798828125 0.52001953125 0.3798828125 0.39501953125 0.478515625 0.1943359375 0.5615234375 0.0 0.603515625
2 0.2900390625 0.0576171875 0.2900390625 0.0 0.4052734375 0.0 0.4052734375 0.060546875 0.29248046875 0.0673828125
2 0.462890625 0.0 0.4990234375 0.0 0.4990234375 0.05078125 0.46435546875 0.0556640625 0.419921875 0.0576171875 0.41796875 0.0
2 0.0 0.0 0.0 0.0810546875 0.07958984375 0.078125 0.07958984375 0.048828125 0.123046875 0.046875 0.12744140625 0.068359375 0.15869140625 0.0693359375 0.15869140625 0.0498046875 0.17138671875 0.0498046875 0.17138671875 0.04296875 0.15869140625 0.041015625 0.15625 0.0
4 0.53955078125 0.3359375 0.55322265625 0.32421875 0.5693359375 0.3203125 0.5859375 0.3212890625 0.59765625 0.33203125 0.60302734375 0.3408203125 0.60009765625 0.3466796875 0.5947265625 0.3505859375 0.59033203125 0.353515625 0.5869140625 0.3583984375 0.58154296875 0.35546875 0.5751953125 0.353515625 0.57275390625 0.353515625 0.56884765625 0.357421875 0.56396484375 0.3564453125 0.55810546875 0.3544921875 0.5546875 0.3525390625 0.5517578125 0.34765625 0.54833984375 0.3466796875 0.5458984375 0.3505859375 0.54150390625 0.353515625 0.541015625 0.3466796875
1 0.07177734375 0.6923828125 0.189453125 0.6240234375 0.2841796875 0.572265625 0.3525390625 0.5341796875 0.40673828125 0.5029296875 0.4443359375 0.4775390625 0.4794921875 0.451171875 0.52490234375 0.41015625 0.544921875 0.390625 0.5478515625 0.3828125 0.54638671875 0.380859375 0.52587890625 0.380859375 0.5166015625 0.3876953125 0.43603515625 0.416015625 0.35791015625 0.4609375 0.34716796875 0.4833984375 0.3359375 0.4873046875 0.30126953125 0.490234375 0.28076171875 0.501953125 0.2568359375 0.5126953125 0.2177734375 0.525390625 0.1494140625 0.541015625 0.10888671875 0.552734375 0.01708984375 0.5810546875 0.0 0.5859375 0.0 0.7333984375 0.03955078125 0.7099609375
1 0.6728515625 0.49609375 0.69677734375 0.5185546875 0.7734375 0.5859375 0.92822265625 0.724609375 0.99951171875 0.7900390625 0.99951171875 0.5908203125 0.861328125 0.53125 0.744140625 0.4736328125 0.71484375 0.4189453125 0.64794921875 0.3955078125 0.61083984375 0.3857421875 0.6015625 0.39453125 0.60888671875 0.4189453125 0.61962890625 0.43359375 0.64892578125 0.4736328125 0.65966796875 0.4853515625
5 0.55126953125 0.3779296875 0.552734375 0.3701171875 0.5537109375 0.365234375 0.5556640625 0.3623046875 0.5615234375 0.3623046875 0.56298828125 0.3701171875 0.5634765625 0.3779296875 0.5634765625 0.380859375 0.55908203125 0.380859375 0.5546875 0.3818359375 0.5517578125 0.3818359375
5 0.57275390625 0.3779296875 0.57275390625 0.365234375 0.57373046875 0.361328125 0.57666015625 0.3603515625 0.58203125 0.361328125 0.58349609375 0.365234375 0.583984375 0.3828125 0.58349609375 0.384765625 0.58203125 0.384765625 0.58154296875 0.3818359375 0.57470703125 0.3818359375 0.57373046875 0.384765625 0.572265625 0.384765625
5 0.60546875 0.3837890625 0.59619140625 0.37890625 0.59619140625 0.369140625 0.59912109375 0.3623046875 0.603515625 0.359375 0.6083984375 0.359375 0.61669921875 0.369140625 0.60986328125 0.3779296875
4 0.9208984375 0.0 0.634765625 0.0 0.63330078125 0.015625 0.63134765625 0.01953125 0.63134765625 0.025390625 0.63134765625 0.03515625 0.6328125 0.0380859375 0.6357421875 0.03515625 0.63818359375 0.0380859375 0.64404296875 0.03515625 0.6494140625 0.0380859375 0.6513671875 0.0400390625 0.6494140625 0.0498046875 0.646484375 0.0595703125 0.64404296875 0.068359375 0.646484375 0.072265625 0.6494140625 0.0703125 0.6513671875 0.076171875 0.654296875 0.0849609375 0.65283203125 0.09375 0.65673828125 0.0986328125 0.66162109375 0.1005859375 0.66748046875 0.1005859375 0.6728515625 0.0966796875 0.67626953125 0.095703125 0.6826171875 0.0966796875 0.6845703125 0.1005859375 0.68017578125 0.1083984375 0.67431640625 0.1220703125 0.6787109375 0.1240234375 0.68359375 0.126953125 0.6884765625 0.1298828125 0.685546875 0.1318359375 0.67431640625 0.1337890625 0.66796875 0.1376953125 0.66455078125 0.142578125 0.6669921875 0.150390625 0.6650390625 0.1572265625 0.66259765625 0.1669921875 0.6630859375 0.17578125 0.66845703125 0.1787109375 0.67431640625 0.1748046875 0.67822265625 0.173828125 0.6826171875 0.16796875 0.6845703125 0.173828125 0.6826171875 0.1796875 0.67724609375 0.181640625 0.67822265625 0.1904296875 0.67529296875 0.201171875 0.669921875 0.2099609375 0.6689453125 0.2216796875 0.67333984375 0.2333984375 0.67919921875 0.2333984375 0.68701171875 0.2314453125 0.6943359375 0.224609375 0.6982421875 0.212890625 0.69775390625 0.22265625 0.70166015625 0.2197265625 0.703125 0.208984375 0.7060546875 0.2119140625 0.71240234375 0.2138671875 0.71435546875 0.2021484375 0.71484375 0.1923828125 0.71875 0.1904296875 0.72265625 0.1865234375 0.71875 0.2001953125 0.720703125 0.203125 0.7255859375 0.203125 0.724609375 0.2099609375 0.7265625 0.2158203125 0.73095703125 0.2177734375 0.73779296875 0.2158203125 0.74267578125 0.2109375 0.740234375 0.19921875 0.73779296875 0.1904296875 0.74267578125 0.1884765625 0.74609375 0.1884765625 0.75146484375 0.1796875 0.75341796875 0.1689453125 0.751953125 0.1630859375 0.75634765625 0.162109375 0.7626953125 0.1650390625 0.7685546875 0.1650390625 0.7744140625 0.1708984375 0.78369140625 0.1708984375 0.78662109375 0.1767578125 0.78955078125 0.181640625 0.7919921875 0.1904296875 0.79833984375 0.1943359375 0.8037109375 0.203125 0.8046875 0.21484375 0.81103515625 0.2138671875 0.81298828125 0.19921875 0.81884765625 0.2060546875 0.81884765625 0.2001953125 0.8212890625 0.1884765625 0.8173828125 0.18359375 0.81103515625 0.1787109375 0.80908203125 0.171875 0.81591796875 0.1669921875 0.8212890625 0.1708984375 0.82666015625 0.171875 0.83203125 0.1669921875 0.8369140625 0.171875 0.83837890625 0.17578125 0.8427734375 0.1796875 0.84912109375 0.1796875 0.8564453125 0.1748046875 0.8564453125 0.1689453125 0.86279296875 0.169921875 0.8681640625 0.166015625 0.873046875 0.1630859375 0.87890625 0.1640625 0.8818359375 0.169921875 0.88720703125 0.181640625 0.88916015625 0.1923828125 0.888671875 0.205078125 0.88916015625 0.2294921875 0.89111328125 0.3203125 0.89208984375 0.4130859375 0.89892578125 0.42578125 0.9072265625 0.4169921875 0.908203125 0.369140625 0.90576171875 0.3427734375 0.90478515625 0.3203125 0.90478515625 0.2783203125 0.90478515625 0.240234375 0.904296875 0.19140625 0.904296875 0.169921875 0.9072265625 0.166015625 0.90966796875 0.1591796875 0.9169921875 0.15625 0.91845703125 0.1494140625 0.92236328125 0.142578125 0.9267578125 0.1416015625 0.93310546875 0.140625 0.9384765625 0.1416015625 0.94091796875 0.1376953125 0.9404296875 0.126953125 0.94384765625 0.1240234375 0.94580078125 0.12890625 0.947265625 0.1357421875 0.951171875 0.142578125 0.9560546875 0.1455078125 0.96044921875 0.1474609375 0.9658203125 0.1455078125 0.96875 0.1513671875 0.9697265625 0.1572265625 0.97216796875 0.1630859375 0.9765625 0.162109375 0.982421875 0.1591796875 0.982421875 0.1669921875 0.98486328125 0.1748046875 0.9892578125 0.1767578125 0.994140625 0.1806640625 0.99951171875 0.1875 0.99951171875 0.0
5 0.013671875 0.3837890625 0.01513671875 0.3623046875 0.01708984375 0.3544921875 0.02294921875 0.3505859375 0.033203125 0.349609375 0.13037109375 0.353515625 0.15673828125 0.3564453125 0.16796875 0.3623046875 0.1767578125 0.373046875 0.19384765625 0.400390625 0.203125 0.4091796875 0.2177734375 0.421875 0.224609375 0.43359375 0.22705078125 0.447265625 0.23046875 0.4619140625 0.23046875 0.4775390625 0.228515625 0.4912109375 0.22265625 0.49609375 0.2138671875 0.5 0.2099609375 0.5126953125 0.2060546875 0.51953125 0.2001953125 0.5224609375 0.1923828125 0.51953125 0.1884765625 0.5146484375 0.18310546875 0.5224609375 0.1748046875 0.5244140625 0.1650390625 0.5224609375 0.16064453125 0.5166015625 0.158203125 0.5107421875 0.15673828125 0.5029296875 0.12548828125 0.498046875
5 0.01806640625 0.3896484375 0.0244140625 0.3681640625 0.02783203125 0.3642578125 0.04296875 0.3623046875 0.07470703125 0.3662109375 0.0947265625 0.3681640625 0.1142578125 0.373046875 0.125 0.380859375 0.12890625 0.390625 0.13623046875 0.408203125 0.14013671875 0.419921875 0.14208984375 0.4365234375 0.14208984375 0.4453125 0.1435546875 0.45703125 0.14501953125 0.474609375 0.14404296875 0.48828125 0.14013671875 0.4970703125 0.12890625 0.5009765625 0.126953125 0.5029296875 0.12548828125 0.513671875 0.12158203125 0.5224609375 0.115234375 0.53125 0.10888671875 0.5322265625 0.1025390625 0.52734375 0.09765625 0.5224609375 0.09326171875 0.51171875 0.09130859375 0.51171875 0.08984375 0.5205078125 0.08740234375 0.52734375 0.0830078125 0.533203125 0.0751953125 0.53515625 0.0654296875 0.5341796875 0.05908203125 0.52734375 0.05517578125 0.5146484375 0.0537109375 0.5146484375 0.0498046875 0.5205078125 0.0458984375 0.5224609375 0.0390625 0.5224609375 0.03369140625 0.5185546875
5 0.0 0.4287109375 0.0 0.5205078125 0.00244140625 0.51953125 0.0048828125 0.5283203125 0.01025390625 0.537109375 0.0166015625 0.541015625 0.02294921875 0.5439453125 0.02783203125 0.5400390625 0.03564453125 0.5322265625 0.0390625 0.5224609375 0.04052734375 0.513671875 0.04248046875 0.5048828125 0.04736328125 0.5029296875 0.0517578125 0.501953125 0.05615234375 0.49609375 0.06005859375 0.4873046875 0.06005859375 0.4736328125 0.0595703125 0.4609375 0.05810546875 0.453125 0.05712890625 0.4453125 0.0556640625 0.4296875 0.0546875 0.416015625 0.05029296875 0.40234375 0.044921875 0.3828125 0.0380859375 0.3720703125 0.037109375 0.3671875 0.02880859375 0.365234375 0.00830078125 0.3564453125 0.0 0.3564453125
