0 0.0 0.4619140625 0.47265625 0.4501953125 0.64306640625 0.4248046875 0.7333984375 0.4189453125 0.8046875 0.4033203125 0.8564453125 0.43359375 0.91162109375 0.435546875 0.99951171875 0.4296875 0.99951171875 0.9990234375 0.0 0.9990234375
4 0.56787109375 0.2431640625 0.58544921875 0.2451171875 0.587890625 0.240234375 0.59130859375 0.23828125 0.59619140625 0.240234375 0.60009765625 0.240234375 0.60205078125 0.2490234375 0.60546875 0.2490234375 0.60791015625 0.24609375 0.6123046875 0.2421875 0.6171875 0.2392578125 0.6201171875 0.2373046875 0.6240234375 0.23828125 0.6259765625 0.240234375 0.6298828125 0.2373046875 0.63330078125 0.2373046875 0.6357421875 0.2421875 0.63671875 0.2490234375 0.6416015625 0.2490234375 0.646484375 0.251953125 0.650390625 0.2578125 0.65576171875 0.265625 0.66015625 0.2646484375 0.6630859375 0.265625 0.66748046875 0.263671875 0.671875 0.26171875 0.67724609375 0.26171875 0.68115234375 0.2626953125 0.68505859375 0.2724609375 0.68994140625 0.2783203125 0.69140625 0.2744140625 0.69580078125 0.275390625 0.69775390625 0.2890625 0.70654296875 0.310546875 0.70947265625 0.3251953125 0.71826171875 0.32421875 0.724609375 0.3203125 0.7275390625 0.314453125 0.734375 0.314453125 0.73974609375 0.3232421875 0.74755859375 0.3291015625 0.7509765625 0.373046875 0.74755859375 0.4130859375 0.7333984375 0.427734375 0.697265625 0.416015625 0.591796875 0.4130859375 0.55908203125 0.3603515625
1 0.0 0.46484375 0.06591796875 0.4775390625 0.091796875 0.4775390625 0.2158203125 0.474609375 0.35107421875 0.4697265625 0.3955078125 0.4658203125 0.5302734375 0.458984375 0.58203125 0.453125 0.58349609375 0.423828125 0.56982421875 0.41796875 0.529296875 0.416015625 0.2626953125 0.3994140625 0.0 0.3955078125
2 0.0 0.0 0.580078125 0.0 0.580078125 0.0224609375 0.57861328125 0.0263671875 0.578125 0.046875 0.5791015625 0.05078125 0.578125 0.0966796875 0.57666015625 0.1083984375 0.57275390625 0.228515625 0.5732421875 0.2431640625 0.564453125 0.42578125 0.36669921875 0.4287109375 0.0 0.416015625
1 0.0 0.712890625 0.16748046875 0.662109375 0.3193359375 0.6201171875 0.5341796875 0.556640625 0.708984375 0.5078125 0.8037109375 0.4853515625 0.8310546875 0.478515625 0.83984375 0.4794921875 0.86474609375 0.46484375 0.865234375 0.458984375 0.853515625 0.451171875 0.8427734375 0.4423828125 0.87548828125 0.4423828125 0.89208984375 0.4423828125 0.9140625 0.4560546875 0.921875 0.466796875 0.9248046875 0.48046875 0.91845703125 0.490234375 0.91162109375 0.4951171875 0.900390625 0.49609375 0.88134765625 0.498046875 0.85888671875 0.5029296875 0.83544921875 0.5107421875 0.79931640625 0.5263671875 0.7158203125 0.564453125 0.4697265625 0.6767578125 0.0 0.884765625
2 0.7822265625 0.2255859375 0.82177734375 0.19140625 0.82666015625 0.19140625 0.8271484375 0.1787109375 0.84130859375 0.169921875 0.85205078125 0.1865234375 0.85595703125 0.1474609375 0.85791015625 0.146484375 0.859375 0.19140625 0.865234375 0.1875 0.865234375 0.181640625 0.876953125 0.169921875 0.875 0.1630859375 0.87890625 0.158203125 0.88525390625 0.1572265625 0.88671875 0.126953125 0.89306640625 0.126953125 0.892578125 0.154296875 0.89501953125 0.15234375 0.8984375 0.1533203125 0.90087890625 0.1533203125 0.89990234375 0.1474609375 0.90283203125 0.146484375 0.9052734375 0.150390625 0.97265625 0.1494140625 0.99951171875 0.216796875 0.99951171875 0.4287109375 0.95849609375 0.443359375 0.91650390625 0.4423828125 0.86767578125 0.423828125 0.8017578125 0.4296875 0.74365234375 0.4248046875 0.7451171875 0.3876953125 0.74853515625 0.2998046875 0.75048828125 0.2587890625 0.748046875 0.2587890625 0.748046875 0.2548828125 0.75439453125 0.2490234375
4 0.0 0.23046875 0.01171875 0.228515625 0.01220703125 0.2041015625 0.01904296875 0.1982421875 0.02734375 0.19140625 0.02880859375 0.189453125 0.02978515625 0.17578125 0.033203125 0.171875 0.03466796875 0.1689453125 0.037109375 0.1669921875 0.0390625 0.17578125 0.0400390625 0.1826171875 0.04150390625 0.1943359375 0.041015625 0.224609375 0.05322265625 0.2431640625 0.05712890625 0.2353515625 0.0595703125 0.2294921875 0.06396484375 0.2265625 0.06640625 0.236328125 0.06884765625 0.248046875 0.0732421875 0.25390625 0.07666015625 0.2587890625 0.06982421875 0.2626953125 0.06005859375 0.26953125 0.05712890625 0.28515625 0.0400390625 0.3095703125 0.0263671875 0.3203125 0.025390625 0.3857421875 0.0 0.3291015625
1 0.0 0.51171875 0.025390625 0.509765625 0.22021484375 0.4931640625 0.328125 0.486328125 0.49169921875 0.47265625 0.63427734375 0.4599609375 0.65869140625 0.45703125 0.6962890625 0.451171875 0.71533203125 0.4501953125 0.7431640625 0.447265625 0.74853515625 0.443359375 0.748046875 0.4404296875 0.73876953125 0.4375 0.72021484375 0.43359375 0.72021484375 0.4306640625 0.76123046875 0.4326171875 0.76318359375 0.4443359375 0.7568359375 0.451171875 0.73486328125 0.4560546875 0.66845703125 0.4697265625 0.5947265625 0.4775390625 0.22412109375 0.5234375 0.0 0.5517578125
4 0.158203125 0.369140625 0.16162109375 0.3671875 0.16552734375 0.361328125 0.16796875 0.3603515625 0.17236328125 0.3642578125 0.17724609375 0.3662109375 0.18017578125 0.3720703125 0.17626953125 0.3828125 0.16259765625 0.384765625 0.1572265625 0.3837890625
5 0.0 0.3544921875 0.01025390625 0.3623046875 0.0263671875 0.3818359375 0.0380859375 0.3916015625 0.0498046875 0.3994140625 0.05322265625 0.40625 0.04638671875 0.4072265625 0.05517578125 0.423828125 0.06298828125 0.439453125 0.05908203125 0.458984375 0.05810546875 0.4658203125 0.0595703125 0.474609375 0.0498046875 0.484375 0.03662109375 0.490234375 0.03173828125 0.5029296875 0.02734375 0.5087890625 0.01220703125 0.5107421875 0.0 0.51171875
5 0.326171875 0.3642578125 0.337890625 0.365234375 0.34716796875 0.365234375 0.35595703125 0.3671875 0.36376953125 0.37109375 0.36767578125 0.3779296875 0.37255859375 0.388671875 0.3798828125 0.40625 0.38134765625 0.4140625 0.38134765625 0.431640625 0.380859375 0.4541015625 0.37890625 0.4658203125 0.376953125 0.4755859375 0.375 0.4814453125 0.3701171875 0.4833984375 0.35986328125 0.4833984375 0.35888671875 0.478515625 0.35498046875 0.4755859375 0.3544921875 0.4755859375 0.32958984375 0.4765625 0.322265625 0.4775390625 0.3193359375 0.484375 0.31494140625 0.4873046875 0.298828125 0.4873046875 0.29736328125 0.4794921875 0.294921875 0.4794921875 0.29345703125 0.4814453125 0.291015625 0.4833984375 0.28662109375 0.4794921875 0.2607421875 0.478515625 0.25927734375 0.484375 0.2568359375 0.4873046875 0.251953125 0.4892578125 0.24658203125 0.48828125 0.2431640625 0.4814453125 0.24072265625 0.4755859375 0.23388671875 0.47265625 0.2333984375 0.466796875 0.23388671875 0.4443359375 0.23583984375 0.431640625 0.23779296875 0.42578125 0.2451171875 0.416015625 0.25927734375 0.404296875 0.2666015625 0.3974609375 0.2783203125 0.3837890625 0.2919921875 0.369140625 0.30126953125 0.3662109375
5 0.72412109375 0.4052734375 0.7255859375 0.40234375 0.72802734375 0.40234375 0.73193359375 0.412109375 0.732421875 0.4267578125 0.7294921875 0.42578125 0.72509765625 0.423828125 0.71826171875 0.419921875
5 0.6708984375 0.404296875 0.6826171875 0.404296875 0.68994140625 0.404296875 0.69677734375 0.423828125 0.68310546875 0.4267578125 0.68017578125 0.4267578125 0.6728515625 0.4287109375 0.6650390625 0.4287109375
5 0.7099609375 0.4052734375 0.71923828125 0.40234375 0.7255859375 0.4052734375 0.7265625 0.4140625 0.72802734375 0.4189453125 0.7265625 0.423828125 0.71435546875 0.431640625 0.70703125 0.4072265625
5 0.73828125 0.4013671875 0.74658203125 0.40234375 0.748046875 0.41015625 0.748046875 0.4208984375 0.74560546875 0.423828125 0.74462890625 0.42578125 0.74267578125 0.421875 0.7373046875 0.421875 0.734375 0.41796875 0.734375 0.4091796875 0.73583984375 0.404296875
5 0.701171875 0.4013671875 0.71044921875 0.40234375 0.71337890625 0.4033203125 0.71435546875 0.41015625 0.71630859375 0.4189453125 0.71875 0.4287109375 0.71923828125 0.43359375 0.71923828125 0.4404296875 0.71826171875 0.4453125 0.716796875 0.4482421875 0.71533203125 0.447265625 0.71435546875 0.4453125 0.71240234375 0.4453125 0.7119140625 0.44921875 0.70947265625 0.4501953125 0.7080078125 0.447265625 0.69580078125 0.4453125 0.6953125 0.44921875 0.6923828125 0.4482421875 0.69189453125 0.4453125 0.68896484375 0.4453125 0.68798828125 0.4482421875 0.68505859375 0.44921875 0.68359375 0.4453125 0.68359375 0.4384765625 0.68408203125 0.4296875 0.685546875 0.419921875 0.6904296875 0.41015625 0.69482421875 0.40234375 0.697265625 0.400390625
4 0.89697265625 0.150390625 0.912109375 0.1494140625 0.92333984375 0.1279296875 0.93017578125 0.1201171875 0.93798828125 0.1337890625 0.94140625 0.1123046875 0.9453125 0.099609375 0.953125 0.1005859375 0.96923828125 0.1064453125 0.9794921875 0.12109375 0.98779296875 0.1376953125 0.99951171875 0.1513671875 0.99951171875 0.3642578125 0.98876953125 0.3603515625 0.9814453125 0.3603515625 0.98095703125 0.3671875 0.98046875 0.3701171875 0.9716796875 0.369140625 0.966796875 0.3662109375 0.95849609375 0.3779296875 0.95263671875 0.3857421875 0.951171875 0.396484375 0.94873046875 0.4140625 0.947265625 0.42578125 0.947265625 0.4404296875 0.93603515625 0.4404296875 0.9345703125 0.4150390625 0.9296875 0.4033203125 0.9287109375 0.3818359375 0.92431640625 0.369140625 0.91650390625 0.3662109375 0.9091796875 0.3701171875 0.90234375 0.37890625 0.89306640625 0.3837890625 0.89794921875 0.37109375 0.90478515625 0.3466796875 0.90087890625 0.337890625 0.8828125 0.33203125 0.875 0.34765625 0.86376953125 0.3525390625 0.85986328125 0.34765625 0.85791015625 0.330078125 0.853515625 0.314453125 0.85107421875 0.3017578125 0.84130859375 0.2900390625 0.8359375 0.283203125 0.8359375 0.2705078125 0.8359375 0.259765625 0.84033203125 0.2470703125 0.8447265625 0.23828125 0.8447265625 0.2236328125 0.8505859375 0.216796875 0.86572265625 0.21875 0.87548828125 0.21484375 0.8828125 0.2158203125 0.884765625 0.203125 0.87744140625 0.189453125 0.87646484375 0.177734375 0.8798828125 0.16015625 0.89111328125 0.154296875
4 0.86572265625 0.326171875 0.8642578125 0.3564453125 0.8623046875 0.396484375 0.86181640625 0.4306640625 0.85791015625 0.4306640625 0.85888671875 0.388671875 0.859375 0.3505859375 0.86083984375 0.3359375 0.85546875 0.3134765625
5 0.8486328125 0.4169921875 0.85595703125 0.41796875 0.859375 0.423828125 0.86328125 0.42578125 0.86767578125 0.427734375 0.8671875 0.431640625 0.86572265625 0.4326171875 0.86572265625 0.4384765625 0.8642578125 0.4423828125 0.86083984375 0.4423828125 0.8583984375 0.439453125 0.84423828125 0.439453125 0.841796875 0.44140625 0.83984375 0.44140625 0.83740234375 0.4384765625 0.83544921875 0.4375 0.833984375 0.435546875 0.8359375 0.4296875 0.837890625 0.41796875
5 0.81640625 0.416015625 0.8251953125 0.416015625 0.82958984375 0.421875 0.830078125 0.431640625 0.8193359375 0.431640625 0.80419921875 0.4306640625 0.8037109375 0.4248046875 0.80810546875 0.423828125 0.8115234375 0.4169921875
4 0.7890625 0.3740234375 0.79638671875 0.3681640625 0.80517578125 0.3603515625 0.8046875 0.349609375 0.8046875 0.3408203125 0.80712890625 0.330078125 0.81005859375 0.33203125 0.81103515625 0.33984375 0.81201171875 0.345703125 0.8134765625 0.349609375 0.8115234375 0.35546875 0.814453125 0.3603515625 0.81640625 0.3681640625 0.81494140625 0.37890625 0.80859375 0.3857421875 0.8076171875 0.4033203125 0.80322265625 0.4072265625 0.8037109375 0.3857421875 0.796875 0.3798828125 0.787109375 0.3837890625 0.78662109375 0.3779296875
1 0.98876953125 0.443359375 0.99951171875 0.4423828125 0.99951171875 0.4560546875 0.9873046875 0.453125 0.98681640625 0.4453125
