1 0.0 0.4150390625 0.59326171875 0.392578125 0.6259765625 0.4072265625 0.64990234375 0.423828125 0.69775390625 0.4150390625 0.736328125 0.41796875 0.76904296875 0.41015625 0.78369140625 0.4150390625 0.8876953125 0.4140625 0.90625 0.4169921875 0.90283203125 0.4326171875 0.0 0.6796875
2 0.0 0.0 0.63916015625 0.0 0.59619140625 0.4052734375 0.3681640625 0.4423828125 0.291015625 0.447265625 0.14111328125 0.4375 0.09326171875 0.4365234375 0.0 0.4365234375
0 0.0 0.62890625 0.06640625 0.6005859375 0.21923828125 0.541015625 0.3330078125 0.4970703125 0.501953125 0.4560546875 0.60546875 0.4423828125 0.72705078125 0.4306640625 0.76171875 0.427734375 0.8271484375 0.4267578125 0.8583984375 0.4267578125 0.9013671875 0.42578125 0.84765625 0.41796875 0.77880859375 0.4091796875 0.791015625 0.3857421875 0.88232421875 0.404296875 0.91064453125 0.4150390625 0.96826171875 0.4248046875 0.70458984375 0.541015625 0.99951171875 0.9990234375 0.0 0.9990234375
2 0.802734375 0.0 0.80810546875 0.3134765625 0.80859375 0.3916015625 0.88427734375 0.4052734375 0.93212890625 0.42578125 0.99951171875 0.41015625 0.99951171875 0.0
1 0.89306640625 0.9404296875 0.833984375 0.8681640625 0.76806640625 0.7646484375 0.71337890625 0.669921875 0.69287109375 0.619140625 0.68017578125 0.5751953125 0.6826171875 0.5439453125 0.6943359375 0.509765625 0.71240234375 0.490234375 0.732421875 0.478515625 0.7509765625 0.4697265625 0.802734375 0.4541015625 0.83837890625 0.44921875 0.8798828125 0.4453125 0.90234375 0.44140625 0.95166015625 0.4375 0.99951171875 0.44140625 0.99951171875 0.9990234375
4 0.6201171875 0.0 0.99951171875 0.0 0.99951171875 0.306640625 0.99267578125 0.3076171875 0.9814453125 0.30859375 0.96337890625 0.3115234375 0.9501953125 0.3125 0.93798828125 0.30859375 0.923828125 0.30859375 0.91650390625 0.3076171875 0.91162109375 0.3017578125 0.90478515625 0.29296875 0.8916015625 0.291015625 0.8994140625 0.3076171875 0.89404296875 0.306640625 0.88427734375 0.306640625 0.8740234375 0.3125 0.857421875 0.3095703125 0.84423828125 0.3076171875 0.837890625 0.322265625 0.83544921875 0.326171875 0.82568359375 0.322265625 0.81591796875 0.3203125 0.80908203125 0.3193359375 0.80859375 0.333984375 0.8076171875 0.3828125 0.7890625 0.3876953125 0.77734375 0.4140625 0.76953125 0.4140625 0.76513671875 0.4169921875 0.75 0.4169921875 0.73828125 0.419921875 0.689453125 0.4208984375 0.6591796875 0.423828125 0.62109375 0.3935546875 0.587890625 0.41015625 0.5810546875 0.4033203125 0.572265625 0.3759765625 0.56640625 0.3701171875 0.56640625 0.3447265625 0.57080078125 0.3427734375 0.57177734375 0.3369140625 0.5869140625 0.328125 0.59765625 0.32421875 0.60595703125 0.31640625 0.6015625 0.30078125 0.5908203125 0.2998046875 0.603515625 0.2529296875 0.59521484375 0.26171875 0.5869140625 0.263671875 0.57666015625 0.2607421875 0.58154296875 0.2392578125 0.580078125 0.2294921875 0.5693359375 0.228515625 0.56689453125 0.2060546875 0.57080078125 0.197265625 0.5693359375 0.1904296875 0.56494140625 0.18359375 0.5576171875 0.1796875 0.54931640625 0.1748046875 0.546875 0.1650390625 0.5478515625 0.150390625 0.54638671875 0.142578125 0.548828125 0.1259765625 0.54833984375 0.1181640625 0.54736328125 0.1103515625 0.55224609375 0.103515625 0.54248046875 0.1025390625 0.54345703125 0.0908203125 0.54736328125 0.080078125 0.54736328125 0.068359375 0.546875 0.0615234375 0.55126953125 0.0595703125 0.552734375 0.06640625 0.55810546875 0.06640625 0.55859375 0.05859375 0.56298828125 0.060546875 0.56591796875 0.052734375 0.56982421875 0.048828125 0.578125 0.0595703125 0.5791015625 0.0615234375 0.5830078125 0.0556640625 0.58740234375 0.0576171875 0.59326171875 0.064453125 0.599609375 0.0810546875 0.60546875 0.0869140625 0.60986328125 0.08203125 0.61328125 0.0732421875 0.615234375 0.068359375 0.61083984375 0.0615234375 0.60693359375 0.0576171875 0.60498046875 0.0634765625 0.603515625 0.0712890625 0.599609375 0.068359375 0.59765625 0.060546875 0.59375 0.060546875 0.5927734375 0.048828125 0.59765625 0.0400390625 0.59765625 0.0283203125 0.6005859375 0.0244140625 0.61181640625 0.0166015625 0.6181640625 0.0146484375
5 0.83349609375 0.3837890625 0.8388671875 0.3876953125 0.84619140625 0.392578125 0.841796875 0.40625 0.8330078125 0.4072265625 0.8232421875 0.3857421875 0.8271484375 0.384765625
4 0.97998046875 0.2822265625 0.9775390625 0.341796875 0.98486328125 0.416015625 0.98828125 0.439453125 0.970703125 0.455078125 0.970703125 0.47265625 0.95068359375 0.4697265625 0.9541015625 0.44921875 0.9580078125 0.4375 0.95947265625 0.4208984375 0.9619140625 0.3671875 0.962890625 0.298828125
4 0.8369140625 0.31640625 0.8369140625 0.3544921875 0.8359375 0.3935546875 0.83251953125 0.3935546875 0.83251953125 0.369140625 0.8330078125 0.318359375
5 0.79052734375 0.3759765625 0.7958984375 0.3759765625 0.8056640625 0.3759765625 0.810546875 0.376953125 0.81201171875 0.3798828125 0.8203125 0.3837890625 0.828125 0.3994140625 0.82666015625 0.412109375 0.826171875 0.41796875 0.8232421875 0.41796875 0.8193359375 0.41796875 0.8115234375 0.4169921875 0.8056640625 0.4189453125 0.796875 0.4150390625 0.78466796875 0.41015625 0.783203125 0.4013671875 0.78369140625 0.3935546875 0.78515625 0.384765625 0.7861328125 0.37890625 0.7880859375 0.3779296875
5 0.82080078125 0.380859375 0.82568359375 0.3818359375 0.83203125 0.390625 0.8369140625 0.3955078125 0.83984375 0.4013671875 0.83984375 0.408203125 0.83837890625 0.4150390625 0.837890625 0.4169921875 0.8359375 0.4189453125 0.83349609375 0.41796875 0.83349609375 0.4169921875 0.82568359375 0.4169921875 0.82568359375 0.408203125 0.82666015625 0.400390625 0.826171875 0.3955078125 0.8203125 0.3916015625 0.81298828125 0.380859375 0.81787109375 0.380859375
5 0.87451171875 0.3896484375 0.8798828125 0.388671875 0.884765625 0.3876953125 0.88916015625 0.3916015625 0.89453125 0.3974609375 0.89990234375 0.4033203125 0.9052734375 0.40625 0.90673828125 0.41015625 0.90625 0.4189453125 0.90478515625 0.419921875 0.90087890625 0.419921875 0.89697265625 0.4169921875 0.8916015625 0.4169921875 0.86865234375 0.39453125
5 0.857421875 0.3837890625 0.8642578125 0.3828125 0.87060546875 0.3828125 0.87646484375 0.388671875 0.87890625 0.3916015625 0.884765625 0.3974609375 0.88720703125 0.3994140625 0.890625 0.4033203125 0.89208984375 0.4091796875 0.892578125 0.4169921875 0.89208984375 0.4189453125 0.88720703125 0.419921875 0.88037109375 0.4189453125 0.87353515625 0.4189453125 0.86865234375 0.419921875 0.86572265625 0.4169921875 0.865234375 0.41796875 0.8642578125 0.419921875 0.853515625 0.4140625 0.84423828125 0.3857421875 0.85205078125 0.3837890625
