0 0.99951171875 0.6015625 0.53564453125 0.375 0.14501953125 0.33203125 0.0 0.3564453125 0.0 0.9990234375 0.99951171875 0.9990234375
1 0.46142578125 0.419921875 0.48388671875 0.4208984375 0.53466796875 0.4208984375 0.599609375 0.4208984375 0.603515625 0.4091796875 0.46044921875 0.4013671875 0.42138671875 0.4013671875 0.423828125 0.412109375 0.43603515625 0.4169921875 0.451171875 0.4169921875
1 0.52490234375 0.4287109375 0.5546875 0.443359375 0.61865234375 0.4794921875 0.99951171875 0.66796875 0.99951171875 0.4873046875 0.7431640625 0.4140625 0.654296875 0.4140625 0.63330078125 0.41796875 0.62060546875 0.419921875 0.59033203125 0.4208984375 0.548828125 0.4208984375 0.537109375 0.419921875 0.52685546875 0.4208984375 0.52490234375 0.4248046875
1 0.4345703125 0.44921875 0.3935546875 0.5 0.32470703125 0.5849609375 0.0 0.9990234375 0.0 0.564453125 0.2197265625 0.478515625 0.37353515625 0.4150390625 0.43359375 0.41796875 0.44287109375 0.419921875 0.4443359375 0.419921875 0.4404296875 0.43359375 0.4384765625 0.44140625
1 0.19189453125 0.443359375 0.16064453125 0.447265625 0.01220703125 0.4658203125 0.0 0.4609375 0.0 0.427734375 0.078125 0.4365234375 0.11865234375 0.43359375 0.14599609375 0.427734375 0.166015625 0.4248046875 0.1806640625 0.4228515625 0.19677734375 0.4287109375
2 0.28173828125 0.08203125 0.31005859375 0.068359375 0.35107421875 0.0712890625 0.35888671875 0.07421875 0.3642578125 0.07421875 0.36572265625 0.072265625 0.36962890625 0.07421875 0.3759765625 0.0751953125 0.37646484375 0.072265625 0.39794921875 0.072265625 0.40185546875 0.07421875 0.4052734375 0.0791015625 0.4375 0.0830078125 0.4404296875 0.0830078125 0.43994140625 0.119140625 0.44140625 0.1201171875 0.44287109375 0.119140625 0.44384765625 0.07421875 0.44384765625 0.06640625 0.44921875 0.06640625 0.44970703125 0.0126953125 0.451171875 0.0126953125 0.453125 0.001953125 0.99951171875 0.0 0.99951171875 0.5029296875 0.78759765625 0.4677734375 0.62939453125 0.4287109375 0.6220703125 0.4208984375 0.54296875 0.4169921875 0.45751953125 0.4140625 0.4345703125 0.412109375 0.359375 0.4072265625 0.1865234375 0.4287109375 0.17578125 0.40625 0.103515625 0.4013671875 0.0625 0.396484375 0.00634765625 0.388671875 0.0029296875 0.271484375 0.091796875 0.1787109375 0.30712890625 0.16015625 0.283203125 0.0771484375 0.28076171875 0.08984375
4 0.17431640625 0.0234375 0.14453125 0.0 0.0 0.0 0.0 0.2333984375 0.0703125 0.251953125 0.08349609375 0.28125 0.091796875 0.2900390625 0.0966796875 0.2978515625 0.103515625 0.3056640625 0.12109375 0.3251953125 0.1259765625 0.330078125 0.12255859375 0.40234375 0.138671875 0.40625 0.13818359375 0.3701171875 0.13525390625 0.361328125 0.13525390625 0.3505859375 0.13427734375 0.337890625 0.13671875 0.32421875 0.138671875 0.3134765625 0.14208984375 0.3037109375 0.1474609375 0.3134765625 0.15185546875 0.3193359375 0.154296875 0.33203125 0.1552734375 0.3359375 0.166015625 0.34375 0.1728515625 0.34375 0.2275390625 0.2080078125 0.21533203125 0.060546875 0.17822265625 0.0205078125
1 0.0703125 0.4228515625 0.11279296875 0.4208984375 0.1142578125 0.419921875 0.1142578125 0.4150390625 0.076171875 0.4150390625
5 0.39599609375 0.4140625 0.39892578125 0.3984375 0.4072265625 0.3837890625 0.4111328125 0.3798828125 0.43359375 0.3828125 0.4365234375 0.390625 0.4384765625 0.3994140625 0.4375 0.412109375 0.43505859375 0.41796875 0.43359375 0.419921875 0.43212890625 0.41796875 0.42578125 0.4150390625 0.4189453125 0.4169921875 0.41650390625 0.4150390625 0.416015625 0.4140625 0.4033203125 0.412109375 0.4013671875 0.4150390625 0.400390625 0.4150390625 0.39892578125 0.4150390625
2 0.0625 0.443359375 0.0810546875 0.4462890625 0.08349609375 0.27734375 0.083984375 0.2734375 0.099609375 0.2734375 0.10107421875 0.205078125 0.10107421875 0.2021484375 0.08349609375 0.1962890625 0.083984375 0.1708984375 0.08349609375 0.1669921875 0.05810546875 0.1494140625 0.0517578125 0.0693359375 0.0947265625 0.0537109375 0.09423828125 0.0498046875 0.05078125 0.0419921875 0.0478515625 0.0 0.03173828125 0.0 0.0224609375 0.1376953125 0.0 0.138671875 0.0 0.4501953125
4 0.38525390625 0.41015625 0.38330078125 0.41015625 0.3828125 0.3583984375 0.37939453125 0.3564453125 0.3779296875 0.3544921875 0.375 0.3505859375 0.37255859375 0.3486328125 0.36962890625 0.3291015625 0.37060546875 0.3134765625 0.37060546875 0.294921875 0.375 0.29296875 0.3740234375 0.27734375 0.375 0.2744140625 0.37744140625 0.271484375 0.3779296875 0.2685546875 0.37939453125 0.2626953125 0.3818359375 0.2578125 0.38720703125 0.2607421875 0.390625 0.2705078125 0.390625 0.2734375 0.3896484375 0.28125 0.3896484375 0.28125 0.3896484375 0.2822265625 0.39111328125 0.2919921875 0.3935546875 0.30078125 0.3935546875 0.3037109375 0.39111328125 0.3134765625 0.39208984375 0.31640625 0.3974609375 0.3212890625 0.3974609375 0.3291015625 0.39501953125 0.330078125 0.3935546875 0.3330078125 0.392578125 0.337890625 0.390625 0.3427734375 0.38720703125 0.3505859375 0.38671875 0.3515625 0.38525390625 0.3515625
2 0.37060546875 0.4541015625 0.37255859375 0.1865234375 0.3642578125 0.16015625 0.35498046875 0.0 0.34716796875 0.0 0.33642578125 0.1279296875 0.30615234375 0.052734375 0.3056640625 0.0 0.13134765625 0.0 0.1328125 0.111328125 0.17578125 0.15234375 0.173828125 0.537109375 0.26025390625 0.5400390625 0.30224609375 0.5078125 0.30322265625 0.4921875 0.3154296875 0.4921875 0.32275390625 0.494140625 0.35205078125 0.470703125 0.35205078125 0.462890625 0.3603515625 0.46484375 0.36962890625 0.4580078125
5 0.31396484375 0.396484375 0.30615234375 0.3857421875 0.30419921875 0.3857421875 0.30419921875 0.404296875 0.30419921875 0.4072265625 0.31640625 0.41015625 0.31689453125 0.41015625 0.31689453125 0.3994140625 0.31640625 0.396484375
5 0.74853515625 0.4072265625 0.71240234375 0.3779296875 0.7021484375 0.369140625 0.66796875 0.3671875 0.66796875 0.361328125 0.66650390625 0.3544921875 0.6474609375 0.353515625 0.646484375 0.359375 0.64208984375 0.3662109375 0.640625 0.373046875 0.6328125 0.3857421875 0.625 0.4150390625 0.62353515625 0.41015625 0.61865234375 0.41015625 0.61474609375 0.4140625 0.61669921875 0.4228515625 0.62109375 0.4248046875 0.61865234375 0.4365234375 0.61474609375 0.4521484375 0.61474609375 0.4609375 0.6142578125 0.486328125 0.61474609375 0.5029296875 0.61572265625 0.5087890625 0.61962890625 0.5087890625 0.6259765625 0.5087890625 0.62744140625 0.498046875 0.63427734375 0.5 0.63525390625 0.5126953125 0.63525390625 0.5205078125 0.6435546875 0.5234375 0.646484375 0.5234375 0.64892578125 0.5078125 0.6865234375 0.5029296875
5 0.82958984375 0.5849609375 0.83203125 0.5751953125 0.833984375 0.5615234375 0.833984375 0.55078125 0.83642578125 0.544921875 0.837890625 0.515625 0.837890625 0.5 0.837890625 0.4443359375 0.837890625 0.43359375 0.828125 0.3837890625 0.826171875 0.375 0.82470703125 0.3701171875 0.82275390625 0.3662109375 0.81787109375 0.3662109375 0.81787109375 0.361328125 0.81103515625 0.3564453125 0.798828125 0.3564453125 0.787109375 0.3564453125 0.74755859375 0.353515625 0.7490234375 0.34765625 0.7490234375 0.3408203125 0.74365234375 0.3359375 0.72216796875 0.3349609375 0.7197265625 0.34375 0.71533203125 0.3486328125 0.71044921875 0.359375 0.6982421875 0.3798828125 0.6875 0.4150390625 0.68359375 0.4150390625 0.68115234375 0.4140625 0.67529296875 0.41796875 0.67529296875 0.42578125 0.67724609375 0.4306640625 0.68359375 0.431640625 0.6767578125 0.447265625 0.673828125 0.4677734375 0.67138671875 0.486328125 0.67138671875 0.505859375 0.67138671875 0.5185546875 0.671875 0.5390625 0.673828125 0.544921875 0.68603515625 0.5478515625 0.6875 0.544921875 0.6884765625 0.53125 0.70703125 0.5390625 0.70703125 0.5537109375 0.708984375 0.568359375 0.7138671875 0.5693359375 0.7236328125 0.5712890625 0.724609375 0.5712890625 0.728515625 0.56640625 0.73046875 0.55078125 0.7314453125 0.544921875 0.81005859375 0.55078125 0.81005859375 0.5634765625 0.8125 0.57421875 0.81787109375 0.580078125 0.82421875 0.5830078125
