0 0.0 0.26171875 0.37109375 0.30859375 0.99951171875 0.3212890625 0.99951171875 0.9990234375 0.0 0.9990234375
1 0.99951171875 0.9443359375 0.86669921875 0.9072265625 0.55322265625 0.587890625 0.51171875 0.5458984375 0.453125 0.4794921875 0.45166015625 0.427734375 0.46875 0.41015625 0.99951171875 0.41796875
1 0.1298828125 0.5009765625 0.1572265625 0.478515625 0.23388671875 0.455078125 0.23681640625 0.431640625 0.18017578125 0.435546875 0.15380859375 0.4140625 0.12109375 0.4423828125
2 0.43359375 0.2451171875 0.41650390625 0.2470703125 0.4130859375 0.248046875 0.41162109375 0.2490234375 0.3701171875 0.224609375 0.36083984375 0.2177734375 0.345703125 0.2158203125 0.3193359375 0.18359375 0.310546875 0.1826171875 0.30908203125 0.1259765625 0.291015625 0.0556640625 0.2900390625 0.0546875 0.24951171875 0.0478515625 0.248046875 0.037109375 0.24169921875 0.0361328125 0.24267578125 0.02734375 0.2421875 0.0087890625 0.23193359375 0.0224609375 0.23046875 0.025390625 0.22705078125 0.02734375 0.2275390625 0.0 0.0 0.0 0.0 0.4013671875 0.1435546875 0.45703125 0.15576171875 0.46484375 0.16162109375 0.4638671875 0.16259765625 0.4638671875 0.162109375 0.455078125 0.171875 0.453125 0.1728515625 0.45703125 0.18359375 0.4560546875 0.18359375 0.453125 0.2099609375 0.451171875 0.2294921875 0.4443359375 0.27880859375 0.4326171875 0.2998046875 0.4306640625 0.36767578125 0.4208984375 0.40380859375 0.40625 0.44482421875 0.419921875
2 0.4296875 0.0 0.4306640625 0.03515625 0.42724609375 0.0439453125 0.42431640625 0.0712890625 0.4208984375 0.068359375 0.41455078125 0.109375 0.416015625 0.1806640625 0.41845703125 0.2099609375 0.4208984375 0.3359375 0.42236328125 0.392578125 0.42431640625 0.4130859375 0.47607421875 0.4365234375 0.521484375 0.4599609375 0.53173828125 0.45703125 0.58544921875 0.4736328125 0.72216796875 0.5205078125 0.8876953125 0.580078125 0.99951171875 0.6181640625 0.99951171875 0.0
5 0.2626953125 0.412109375 0.2705078125 0.40625 0.275390625 0.40625 0.2822265625 0.4189453125 0.2822265625 0.443359375 0.28173828125 0.4482421875 0.2802734375 0.44921875 0.2763671875 0.44921875 0.2744140625 0.4453125 0.267578125 0.427734375
5 0.24658203125 0.4208984375 0.24560546875 0.4091796875 0.24609375 0.4013671875 0.2490234375 0.400390625 0.2666015625 0.400390625 0.26904296875 0.404296875 0.271484375 0.416015625 0.27392578125 0.4248046875 0.27392578125 0.4501953125 0.2724609375 0.451171875 0.271484375 0.4521484375 0.26904296875 0.453125 0.2666015625 0.4521484375 0.26513671875 0.4365234375
5 0.24267578125 0.4287109375 0.24951171875 0.4130859375 0.25390625 0.412109375 0.25830078125 0.4130859375 0.26171875 0.41796875 0.2626953125 0.423828125 0.26416015625 0.4267578125 0.26708984375 0.4306640625 0.26806640625 0.443359375 0.267578125 0.4541015625 0.265625 0.455078125 0.26513671875 0.4541015625 0.26123046875 0.453125 0.24755859375 0.435546875
5 0.232421875 0.4091796875 0.23828125 0.40625 0.24951171875 0.40625 0.25341796875 0.412109375 0.2568359375 0.43359375 0.2607421875 0.44140625 0.2607421875 0.44921875 0.26025390625 0.4560546875 0.25830078125 0.458984375 0.2548828125 0.4560546875 0.251953125 0.453125 0.244140625 0.4541015625 0.23876953125 0.4599609375 0.23486328125 0.4599609375 0.23095703125 0.4599609375 0.23046875 0.455078125 0.23046875 0.4482421875 0.22412109375 0.4482421875 0.22412109375 0.45703125 0.22119140625 0.4609375 0.22021484375 0.4609375 0.2197265625 0.458984375 0.21826171875 0.4541015625 0.21875 0.44921875 0.22119140625 0.4423828125 0.22265625 0.4365234375 0.22216796875 0.4287109375 0.21923828125 0.42578125 0.2197265625 0.421875 0.22265625 0.4208984375 0.22021484375 0.392578125 0.220703125 0.3876953125 0.2236328125 0.3896484375 0.23046875 0.4072265625
5 0.0830078125 0.3544921875 0.09521484375 0.3603515625 0.109375 0.373046875 0.1201171875 0.3876953125 0.12548828125 0.3994140625 0.14111328125 0.4443359375 0.1513671875 0.4560546875 0.1533203125 0.4609375 0.1533203125 0.47265625 0.15869140625 0.5 0.16455078125 0.5380859375 0.16552734375 0.55078125 0.1669921875 0.5791015625 0.16552734375 0.60546875 0.1650390625 0.611328125 0.1650390625 0.65234375 0.162109375 0.6796875 0.15673828125 0.6943359375 0.1455078125 0.69921875 0.13427734375 0.7001953125 0.1298828125 0.693359375 0.125 0.6748046875 0.11962890625 0.67578125 0.0673828125 0.7236328125 0.06298828125 0.7734375 0.05419921875 0.7978515625 0.03466796875 0.8115234375 0.0 0.818359375 0.0 0.357421875 0.0166015625 0.35546875 0.06005859375 0.3525390625
5 0.31005859375 0.37890625 0.3291015625 0.37890625 0.3291015625 0.3642578125 0.32958984375 0.3642578125 0.330078125 0.37890625 0.35205078125 0.380859375 0.361328125 0.412109375 0.36328125 0.416015625 0.3671875 0.4189453125 0.3671875 0.42578125 0.36669921875 0.4267578125 0.365234375 0.4287109375 0.369140625 0.455078125 0.36962890625 0.5078125 0.36767578125 0.509765625 0.36083984375 0.5087890625 0.35986328125 0.5068359375 0.35888671875 0.5009765625 0.35595703125 0.5009765625 0.3525390625 0.4990234375 0.3515625 0.49609375 0.33203125 0.4970703125 0.3251953125 0.498046875 0.32470703125 0.4970703125 0.30224609375 0.5 0.30126953125 0.509765625 0.30029296875 0.5126953125 0.29296875 0.513671875 0.29248046875 0.5048828125 0.29150390625 0.501953125 0.291015625 0.4716796875 0.29052734375 0.443359375 0.29052734375 0.4326171875 0.291015625 0.4306640625 0.28564453125 0.4306640625 0.28466796875 0.427734375 0.28564453125 0.419921875 0.28759765625 0.4189453125 0.2919921875 0.419921875 0.29296875 0.419921875 0.30126953125 0.3896484375 0.3037109375 0.3818359375
5 0.416015625 0.404296875 0.41455078125 0.3857421875 0.41259765625 0.384765625 0.396484375 0.3876953125 0.39453125 0.3935546875 0.3935546875 0.404296875 0.40234375 0.40625
5 0.41455078125 0.408203125 0.4013671875 0.3994140625 0.400390625 0.396484375 0.39453125 0.3974609375 0.39013671875 0.4169921875 0.38818359375 0.42578125 0.38623046875 0.4365234375 0.38623046875 0.443359375 0.38720703125 0.4501953125 0.388671875 0.458984375 0.39013671875 0.4619140625 0.39404296875 0.4609375 0.41162109375 0.435546875
5 0.416015625 0.404296875 0.40673828125 0.3935546875 0.40087890625 0.39453125 0.396484375 0.423828125 0.39794921875 0.4453125
5 0.4189453125 0.3876953125 0.41455078125 0.388671875 0.4130859375 0.3857421875 0.41162109375 0.3857421875 0.41015625 0.388671875 0.408203125 0.390625 0.39892578125 0.41796875 0.3974609375 0.4140625 0.39404296875 0.4150390625 0.39208984375 0.4169921875 0.392578125 0.4208984375 0.39453125 0.423828125 0.3974609375 0.427734375 0.39404296875 0.4423828125 0.39453125 0.462890625 0.3955078125 0.4833984375 0.3984375 0.4892578125 0.40283203125 0.490234375 0.4052734375 0.490234375 0.40576171875 0.486328125 0.40625 0.4794921875 0.4140625 0.4794921875 0.42138671875 0.4775390625 0.44189453125 0.4775390625 0.44580078125 0.4794921875 0.447265625 0.4853515625 0.4521484375 0.4853515625 0.453125 0.490234375 0.45947265625 0.490234375 0.4599609375 0.4873046875 0.46044921875 0.458984375 0.4599609375 0.4375 0.4580078125 0.421875 0.453125 0.404296875 0.44970703125 0.3935546875 0.4453125 0.3896484375 0.43408203125 0.3876953125 0.4306640625 0.3876953125 0.43017578125 0.3740234375 0.42919921875 0.3876953125 0.4267578125 0.388671875
4 0.51025390625 0.388671875 0.51416015625 0.3876953125 0.517578125 0.3896484375 0.52001953125 0.39453125 0.52001953125 0.4013671875 0.51904296875 0.408203125 0.517578125 0.412109375 0.51513671875 0.4150390625 0.513671875 0.4169921875 0.51416015625 0.4443359375 0.51220703125 0.4443359375 0.51123046875 0.4140625 0.509765625 0.4140625 0.5078125 0.4169921875 0.5078125 0.443359375 0.505859375 0.44140625 0.50537109375 0.4169921875 0.50146484375 0.4140625 0.4990234375 0.4072265625 0.4990234375 0.4013671875 0.49951171875 0.3955078125 0.501953125 0.3916015625 0.50537109375 0.388671875
