2 0.0 0.8203125 0.99951171875 0.6669921875 0.99951171875 0.0 0.0 0.0
0 0.0 0.4873046875 0.15087890625 0.431640625 0.31884765625 0.4140625 0.37060546875 0.4423828125 0.4296875 0.427734375 0.44970703125 0.41796875 0.4521484375 0.4140625 0.48095703125 0.4140625 0.51904296875 0.412109375 0.5810546875 0.41015625 0.5859375 0.423828125 0.61767578125 0.439453125 0.7724609375 0.4833984375 0.99951171875 0.611328125 0.99951171875 0.9990234375 0.0 0.9990234375
1 0.611328125 0.443359375 0.60205078125 0.44140625 0.5654296875 0.4208984375 0.56494140625 0.4189453125 0.5830078125 0.4189453125 0.611328125 0.4169921875 0.62109375 0.4287109375
1 0.3408203125 0.443359375 0.357421875 0.453125 0.37939453125 0.4521484375 0.39306640625 0.451171875 0.40869140625 0.4443359375 0.4326171875 0.4365234375 0.4560546875 0.4267578125 0.46240234375 0.421875 0.462890625 0.419921875 0.46240234375 0.4189453125 0.45166015625 0.416015625 0.4482421875 0.41796875 0.44580078125 0.41796875 0.4404296875 0.41796875 0.43359375 0.41796875 0.421875 0.419921875 0.419921875 0.421875 0.408203125 0.421875 0.39697265625 0.42578125 0.37451171875 0.4296875 0.361328125 0.4326171875 0.3486328125 0.43359375
4 0.34912109375 0.4033203125 0.34716796875 0.3955078125 0.3466796875 0.388671875 0.34716796875 0.384765625 0.349609375 0.3818359375 0.35205078125 0.380859375 0.3544921875 0.3818359375 0.3564453125 0.3818359375 0.35693359375 0.3818359375 0.35888671875 0.3798828125 0.35986328125 0.3798828125 0.36279296875 0.3818359375 0.36328125 0.3857421875 0.36279296875 0.3916015625 0.361328125 0.3974609375 0.359375 0.40234375 0.35595703125 0.404296875
5 0.04541015625 0.34375 0.05859375 0.3525390625 0.07568359375 0.365234375 0.078125 0.369140625 0.078125 0.408203125 0.0615234375 0.421875 0.04638671875 0.390625 0.0458984375 0.384765625
5 0.26953125 0.3828125 0.27783203125 0.3720703125 0.29541015625 0.369140625 0.314453125 0.3837890625 0.3251953125 0.4013671875 0.3505859375 0.412109375 0.3564453125 0.4169921875 0.35791015625 0.4248046875 0.35791015625 0.4296875 0.35888671875 0.431640625 0.35888671875 0.4423828125 0.3564453125 0.447265625 0.3564453125 0.453125 0.3466796875 0.4541015625 0.34375 0.4609375 0.34130859375 0.462890625 0.33935546875 0.462890625 0.3359375 0.462890625 0.333984375 0.4609375 0.3310546875 0.4541015625 0.32666015625 0.455078125 0.32373046875 0.4619140625 0.32275390625 0.4638671875 0.32275390625 0.46484375 0.3076171875 0.46484375 0.27197265625 0.400390625
5 0.2021484375 0.392578125 0.2177734375 0.3642578125 0.22216796875 0.3623046875 0.2275390625 0.3623046875 0.232421875 0.3662109375 0.26171875 0.3681640625 0.26416015625 0.3662109375 0.26904296875 0.365234375 0.2734375 0.3662109375 0.27880859375 0.37109375 0.2802734375 0.3779296875 0.28369140625 0.380859375 0.28955078125 0.396484375 0.29296875 0.4169921875 0.296875 0.490234375 0.29150390625 0.498046875 0.28759765625 0.4990234375 0.28466796875 0.4990234375 0.28369140625 0.4931640625 0.2822265625 0.4853515625 0.2685546875 0.4912109375 0.2666015625 0.5087890625 0.26318359375 0.5126953125 0.2578125 0.5146484375 0.25390625 0.5146484375 0.25146484375 0.5107421875 0.25 0.4970703125 0.2255859375 0.4990234375
5 0.06494140625 0.4169921875 0.07373046875 0.3955078125 0.076171875 0.3896484375 0.07861328125 0.384765625 0.08154296875 0.3828125 0.0859375 0.384765625 0.08740234375 0.3857421875 0.09716796875 0.3642578125 0.1064453125 0.349609375 0.11376953125 0.34375 0.1171875 0.3408203125 0.1240234375 0.337890625 0.13037109375 0.3369140625 0.13720703125 0.3369140625 0.140625 0.33984375 0.17431640625 0.341796875 0.18798828125 0.34375 0.19677734375 0.3427734375 0.205078125 0.3447265625 0.2119140625 0.3505859375 0.216796875 0.3603515625 0.22412109375 0.3896484375 0.2265625 0.40234375 0.2314453125 0.41015625 0.23291015625 0.419921875 0.2333984375 0.4501953125 0.232421875 0.47265625 0.2294921875 0.484375 0.2294921875 0.4990234375 0.2275390625 0.51953125 0.22509765625 0.53125 0.21826171875 0.533203125 0.2109375 0.533203125 0.208984375 0.5263671875 0.20703125 0.513671875 0.20654296875 0.509765625 0.1845703125 0.515625 0.18359375 0.5166015625 0.18310546875 0.5341796875 0.1806640625 0.5458984375 0.1787109375 0.55078125 0.17529296875 0.5546875 0.171875 0.556640625 0.162109375 0.556640625 0.16015625 0.5546875 0.15673828125 0.5400390625 0.15625 0.52734375 0.14453125 0.53125 0.115234375 0.53125
5 0.033203125 0.3798828125 0.05029296875 0.3828125 0.0615234375 0.3857421875 0.072265625 0.392578125 0.0791015625 0.3994140625 0.08447265625 0.41015625 0.09375 0.443359375 0.0986328125 0.44921875 0.11083984375 0.4482421875 0.11767578125 0.4521484375 0.123046875 0.4638671875 0.12353515625 0.474609375 0.12646484375 0.484375 0.12939453125 0.4990234375 0.13037109375 0.513671875 0.12890625 0.5263671875 0.12744140625 0.53125 0.126953125 0.54296875 0.1259765625 0.5615234375 0.12255859375 0.5810546875 0.119140625 0.5869140625 0.109375 0.5908203125 0.09912109375 0.591796875 0.0966796875 0.58984375 0.09375 0.58203125 0.09130859375 0.568359375 0.03759765625 0.5947265625 0.02783203125 0.6220703125 0.0185546875 0.6318359375 0.01611328125 0.6337890625 0.0 0.6318359375 0.0 0.3828125 0.005859375 0.380859375 0.015625 0.3798828125
5 0.5283203125 0.3681640625 0.54248046875 0.3681640625 0.54248046875 0.3564453125 0.5439453125 0.3671875 0.560546875 0.3701171875 0.56298828125 0.3759765625 0.5673828125 0.39453125 0.5732421875 0.3955078125 0.5732421875 0.404296875 0.57080078125 0.4052734375 0.5693359375 0.4072265625 0.56884765625 0.439453125 0.56884765625 0.4599609375 0.5634765625 0.4599609375 0.56201171875 0.458984375 0.56201171875 0.4501953125 0.529296875 0.44921875 0.525390625 0.4501953125 0.52490234375 0.4541015625 0.52294921875 0.455078125 0.5224609375 0.458984375 0.515625 0.458984375 0.51611328125 0.4375 0.51611328125 0.4189453125 0.51806640625 0.4013671875 0.52294921875 0.376953125
4 0.42529296875 0.365234375 0.42822265625 0.3662109375 0.4296875 0.3662109375 0.43017578125 0.3447265625 0.4345703125 0.34375 0.43798828125 0.349609375 0.43896484375 0.3525390625 0.4462890625 0.35546875 0.45068359375 0.3583984375 0.453125 0.3662109375 0.45361328125 0.3720703125 0.45263671875 0.3740234375 0.44873046875 0.37109375 0.4462890625 0.3720703125 0.4453125 0.373046875 0.44580078125 0.3779296875 0.44677734375 0.380859375 0.44775390625 0.3837890625 0.44873046875 0.3857421875 0.44873046875 0.388671875 0.44775390625 0.390625 0.4423828125 0.392578125 0.4404296875 0.4052734375 0.4384765625 0.40625 0.4326171875 0.40625 0.42333984375 0.408203125 0.4189453125 0.4169921875 0.41748046875 0.4130859375 0.41650390625 0.4091796875 0.4169921875 0.3974609375 0.416015625 0.39453125 0.4130859375 0.392578125 0.412109375 0.3896484375 0.412109375 0.3701171875 0.4140625 0.3671875 0.41552734375 0.3671875 0.419921875 0.3701171875 0.42041015625 0.3681640625 0.421875 0.357421875 0.4228515625 0.3564453125
4 0.5966796875 0.328125 0.60107421875 0.330078125 0.6044921875 0.328125 0.60693359375 0.330078125 0.60986328125 0.3330078125 0.61083984375 0.337890625 0.60888671875 0.341796875 0.60693359375 0.3427734375 0.6025390625 0.3447265625 0.60009765625 0.3447265625 0.59716796875 0.3447265625 0.59521484375 0.345703125 0.59423828125 0.345703125 0.59326171875 0.341796875 0.5908203125 0.3408203125 0.59033203125 0.3359375 0.59130859375 0.3310546875 0.5927734375 0.328125
5 0.68603515625 0.390625 0.67236328125 0.3837890625 0.66552734375 0.3818359375 0.64794921875 0.3798828125 0.630859375 0.3798828125 0.625 0.3818359375 0.6201171875 0.3896484375 0.61376953125 0.404296875 0.61083984375 0.4130859375 0.607421875 0.421875 0.60595703125 0.4306640625 0.60546875 0.447265625 0.60498046875 0.4609375 0.60498046875 0.474609375 0.607421875 0.478515625 0.61328125 0.4794921875 0.61474609375 0.486328125 0.619140625 0.48828125 0.6240234375 0.48828125 0.625 0.484375 0.6259765625 0.474609375 0.6376953125 0.4755859375 0.64404296875 0.4765625 0.6748046875 0.4365234375 0.6826171875 0.3955078125 0.68798828125 0.3935546875
5 0.701171875 0.357421875 0.69140625 0.3583984375 0.6826171875 0.3642578125 0.6728515625 0.37890625 0.6650390625 0.3974609375 0.6611328125 0.408203125 0.66064453125 0.404296875 0.6591796875 0.40234375 0.65625 0.4033203125 0.65380859375 0.4072265625 0.6513671875 0.4140625 0.6513671875 0.4189453125 0.6533203125 0.4208984375 0.6572265625 0.423828125 0.650390625 0.435546875 0.6455078125 0.4482421875 0.64501953125 0.4541015625 0.64501953125 0.4599609375 0.64404296875 0.46484375 0.642578125 0.4833984375 0.64208984375 0.509765625 0.64453125 0.5244140625 0.6474609375 0.53125 0.66064453125 0.5322265625 0.66259765625 0.5283203125 0.6650390625 0.51953125 0.67041015625 0.5234375 0.67138671875 0.5458984375 0.6728515625 0.5556640625 0.677734375 0.55859375 0.68603515625 0.55859375 0.70947265625 0.5615234375 0.74755859375 0.443359375 0.736328125 0.3583984375 0.720703125 0.357421875
5 0.97021484375 0.3798828125 0.95849609375 0.337890625 0.95361328125 0.3134765625 0.9462890625 0.2841796875 0.9423828125 0.271484375 0.939453125 0.2646484375 0.935546875 0.26171875 0.9306640625 0.2607421875 0.92626953125 0.2509765625 0.92333984375 0.248046875 0.919921875 0.2470703125 0.89453125 0.2548828125 0.86865234375 0.2529296875 0.8212890625 0.2568359375 0.8203125 0.2490234375 0.81884765625 0.2451171875 0.8154296875 0.2431640625 0.802734375 0.248046875 0.78759765625 0.2568359375 0.77734375 0.2666015625 0.7744140625 0.2744140625 0.76123046875 0.2890625 0.75 0.310546875 0.734375 0.359375 0.72607421875 0.3974609375 0.724609375 0.3974609375 0.724609375 0.3798828125 0.72216796875 0.37890625 0.71240234375 0.37890625 0.708984375 0.3818359375 0.70703125 0.3876953125 0.70703125 0.40625 0.70947265625 0.41015625 0.72119140625 0.4140625 0.7138671875 0.4423828125 0.7109375 0.4541015625 0.7080078125 0.46484375 0.70703125 0.4775390625 0.7060546875 0.501953125 0.70654296875 0.537109375 0.70849609375 0.578125 0.71044921875 0.5927734375 0.7158203125 0.5947265625 0.7255859375 0.5947265625 0.72802734375 0.5927734375 0.7294921875 0.58984375 0.73193359375 0.5673828125 0.7548828125 0.580078125 0.7548828125 0.6064453125 0.7568359375 0.626953125 0.759765625 0.6416015625 0.76513671875 0.6455078125 0.78076171875 0.6494140625 0.78466796875 0.6474609375 0.787109375 0.6474609375 0.8232421875 0.654296875
5 0.97705078125 0.32421875 0.96630859375 0.333984375 0.95068359375 0.3505859375 0.93701171875 0.3701171875 0.921875 0.39453125 0.90087890625 0.43359375 0.8974609375 0.4404296875 0.8984375 0.42578125 0.89697265625 0.421875 0.890625 0.421875 0.873046875 0.4267578125 0.8671875 0.4326171875 0.86474609375 0.451171875 0.8671875 0.4560546875 0.86865234375 0.4599609375 0.87890625 0.46484375 0.88330078125 0.4658203125 0.8623046875 0.484375 0.83251953125 0.5048828125 0.8271484375 0.5146484375 0.82275390625 0.53515625 0.81884765625 0.5634765625 0.81689453125 0.58984375 0.810546875 0.6171875 0.80859375 0.646484375 0.80859375 0.658203125 0.8134765625 0.7021484375 0.8212890625 0.73046875 0.830078125 0.7470703125 0.84130859375 0.751953125 0.86865234375 0.7548828125 0.88818359375 0.7333984375 0.99951171875 0.818359375 0.99951171875 0.314453125
