0 0.3203125 0.599609375 0.5 0.3369140625 0.5693359375 0.3505859375 0.99658203125 0.6669921875 1.0 0.72265625 1.0 1.0 0.134765625 0.9990234375 0.12353515625 0.9169921875
1 0.5107421875 0.3759765625 0.49951171875 0.3818359375 0.49267578125 0.38671875 0.484375 0.3916015625 0.4775390625 0.3935546875 0.47216796875 0.3955078125 0.466796875 0.3984375 0.462890625 0.400390625 0.4609375 0.4072265625 0.4609375 0.4140625 0.462890625 0.421875 0.4638671875 0.4267578125 0.4658203125 0.439453125 0.46728515625 0.447265625 0.46630859375 0.4609375 0.46337890625 0.4765625 0.455078125 0.5009765625 0.44140625 0.5341796875 0.42333984375 0.568359375 0.189453125 0.9990234375 0.0 0.9990234375 0.0 0.7734375 0.28515625 0.5625 0.2900390625 0.5498046875 0.318359375 0.5283203125 0.32470703125 0.5078125 0.435546875 0.3984375 0.45361328125 0.3779296875 0.5078125 0.3681640625
1 0.98193359375 0.818359375 0.79052734375 0.658203125 0.712890625 0.5966796875 0.65869140625 0.5546875 0.54931640625 0.4501953125 0.5283203125 0.43359375 0.517578125 0.4228515625 0.51025390625 0.4130859375 0.50927734375 0.4033203125 0.51025390625 0.3955078125 0.51318359375 0.388671875 0.51904296875 0.3828125 0.5244140625 0.375 0.5361328125 0.3828125 1.0 0.5654296875 1.0 0.609375 1.0 0.8359375 0.99658203125 0.830078125
2 0.48486328125 0.2900390625 0.48583984375 0.158203125 0.482421875 0.125 0.443359375 0.1328125 0.42578125 0.12890625 0.431640625 0.2041015625 0.43603515625 0.251953125 0.44775390625 0.2861328125
4 0.4765625 0.2724609375 0.466796875 0.2724609375 0.45068359375 0.265625 0.43408203125 0.1484375 0.40771484375 0.0615234375 0.404296875 0.0 0.404296875 0.0 0.53173828125 0.0 0.52978515625 0.00390625 0.537109375 0.0126953125 0.5458984375 0.01953125 0.54638671875 0.0380859375 0.54296875 0.0556640625 0.53662109375 0.064453125 0.53076171875 0.0712890625 0.5302734375 0.0791015625 0.5302734375 0.0927734375 0.53076171875 0.1015625 0.5234375 0.10546875 0.51318359375 0.09765625 0.5078125 0.0810546875 0.5029296875 0.0732421875 0.5087890625 0.0966796875 0.51123046875 0.1103515625 0.5107421875 0.123046875 0.51708984375 0.12890625 0.51806640625 0.1123046875 0.52783203125 0.1064453125 0.537109375 0.107421875 0.53955078125 0.0947265625 0.5361328125 0.0869140625 0.53515625 0.0693359375 0.54150390625 0.0673828125 0.5478515625 0.052734375 0.54736328125 0.0458984375 0.54638671875 0.0302734375 0.5439453125 0.009765625 0.5498046875 0.009765625 0.55615234375 0.0205078125 0.5595703125 0.0048828125 0.56591796875 0.001953125 0.57275390625 0.00390625 0.57080078125 0.01953125 0.576171875 0.0087890625 0.57470703125 0.0009765625 0.59619140625 0.0 0.60107421875 0.001953125 0.60791015625 0.0146484375 0.6171875 0.0185546875 0.615234375 0.0029296875 0.615234375 0.0 1.0 0.0 1.0 0.2822265625 0.798828125 0.3310546875 0.6611328125 0.396484375 0.61669921875 0.40234375 0.5283203125 0.3974609375 0.525390625 0.375 0.5244140625 0.359375 0.521484375 0.3544921875 0.51708984375 0.3505859375 0.51708984375 0.34765625 0.5126953125 0.3310546875 0.5087890625 0.3095703125 0.5048828125 0.29296875 0.49951171875 0.2841796875 0.49072265625 0.2802734375 0.48388671875 0.2744140625 0.4814453125 0.2705078125
3 0.9990234375 0.1083984375 0.6865234375 0.341796875 0.6630859375 0.3583984375 0.6650390625 0.4189453125 0.68994140625 0.4150390625 0.7373046875 0.3916015625 0.75634765625 0.380859375 0.783203125 0.388671875 1.0 0.3076171875
3 0.55859375 0.3818359375 0.5390625 0.3818359375 0.537109375 0.3818359375 0.537109375 0.4326171875 0.548828125 0.4423828125 0.564453125 0.4462890625 0.5712890625 0.384765625
5 0.56103515625 0.482421875 0.56103515625 0.4912109375 0.5537109375 0.490234375 0.55224609375 0.48828125 0.55224609375 0.486328125 0.54736328125 0.484375 0.5458984375 0.482421875 0.546875 0.4736328125 0.54833984375 0.4541015625 0.54931640625 0.4404296875 0.55126953125 0.4345703125 0.54931640625 0.4345703125 0.55126953125 0.4267578125 0.5556640625 0.4267578125 0.556640625 0.42578125 0.5595703125 0.41796875 0.56298828125 0.41015625 0.5673828125 0.4091796875 0.580078125 0.4091796875 0.58447265625 0.4111328125 0.58984375 0.4150390625 0.5849609375 0.4453125 0.5693359375 0.4814453125
5 0.57080078125 0.515625 0.56982421875 0.5126953125 0.56982421875 0.5048828125 0.5693359375 0.498046875 0.56787109375 0.5 0.56689453125 0.49609375 0.56689453125 0.474609375 0.56787109375 0.458984375 0.5693359375 0.4482421875 0.57177734375 0.4423828125 0.57080078125 0.4375 0.57421875 0.4296875 0.578125 0.42578125 0.58251953125 0.4140625 0.58544921875 0.412109375 0.59130859375 0.4111328125 0.59375 0.4248046875 0.5859375 0.4443359375 0.5791015625 0.46875 0.57275390625 0.5068359375
5 0.5810546875 0.5263671875 0.5751953125 0.5263671875 0.57275390625 0.5244140625 0.5712890625 0.517578125 0.57080078125 0.5166015625 0.5693359375 0.51171875 0.56884765625 0.5 0.5693359375 0.490234375 0.5712890625 0.478515625 0.5712890625 0.4638671875 0.572265625 0.453125 0.57666015625 0.439453125 0.57763671875 0.4384765625 0.57080078125 0.4365234375 0.5712890625 0.4296875 0.57470703125 0.42578125 0.578125 0.42578125 0.5791015625 0.4306640625 0.580078125 0.4345703125 0.58447265625 0.4228515625 0.5908203125 0.4072265625 0.5947265625 0.400390625 0.59814453125 0.3984375 0.5986328125 0.4013671875 0.59912109375 0.40234375 0.61865234375 0.4052734375 0.625 0.4072265625 0.6259765625 0.427734375 0.59130859375 0.5068359375
5 0.595703125 0.53515625 0.59375 0.546875 0.59228515625 0.548828125 0.58349609375 0.5419921875 0.58251953125 0.5302734375 0.58251953125 0.5166015625 0.5830078125 0.5068359375 0.5830078125 0.49609375 0.583984375 0.482421875 0.58447265625 0.4765625 0.58544921875 0.4716796875 0.58984375 0.466796875 0.59912109375 0.455078125 0.59814453125 0.4541015625 0.59423828125 0.451171875 0.59423828125 0.4453125 0.5947265625 0.4404296875 0.59765625 0.4345703125 0.59912109375 0.431640625 0.60107421875 0.4326171875 0.6015625 0.4482421875 0.60693359375 0.4345703125 0.611328125 0.423828125 0.615234375 0.4169921875 0.61962890625 0.412109375 0.6240234375 0.4052734375 0.62646484375 0.404296875 0.6328125 0.404296875 0.6357421875 0.408203125 0.6376953125 0.4091796875 0.646484375 0.4091796875 0.65771484375 0.4111328125 0.6630859375 0.412109375 0.6650390625 0.408203125 0.66650390625 0.4111328125 0.66650390625 0.4150390625 0.67041015625 0.4150390625 0.6796875 0.419921875 0.68359375 0.419921875 0.68701171875 0.4208984375 0.69189453125 0.4208984375 0.69482421875 0.42578125 0.7001953125 0.4365234375 0.7041015625 0.453125 0.70849609375 0.47265625 0.7119140625 0.486328125 0.71435546875 0.5068359375 0.71484375 0.5224609375 0.712890625 0.5400390625 0.70947265625 0.5625 0.70849609375 0.5751953125 0.70703125 0.58984375 0.7060546875 0.5908203125 0.7001953125 0.59375 0.6923828125 0.59375 0.69091796875 0.5888671875 0.68896484375 0.578125 0.689453125 0.572265625 0.68505859375 0.5712890625 0.6650390625 0.5625 0.65869140625 0.5673828125 0.65673828125 0.56640625 0.6455078125 0.560546875 0.63427734375 0.5546875 0.61474609375 0.5517578125 0.61279296875 0.55078125 0.61328125 0.564453125 0.61083984375 0.5693359375 0.6044921875 0.5693359375 0.599609375 0.5634765625 0.59814453125 0.5595703125 0.59814453125 0.552734375 0.599609375 0.5400390625
4 0.13525390625 0.462890625 0.14892578125 0.482421875 0.171875 0.4814453125 0.1904296875 0.48046875 0.20703125 0.4775390625 0.21875 0.4765625 0.2353515625 0.478515625 0.24365234375 0.4814453125 0.24609375 0.4921875 0.24951171875 0.51171875 0.25146484375 0.5234375 0.26318359375 0.5302734375 0.3173828125 0.533203125 0.32080078125 0.5283203125 0.3623046875 0.4990234375 0.3984375 0.4765625 0.4140625 0.4609375 0.421875 0.4541015625 0.4248046875 0.4443359375 0.43212890625 0.4453125 0.4375 0.435546875 0.44140625 0.421875 0.4423828125 0.4091796875 0.4423828125 0.392578125 0.44921875 0.3837890625 0.46923828125 0.3779296875 0.49560546875 0.3671875 0.5078125 0.365234375 0.51025390625 0.359375 0.5146484375 0.3505859375 0.51513671875 0.3427734375 0.5146484375 0.3330078125 0.5068359375 0.3056640625 0.51025390625 0.298828125 0.50244140625 0.2880859375 0.51708984375 0.25 0.52197265625 0.20703125 0.5185546875 0.1513671875 0.513671875 0.1171875 0.53125 0.0791015625 0.54931640625 0.05859375 0.5419921875 0.0263671875 0.5498046875 0.0 0.26220703125 0.0 0.13037109375 0.0 0.10888671875 0.0 0.09814453125 0.310546875 0.126953125 0.4580078125
3 0.1337890625 0.3251953125 0.185546875 0.31640625 0.18017578125 0.4248046875 0.1767578125 0.423828125 0.16845703125 0.4267578125 0.16650390625 0.4384765625 0.162109375 0.443359375 0.15234375 0.447265625 0.15087890625 0.4658203125 0.14599609375 0.4755859375 0.1318359375 0.4755859375 0.125 0.4755859375 0.12353515625 0.32421875
2 0.1357421875 0.0263671875 0.1318359375 0.484375 0.11767578125 0.484375 0.0712890625 0.5078125 0.02734375 0.53515625 0.00927734375 0.54296875 0.0 0.5341796875 0.0 0.0 0.134765625 0.0
4 0.10693359375 0.3896484375 0.10302734375 0.396484375 0.09765625 0.3994140625 0.09228515625 0.4072265625 0.0908203125 0.416015625 0.08837890625 0.4228515625 0.08349609375 0.427734375 0.08251953125 0.4365234375 0.087890625 0.44921875 0.10107421875 0.4599609375 0.103515625 0.466796875 0.11279296875 0.4638671875 0.11669921875 0.45703125 0.12255859375 0.453125 0.1279296875 0.451171875 0.1298828125 0.439453125 0.13037109375 0.421875 0.1279296875 0.4140625 0.119140625 0.408203125 0.1142578125 0.3984375 0.1123046875 0.3916015625
3 0.49951171875 0.3564453125 0.49951171875 0.3671875 0.49658203125 0.3671875 0.49609375 0.37109375 0.49609375 0.3740234375 0.49609375 0.3779296875 0.4931640625 0.3818359375 0.4873046875 0.3828125 0.482421875 0.3818359375 0.46142578125 0.3876953125 0.455078125 0.392578125 0.4462890625 0.3994140625 0.4443359375 0.4013671875 0.44091796875 0.39453125 0.44189453125 0.37890625 0.44921875 0.3720703125 0.4580078125 0.369140625 0.4658203125 0.3662109375 0.4716796875 0.3623046875 0.47802734375 0.361328125 0.4833984375 0.3583984375 0.4931640625 0.3583984375
4 0.04931640625 0.45703125 0.03759765625 0.453125 0.0283203125 0.4638671875 0.02783203125 0.484375 0.03369140625 0.4970703125 0.0390625 0.50390625 0.04541015625 0.505859375 0.05029296875 0.4951171875 0.05419921875 0.4814453125 0.05517578125 0.4677734375 0.0517578125 0.4609375
4 0.0048828125 0.1474609375 0.02001953125 0.1689453125 0.02392578125 0.1728515625 0.02197265625 0.1865234375 0.0244140625 0.197265625 0.02978515625 0.2080078125 0.03076171875 0.2138671875 0.02587890625 0.2216796875 0.01513671875 0.2197265625 0.0234375 0.232421875 0.02392578125 0.244140625 0.03076171875 0.240234375 0.041015625 0.2392578125 0.0439453125 0.2353515625 0.03857421875 0.23046875 0.0390625 0.2197265625 0.044921875 0.2138671875 0.05224609375 0.2158203125 0.0556640625 0.212890625 0.0546875 0.205078125 0.06201171875 0.1962890625 0.07275390625 0.1962890625 0.0830078125 0.19921875 0.08837890625 0.2080078125 0.08544921875 0.2158203125 0.08203125 0.22265625 0.08154296875 0.2294921875 0.08154296875 0.2314453125 0.0927734375 0.2353515625 0.10205078125 0.240234375 0.103515625 0.24609375 0.10302734375 0.25 0.09765625 0.2509765625 0.09033203125 0.25390625 0.08935546875 0.263671875 0.09326171875 0.2705078125 0.1025390625 0.279296875 0.103515625 0.2880859375 0.09765625 0.291015625 0.09521484375 0.298828125 0.09130859375 0.30078125 0.08349609375 0.294921875 0.083984375 0.3046875 0.09130859375 0.3154296875 0.10302734375 0.3232421875 0.12060546875 0.333984375 0.11767578125 0.34375 0.111328125 0.3447265625 0.111328125 0.353515625 0.111328125 0.36328125 0.10546875 0.3671875 0.095703125 0.359375 0.08837890625 0.3525390625 0.08251953125 0.3681640625 0.0810546875 0.3779296875 0.1015625 0.4072265625 0.09912109375 0.416015625 0.0908203125 0.416015625 0.08447265625 0.42578125 0.0859375 0.4345703125 0.07763671875 0.435546875 0.0615234375 0.4296875 0.0537109375 0.4658203125 0.0380859375 0.470703125 0.0341796875 0.4814453125 0.0322265625 0.5068359375 0.03271484375 0.533203125 0.025390625 0.5400390625 0.009765625 0.5361328125 0.00634765625 0.515625 0.00244140625 0.5029296875 0.0 0.4892578125 0.0 0.1455078125 0.00146484375 0.14453125
2 0.06884765625 0.5517578125 0.07470703125 0.0 0.06103515625 0.0 0.05859375 0.0185546875 0.05419921875 0.01953125 0.05029296875 0.0 0.03271484375 0.0 0.03564453125 0.0146484375 0.0 0.0146484375 0.0 0.076171875 0.0 0.0771484375 0.05859375 0.2060546875 0.05322265625 0.5498046875
