4 0.28076171875 0.23828125 0.294921875 0.2392578125 0.3076171875 0.236328125 0.3232421875 0.2275390625 0.34423828125 0.21875 0.37841796875 0.208984375 0.36279296875 0.3046875 0.28369140625 0.3232421875
0 0.22119140625 0.36328125 0.59521484375 0.375 0.64013671875 0.5654296875 0.7900390625 0.7578125 0.861328125 0.8623046875 0.92236328125 0.9384765625 0.94140625 0.9619140625 0.966796875 1.0 0.0 1.0 0.0 0.513671875 0.2060546875 0.4580078125 0.22021484375 0.40625
1 0.28515625 0.4169921875 0.296875 0.421875 0.30322265625 0.4248046875 0.3076171875 0.4267578125 0.3125 0.431640625 0.3125 0.443359375 0.310546875 0.4501953125 0.302734375 0.4541015625 0.2890625 0.4599609375 0.26953125 0.4638671875 0.2353515625 0.47265625 0.22021484375 0.478515625 0.19921875 0.4833984375 0.16796875 0.4921875 0.12939453125 0.501953125 0.0615234375 0.5185546875 0.02294921875 0.52734375 0.0 0.53125 0.0 0.435546875 0.22021484375 0.42578125 0.26708984375 0.41796875
1 0.43115234375 0.4072265625 0.59228515625 0.4169921875 0.705078125 0.4111328125 0.8154296875 0.3994140625 0.91162109375 0.3994140625 0.9375 0.3984375 0.97900390625 0.400390625 0.98974609375 0.3994140625 1.0 0.400390625 1.0 1.0 0.84814453125 1.0 0.8076171875 0.923828125 0.62451171875 0.60546875 0.5947265625 0.5478515625 0.57275390625 0.515625 0.552734375 0.4765625 0.5478515625 0.4677734375 0.546875 0.4619140625 0.54833984375 0.453125 0.54833984375 0.4443359375 0.525390625 0.4306640625 0.48095703125 0.4267578125 0.43505859375 0.423828125 0.4208984375 0.4248046875 0.4208984375 0.404296875
2 0.28662109375 0.2646484375 0.291015625 0.2626953125 0.29248046875 0.2548828125 0.29345703125 0.2490234375 0.2939453125 0.2431640625 0.29541015625 0.224609375 0.296875 0.2294921875 0.29833984375 0.24609375 0.2998046875 0.263671875 0.30078125 0.2705078125 0.3037109375 0.2822265625 0.30517578125 0.2744140625 0.3076171875 0.2724609375 0.3095703125 0.28125 0.3115234375 0.2890625 0.32080078125 0.2890625 0.32080078125 0.2802734375 0.32080078125 0.2734375 0.3212890625 0.26953125 0.32275390625 0.26953125 0.32373046875 0.26953125 0.326171875 0.27734375 0.32763671875 0.2822265625 0.3330078125 0.28125 0.33349609375 0.2451171875 0.33447265625 0.244140625 0.33544921875 0.2783203125 0.33935546875 0.279296875 0.3388671875 0.267578125 0.34326171875 0.2666015625 0.3427734375 0.2578125 0.337890625 0.2548828125 0.337890625 0.2412109375 0.34375 0.2421875 0.34375 0.2353515625 0.33349609375 0.2265625 0.3330078125 0.22265625 0.37158203125 0.205078125 0.38134765625 0.203125 0.400390625 0.19140625 0.40087890625 0.1826171875 0.4052734375 0.1826171875 0.4072265625 0.1826171875 0.40771484375 0.1904296875 0.40869140625 0.1904296875 0.4111328125 0.1845703125 0.423828125 0.181640625 0.43017578125 0.1826171875 0.423828125 0.4130859375 0.4111328125 0.4150390625 0.3828125 0.41796875 0.357421875 0.4189453125 0.34130859375 0.419921875 0.3232421875 0.4189453125 0.2998046875 0.421875 0.287109375 0.4248046875 0.28369140625 0.4248046875 0.28466796875 0.3544921875 0.28564453125 0.2783203125
2 0.244140625 0.0478515625 0.25244140625 0.1064453125 0.25732421875 0.1103515625 0.2568359375 0.1015625 0.2734375 0.1005859375 0.2734375 0.1103515625 0.27734375 0.1103515625 0.2802734375 0.1806640625 0.28662109375 0.181640625 0.28857421875 0.42578125 0.26123046875 0.427734375 0.228515625 0.4296875 0.22802734375 0.453125 0.22265625 0.453125 0.21142578125 0.453125 0.208984375 0.453125 0.20361328125 0.4560546875 0.1904296875 0.45703125 0.18994140625 0.4365234375 0.1845703125 0.4365234375 0.1845703125 0.458984375 0.1787109375 0.4619140625 0.1650390625 0.4609375 0.1650390625 0.4384765625 0.1572265625 0.4384765625 0.158203125 0.462890625 0.13818359375 0.4658203125 0.115234375 0.4609375 0.07275390625 0.4658203125 0.0625 0.4677734375 0.03857421875 0.46484375 0.0 0.466796875 0.0 0.001953125 0.22900390625 0.001953125 0.236328125 0.046875 0.2421875 0.046875
1 0.361328125 0.4228515625 0.3798828125 0.4267578125 0.4013671875 0.4287109375 0.404296875 0.4326171875 0.38134765625 0.4404296875 0.36962890625 0.4375 0.35791015625 0.4326171875
2 0.36376953125 0.384765625 0.38720703125 0.384765625 0.38720703125 0.3896484375 0.37890625 0.388671875 0.37890625 0.4033203125 0.38037109375 0.4091796875 0.38037109375 0.4228515625 0.37841796875 0.4267578125 0.37158203125 0.42578125 0.35888671875 0.4267578125 0.35986328125 0.384765625 0.36083984375 0.3837890625
5 0.3916015625 0.4150390625 0.39453125 0.4111328125 0.39599609375 0.4091796875 0.39892578125 0.4072265625 0.40234375 0.404296875 0.4052734375 0.4052734375 0.4072265625 0.4072265625 0.40966796875 0.412109375 0.4111328125 0.4169921875 0.40869140625 0.41796875 0.3955078125 0.416015625
5 0.31005859375 0.4072265625 0.322265625 0.4072265625 0.3271484375 0.4140625 0.3271484375 0.419921875 0.32421875 0.421875 0.3115234375 0.421875 0.30859375 0.4189453125 0.30859375 0.416015625
2 0.42236328125 0.169921875 0.427734375 0.1689453125 0.42919921875 0.146484375 0.41796875 0.1484375 0.439453125 0.1298828125 0.49658203125 0.0986328125 0.568359375 0.0478515625 0.7919921875 0.052734375 0.81103515625 0.4248046875 0.73974609375 0.4296875 0.712890625 0.4326171875 0.56689453125 0.421875 0.53759765625 0.4208984375 0.5068359375 0.4208984375 0.486328125 0.41796875 0.46728515625 0.41796875 0.43359375 0.419921875 0.4248046875 0.41796875 0.421875 0.3173828125 0.421875 0.1943359375
4 0.4814453125 0.3154296875 0.4853515625 0.3271484375 0.48681640625 0.3505859375 0.48681640625 0.365234375 0.4873046875 0.380859375 0.48583984375 0.396484375 0.48388671875 0.41796875 0.48291015625 0.4208984375 0.47412109375 0.416015625 0.47021484375 0.4091796875 0.46826171875 0.3916015625 0.46728515625 0.3759765625 0.466796875 0.3583984375 0.46630859375 0.341796875 0.47265625 0.3203125 0.478515625 0.3154296875
1 0.3984375 0.4462890625 0.42236328125 0.447265625 0.4365234375 0.4482421875 0.44140625 0.451171875 0.44140625 0.453125 0.41943359375 0.462890625 0.36865234375 0.4931640625 0.30224609375 0.5322265625 0.19482421875 0.595703125 0.12841796875 0.6298828125 0.076171875 0.66015625 0.0263671875 0.68359375 0.0 0.6982421875 0.0 0.6005859375 0.09814453125 0.5634765625 0.20068359375 0.529296875 0.29150390625 0.4892578125 0.3515625 0.466796875 0.3798828125 0.4541015625 0.39501953125 0.44921875
4 0.02880859375 0.3046875 0.0224609375 0.2939453125 0.021484375 0.28125 0.0185546875 0.2578125 0.0166015625 0.2470703125 0.01025390625 0.2314453125 0.009765625 0.212890625 0.00732421875 0.1904296875 0.00341796875 0.154296875 0.0 0.09375 0.0 0.0009765625 0.392578125 0.0009765625 0.39306640625 0.00390625 0.390625 0.009765625 0.392578125 0.0146484375 0.3974609375 0.0146484375 0.39990234375 0.013671875 0.4033203125 0.0087890625 0.40478515625 0.0087890625 0.4072265625 0.013671875 0.408203125 0.0244140625 0.39990234375 0.033203125 0.39306640625 0.0302734375 0.38720703125 0.0263671875 0.38720703125 0.02734375 0.3837890625 0.0380859375 0.38330078125 0.05078125 0.3857421875 0.0625 0.388671875 0.06640625 0.38671875 0.07421875 0.38232421875 0.0771484375 0.38134765625 0.08203125 0.38232421875 0.0888671875 0.38330078125 0.0966796875 0.3818359375 0.1015625 0.3740234375 0.103515625 0.37060546875 0.1044921875 0.36767578125 0.091796875 0.36474609375 0.087890625 0.3603515625 0.0869140625 0.35595703125 0.0810546875 0.3583984375 0.07421875 0.36572265625 0.0712890625 0.36572265625 0.06640625 0.361328125 0.060546875 0.357421875 0.05859375 0.35400390625 0.052734375 0.35205078125 0.046875 0.353515625 0.0439453125 0.36328125 0.0380859375 0.3671875 0.0380859375 0.3671875 0.03515625 0.36572265625 0.029296875 0.361328125 0.0263671875 0.36083984375 0.0185546875 0.35986328125 0.015625 0.3564453125 0.0107421875 0.34814453125 0.013671875 0.34130859375 0.0244140625 0.337890625 0.02734375 0.33642578125 0.02734375 0.33544921875 0.03515625 0.3330078125 0.041015625 0.330078125 0.0458984375 0.3271484375 0.0537109375 0.32470703125 0.060546875 0.3212890625 0.0615234375 0.31884765625 0.0654296875 0.31396484375 0.0673828125 0.31103515625 0.0673828125 0.3076171875 0.068359375 0.302734375 0.05859375 0.30078125 0.0556640625 0.29833984375 0.0546875 0.2958984375 0.0576171875 0.2978515625 0.064453125 0.30029296875 0.0693359375 0.30029296875 0.078125 0.29736328125 0.087890625 0.29248046875 0.087890625 0.28662109375 0.0869140625 0.2841796875 0.0849609375 0.279296875 0.080078125 0.27685546875 0.076171875 0.26708984375 0.0859375 0.25244140625 0.111328125 0.23193359375 0.1337890625 0.2236328125 0.1416015625 0.2236328125 0.1484375 0.2197265625 0.15234375 0.2138671875 0.15625 0.2060546875 0.1630859375 0.1962890625 0.1728515625 0.1962890625 0.1806640625 0.19482421875 0.1884765625 0.1953125 0.1962890625 0.197265625 0.2041015625 0.201171875 0.2060546875 0.20263671875 0.2080078125 0.20263671875 0.212890625 0.203125 0.216796875 0.20458984375 0.2255859375 0.2060546875 0.234375 0.2060546875 0.2373046875 0.20361328125 0.2373046875 0.19775390625 0.240234375 0.19677734375 0.2470703125 0.1943359375 0.255859375 0.19482421875 0.265625 0.19189453125 0.27734375 0.19091796875 0.2822265625 0.1865234375 0.283203125 0.181640625 0.275390625 0.17578125 0.2734375 0.173828125 0.2646484375 0.17822265625 0.255859375 0.17919921875 0.25 0.177734375 0.2421875 0.17578125 0.23828125 0.171875 0.236328125 0.1669921875 0.236328125 0.16552734375 0.2451171875 0.16552734375 0.2578125 0.16357421875 0.2626953125 0.15625 0.2529296875 0.1513671875 0.2978515625 0.1474609375 0.36328125 0.1455078125 0.4169921875 0.1396484375 0.4658203125 0.13330078125 0.4697265625 0.12109375 0.47265625 0.10986328125 0.470703125 0.119140625 0.423828125 0.12548828125 0.3447265625 0.12890625 0.3017578125 0.125 0.27734375 0.11962890625 0.25 0.1181640625 0.2353515625 0.11669921875 0.2236328125 0.11474609375 0.22265625 0.1103515625 0.2275390625 0.10546875 0.2255859375 0.10205078125 0.220703125 0.0986328125 0.2119140625 0.0986328125 0.193359375 0.1015625 0.173828125 0.1025390625 0.1533203125 0.0986328125 0.14453125 0.091796875 0.146484375 0.08642578125 0.142578125 0.07958984375 0.138671875 0.07470703125 0.1416015625 0.07373046875 0.1484375 0.0732421875 0.1533203125 0.072265625 0.1640625 0.06982421875 0.1748046875 0.06787109375 0.181640625 0.0576171875 0.263671875 0.0576171875 0.26953125 0.056640625 0.27734375 0.0546875 0.2919921875 0.0546875 0.302734375 0.0556640625 0.310546875 0.0537109375 0.3193359375 0.0517578125 0.3486328125 0.04736328125 0.39453125 0.0458984375 0.4208984375 0.0439453125 0.45703125 0.04345703125 0.4833984375 0.02734375 0.490234375 0.01708984375 0.48828125 0.00830078125 0.48828125 0.00439453125 0.4833984375 0.017578125 0.416015625 0.02587890625 0.353515625 0.029296875 0.32421875 0.0302734375 0.3076171875
4 0.41845703125 0.08203125 0.419921875 0.0751953125 0.419921875 0.068359375 0.421875 0.064453125 0.423828125 0.05859375 0.41943359375 0.0556640625 0.41552734375 0.0537109375 0.41357421875 0.04296875 0.4140625 0.03125 0.4140625 0.025390625 0.4140625 0.0146484375 0.41552734375 0.0048828125 0.4208984375 0.0 0.79345703125 0.0009765625 0.78857421875 0.27734375 0.76025390625 0.298828125 0.74072265625 0.3115234375 0.73291015625 0.322265625 0.73291015625 0.3310546875 0.73291015625 0.3369140625 0.73291015625 0.34375 0.73388671875 0.359375 0.7421875 0.4091796875 0.7373046875 0.431640625 0.72705078125 0.4296875 0.7265625 0.3974609375 0.72412109375 0.357421875 0.72021484375 0.3447265625 0.7216796875 0.3037109375 0.7197265625 0.279296875 0.71630859375 0.28515625 0.71044921875 0.2890625 0.7060546875 0.2900390625 0.705078125 0.291015625 0.70556640625 0.31640625 0.705078125 0.396484375 0.70166015625 0.4111328125 0.69091796875 0.40625 0.57470703125 0.3271484375 0.57177734375 0.3203125 0.56884765625 0.3056640625 0.564453125 0.30078125 0.55908203125 0.29296875 0.5576171875 0.291015625 0.552734375 0.2919921875 0.552734375 0.2861328125 0.5478515625 0.28125 0.54296875 0.2783203125 0.54150390625 0.2880859375 0.5390625 0.2919921875 0.53369140625 0.2939453125 0.533203125 0.291015625 0.5302734375 0.28515625 0.52783203125 0.28125 0.525390625 0.27734375 0.52783203125 0.2744140625 0.5302734375 0.2685546875 0.53125 0.2626953125 0.53076171875 0.25390625 0.52587890625 0.2470703125 0.521484375 0.2333984375 0.5205078125 0.2412109375 0.5166015625 0.24609375 0.51220703125 0.25390625 0.50634765625 0.2587890625 0.50341796875 0.2529296875 0.50390625 0.2392578125 0.5009765625 0.2353515625 0.5 0.2294921875 0.501953125 0.21875 0.50244140625 0.2099609375 0.49609375 0.2080078125 0.48876953125 0.208984375 0.48486328125 0.2119140625 0.47900390625 0.2080078125 0.478515625 0.1982421875 0.474609375 0.1865234375 0.4765625 0.1640625 0.47509765625 0.1552734375 0.46826171875 0.1552734375 0.4619140625 0.1689453125 0.45751953125 0.1787109375 0.453125 0.177734375 0.4521484375 0.171875 0.45166015625 0.1689453125 0.45166015625 0.166015625 0.455078125 0.16015625 0.455078125 0.15625 0.45263671875 0.15625 0.4482421875 0.15625 0.443359375 0.1640625 0.4375 0.16796875 0.43310546875 0.166015625 0.43115234375 0.1572265625 0.42919921875 0.1484375 0.4267578125 0.1416015625 0.42578125 0.1328125 0.4287109375 0.12890625 0.4296875 0.125 0.42431640625 0.1201171875 0.421875 0.1142578125 0.41943359375 0.1015625 0.4189453125 0.08984375
2 0.78076171875 0.0 0.9990234375 0.0009765625 1.0 0.4482421875 0.970703125 0.4462890625 0.87841796875 0.43359375 0.8427734375 0.4345703125 0.79736328125 0.4248046875 0.78076171875 0.41796875 0.7802734375 0.2900390625 0.77978515625 0.05078125 0.7802734375 0.0283203125
4 0.6923828125 0.0869140625 0.68505859375 0.07421875 0.66455078125 0.0419921875 0.654296875 0.0244140625 0.638671875 0.0 0.79541015625 0.0009765625 0.798828125 0.0107421875 0.8037109375 0.0146484375 0.80859375 0.0146484375 0.81494140625 0.0146484375 0.82080078125 0.0205078125 0.8203125 0.02734375 0.81201171875 0.0458984375 0.8037109375 0.0576171875 0.79833984375 0.064453125 0.791015625 0.0595703125 0.78564453125 0.052734375 0.78173828125 0.056640625 0.78173828125 0.06640625 0.783203125 0.0771484375 0.7861328125 0.083984375 0.791015625 0.087890625 0.79345703125 0.095703125 0.7880859375 0.10546875 0.7822265625 0.1064453125 0.77392578125 0.1083984375 0.76171875 0.10546875 0.7548828125 0.1005859375 0.74365234375 0.1005859375 0.73388671875 0.1005859375 0.728515625 0.1015625 0.7294921875 0.1357421875 0.7431640625 0.1953125 0.75830078125 0.263671875 0.7685546875 0.3046875 0.77392578125 0.3173828125 0.7744140625 0.326171875 0.77783203125 0.3671875 0.7841796875 0.4013671875 0.7880859375 0.431640625 0.79052734375 0.4521484375 0.7939453125 0.47265625 0.76806640625 0.474609375 0.75341796875 0.4697265625 0.75048828125 0.453125 0.75146484375 0.423828125 0.74560546875 0.359375 0.74267578125 0.3388671875 0.73974609375 0.3232421875 0.73681640625 0.3037109375 0.73193359375 0.2900390625 0.724609375 0.2646484375 0.72216796875 0.2470703125 0.71875 0.2275390625 0.7158203125 0.2080078125 0.7119140625 0.1796875 0.70751953125 0.1591796875 0.70263671875 0.138671875 0.6982421875 0.126953125 0.6962890625 0.119140625 0.6923828125 0.0986328125
4 0.8701171875 0.064453125 0.86474609375 0.0419921875 0.8603515625 0.025390625 0.86083984375 0.0107421875 0.865234375 0.0 0.91162109375 0.0009765625 0.90966796875 0.0205078125 0.90869140625 0.03515625 0.90869140625 0.0546875 0.90869140625 0.0732421875 0.91162109375 0.0927734375 0.9130859375 0.1064453125 0.9111328125 0.1328125 0.9091796875 0.150390625 0.9091796875 0.1689453125 0.9111328125 0.1904296875 0.91162109375 0.2099609375 0.91357421875 0.236328125 0.9150390625 0.291015625 0.91796875 0.3525390625 0.91845703125 0.42578125 0.91943359375 0.4482421875 0.9208984375 0.4609375 0.92578125 0.4833984375 0.92822265625 0.4931640625 0.931640625 0.5009765625 0.9384765625 0.5078125 0.90234375 0.5185546875 0.88525390625 0.5185546875 0.87548828125 0.5166015625 0.86767578125 0.513671875 0.869140625 0.50390625 0.87255859375 0.4912109375 0.8759765625 0.4658203125 0.8779296875 0.353515625 0.8740234375 0.21484375 0.873046875 0.13671875 0.87109375 0.0849609375 0.87060546875 0.0771484375
