0 0.0 0.451171875 0.27783203125 0.453125 0.55078125 0.392578125 0.662109375 0.3974609375 0.66015625 0.4560546875 1.0 0.4794921875 1.0 1.0 0.0 1.0
4 0.5283203125 0.208984375 0.5361328125 0.2021484375 0.5439453125 0.185546875 0.5517578125 0.173828125 0.57080078125 0.166015625 0.578125 0.158203125 0.5849609375 0.1533203125 0.59228515625 0.154296875 0.599609375 0.1572265625 0.60498046875 0.158203125 0.61328125 0.166015625 0.6240234375 0.166015625 0.642578125 0.16796875 0.65087890625 0.1728515625 0.67138671875 0.1689453125 0.69091796875 0.1689453125 0.70556640625 0.1689453125 0.71337890625 0.1689453125 0.71630859375 0.296875 0.5439453125 0.2890625
2 0.5244140625 0.2216796875 0.5537109375 0.22265625 0.55419921875 0.2294921875 0.5576171875 0.2294921875 0.560546875 0.2333984375 0.568359375 0.236328125 0.57177734375 0.2109375 0.576171875 0.212890625 0.57666015625 0.2021484375 0.58056640625 0.2021484375 0.58349609375 0.2158203125 0.587890625 0.19921875 0.6162109375 0.1953125 0.6162109375 0.1904296875 0.62744140625 0.1630859375 0.62841796875 0.1875 0.6357421875 0.173828125 0.64453125 0.1728515625 0.65185546875 0.16015625 0.65869140625 0.162109375 0.6650390625 0.1689453125 0.6796875 0.169921875 0.6826171875 0.173828125 0.7109375 0.1748046875 0.71826171875 0.373046875 0.6650390625 0.3896484375 0.54296875 0.375
4 0.5439453125 0.3056640625 0.5498046875 0.306640625 0.55078125 0.3173828125 0.55224609375 0.3193359375 0.5556640625 0.318359375 0.5576171875 0.31640625 0.5615234375 0.3173828125 0.5634765625 0.3154296875 0.56396484375 0.3095703125 0.5654296875 0.3017578125 0.5693359375 0.3017578125 0.572265625 0.3017578125 0.576171875 0.3076171875 0.57861328125 0.3134765625 0.58154296875 0.3193359375 0.58349609375 0.326171875 0.5849609375 0.3330078125 0.58740234375 0.3310546875 0.58740234375 0.32421875 0.58935546875 0.3212890625 0.59130859375 0.3203125 0.59423828125 0.314453125 0.5947265625 0.306640625 0.59619140625 0.3037109375 0.6015625 0.298828125 0.6044921875 0.30078125 0.607421875 0.3037109375 0.61083984375 0.3095703125 0.61572265625 0.310546875 0.6162109375 0.306640625 0.62255859375 0.294921875 0.62646484375 0.3701171875 0.5947265625 0.3779296875 0.5595703125 0.3857421875 0.5439453125 0.3818359375 0.54248046875 0.30859375
2 0.62548828125 0.2626953125 0.64453125 0.2568359375 0.658203125 0.2578125 0.6650390625 0.2548828125 0.68017578125 0.25390625 0.69189453125 0.2646484375 0.69140625 0.375 0.62060546875 0.3701171875 0.6201171875 0.2958984375 0.61962890625 0.2880859375 0.6240234375 0.2763671875
1 0.54150390625 0.392578125 0.6923828125 0.3974609375 0.71142578125 0.4208984375 0.775390625 0.4375 1.0 0.443359375 0.99951171875 0.5009765625 0.92333984375 0.4931640625 0.79052734375 0.484375 0.7333984375 0.4794921875 0.63330078125 0.4658203125 0.62646484375 0.4638671875 0.6181640625 0.4609375 0.61474609375 0.455078125 0.625 0.447265625 0.64453125 0.4287109375 0.65185546875 0.41796875 0.654296875 0.4072265625 0.6435546875 0.4072265625 0.60498046875 0.40625 0.5673828125 0.40234375
4 0.6953125 0.3623046875 0.68994140625 0.400390625 0.65185546875 0.3984375 0.6123046875 0.3984375 0.56689453125 0.4033203125 0.55859375 0.3876953125 0.55859375 0.375 0.56201171875 0.369140625 0.57568359375 0.365234375 0.58935546875 0.365234375 0.6181640625 0.365234375 0.646484375 0.365234375 0.67041015625 0.3671875 0.68310546875 0.365234375 0.6923828125 0.361328125
4 0.70068359375 0.3583984375 0.68603515625 0.353515625 0.6748046875 0.33984375 0.6689453125 0.330078125 0.66748046875 0.3173828125 0.66748046875 0.3076171875 0.6728515625 0.2998046875 0.67919921875 0.2841796875 0.67919921875 0.2724609375 0.67626953125 0.265625 0.67138671875 0.2451171875 0.6708984375 0.2265625 0.67138671875 0.2177734375 0.67822265625 0.212890625 0.68212890625 0.2080078125 0.681640625 0.1962890625 0.68017578125 0.19140625 0.6796875 0.1826171875 0.68115234375 0.1748046875 0.68603515625 0.166015625 0.6923828125 0.1552734375 0.69482421875 0.1474609375 0.69580078125 0.1435546875 0.69873046875 0.1416015625 0.70361328125 0.14453125 0.70849609375 0.1533203125 0.712890625 0.15625 0.7080078125 0.357421875
2 0.70458984375 0.103515625 0.7197265625 0.08203125 0.71923828125 0.0546875 0.72509765625 0.0546875 0.73388671875 0.0 0.74365234375 0.001953125 0.75439453125 0.05859375 0.78662109375 0.0654296875 0.85400390625 0.1953125 0.87255859375 0.3759765625 0.70556640625 0.357421875 0.70458984375 0.2060546875 0.70166015625 0.197265625 0.70654296875 0.1767578125 0.70556640625 0.140625 0.70947265625 0.138671875 0.708984375 0.123046875 0.705078125 0.1181640625
4 0.68994140625 0.416015625 0.68701171875 0.400390625 0.68603515625 0.388671875 0.68603515625 0.375 0.68603515625 0.3623046875 0.6923828125 0.34765625 0.7021484375 0.341796875 0.74560546875 0.3427734375 0.7724609375 0.3447265625 0.7744140625 0.3427734375 0.7783203125 0.333984375 0.78515625 0.3408203125 0.79052734375 0.3369140625 0.794921875 0.333984375 0.796875 0.3408203125 0.79736328125 0.345703125 0.83984375 0.3486328125 0.88330078125 0.359375 0.89599609375 0.375 0.892578125 0.4150390625 0.89208984375 0.4345703125 0.8369140625 0.443359375 0.79248046875 0.447265625 0.73486328125 0.4306640625
4 0.9072265625 0.39453125 0.8876953125 0.400390625 0.88037109375 0.3720703125 0.8603515625 0.353515625 0.8515625 0.3466796875 0.8408203125 0.3369140625 0.83349609375 0.3271484375 0.8271484375 0.3173828125 0.8203125 0.314453125 0.81201171875 0.3193359375 0.80419921875 0.33203125 0.7919921875 0.341796875 0.7822265625 0.33984375 0.77880859375 0.328125 0.77392578125 0.3173828125 0.77001953125 0.3037109375 0.77001953125 0.291015625 0.775390625 0.2802734375 0.77734375 0.2685546875 0.7744140625 0.26171875 0.77294921875 0.2490234375 0.7763671875 0.236328125 0.78125 0.2255859375 0.77978515625 0.216796875 0.77197265625 0.20703125 0.76318359375 0.201171875 0.755859375 0.1943359375 0.74609375 0.1904296875 0.73779296875 0.1748046875 0.73486328125 0.15625 0.73193359375 0.1416015625 0.728515625 0.12890625 0.72900390625 0.1181640625 0.73388671875 0.1083984375 0.740234375 0.095703125 0.74169921875 0.08203125 0.7392578125 0.064453125 0.7373046875 0.048828125 0.73583984375 0.0361328125 0.73486328125 0.02734375 0.73974609375 0.0126953125 0.7431640625 0.0 0.99951171875 0.0009765625 1.0 0.41015625 0.951171875 0.4072265625 0.943359375 0.4013671875 0.93603515625 0.408203125 0.9267578125 0.3974609375
5 0.5390625 0.369140625 0.5595703125 0.3681640625 0.5625 0.3720703125 0.5673828125 0.384765625 0.5693359375 0.3876953125 0.57177734375 0.3916015625 0.572265625 0.40234375 0.57177734375 0.4091796875 0.5693359375 0.4130859375 0.56640625 0.412109375 0.564453125 0.412109375 0.5615234375 0.412109375 0.5595703125 0.4130859375 0.556640625 0.4130859375 0.55517578125 0.41015625 0.5546875 0.408203125 0.544921875 0.4072265625
1 0.54150390625 0.412109375 0.56005859375 0.4130859375 0.57421875 0.4130859375 0.5830078125 0.4140625 0.58349609375 0.4169921875 0.564453125 0.42578125 0.5400390625 0.4326171875 0.49365234375 0.443359375 0.43896484375 0.4541015625 0.40380859375 0.462890625 0.25390625 0.4833984375 0.1494140625 0.48828125 0.0771484375 0.490234375 0.00146484375 0.4931640625 0.0009765625 0.4619140625 0.29833984375 0.4541015625 0.46044921875 0.4248046875 0.5302734375 0.4140625
2 0.0009765625 0.0009765625 0.419921875 0.0009765625 0.42431640625 0.009765625 0.427734375 0.0068359375 0.4384765625 0.0205078125 0.43701171875 0.0244140625 0.44580078125 0.0400390625 0.4580078125 0.0419921875 0.4580078125 0.05078125 0.45654296875 0.0556640625 0.4833984375 0.0947265625 0.5009765625 0.11328125 0.50927734375 0.1259765625 0.5078125 0.130859375 0.50244140625 0.1357421875 0.50244140625 0.1650390625 0.51318359375 0.1748046875 0.51953125 0.1806640625 0.52001953125 0.1875 0.5302734375 0.2109375 0.537109375 0.224609375 0.54736328125 0.23828125 0.55126953125 0.244140625 0.54736328125 0.2548828125 0.546875 0.2578125 0.54736328125 0.4150390625 0.533203125 0.421875 0.48974609375 0.42578125 0.42919921875 0.4375 0.3955078125 0.4453125 0.2548828125 0.4658203125 0.19580078125 0.4658203125 0.09033203125 0.4716796875 0.0 0.4736328125
5 0.490234375 0.41015625 0.4931640625 0.4052734375 0.501953125 0.4033203125 0.51123046875 0.404296875 0.50244140625 0.447265625 0.49658203125 0.4482421875 0.4951171875 0.447265625 0.49072265625 0.447265625 0.48876953125 0.44921875 0.4853515625 0.447265625 0.484375 0.439453125 0.48583984375 0.421875 0.486328125 0.4140625 0.48828125 0.4140625
5 0.53759765625 0.4052734375 0.537109375 0.4306640625 0.53125 0.4599609375 0.52587890625 0.4599609375 0.52490234375 0.4541015625 0.52099609375 0.4541015625 0.513671875 0.4541015625 0.51220703125 0.4599609375 0.50927734375 0.458984375 0.50830078125 0.4560546875 0.5048828125 0.455078125 0.50341796875 0.4580078125 0.50048828125 0.4580078125 0.49853515625 0.4541015625 0.49853515625 0.4453125 0.4990234375 0.431640625 0.50048828125 0.42578125 0.50048828125 0.421875 0.5 0.416015625 0.5009765625 0.4150390625 0.50439453125 0.4150390625 0.5078125 0.4072265625 0.51220703125 0.4033203125 0.52099609375 0.4013671875 0.53369140625 0.4013671875
4 0.0166015625 0.4501953125 0.02783203125 0.4501953125 0.03173828125 0.4443359375 0.03271484375 0.4375 0.0341796875 0.4306640625 0.03857421875 0.42578125 0.04052734375 0.41015625 0.04541015625 0.4150390625 0.0458984375 0.4306640625 0.04833984375 0.4462890625 0.05322265625 0.4501953125 0.0576171875 0.4453125 0.0625 0.4375 0.06494140625 0.4208984375 0.07177734375 0.419921875 0.0791015625 0.421875 0.0830078125 0.431640625 0.08544921875 0.4482421875 0.09130859375 0.458984375 0.09716796875 0.4716796875 0.09912109375 0.478515625 0.09765625 0.48046875 0.06396484375 0.4853515625 0.03369140625 0.484375
5 0.00537109375 0.435546875 0.0166015625 0.447265625 0.0302734375 0.453125 0.03662109375 0.4599609375 0.0390625 0.4755859375 0.0380859375 0.48828125 0.03271484375 0.494140625 0.02880859375 0.5029296875 0.02197265625 0.505859375 0.01708984375 0.5009765625 0.01611328125 0.49609375 0.00732421875 0.4970703125 0.005859375 0.498046875 0.0029296875 0.5048828125 0.0 0.5068359375 0.0 0.4287109375 0.00244140625 0.431640625 0.00341796875 0.43359375
1 0.013671875 0.5068359375 0.03271484375 0.509765625 0.04638671875 0.5146484375 0.05712890625 0.517578125 0.06103515625 0.5224609375 0.05859375 0.5283203125 0.04248046875 0.5439453125 0.01904296875 0.556640625 0.0 0.5693359375 0.0 0.5068359375 0.005859375 0.5068359375 0.01025390625 0.5068359375
4 0.76806640625 0.416015625 0.76904296875 0.40625 0.7763671875 0.40625 0.79443359375 0.416015625 0.80517578125 0.4111328125 0.81494140625 0.3916015625 0.82177734375 0.3759765625 0.8330078125 0.365234375 0.85009765625 0.361328125 0.8642578125 0.3681640625 0.8828125 0.3828125 0.89453125 0.388671875 0.89453125 0.4326171875 0.85693359375 0.4501953125 0.810546875 0.4521484375 0.75537109375 0.4501953125 0.744140625 0.44140625 0.744140625 0.4296875 0.751953125 0.4208984375 0.7587890625 0.421875 0.76220703125 0.419921875
5 0.66943359375 0.4208984375 0.677734375 0.412109375 0.689453125 0.4072265625 0.70849609375 0.408203125 0.73193359375 0.4111328125 0.73974609375 0.4150390625 0.7490234375 0.44140625 0.751953125 0.458984375 0.75048828125 0.4775390625 0.74169921875 0.4814453125 0.73876953125 0.4833984375 0.73291015625 0.4931640625 0.7197265625 0.4921875 0.716796875 0.486328125 0.7158203125 0.484375 0.67724609375 0.48046875 0.66845703125 0.48046875 0.66455078125 0.486328125 0.65185546875 0.4892578125 0.6474609375 0.48828125 0.6416015625 0.478515625 0.63427734375 0.4755859375 0.62841796875 0.4736328125 0.62939453125 0.4609375 0.63134765625 0.447265625 0.63916015625 0.4375 0.66064453125 0.42578125
1 0.625 0.494140625 0.66943359375 0.498046875 0.7431640625 0.5068359375 0.8544921875 0.5185546875 0.85595703125 0.51953125 0.85595703125 0.5234375 0.6708984375 0.5205078125 0.62939453125 0.51953125 0.6240234375 0.5166015625 0.6220703125 0.505859375 0.62158203125 0.49609375
5 0.90087890625 0.419921875 0.92041015625 0.4189453125 0.93798828125 0.4189453125 0.95166015625 0.419921875 0.958984375 0.423828125 0.97119140625 0.4443359375 0.97607421875 0.470703125 0.93505859375 0.5 0.9296875 0.4990234375 0.92431640625 0.494140625 0.9228515625 0.4892578125 0.86376953125 0.4892578125 0.85693359375 0.4951171875 0.8466796875 0.4931640625 0.8408203125 0.486328125 0.833984375 0.484375 0.83251953125 0.478515625 0.83203125 0.470703125 0.83203125 0.4658203125 0.83642578125 0.453125 0.8544921875 0.447265625 0.873046875 0.4404296875 0.8818359375 0.4326171875 0.892578125 0.4228515625
5 0.9443359375 0.46484375 0.9619140625 0.4580078125 0.9765625 0.453125 0.98974609375 0.439453125 1.0 0.4326171875 1.0 0.5146484375 0.97900390625 0.51171875 0.9755859375 0.51953125 0.96533203125 0.51953125 0.9609375 0.5146484375 0.955078125 0.5087890625 0.94482421875 0.5078125
1 0.88232421875 0.54296875 0.94384765625 0.544921875 1.0 0.5400390625 0.99951171875 0.6865234375 0.9384765625 0.6494140625 0.88818359375 0.6162109375 0.8603515625 0.599609375 0.8447265625 0.583984375 0.83935546875 0.57421875 0.83984375 0.560546875 0.84521484375 0.5517578125 0.8642578125 0.544921875
5 0.31396484375 0.375 0.34130859375 0.375 0.3671875 0.376953125 0.375 0.380859375 0.3818359375 0.38671875 0.39013671875 0.4091796875 0.39306640625 0.4228515625 0.39501953125 0.42578125 0.3955078125 0.416015625 0.400390625 0.4140625 0.40576171875 0.416015625 0.408203125 0.419921875 0.40625 0.4306640625 0.40185546875 0.4375 0.40673828125 0.4453125 0.4091796875 0.4580078125 0.40966796875 0.53125 0.40771484375 0.537109375 0.39697265625 0.5390625 0.39404296875 0.53515625 0.39208984375 0.53125 0.3857421875 0.5390625 0.38427734375 0.548828125 0.38134765625 0.5634765625 0.37255859375 0.5634765625 0.36328125 0.560546875 0.35888671875 0.552734375 0.35595703125 0.5400390625 0.34619140625 0.541015625 0.330078125 0.5419921875 0.31884765625 0.541015625 0.310546875 0.541015625 0.302734375 0.541015625 0.29833984375 0.541015625 0.291015625 0.5390625 0.28173828125 0.537109375 0.27880859375 0.546875 0.27490234375 0.5595703125 0.267578125 0.5625 0.259765625 0.560546875 0.25537109375 0.5419921875 0.2529296875 0.4970703125 0.2548828125 0.4384765625 0.26416015625 0.41796875 0.26953125 0.4169921875 0.27294921875 0.416015625 0.27978515625 0.3984375 0.2861328125 0.3828125 0.298828125 0.376953125 0.3115234375 0.3740234375
