2 0.51806640625 0.212890625 0.53125 0.20703125 0.53271484375 0.2109375 0.54736328125 0.212890625 0.55029296875 0.193359375 0.55224609375 0.1787109375 0.5546875 0.16015625 0.5546875 0.1474609375 0.55712890625 0.1767578125 0.56103515625 0.1923828125 0.56298828125 0.193359375 0.56640625 0.1748046875 0.595703125 0.1689453125 0.60498046875 0.1396484375 0.60546875 0.109375 0.60693359375 0.1083984375 0.60693359375 0.16796875 0.61962890625 0.1435546875 0.62841796875 0.1435546875 0.6376953125 0.125 0.64404296875 0.1279296875 0.6513671875 0.138671875 0.6572265625 0.1416015625 0.6943359375 0.14453125 0.70458984375 0.1728515625 0.7099609375 0.3583984375 0.51953125 0.373046875
4 0.521484375 0.2861328125 0.5244140625 0.29296875 0.5302734375 0.291015625 0.53125 0.291015625 0.5341796875 0.3017578125 0.5361328125 0.3037109375 0.54052734375 0.291015625 0.54345703125 0.2861328125 0.546875 0.2890625 0.5498046875 0.2890625 0.55224609375 0.2802734375 0.5556640625 0.2861328125 0.55908203125 0.2919921875 0.5615234375 0.2978515625 0.5634765625 0.3056640625 0.56640625 0.310546875 0.56982421875 0.3056640625 0.57177734375 0.298828125 0.57763671875 0.2958984375 0.58056640625 0.291015625 0.5830078125 0.2841796875 0.583984375 0.2783203125 0.5859375 0.27734375 0.58935546875 0.279296875 0.59130859375 0.2880859375 0.59814453125 0.2958984375 0.6015625 0.294921875 0.603515625 0.291015625 0.6064453125 0.2861328125 0.61669921875 0.28515625 0.6201171875 0.36328125 0.57861328125 0.36328125 0.572265625 0.353515625 0.56884765625 0.3447265625 0.56591796875 0.33984375 0.56201171875 0.3408203125 0.55908203125 0.345703125 0.55810546875 0.3525390625 0.5546875 0.3583984375 0.5439453125 0.3671875 0.51953125 0.3701171875
2 0.60498046875 0.265625 0.61181640625 0.24609375 0.6181640625 0.2333984375 0.634765625 0.228515625 0.65283203125 0.228515625 0.65283203125 0.224609375 0.68408203125 0.220703125 0.6923828125 0.3759765625 0.6083984375 0.361328125 0.60791015625 0.3095703125 0.60791015625 0.275390625
4 0.681640625 0.3505859375 0.6767578125 0.333984375 0.6708984375 0.3271484375 0.666015625 0.31640625 0.66455078125 0.3115234375 0.662109375 0.3046875 0.662109375 0.2939453125 0.6650390625 0.291015625 0.66943359375 0.2841796875 0.67041015625 0.283203125 0.67431640625 0.2724609375 0.67578125 0.265625 0.67578125 0.2626953125 0.67578125 0.251953125 0.67822265625 0.23828125 0.673828125 0.2294921875 0.67041015625 0.216796875 0.66455078125 0.205078125 0.6640625 0.189453125 0.66455078125 0.1796875 0.66748046875 0.1708984375 0.67236328125 0.169921875 0.67578125 0.1728515625 0.6796875 0.1708984375 0.6845703125 0.1611328125 0.6884765625 0.158203125 0.693359375 0.15625 0.6923828125 0.1494140625 0.68701171875 0.1416015625 0.6845703125 0.1396484375 0.6826171875 0.1298828125 0.68115234375 0.1220703125 0.681640625 0.119140625 0.6865234375 0.1142578125 0.69189453125 0.1005859375 0.69873046875 0.0908203125 0.703125 0.0859375 0.703125 0.0810546875 0.70458984375 0.078125 0.7109375 0.0810546875 0.71533203125 0.07421875 0.72021484375 0.072265625 0.7255859375 0.0712890625 0.728515625 0.0712890625 0.734375 0.07421875 0.7431640625 0.0888671875 0.75048828125 0.359375 0.708984375 0.365234375
0 0.4853515625 0.3876953125 0.6787109375 0.38671875 0.68359375 0.4775390625 0.8115234375 0.509765625 0.861328125 0.5224609375 0.951171875 0.53515625 1.0 0.5361328125 1.0 1.0 0.00048828125 1.0 0.0 0.5537109375 0.103515625 0.5390625 0.21533203125 0.5166015625 0.31396484375 0.478515625 0.45654296875 0.40234375
4 0.5673828125 0.35546875 0.58154296875 0.3525390625 0.61083984375 0.3525390625 0.642578125 0.3515625 0.65869140625 0.3525390625 0.68603515625 0.3515625 0.70654296875 0.345703125 0.7255859375 0.3486328125 0.72802734375 0.353515625 0.728515625 0.3671875 0.73095703125 0.384765625 0.73193359375 0.3896484375 0.72265625 0.392578125 0.69775390625 0.3916015625 0.650390625 0.388671875 0.59130859375 0.3916015625 0.5576171875 0.3974609375 0.521484375 0.3984375 0.52294921875 0.365234375 0.537109375 0.3642578125 0.5498046875 0.361328125 0.5576171875 0.3564453125 0.564453125 0.35546875
1 0.5341796875 0.400390625 0.55224609375 0.39453125 0.5703125 0.39453125 0.5849609375 0.3916015625 0.59765625 0.392578125 0.6982421875 0.3916015625 0.7216796875 0.3916015625 0.73291015625 0.3955078125 0.7509765625 0.427734375 0.79931640625 0.4521484375 1.0 0.455078125 0.9990234375 0.548828125 0.94873046875 0.5458984375 0.8759765625 0.53515625 0.82421875 0.5302734375 0.7646484375 0.5185546875 0.72412109375 0.5087890625 0.69921875 0.5048828125 0.6728515625 0.4970703125 0.66064453125 0.48046875 0.6767578125 0.4150390625 0.66259765625 0.3984375 0.62255859375 0.3984375 0.59228515625 0.400390625 0.560546875 0.40234375 0.55419921875 0.40234375
2 0.7353515625 0.037109375 0.75146484375 0.03515625 0.75146484375 0.015625 0.74755859375 0.0068359375 0.7431640625 0.0 0.9990234375 0.001953125 1.0 0.447265625 0.93310546875 0.4443359375 0.82666015625 0.447265625 0.78076171875 0.4462890625 0.755859375 0.4375 0.74267578125 0.42578125 0.73779296875 0.4072265625 0.73681640625 0.353515625 0.736328125 0.240234375 0.7353515625 0.1357421875 0.7275390625 0.1259765625 0.73046875 0.1142578125 0.73583984375 0.1025390625 0.73681640625 0.052734375 0.7333984375 0.046875
4 0.74853515625 0.3720703125 0.7470703125 0.353515625 0.7490234375 0.3310546875 0.7490234375 0.3173828125 0.751953125 0.306640625 0.75830078125 0.30078125 0.771484375 0.291015625 0.77978515625 0.291015625 0.80810546875 0.2802734375 0.8134765625 0.283203125 0.8251953125 0.2841796875 0.83984375 0.2822265625 0.85546875 0.2744140625 0.8720703125 0.2724609375 0.88720703125 0.2705078125 0.91162109375 0.291015625 0.90869140625 0.416015625 0.80126953125 0.44140625 0.7470703125 0.40234375
3 0.77197265625 0.419921875 0.77099609375 0.3369140625 0.79638671875 0.3310546875 0.8310546875 0.3271484375 0.861328125 0.3251953125 0.87841796875 0.4228515625 0.79931640625 0.431640625 0.77392578125 0.42578125
4 0.83642578125 0.412109375 0.83935546875 0.4052734375 0.841796875 0.3984375 0.845703125 0.392578125 0.84814453125 0.3837890625 0.84814453125 0.369140625 0.84765625 0.357421875 0.84716796875 0.34375 0.84716796875 0.333984375 0.84912109375 0.3193359375 0.859375 0.3056640625 0.86865234375 0.2998046875 0.8818359375 0.2978515625 0.8857421875 0.2890625 0.8876953125 0.2783203125 0.8916015625 0.2626953125 0.904296875 0.244140625 0.912109375 0.248046875 0.92138671875 0.2607421875 0.9296875 0.263671875 0.9365234375 0.2626953125 0.93701171875 0.25390625 0.9326171875 0.248046875 0.92626953125 0.2353515625 0.921875 0.212890625 0.9189453125 0.203125 0.91845703125 0.189453125 0.92236328125 0.17578125 0.92724609375 0.1552734375 0.92724609375 0.1416015625 0.92578125 0.1279296875 0.92333984375 0.1171875 0.92626953125 0.09375 0.935546875 0.0771484375 0.935546875 0.0673828125 0.9345703125 0.0537109375 0.92919921875 0.0380859375 0.91943359375 0.0341796875 0.9150390625 0.0244140625 0.90869140625 0.0166015625 0.9013671875 0.0078125 0.8876953125 0.005859375 0.8857421875 0.0078125 0.8779296875 0.015625 0.87255859375 0.0185546875 0.8701171875 0.0166015625 0.86962890625 0.0087890625 0.8681640625 0.0 1.0 0.001953125 1.0 0.4501953125 0.98486328125 0.4482421875 0.96533203125 0.4501953125 0.9482421875 0.453125 0.9296875 0.453125 0.89453125 0.4541015625 0.8681640625 0.451171875 0.83642578125 0.4521484375 0.822265625 0.4521484375 0.7861328125 0.4365234375 0.7744140625 0.4296875 0.767578125 0.423828125 0.76025390625 0.408203125 0.7578125 0.3984375 0.7646484375 0.37890625 0.78125 0.3681640625 0.82080078125 0.408203125 0.8330078125 0.4111328125
1 0.97119140625 0.771484375 0.9873046875 0.7705078125 1.0 0.771484375 1.0 0.8671875 0.98583984375 0.8515625 0.96435546875 0.83203125 0.94921875 0.8076171875 0.94140625 0.7958984375 0.94677734375 0.7861328125 0.96142578125 0.7744140625
5 0.6162109375 0.3720703125 0.62158203125 0.3720703125 0.63134765625 0.3701171875 0.63427734375 0.3720703125 0.638671875 0.3818359375 0.6337890625 0.4033203125 0.625 0.4033203125
5 0.64111328125 0.3720703125 0.65185546875 0.3720703125 0.6533203125 0.3935546875 0.6513671875 0.4013671875 0.6455078125 0.404296875 0.64501953125 0.40625 0.64111328125 0.408203125 0.640625 0.4072265625 0.63720703125 0.40625 0.634765625 0.4072265625 0.6337890625 0.40234375 0.63427734375 0.396484375 0.634765625 0.3896484375 0.63720703125 0.380859375 0.63916015625 0.376953125
1 0.0 0.51171875 0.41650390625 0.41015625 0.29296875 0.5029296875 0.23974609375 0.521484375 0.1787109375 0.5458984375 0.11474609375 0.560546875 0.0439453125 0.5712890625 0.01806640625 0.5732421875 0.0 0.5732421875
2 0.0009765625 0.001953125 0.4462890625 0.001953125 0.4736328125 0.03125 0.4736328125 0.0361328125 0.4716796875 0.037109375 0.47021484375 0.0458984375 0.46435546875 0.0498046875 0.46484375 0.1015625 0.4765625 0.111328125 0.48291015625 0.1123046875 0.48291015625 0.115234375 0.4892578125 0.1201171875 0.48876953125 0.1240234375 0.50537109375 0.1650390625 0.51318359375 0.1826171875 0.5302734375 0.2001953125 0.5234375 0.21484375 0.5244140625 0.291015625 0.5263671875 0.39453125 0.4765625 0.4267578125 0.29150390625 0.4716796875 0.2529296875 0.4794921875 0.24658203125 0.48046875 0.17919921875 0.501953125 0.07080078125 0.5341796875 0.04296875 0.537109375 0.0 0.5380859375
5 0.46484375 0.361328125 0.4951171875 0.359375 0.5068359375 0.3583984375 0.50927734375 0.373046875 0.51318359375 0.408203125 0.49462890625 0.453125 0.482421875 0.45703125 0.462890625 0.416015625 0.46337890625 0.376953125
5 0.52880859375 0.37890625 0.5439453125 0.37890625 0.54931640625 0.37890625 0.5517578125 0.384765625 0.5537109375 0.40625 0.52197265625 0.4111328125 0.52099609375 0.3935546875 0.5244140625 0.3828125
5 0.5341796875 0.4130859375 0.53857421875 0.3974609375 0.541015625 0.396484375 0.55078125 0.39453125 0.55712890625 0.392578125 0.5634765625 0.3955078125 0.568359375 0.40234375 0.57177734375 0.412109375 0.57373046875 0.42578125 0.57470703125 0.439453125 0.57470703125 0.4521484375 0.57421875 0.45703125 0.568359375 0.458984375 0.5673828125 0.4541015625 0.56689453125 0.4541015625 0.56591796875 0.4619140625 0.5625 0.462890625 0.5576171875 0.4638671875 0.55517578125 0.458984375 0.5546875 0.4580078125 0.5517578125 0.455078125 0.54443359375 0.455078125 0.53759765625 0.4375 0.53564453125 0.4228515625
5 0.3935546875 0.33984375 0.42041015625 0.3359375 0.443359375 0.3349609375 0.4609375 0.33984375 0.46337890625 0.345703125 0.4677734375 0.38671875 0.4697265625 0.42578125 0.3984375 0.4794921875 0.3837890625 0.482421875 0.375 0.458984375 0.373046875 0.4306640625 0.375 0.4189453125 0.37255859375 0.412109375 0.37353515625 0.39453125 0.376953125 0.39453125 0.37890625 0.400390625 0.384765625 0.3662109375 0.38916015625 0.3466796875
5 0.5087890625 0.3974609375 0.51513671875 0.3955078125 0.52685546875 0.3955078125 0.5380859375 0.396484375 0.54541015625 0.4111328125 0.54931640625 0.4228515625 0.55078125 0.4501953125 0.5498046875 0.4697265625 0.5458984375 0.470703125 0.54248046875 0.470703125 0.54150390625 0.46875 0.5400390625 0.4755859375 0.53466796875 0.4765625 0.5302734375 0.4765625 0.5283203125 0.470703125 0.51318359375 0.4697265625 0.5 0.4697265625 0.49755859375 0.4697265625 0.49755859375 0.4765625 0.49609375 0.4794921875 0.4912109375 0.4794921875 0.490234375 0.4697265625 0.48974609375 0.4462890625 0.4912109375 0.435546875 0.494140625 0.42578125 0.4912109375 0.4228515625 0.49267578125 0.416015625 0.49853515625 0.416015625 0.50146484375 0.4111328125 0.50341796875 0.40625
5 0.32275390625 0.412109375 0.33935546875 0.41015625 0.3603515625 0.41015625 0.3701171875 0.412109375 0.38037109375 0.4345703125 0.38671875 0.4375 0.3896484375 0.4716796875 0.38720703125 0.4833984375 0.38720703125 0.5009765625 0.38525390625 0.5087890625 0.3779296875 0.5107421875 0.375 0.50390625 0.37451171875 0.5 0.36083984375 0.5048828125 0.35986328125 0.513671875 0.35595703125 0.5224609375 0.3486328125 0.521484375 0.34521484375 0.5205078125 0.34326171875 0.513671875 0.3212890625 0.513671875 0.3037109375 0.5146484375 0.302734375 0.5234375 0.30029296875 0.52734375 0.29248046875 0.5263671875 0.28857421875 0.5078125 0.28857421875 0.486328125 0.29150390625 0.46875 0.3017578125 0.4521484375 0.29931640625 0.4482421875 0.29931640625 0.4443359375 0.3046875 0.439453125 0.30712890625 0.439453125 0.31298828125 0.4267578125 0.3193359375 0.4150390625
5 0.42626953125 0.4013671875 0.43896484375 0.3994140625 0.4541015625 0.3984375 0.4658203125 0.3984375 0.47021484375 0.4033203125 0.478515625 0.42578125 0.48486328125 0.4560546875 0.4853515625 0.4931640625 0.48388671875 0.509765625 0.4765625 0.509765625 0.4755859375 0.5068359375 0.4736328125 0.5 0.46875 0.5029296875 0.46826171875 0.5107421875 0.4658203125 0.521484375 0.4599609375 0.5224609375 0.4560546875 0.521484375 0.45263671875 0.513671875 0.4521484375 0.509765625 0.42919921875 0.51171875 0.40673828125 0.5126953125 0.40478515625 0.5244140625 0.40380859375 0.525390625 0.3955078125 0.525390625 0.39404296875 0.515625 0.392578125 0.494140625 0.39306640625 0.4755859375 0.396484375 0.4619140625 0.4013671875 0.4482421875 0.3974609375 0.4423828125 0.3974609375 0.4375 0.404296875 0.4345703125 0.41357421875 0.4169921875 0.41748046875 0.4091796875
