0 0.326171875 0.609375 0.46240234375 0.4638671875 0.51025390625 0.3955078125 0.52587890625 0.380859375 0.5986328125 0.3798828125 0.69482421875 0.4345703125 0.8896484375 0.5361328125 0.9560546875 0.5888671875 1.0 0.623046875 1.0 1.0 0.0 1.0
1 0.19580078125 0.916015625 0.28369140625 0.7958984375 0.36669921875 0.662109375 0.41845703125 0.580078125 0.45849609375 0.5185546875 0.4794921875 0.484375 0.49267578125 0.4638671875 0.505859375 0.4521484375 0.509765625 0.447265625 0.5166015625 0.431640625 0.5234375 0.4013671875 0.52734375 0.384765625 0.509765625 0.3779296875 0.4931640625 0.39453125 0.15771484375 0.60546875 0.033203125 0.6552734375 0.0 0.681640625 0.0 1.0 0.11328125 1.0 0.13427734375 0.9990234375 0.1640625 0.970703125
1 0.900390625 0.6259765625 0.86328125 0.607421875 0.84375 0.59765625 0.82080078125 0.5869140625 0.81103515625 0.5791015625 0.7744140625 0.5439453125 0.783203125 0.4921875 0.8349609375 0.466796875 0.87841796875 0.478515625 0.919921875 0.4970703125 0.958984375 0.5068359375 0.97998046875 0.5205078125 0.97216796875 0.5732421875 0.9306640625 0.642578125
2 0.52490234375 0.0224609375 0.5234375 0.2646484375 0.63134765625 0.2861328125 0.61865234375 0.169921875 0.62109375 0.0810546875 0.62109375 0.0 0.52490234375 0.0
2 0.54931640625 0.234375 0.55615234375 0.2451171875 0.57421875 0.2421875 0.5830078125 0.2421875 0.583984375 0.236328125 0.59033203125 0.236328125 0.59423828125 0.236328125 0.5966796875 0.2314453125 0.6025390625 0.2314453125 0.6064453125 0.2373046875 0.615234375 0.23828125 0.61865234375 0.337890625 0.6171875 0.3837890625 0.61474609375 0.4169921875 0.5810546875 0.4052734375 0.5478515625 0.4052734375 0.52880859375 0.3984375 0.525390625 0.294921875 0.53173828125 0.2490234375 0.53173828125 0.2451171875 0.541015625 0.248046875 0.5439453125 0.2275390625 0.5439453125 0.22265625 0.548828125 0.22265625
4 0.5830078125 0.2724609375 0.57763671875 0.2734375 0.5732421875 0.27734375 0.5751953125 0.2861328125 0.5751953125 0.29296875 0.57373046875 0.3037109375 0.57470703125 0.31640625 0.5859375 0.3154296875 0.587890625 0.298828125 0.58837890625 0.2861328125 0.5888671875 0.2734375 0.5869140625 0.2705078125
4 0.53466796875 0.2939453125 0.54248046875 0.3046875 0.54541015625 0.3203125 0.54638671875 0.3388671875 0.544921875 0.3544921875 0.54296875 0.3671875 0.533203125 0.3583984375
2 0.51708984375 0.0078125 0.51806640625 0.060546875 0.52685546875 0.060546875 0.5283203125 0.0849609375 0.52880859375 0.1396484375 0.52880859375 0.220703125 0.53271484375 0.2236328125 0.53271484375 0.236328125 0.5302734375 0.23828125 0.5302734375 0.244140625 0.541015625 0.2578125 0.54052734375 0.26953125 0.537109375 0.2802734375 0.537109375 0.3232421875 0.53955078125 0.328125 0.54052734375 0.3330078125 0.53759765625 0.3349609375 0.537109375 0.3671875 0.53369140625 0.3984375 0.51708984375 0.400390625 0.5107421875 0.3984375 0.50341796875 0.3984375 0.49853515625 0.4033203125 0.49560546875 0.4140625 0.49169921875 0.4140625 0.48779296875 0.41796875 0.4892578125 0.4365234375 0.4814453125 0.439453125 0.46875 0.44140625 0.4619140625 0.451171875 0.44775390625 0.462890625 0.40966796875 0.5 0.39453125 0.51171875 0.39453125 0.517578125 0.39208984375 0.5166015625 0.38818359375 0.515625 0.3818359375 0.515625 0.37939453125 0.515625 0.33837890625 0.55078125 0.2783203125 0.580078125 0.20361328125 0.6171875 0.09912109375 0.67578125 0.0322265625 0.7109375 0.0 0.734375 0.0 0.0 0.517578125 0.0 0.51708984375 0.00390625
2 0.63720703125 0.0126953125 0.634765625 0.0361328125 0.63623046875 0.0400390625 0.63818359375 0.04296875 0.63818359375 0.0771484375 0.6357421875 0.080078125 0.6328125 0.08203125 0.6318359375 0.0869140625 0.619140625 0.0927734375 0.61279296875 0.0986328125 0.611328125 0.11328125 0.61376953125 0.1201171875 0.6142578125 0.1240234375 0.61279296875 0.125 0.609375 0.126953125 0.609375 0.1328125 0.60546875 0.13671875 0.6064453125 0.14453125 0.607421875 0.154296875 0.60546875 0.1640625 0.603515625 0.1650390625 0.6025390625 0.1689453125 0.60107421875 0.1796875 0.60107421875 0.1884765625 0.6044921875 0.1943359375 0.60546875 0.2021484375 0.603515625 0.2109375 0.6025390625 0.2177734375 0.60498046875 0.224609375 0.60546875 0.228515625 0.6064453125 0.228515625 0.60546875 0.265625 0.60498046875 0.28515625 0.60595703125 0.341796875 0.60546875 0.3984375 0.611328125 0.4248046875 0.6787109375 0.4521484375 0.75341796875 0.4716796875 0.86083984375 0.509765625 0.8720703125 0.513671875 0.875 0.5166015625 0.888671875 0.513671875 0.89013671875 0.515625 0.890625 0.5234375 0.90576171875 0.5263671875 0.92236328125 0.529296875 0.92333984375 0.529296875 0.92529296875 0.529296875 0.9677734375 0.5439453125 1.0 0.556640625 1.0 0.0 0.646484375 0.0 0.646484375 0.0009765625 0.64404296875 0.0146484375
5 0.552734375 0.3212890625 0.5517578125 0.3359375 0.54931640625 0.3359375 0.54736328125 0.412109375 0.55029296875 0.43359375 0.56396484375 0.43359375 0.57568359375 0.43359375 0.587890625 0.435546875 0.59130859375 0.4306640625 0.5947265625 0.412109375 0.59521484375 0.3818359375 0.5966796875 0.3583984375 0.59814453125 0.3505859375 0.603515625 0.3486328125 0.6044921875 0.3427734375 0.59765625 0.3388671875 0.5966796875 0.33203125 0.59375 0.3232421875 0.5908203125 0.3193359375 0.58447265625 0.3193359375 0.57763671875 0.3193359375 0.572265625 0.3193359375 0.5703125 0.322265625 0.56494140625 0.322265625 0.56103515625 0.322265625
3 0.34521484375 0.111328125 0.3408203125 0.216796875 0.11279296875 0.0859375 0.1064453125 0.0830078125 0.10205078125 0.0830078125 0.00146484375 0.0859375 0.0 0.083984375 0.0 0.0 0.228515625 0.0 0.23095703125 0.001953125 0.2666015625 0.0341796875 0.26806640625 0.029296875 0.27734375 0.029296875 0.328125 0.044921875 0.32958984375 0.0791015625 0.34130859375 0.08984375 0.34521484375 0.103515625
5 0.88134765625 0.166015625 0.87548828125 0.474609375 0.87158203125 0.4765625 0.8720703125 0.4873046875 0.8681640625 0.5068359375 0.86181640625 0.5380859375 0.861328125 0.560546875 0.82080078125 0.5595703125 0.8203125 0.5625 0.81640625 0.5625 0.81396484375 0.57421875 0.8115234375 0.5849609375 0.80810546875 0.587890625 0.8037109375 0.587890625 0.7890625 0.587890625 0.77587890625 0.578125 0.77197265625 0.5693359375 0.7705078125 0.55859375 0.77001953125 0.5595703125 0.75439453125 0.5537109375 0.681640625 0.55078125 0.6806640625 0.560546875 0.6767578125 0.572265625 0.67236328125 0.5791015625 0.66552734375 0.580078125 0.658203125 0.576171875 0.65625 0.564453125 0.654296875 0.5498046875 0.654296875 0.544921875 0.650390625 0.541015625 0.64208984375 0.5380859375 0.64013671875 0.53125 0.63916015625 0.5244140625 0.6376953125 0.5234375 0.63720703125 0.533203125 0.6357421875 0.541015625 0.6318359375 0.5419921875 0.62548828125 0.5419921875 0.62353515625 0.5361328125 0.62158203125 0.529296875 0.62109375 0.5185546875 0.62109375 0.51171875 0.619140625 0.509765625 0.6201171875 0.5029296875 0.61962890625 0.4892578125 0.61767578125 0.494140625 0.6162109375 0.486328125 0.6162109375 0.4775390625 0.61474609375 0.4677734375 0.6142578125 0.451171875 0.61669921875 0.4140625 0.6181640625 0.38671875 0.6201171875 0.375 0.6201171875 0.37109375 0.619140625 0.3662109375 0.61474609375 0.3662109375 0.60888671875 0.3603515625 0.60498046875 0.34375 0.60595703125 0.3359375 0.6044921875 0.33203125 0.6044921875 0.3173828125 0.60498046875 0.298828125 0.607421875 0.2939453125 0.611328125 0.294921875 0.6181640625 0.2958984375 0.6240234375 0.2958984375 0.62451171875 0.2958984375 0.62451171875 0.2509765625 0.625 0.2353515625 0.625 0.234375 0.685546875 0.1533203125
5 0.912109375 0.7568359375 0.90869140625 0.74609375 0.90771484375 0.7294921875 0.90625 0.7197265625 0.90478515625 0.7021484375 0.90478515625 0.6884765625 0.90185546875 0.68359375 0.90185546875 0.6650390625 0.90185546875 0.626953125 0.90234375 0.6064453125 0.904296875 0.583984375 0.908203125 0.5615234375 0.9111328125 0.544921875 0.916015625 0.5341796875 0.92333984375 0.529296875 0.9375 0.51171875 0.94921875 0.4990234375 0.9560546875 0.4912109375 0.955078125 0.4794921875 0.955078125 0.4677734375 0.9580078125 0.455078125 0.962890625 0.4501953125 0.96923828125 0.447265625 0.9736328125 0.4462890625 0.97412109375 0.4462890625 0.9931640625 0.4091796875 0.9990234375 0.3974609375 1.0 0.3984375 1.0 0.74609375 0.99755859375 0.7490234375 0.9638671875 0.7314453125 0.962890625 0.73828125 0.95947265625 0.75 0.955078125 0.763671875 0.95166015625 0.7705078125 0.9462890625 0.7724609375 0.93701171875 0.775390625 0.92919921875 0.7734375 0.92431640625 0.7705078125
5 0.51611328125 0.3583984375 0.513671875 0.396484375 0.5126953125 0.3984375 0.51123046875 0.4140625 0.50927734375 0.4384765625 0.5107421875 0.451171875 0.51416015625 0.4482421875 0.51708984375 0.439453125 0.52490234375 0.4345703125 0.54052734375 0.4345703125 0.54931640625 0.4345703125 0.55029296875 0.447265625 0.55615234375 0.451171875 0.55224609375 0.419921875 0.55029296875 0.4140625 0.5478515625 0.4072265625 0.5498046875 0.3720703125 0.54833984375 0.3583984375 0.5439453125 0.357421875 0.53466796875 0.3525390625 0.5263671875 0.353515625 0.5185546875 0.3564453125
4 0.3017578125 0.0947265625 0.2939453125 0.1005859375 0.28515625 0.1044921875 0.27978515625 0.115234375 0.27734375 0.1416015625 0.28369140625 0.16796875 0.29150390625 0.1884765625 0.31103515625 0.205078125 0.3310546875 0.203125 0.3369140625 0.1923828125 0.3349609375 0.171875 0.34423828125 0.17578125 0.34619140625 0.1591796875 0.3447265625 0.140625 0.3408203125 0.1357421875 0.33837890625 0.1220703125 0.345703125 0.1123046875 0.35400390625 0.1103515625 0.353515625 0.0966796875 0.3427734375 0.095703125 0.341796875 0.0849609375 0.33447265625 0.080078125 0.322265625 0.0830078125 0.31396484375 0.087890625 0.3095703125 0.08984375
