4 0.04345703125 0.5224609375 0.5234375 0.4716796875 0.697265625 0.3955078125 0.93603515625 0.3525390625 1.0 0.34765625 1.0 0.0 0.0 0.0 0.0 0.5107421875
0 0.16552734375 0.5556640625 0.4267578125 0.4638671875 0.65625 0.4287109375 0.705078125 0.427734375 1.0 0.912109375 1.0 1.0 0.0 1.0 0.0 0.66796875
1 0.58740234375 0.4794921875 0.6044921875 0.4775390625 0.6181640625 0.47265625 0.6328125 0.4658203125 0.650390625 0.4599609375 0.666015625 0.4521484375 0.67626953125 0.4521484375 0.681640625 0.447265625 0.6806640625 0.43359375 0.67919921875 0.42578125 0.568359375 0.4619140625 0.5361328125 0.484375 0.5498046875 0.4912109375 0.55908203125 0.4892578125 0.57177734375 0.4853515625
1 0.8330078125 0.9150390625 0.7119140625 0.71484375 0.67236328125 0.654296875 0.62939453125 0.58203125 0.61669921875 0.55078125 0.61328125 0.5341796875 0.61376953125 0.521484375 0.6181640625 0.509765625 0.6298828125 0.5009765625 0.6435546875 0.4931640625 0.65380859375 0.48828125 0.66650390625 0.484375 0.6796875 0.4794921875 0.701171875 0.4912109375 1.0 0.681640625 1.0 1.0 0.8837890625 1.0 0.86572265625 0.9677734375
2 0.4033203125 0.37890625 0.4208984375 0.3779296875 0.427734375 0.3779296875 0.4296875 0.37890625 0.43017578125 0.384765625 0.4462890625 0.4111328125 0.44921875 0.4404296875 0.412109375 0.4248046875 0.41552734375 0.4140625 0.41259765625 0.4013671875 0.40966796875 0.3955078125 0.40478515625 0.3896484375 0.4013671875 0.3896484375 0.3984375 0.392578125 0.3984375 0.3857421875 0.3994140625 0.380859375 0.40087890625 0.380859375
3 0.046875 0.353515625 0.1416015625 0.369140625 0.18603515625 0.375 0.193359375 0.4208984375 0.1875 0.52734375 0.09765625 0.541015625 0.0 0.4521484375 0.0 0.3447265625 0.00048828125 0.345703125
3 0.67919921875 0.3779296875 0.6611328125 0.37890625 0.662109375 0.4150390625 0.68212890625 0.416015625
2 0.69921875 0.2763671875 0.69970703125 0.3037109375 0.7255859375 0.3076171875 0.7255859375 0.29296875 0.72607421875 0.28515625 0.73046875 0.2822265625 0.72998046875 0.2763671875 0.7255859375 0.2705078125 0.7177734375 0.267578125 0.70654296875 0.267578125 0.69775390625 0.2685546875 0.69677734375 0.2744140625
3 0.99072265625 0.150390625 0.693359375 0.314453125 0.69287109375 0.365234375 1.0 0.2900390625 1.0 0.146484375
5 0.45361328125 0.416015625 0.455078125 0.4208984375 0.45849609375 0.44140625 0.4599609375 0.435546875 0.46337890625 0.43359375 0.46630859375 0.43359375 0.46728515625 0.435546875 0.46826171875 0.439453125 0.466796875 0.4423828125 0.46435546875 0.443359375 0.45947265625 0.4443359375 0.462890625 0.451171875 0.4638671875 0.4580078125 0.46533203125 0.4716796875 0.46435546875 0.4794921875 0.4638671875 0.4912109375 0.46533203125 0.5009765625 0.46533203125 0.5087890625 0.4638671875 0.51953125 0.4638671875 0.5205078125 0.4560546875 0.5224609375 0.45556640625 0.521484375 0.45361328125 0.5107421875 0.45068359375 0.509765625 0.4423828125 0.51171875 0.4365234375 0.513671875 0.42138671875 0.5166015625 0.4033203125 0.517578125 0.39306640625 0.462890625 0.39697265625 0.4423828125 0.400390625 0.42578125 0.40185546875 0.421875 0.40234375 0.4189453125 0.4052734375 0.4140625 0.41259765625 0.412109375 0.435546875 0.41015625 0.4482421875 0.408203125 0.45068359375 0.4091796875
5 0.32421875 0.3662109375 0.34130859375 0.3623046875 0.36279296875 0.3623046875 0.3740234375 0.3623046875 0.37451171875 0.3583984375 0.37744140625 0.3583984375 0.3818359375 0.3583984375 0.3828125 0.36328125 0.38818359375 0.3671875 0.392578125 0.376953125 0.3955078125 0.3876953125 0.40185546875 0.41796875 0.404296875 0.4296875 0.4052734375 0.4326171875 0.40869140625 0.4345703125 0.40869140625 0.439453125 0.40869140625 0.4443359375 0.40771484375 0.4501953125 0.4072265625 0.4609375 0.40966796875 0.486328125 0.41015625 0.5087890625 0.41259765625 0.5419921875 0.41357421875 0.5673828125 0.41259765625 0.58203125 0.41064453125 0.5859375 0.4033203125 0.5888671875 0.39794921875 0.5888671875 0.39794921875 0.587890625 0.39599609375 0.5771484375 0.39599609375 0.5888671875 0.3955078125 0.5986328125 0.39453125 0.609375 0.392578125 0.6181640625 0.38818359375 0.6181640625 0.3798828125 0.6201171875 0.37158203125 0.6201171875 0.35546875 0.6162109375 0.30224609375 0.4228515625 0.30322265625 0.3828125 0.3056640625 0.369140625 0.31298828125 0.3671875 0.318359375 0.3662109375
5 0.33837890625 0.6416015625 0.34130859375 0.65625 0.34423828125 0.6630859375 0.3486328125 0.6650390625 0.36328125 0.6630859375 0.3642578125 0.6572265625 0.36669921875 0.642578125 0.3681640625 0.6181640625 0.36767578125 0.5927734375 0.36669921875 0.5732421875 0.3681640625 0.55859375 0.36767578125 0.5302734375 0.3642578125 0.505859375 0.35986328125 0.4833984375 0.3583984375 0.4677734375 0.35595703125 0.4619140625 0.3525390625 0.4560546875 0.34619140625 0.4462890625 0.33837890625 0.4189453125 0.33203125 0.3994140625 0.3291015625 0.392578125 0.31494140625 0.373046875 0.306640625 0.3642578125 0.30029296875 0.3642578125 0.283203125 0.3623046875 0.2666015625 0.36328125 0.228515625 0.365234375 0.2158203125 0.3671875 0.19287109375 0.3720703125 0.185546875 0.375 0.1748046875 0.3759765625 0.1669921875 0.3798828125 0.150390625 0.396484375 0.13134765625 0.42578125 0.11376953125 0.4609375 0.1015625 0.490234375 0.09375 0.5078125 0.09814453125 0.59765625 0.1279296875 0.73046875 0.15625 0.7470703125 0.17041015625 0.736328125 0.25048828125 0.7236328125 0.26806640625 0.72265625 0.2763671875 0.7275390625 0.27880859375 0.7392578125 0.28076171875 0.748046875 0.29052734375 0.75 0.3037109375 0.75 0.31103515625 0.744140625 0.31591796875 0.734375 0.3193359375 0.7099609375 0.32080078125 0.69140625 0.32080078125 0.6669921875
5 0.021484375 0.388671875 0.07275390625 0.4453125 0.091796875 0.4794921875 0.1025390625 0.5 0.1279296875 0.51171875 0.14404296875 0.5283203125 0.15283203125 0.5498046875 0.16064453125 0.583984375 0.16259765625 0.6181640625 0.16552734375 0.658203125 0.16845703125 0.6923828125 0.1650390625 0.7421875 0.15478515625 0.8037109375 0.15283203125 0.8203125 0.15380859375 0.861328125 0.150390625 0.8994140625 0.14013671875 0.947265625 0.1298828125 0.974609375 0.11376953125 0.9873046875 0.09521484375 1.0 0.0 1.0 0.0 0.369140625 0.0 0.3701171875
