1 0.49365234375 0.4873046875 0.50048828125 0.494140625 0.5166015625 0.50390625 0.5380859375 0.521484375 0.568359375 0.548828125 0.59912109375 0.580078125 0.658203125 0.6416015625 0.72509765625 0.7158203125 0.7861328125 0.7802734375 0.8994140625 0.91796875 0.9658203125 1.0 0.99951171875 0.9990234375 0.99951171875 0.6435546875 0.529296875 0.462890625
2 0.646484375 0.158203125 0.5439453125 0.0009765625 0.0 0.0009765625 0.00048828125 0.7216796875 0.61376953125 0.470703125 0.6484375 0.2626953125
0 0.4931640625 0.4794921875 0.42578125 0.482421875 0.408203125 0.4833984375 0.36279296875 0.494140625 0.0 0.80078125 0.0 1.0 0.9990234375 1.0 0.7802734375 0.6337890625 0.53955078125 0.4794921875 0.4951171875 0.48046875
1 0.4033203125 0.4931640625 0.396484375 0.498046875 0.384765625 0.509765625 0.36767578125 0.5283203125 0.32470703125 0.578125 0.2841796875 0.6279296875 0.22705078125 0.7001953125 0.1396484375 0.794921875 0.0 0.943359375 0.0 0.6162109375 0.0634765625 0.5849609375 0.14013671875 0.5498046875 0.14013671875 0.5439453125 0.16845703125 0.537109375 0.20166015625 0.529296875 0.25390625 0.513671875 0.27001953125 0.5068359375 0.2890625 0.49609375 0.2978515625 0.494140625 0.30908203125 0.48828125 0.31494140625 0.486328125 0.34521484375 0.4833984375 0.35400390625 0.484375 0.369140625 0.4794921875 0.38134765625 0.48046875 0.40869140625 0.48046875 0.42919921875 0.48046875 0.42919921875 0.4853515625 0.41748046875 0.4873046875 0.41015625 0.4892578125
4 0.55908203125 0.400390625 0.56298828125 0.3876953125 0.56884765625 0.3759765625 0.57958984375 0.37109375 0.58447265625 0.359375 0.59716796875 0.3564453125 0.5908203125 0.33984375 0.5947265625 0.31640625 0.5869140625 0.30859375 0.57958984375 0.30859375 0.57958984375 0.3037109375 0.58154296875 0.294921875 0.58154296875 0.2734375 0.57861328125 0.28515625 0.57080078125 0.2890625 0.57275390625 0.2802734375 0.564453125 0.275390625 0.56396484375 0.2626953125 0.56640625 0.2529296875 0.5556640625 0.2373046875 0.54638671875 0.216796875 0.55322265625 0.20703125 0.5556640625 0.2021484375 0.54443359375 0.2060546875 0.53515625 0.1953125 0.525390625 0.181640625 0.5263671875 0.1728515625 0.52587890625 0.1630859375 0.52001953125 0.171875 0.52099609375 0.1552734375 0.513671875 0.154296875 0.50732421875 0.162109375 0.50390625 0.158203125 0.49755859375 0.1630859375 0.49609375 0.1396484375 0.4921875 0.1162109375 0.49267578125 0.10546875 0.498046875 0.091796875 0.50341796875 0.0810546875 0.50146484375 0.0771484375 0.5009765625 0.0615234375 0.50146484375 0.052734375 0.49609375 0.0673828125 0.49072265625 0.080078125 0.48779296875 0.0732421875 0.48583984375 0.08984375 0.4765625 0.11328125 0.4736328125 0.0908203125 0.47509765625 0.0791015625 0.47509765625 0.0654296875 0.4794921875 0.05078125 0.4716796875 0.0556640625 0.4658203125 0.04296875 0.46435546875 0.0302734375 0.46435546875 0.0244140625 0.4697265625 0.0244140625 0.4677734375 0.0146484375 0.46875 0.0048828125 0.46923828125 0.0009765625 0.99951171875 0.0009765625 0.99951171875 0.439453125 0.55419921875 0.4169921875 0.552734375 0.4091796875
5 0.48095703125 0.4677734375 0.47900390625 0.4580078125 0.48046875 0.45703125 0.48095703125 0.4560546875 0.48095703125 0.4541015625 0.47998046875 0.453125 0.47802734375 0.453125 0.4775390625 0.4541015625 0.4755859375 0.4501953125 0.4736328125 0.4482421875 0.4765625 0.490234375 0.47998046875 0.4892578125 0.4814453125 0.4853515625 0.4814453125 0.4755859375
5 0.49853515625 0.439453125 0.49755859375 0.4443359375 0.49560546875 0.4462890625 0.494140625 0.4462890625 0.4931640625 0.4482421875 0.49365234375 0.4521484375 0.49560546875 0.4541015625 0.49462890625 0.46875 0.4951171875 0.478515625 0.4951171875 0.486328125 0.49609375 0.48828125 0.49755859375 0.4892578125 0.5 0.48828125 0.5048828125 0.439453125 0.50390625 0.4296875 0.50146484375 0.4306640625 0.49951171875 0.43359375
5 0.5068359375 0.42578125 0.49609375 0.42578125 0.49365234375 0.4296875 0.49169921875 0.4462890625 0.490234375 0.447265625 0.490234375 0.4482421875 0.4912109375 0.4521484375 0.4912109375 0.4755859375 0.4912109375 0.486328125 0.4921875 0.48828125 0.49462890625 0.48828125 0.49853515625 0.4873046875
5 0.42626953125 0.49609375 0.42626953125 0.4609375 0.42626953125 0.4541015625 0.4267578125 0.4521484375 0.427734375 0.4482421875 0.423828125 0.447265625 0.4228515625 0.4462890625 0.4228515625 0.443359375 0.42333984375 0.44140625 0.42431640625 0.4404296875 0.427734375 0.439453125 0.42919921875 0.44140625 0.4296875 0.4423828125 0.4306640625 0.439453125 0.43359375 0.42578125 0.43603515625 0.4228515625 0.4375 0.421875 0.45166015625 0.4208984375 0.4658203125 0.421875 0.46728515625 0.423828125 0.47021484375 0.431640625 0.47265625 0.44140625 0.47412109375 0.439453125 0.47607421875 0.4404296875 0.47802734375 0.4423828125 0.478515625 0.4453125 0.4775390625 0.4482421875 0.47509765625 0.44921875 0.47607421875 0.45703125 0.47705078125 0.46484375 0.4775390625 0.4833984375 0.47705078125 0.4931640625 0.4765625 0.498046875 0.47509765625 0.4990234375 0.46875 0.4990234375 0.46826171875 0.4951171875 0.4677734375 0.490234375 0.4501953125 0.490234375 0.43603515625 0.4892578125 0.43408203125 0.490234375 0.43310546875 0.494140625 0.4326171875 0.498046875 0.427734375 0.498046875
5 0.5166015625 0.421875 0.5078125 0.423828125 0.50390625 0.4287109375 0.50244140625 0.4345703125 0.50048828125 0.4443359375 0.49853515625 0.4443359375 0.4970703125 0.4462890625 0.4970703125 0.44921875 0.4990234375 0.451171875 0.49951171875 0.451171875 0.49853515625 0.46484375 0.4970703125 0.4814453125 0.49853515625 0.48828125 0.5 0.4912109375 0.5029296875 0.4921875 0.5078125 0.490234375 0.51171875 0.4462890625
5 0.52294921875 0.4169921875 0.517578125 0.41796875 0.51416015625 0.4228515625 0.5126953125 0.4306640625 0.5107421875 0.439453125 0.509765625 0.4384765625 0.50732421875 0.4384765625 0.505859375 0.44140625 0.5068359375 0.4453125 0.50830078125 0.447265625 0.5068359375 0.45703125 0.5068359375 0.4677734375 0.505859375 0.48046875 0.505859375 0.48828125 0.5068359375 0.4921875 0.5087890625 0.4931640625 0.51220703125 0.4921875 0.513671875 0.4951171875 0.5166015625 0.494140625 0.5205078125 0.45703125 0.5234375 0.42578125
5 0.56787109375 0.40234375 0.56640625 0.396484375 0.5634765625 0.3955078125 0.54736328125 0.3955078125 0.53564453125 0.3984375 0.533203125 0.3974609375 0.53173828125 0.396484375 0.52587890625 0.4013671875 0.52294921875 0.4091796875 0.52197265625 0.41796875 0.51953125 0.427734375 0.51708984375 0.4306640625 0.51513671875 0.43359375 0.5166015625 0.4384765625 0.51708984375 0.44140625 0.51513671875 0.4501953125 0.51416015625 0.4677734375 0.5146484375 0.486328125 0.51513671875 0.4970703125 0.51708984375 0.498046875 0.5224609375 0.498046875 0.52490234375 0.5 0.5322265625 0.4990234375 0.53662109375 0.458984375 0.548828125 0.4248046875
5 0.544921875 0.408203125 0.541015625 0.41796875 0.53466796875 0.4404296875 0.533203125 0.4384765625 0.53076171875 0.4384765625 0.5283203125 0.4404296875 0.52783203125 0.443359375 0.5283203125 0.4453125 0.5322265625 0.4482421875 0.53125 0.451171875 0.529296875 0.4599609375 0.5302734375 0.470703125 0.52978515625 0.482421875 0.5302734375 0.498046875 0.53173828125 0.5068359375 0.533203125 0.5078125 0.53955078125 0.505859375 0.53955078125 0.4990234375 0.54345703125 0.498046875 0.56396484375 0.4033203125 0.5576171875 0.4033203125 0.54931640625 0.404296875
5 0.59130859375 0.3955078125 0.57080078125 0.3984375 0.56298828125 0.400390625 0.55908203125 0.40625 0.55322265625 0.4169921875 0.54833984375 0.4384765625 0.54638671875 0.439453125 0.54443359375 0.4365234375 0.54052734375 0.4375 0.53857421875 0.4404296875 0.53857421875 0.443359375 0.541015625 0.4462890625 0.54443359375 0.4462890625 0.54638671875 0.4453125 0.546875 0.451171875 0.54443359375 0.4580078125 0.54248046875 0.4716796875 0.54248046875 0.48046875 0.5439453125 0.48828125 0.5439453125 0.5029296875 0.54443359375 0.51171875 0.54541015625 0.517578125 0.5478515625 0.5185546875 0.55224609375 0.5166015625 0.552734375 0.5146484375 0.55322265625 0.50390625 0.560546875 0.505859375 0.56103515625 0.517578125 0.56298828125 0.5224609375 0.56494140625 0.5244140625 0.56982421875 0.5234375 0.572265625 0.5185546875 0.58447265625 0.453125
5 0.63427734375 0.3818359375 0.62744140625 0.3798828125 0.61669921875 0.380859375 0.5966796875 0.3857421875 0.59130859375 0.390625 0.587890625 0.3984375 0.58056640625 0.4267578125 0.57861328125 0.4248046875 0.5751953125 0.4248046875 0.572265625 0.4287109375 0.5712890625 0.431640625 0.572265625 0.435546875 0.57421875 0.4375 0.57666015625 0.4375 0.57763671875 0.4423828125 0.57568359375 0.453125 0.57421875 0.46484375 0.57421875 0.4765625 0.5751953125 0.4814453125 0.57177734375 0.4853515625 0.56982421875 0.4970703125 0.5693359375 0.5087890625 0.5712890625 0.51953125 0.5732421875 0.5244140625 0.576171875 0.529296875 0.58349609375 0.5283203125 0.58740234375 0.5263671875 0.58935546875 0.521484375 0.5947265625 0.51953125
5 0.68310546875 0.373046875 0.63525390625 0.37890625 0.62548828125 0.3828125 0.61962890625 0.38671875 0.61474609375 0.3955078125 0.6064453125 0.4169921875 0.60205078125 0.43359375 0.59912109375 0.43359375 0.5966796875 0.4365234375 0.59521484375 0.4443359375 0.59619140625 0.4482421875 0.59716796875 0.4501953125 0.5947265625 0.4580078125 0.591796875 0.4658203125 0.59033203125 0.4736328125 0.58935546875 0.4853515625 0.59033203125 0.50390625 0.59130859375 0.5185546875 0.5927734375 0.5390625 0.59375 0.5498046875 0.5947265625 0.5537109375 0.5966796875 0.5556640625 0.6044921875 0.5537109375 0.60546875 0.55078125 0.60546875 0.5390625 0.61376953125 0.5380859375 0.6201171875 0.5439453125 0.62060546875 0.560546875 0.6220703125 0.5693359375 0.62548828125 0.5732421875 0.6328125 0.5732421875 0.63671875 0.5693359375 0.63916015625 0.5537109375 0.63916015625 0.5400390625 0.6640625 0.4912109375 0.68505859375 0.37890625 0.68408203125 0.373046875
5 0.64306640625 0.5888671875 0.6396484375 0.55859375 0.638671875 0.5234375 0.638671875 0.501953125 0.64013671875 0.4853515625 0.6435546875 0.4716796875 0.6474609375 0.4658203125 0.65185546875 0.458984375 0.65283203125 0.453125 0.650390625 0.443359375 0.6494140625 0.431640625 0.65185546875 0.42578125 0.65625 0.423828125 0.66162109375 0.4228515625 0.66796875 0.4052734375 0.67919921875 0.376953125 0.68798828125 0.3603515625 0.69091796875 0.3525390625 0.69580078125 0.3447265625 0.7060546875 0.3369140625 0.7197265625 0.33203125 0.72998046875 0.3330078125 0.73974609375 0.3369140625 0.7412109375 0.3388671875 0.75927734375 0.3349609375 0.787109375 0.3310546875 0.79443359375 0.326171875 0.80908203125 0.3212890625 0.818359375 0.3193359375 0.83154296875 0.3203125 0.84033203125 0.32421875 0.85107421875 0.337890625 0.85791015625 0.3447265625 0.86669921875 0.359375 0.87548828125 0.384765625 0.794921875 0.6123046875 0.73095703125 0.61328125 0.72998046875 0.6337890625 0.72802734375 0.6435546875 0.7236328125 0.6513671875 0.7080078125 0.6513671875 0.70263671875 0.6416015625 0.7001953125 0.6201171875 0.69921875 0.6015625 0.6689453125 0.5849609375 0.66796875 0.6005859375 0.66552734375 0.6083984375 0.65673828125 0.6103515625 0.64892578125 0.607421875 0.6455078125 0.6015625
5 0.79638671875 0.693359375 0.7939453125 0.6416015625 0.7939453125 0.607421875 0.7958984375 0.580078125 0.802734375 0.5478515625 0.81103515625 0.525390625 0.8134765625 0.5185546875 0.8056640625 0.5126953125 0.80419921875 0.50390625 0.80419921875 0.4921875 0.8076171875 0.48046875 0.8203125 0.4765625 0.83544921875 0.4794921875 0.84228515625 0.4560546875 0.859375 0.40625 0.87060546875 0.3837890625 0.88232421875 0.369140625 0.904296875 0.349609375 0.92431640625 0.3408203125 0.97509765625 0.3291015625 1.0 0.3232421875 0.99951171875 0.9189453125 0.9765625 0.9248046875 0.95849609375 0.9150390625 0.9462890625 0.89453125 0.9365234375 0.8525390625 0.93359375 0.8173828125 0.83837890625 0.736328125 0.83447265625 0.75 0.822265625 0.7568359375 0.81005859375 0.75390625 0.80224609375 0.7392578125 0.7978515625 0.7119140625
