0 0.26220703125 0.390625 0.54541015625 0.4072265625 0.8466796875 0.4462890625 1.0 0.4853515625 1.0 1.0 0.0 1.0 0.0 0.494140625
1 0.21630859375 0.802734375 0.34716796875 0.640625 0.3818359375 0.591796875 0.42626953125 0.5341796875 0.43896484375 0.513671875 0.447265625 0.5029296875 0.4443359375 0.49609375 0.43505859375 0.486328125 0.41943359375 0.4814453125 0.39892578125 0.4736328125 0.388671875 0.4677734375 0.3876953125 0.4638671875 0.39013671875 0.458984375 0.39697265625 0.4560546875 0.408203125 0.453125 0.431640625 0.4482421875 0.44677734375 0.4453125 0.45263671875 0.4423828125 0.453125 0.431640625 0.43798828125 0.43359375 0.4052734375 0.4384765625 0.373046875 0.4443359375 0.17919921875 0.5205078125 0.02880859375 0.54296875 0.0 0.564453125 0.0 1.0 0.0 1.0 0.0419921875 1.0 0.0478515625 1.0
1 0.494140625 0.47265625 0.48583984375 0.470703125 0.47998046875 0.4697265625 0.47607421875 0.46484375 0.47607421875 0.458984375 0.48193359375 0.4541015625 0.48974609375 0.44921875 0.49658203125 0.4453125 0.50390625 0.439453125 0.7724609375 0.5048828125 0.75634765625 0.5478515625 0.7255859375 0.5458984375 0.71484375 0.533203125 0.70703125 0.5283203125 0.59423828125 0.4873046875 0.56103515625 0.482421875 0.53759765625 0.4794921875 0.51953125 0.4775390625
4 0.50244140625 0.193359375 0.48974609375 0.18359375 0.48095703125 0.185546875 0.474609375 0.220703125 0.4755859375 0.373046875 0.4755859375 0.4189453125 0.48974609375 0.4248046875 0.50048828125 0.4228515625 0.49951171875 0.3369140625
2 0.482421875 0.1142578125 0.48291015625 0.181640625 0.48486328125 0.193359375 0.48486328125 0.1962890625 0.48388671875 0.20703125 0.48486328125 0.21484375 0.48095703125 0.22265625 0.482421875 0.236328125 0.48291015625 0.2626953125 0.48291015625 0.31640625 0.48193359375 0.322265625 0.4814453125 0.3779296875 0.47900390625 0.3984375 0.47900390625 0.43359375 0.4599609375 0.443359375 0.44677734375 0.4423828125 0.43701171875 0.443359375 0.41650390625 0.4462890625 0.40673828125 0.4482421875 0.4013671875 0.4501953125 0.39404296875 0.4501953125 0.38671875 0.4521484375 0.36572265625 0.4521484375 0.36962890625 0.0615234375 0.38427734375 0.0673828125 0.39013671875 0.072265625 0.40771484375 0.0830078125 0.4111328125 0.0751953125 0.41455078125 0.076171875 0.4140625 0.068359375 0.443359375 0.0654296875 0.4443359375 0.0654296875 0.443359375 0.0888671875 0.44677734375 0.0888671875 0.44677734375 0.0986328125 0.45263671875 0.0986328125 0.4560546875 0.111328125 0.45751953125 0.1142578125 0.46142578125 0.1142578125
4 0.38916015625 0.20703125 0.39208984375 0.216796875 0.390625 0.2314453125 0.39306640625 0.2509765625 0.39208984375 0.2568359375 0.39404296875 0.265625 0.39013671875 0.275390625 0.390625 0.2958984375 0.3916015625 0.3193359375 0.39208984375 0.33984375 0.392578125 0.349609375 0.39013671875 0.35546875 0.38916015625 0.3701171875 0.3896484375 0.380859375 0.388671875 0.3955078125 0.38818359375 0.412109375 0.3896484375 0.4208984375 0.3876953125 0.4287109375 0.38818359375 0.443359375 0.38818359375 0.45703125 0.388671875 0.4736328125 0.38720703125 0.4794921875 0.380859375 0.474609375 0.37841796875 0.443359375 0.37353515625 0.392578125 0.37451171875 0.3310546875 0.3759765625 0.263671875 0.37744140625 0.2109375
2 0.38916015625 0.0068359375 0.39111328125 0.232421875 0.3798828125 0.2353515625 0.38134765625 0.498046875 0.3759765625 0.498046875 0.36328125 0.4990234375 0.36376953125 0.5068359375 0.34814453125 0.5107421875 0.3203125 0.5234375 0.3037109375 0.5302734375 0.29931640625 0.529296875 0.29052734375 0.533203125 0.29052734375 0.537109375 0.287109375 0.5400390625 0.28369140625 0.5390625 0.23046875 0.564453125 0.19482421875 0.576171875 0.19580078125 0.5830078125 0.16552734375 0.59375 0.1591796875 0.5947265625 0.15625 0.599609375 0.15478515625 0.6044921875 0.14892578125 0.6044921875 0.142578125 0.6005859375 0.13671875 0.603515625 0.0712890625 0.599609375 0.06640625 0.6015625 0.044921875 0.6142578125 0.04638671875 0.6650390625 0.04296875 0.6689453125 0.02587890625 0.673828125 0.0 0.68359375 0.0 0.0 0.3896484375 0.0 0.388671875 0.0029296875
4 0.212890625 0.4453125 0.208984375 0.4443359375 0.2041015625 0.44921875 0.19921875 0.453125 0.19921875 0.462890625 0.20068359375 0.46875 0.20166015625 0.47265625 0.2109375 0.478515625 0.21728515625 0.478515625 0.22607421875 0.4755859375 0.2294921875 0.4697265625 0.232421875 0.4658203125 0.23095703125 0.45703125 0.2265625 0.453125 0.2197265625 0.4482421875 0.21630859375 0.4443359375
4 0.26123046875 0.4267578125 0.2578125 0.427734375 0.25341796875 0.4326171875 0.24853515625 0.4375 0.24560546875 0.4462890625 0.24658203125 0.4619140625 0.251953125 0.47265625 0.26318359375 0.4716796875 0.267578125 0.466796875 0.2724609375 0.4638671875 0.27490234375 0.4580078125 0.27490234375 0.4453125 0.2724609375 0.4345703125 0.267578125 0.4306640625
2 0.50927734375 0.1103515625 0.509765625 0.1318359375 0.5009765625 0.142578125 0.49658203125 0.1494140625 0.48876953125 0.169921875 0.48974609375 0.1767578125 0.49072265625 0.18359375 0.49462890625 0.193359375 0.494140625 0.228515625 0.49462890625 0.294921875 0.49609375 0.353515625 0.49658203125 0.3701171875 0.49560546875 0.42578125 0.49658203125 0.453125 0.51953125 0.462890625 0.55517578125 0.4599609375 0.59814453125 0.462890625 0.68994140625 0.4833984375 0.7783203125 0.513671875 0.974609375 0.607421875 1.0 0.61328125 1.0 0.0 0.53369140625 0.0 0.53271484375 0.0009765625 0.53125 0.005859375 0.52392578125 0.0126953125 0.52099609375 0.0185546875 0.5205078125 0.0322265625 0.52099609375 0.046875 0.51708984375 0.0498046875 0.51025390625 0.0703125 0.51025390625 0.0751953125 0.51513671875 0.0830078125 0.51220703125 0.087890625 0.5146484375 0.0986328125 0.5146484375 0.103515625
5 0.53076171875 0.4140625 0.51708984375 0.4140625 0.5126953125 0.4150390625 0.5087890625 0.41796875 0.5048828125 0.4248046875 0.50341796875 0.4326171875 0.5029296875 0.4345703125 0.5 0.431640625 0.498046875 0.43359375 0.49755859375 0.4384765625 0.5 0.439453125 0.49609375 0.443359375 0.49462890625 0.451171875 0.494140625 0.47265625 0.49609375 0.4794921875 0.501953125 0.48046875 0.50341796875 0.478515625 0.50341796875 0.4736328125 0.5078125 0.4736328125 0.50830078125 0.48046875 0.5146484375 0.4814453125 0.51708984375 0.4814453125 0.517578125 0.4765625 0.525390625 0.474609375 0.53369140625 0.4755859375 0.541015625 0.453125 0.54443359375 0.4248046875 0.5439453125 0.4169921875 0.54052734375 0.416015625 0.53759765625 0.4140625
5 0.53369140625 0.4853515625 0.52734375 0.4853515625 0.52587890625 0.4814453125 0.52490234375 0.46875 0.52490234375 0.4619140625 0.5244140625 0.4482421875 0.52783203125 0.443359375 0.53271484375 0.4384765625 0.52783203125 0.4384765625 0.529296875 0.4287109375 0.5341796875 0.4287109375 0.537109375 0.419921875 0.54150390625 0.4130859375 0.54736328125 0.412109375 0.57177734375 0.4111328125 0.5771484375 0.412109375 0.580078125 0.443359375 0.57080078125 0.470703125 0.56298828125 0.4814453125 0.55615234375 0.4794921875 0.55322265625 0.4794921875 0.55322265625 0.482421875 0.55029296875 0.4853515625 0.54736328125 0.4853515625 0.54443359375 0.4892578125 0.54052734375 0.4892578125 0.54052734375 0.486328125 0.53955078125 0.4794921875 0.53564453125 0.478515625 0.5322265625 0.478515625
5 0.5654296875 0.490234375 0.564453125 0.4951171875 0.55712890625 0.494140625 0.556640625 0.4814453125 0.5576171875 0.4501953125 0.56005859375 0.443359375 0.56396484375 0.4384765625 0.56005859375 0.4375 0.56005859375 0.4287109375 0.56201171875 0.4267578125 0.56787109375 0.427734375 0.57080078125 0.41796875 0.5751953125 0.412109375 0.58056640625 0.408203125 0.59033203125 0.4072265625 0.59912109375 0.40625 0.609375 0.40625 0.60986328125 0.4287109375 0.59765625 0.47265625 0.59326171875 0.4892578125 0.5908203125 0.490234375 0.5849609375 0.490234375 0.583984375 0.490234375 0.58349609375 0.5 0.57958984375 0.5009765625 0.57421875 0.5 0.57373046875 0.4931640625 0.5732421875 0.48828125
5 0.6005859375 0.5078125 0.59521484375 0.5087890625 0.59130859375 0.5078125 0.59033203125 0.5 0.59033203125 0.4794921875 0.59033203125 0.4560546875 0.5947265625 0.443359375 0.59716796875 0.4365234375 0.59326171875 0.4365234375 0.58984375 0.4326171875 0.5908203125 0.42578125 0.59619140625 0.4248046875 0.59814453125 0.4306640625 0.5986328125 0.4306640625 0.6064453125 0.3984375 0.61474609375 0.3876953125 0.630859375 0.3818359375 0.642578125 0.380859375 0.658203125 0.380859375 0.669921875 0.3837890625 0.67626953125 0.3857421875 0.68115234375 0.404296875 0.68115234375 0.453125 0.64697265625 0.49609375 0.6357421875 0.5068359375 0.6298828125 0.505859375 0.6201171875 0.505859375 0.619140625 0.513671875 0.61767578125 0.51953125 0.60888671875 0.5185546875 0.60693359375 0.509765625 0.607421875 0.5009765625 0.6025390625 0.5
5 0.64013671875 0.533203125 0.6318359375 0.533203125 0.63134765625 0.52734375 0.630859375 0.50390625 0.6298828125 0.474609375 0.6337890625 0.462890625 0.63720703125 0.453125 0.63623046875 0.44921875 0.6318359375 0.447265625 0.6318359375 0.439453125 0.63720703125 0.4345703125 0.638671875 0.4345703125 0.64111328125 0.4423828125 0.642578125 0.431640625 0.64404296875 0.423828125 0.64697265625 0.416015625 0.654296875 0.40625 0.65625 0.4033203125 0.66259765625 0.3994140625 0.6748046875 0.3974609375 0.6865234375 0.3974609375 0.6953125 0.3974609375 0.708984375 0.3984375 0.71875 0.40625 0.7265625 0.4169921875 0.7314453125 0.44140625 0.7333984375 0.453125 0.73779296875 0.4638671875 0.73388671875 0.50390625 0.720703125 0.5341796875 0.71435546875 0.529296875 0.7099609375 0.529296875 0.70947265625 0.53515625 0.703125 0.5380859375 0.69921875 0.5341796875 0.69873046875 0.529296875 0.677734375 0.529296875 0.67236328125 0.529296875 0.67138671875 0.537109375 0.6669921875 0.5380859375 0.662109375 0.5390625 0.66162109375 0.548828125 0.65087890625 0.546875 0.64892578125 0.537109375 0.64990234375 0.5224609375 0.642578125 0.5205078125
5 0.72607421875 0.6318359375 0.7197265625 0.630859375 0.71630859375 0.626953125 0.71240234375 0.6171875 0.7099609375 0.609375 0.7080078125 0.58984375 0.70703125 0.5751953125 0.70751953125 0.560546875 0.71044921875 0.5419921875 0.71337890625 0.533203125 0.7138671875 0.5244140625 0.71484375 0.5107421875 0.720703125 0.4990234375 0.72998046875 0.4794921875 0.724609375 0.4794921875 0.71923828125 0.478515625 0.71630859375 0.4716796875 0.7158203125 0.462890625 0.7197265625 0.455078125 0.72607421875 0.453125 0.73193359375 0.453125 0.7333984375 0.453125 0.7373046875 0.4541015625 0.7431640625 0.43359375 0.74951171875 0.4169921875 0.75732421875 0.404296875 0.7646484375 0.3935546875 0.77783203125 0.3828125 0.79052734375 0.37890625 0.81494140625 0.3759765625 0.8486328125 0.3779296875 0.8818359375 0.3818359375 0.900390625 0.384765625 0.91259765625 0.3896484375 0.9208984375 0.3994140625 0.92724609375 0.4169921875 0.93359375 0.439453125 0.9384765625 0.4638671875 0.93603515625 0.6240234375 0.89306640625 0.6474609375 0.8857421875 0.646484375 0.82666015625 0.646484375 0.7958984375 0.650390625 0.78955078125 0.650390625 0.787109375 0.662109375 0.78564453125 0.677734375 0.77978515625 0.6826171875 0.767578125 0.6826171875 0.76025390625 0.673828125 0.75830078125 0.658203125 0.75732421875 0.63671875 0.75732421875 0.625 0.74462890625 0.6171875 0.7431640625 0.625 0.740234375 0.62890625 0.73681640625 0.6357421875 0.73193359375 0.634765625
5 0.90673828125 0.865234375 0.900390625 0.859375 0.8955078125 0.84375 0.89111328125 0.8203125 0.8876953125 0.7841796875 0.88623046875 0.7490234375 0.8857421875 0.71484375 0.88525390625 0.6826171875 0.88427734375 0.6484375 0.8857421875 0.6201171875 0.8876953125 0.6015625 0.89013671875 0.5869140625 0.89208984375 0.560546875 0.8974609375 0.541015625 0.91064453125 0.5087890625 0.9208984375 0.4931640625 0.9091796875 0.486328125 0.9072265625 0.4736328125 0.90966796875 0.45703125 0.916015625 0.4462890625 0.92919921875 0.44140625 0.939453125 0.44140625 0.9423828125 0.44140625 0.95751953125 0.3984375 0.9658203125 0.37890625 0.982421875 0.34375 0.990234375 0.3251953125 0.99755859375 0.3125 1.0 0.310546875 1.0 0.3115234375 1.0 0.87890625 0.9990234375 0.876953125 0.9482421875 0.83203125 0.94189453125 0.8291015625 0.9375 0.8544921875 0.9296875 0.86328125 0.91845703125 0.8701171875 0.9130859375 0.8701171875
5 0.4521484375 0.4169921875 0.462890625 0.416015625 0.46923828125 0.419921875 0.47265625 0.4287109375 0.47509765625 0.43359375 0.47705078125 0.4375 0.4765625 0.44140625 0.4765625 0.4501953125 0.4755859375 0.4560546875 0.47412109375 0.4609375 0.47265625 0.4609375 0.47119140625 0.462890625 0.46826171875 0.4619140625 0.4677734375 0.4580078125 0.45361328125 0.4560546875 0.45263671875 0.4619140625 0.44970703125 0.4619140625 0.44873046875 0.4609375 0.4482421875 0.4619140625 0.4443359375 0.4609375 0.44482421875 0.44921875 0.44580078125 0.4365234375 0.4462890625 0.4326171875 0.447265625 0.4296875 0.44873046875 0.421875 0.45068359375 0.4189453125
