1 0.8486328125 0.798828125 0.74755859375 0.69140625 0.65673828125 0.5859375 0.62353515625 0.54296875 0.578125 0.4990234375 0.568359375 0.4892578125 0.56396484375 0.4814453125 0.5654296875 0.478515625 0.56005859375 0.4609375 0.55078125 0.4365234375 0.5498046875 0.4140625 0.552734375 0.4013671875 0.61962890625 0.4287109375 1.0 0.498046875 1.0 0.974609375 0.99072265625 0.9638671875
4 0.48193359375 0.2255859375 0.4873046875 0.21875 0.49169921875 0.2109375 0.49658203125 0.2138671875 0.5 0.2099609375 0.50390625 0.203125 0.51171875 0.2060546875 0.51611328125 0.203125 0.5224609375 0.2021484375 0.5263671875 0.203125 0.5322265625 0.2021484375 0.5341796875 0.19921875 0.541015625 0.197265625 0.54638671875 0.1962890625 0.54931640625 0.19140625 0.55322265625 0.1943359375 0.5625 0.1904296875 0.572265625 0.197265625 0.57373046875 0.2578125 0.5693359375 0.3056640625 0.54248046875 0.33984375 0.5146484375 0.359375 0.47900390625 0.3515625 0.4755859375 0.2578125
2 0.5556640625 0.26171875 0.54638671875 0.263671875 0.5458984375 0.2587890625 0.54443359375 0.2548828125 0.541015625 0.255859375 0.541015625 0.259765625 0.53955078125 0.2607421875 0.5390625 0.2646484375 0.537109375 0.2685546875 0.53271484375 0.267578125 0.53125 0.2734375 0.5224609375 0.2724609375 0.5205078125 0.27734375 0.521484375 0.3134765625 0.4892578125 0.310546875 0.49267578125 0.39453125 0.50244140625 0.3974609375 0.51025390625 0.3935546875 0.5205078125 0.392578125 0.529296875 0.3984375 0.537109375 0.4052734375 0.54052734375 0.412109375 0.5439453125 0.423828125 0.5537109375 0.4248046875 0.57177734375 0.4208984375 0.5732421875 0.27734375 0.56640625 0.2451171875 0.55615234375 0.244140625
4 0.5107421875 0.3857421875 0.51123046875 0.3544921875 0.50830078125 0.353515625 0.5029296875 0.3505859375 0.505859375 0.3349609375 0.5107421875 0.3203125 0.5126953125 0.3115234375 0.51953125 0.3125 0.52099609375 0.3193359375 0.5205078125 0.3427734375 0.5185546875 0.349609375 0.517578125 0.357421875 0.5126953125 0.357421875 0.5126953125 0.39453125
4 0.529296875 0.3291015625 0.529296875 0.3369140625 0.52490234375 0.3369140625 0.5283203125 0.3466796875 0.529296875 0.357421875 0.5283203125 0.359375 0.52734375 0.3701171875 0.529296875 0.3818359375 0.53125 0.3837890625 0.53125 0.3984375 0.53369140625 0.3984375 0.53271484375 0.388671875 0.53369140625 0.373046875 0.537109375 0.3779296875 0.53955078125 0.3798828125 0.5390625 0.3720703125 0.54052734375 0.3623046875 0.53759765625 0.3544921875 0.53662109375 0.3486328125 0.541015625 0.345703125 0.54150390625 0.33984375 0.53955078125 0.3310546875 0.537109375 0.3251953125 0.53564453125 0.322265625 0.53515625 0.3173828125 0.53173828125 0.318359375 0.5302734375 0.3193359375
2 0.50146484375 0.388671875 0.5107421875 0.388671875 0.51123046875 0.3984375 0.50927734375 0.40234375 0.509765625 0.42578125 0.51025390625 0.4404296875 0.4931640625 0.4345703125 0.48486328125 0.43359375 0.48779296875 0.388671875
5 0.51904296875 0.4169921875 0.5166015625 0.4169921875 0.513671875 0.4169921875 0.51220703125 0.4189453125 0.51025390625 0.4189453125 0.5107421875 0.412109375 0.51220703125 0.4052734375 0.51318359375 0.404296875 0.51611328125 0.404296875 0.5205078125 0.4072265625
4 0.5146484375 0.4365234375 0.51513671875 0.431640625 0.513671875 0.42578125 0.51025390625 0.423828125 0.5078125 0.4248046875 0.50537109375 0.427734375 0.50390625 0.435546875 0.50537109375 0.439453125 0.50634765625 0.4404296875 0.51123046875 0.4384765625 0.5126953125 0.4384765625
2 0.5498046875 0.0078125 0.54833984375 0.103515625 0.560546875 0.10546875 0.56103515625 0.1826171875 0.55908203125 0.1943359375 0.56103515625 0.216796875 0.56298828125 0.220703125 0.5625 0.3408203125 0.5595703125 0.3408203125 0.56103515625 0.34765625 0.5634765625 0.3505859375 0.5634765625 0.3544921875 0.5654296875 0.3583984375 0.5673828125 0.4189453125 0.57568359375 0.439453125 0.58447265625 0.455078125 0.60400390625 0.466796875 0.625 0.47265625 0.64990234375 0.46875 0.669921875 0.466796875 0.6865234375 0.474609375 0.7109375 0.490234375 0.7197265625 0.4912109375 0.73876953125 0.49609375 0.7666015625 0.5126953125 0.7744140625 0.5107421875 0.783203125 0.509765625 0.84228515625 0.5146484375 0.87841796875 0.513671875 0.8896484375 0.513671875 0.94677734375 0.53515625 0.9765625 0.54296875 0.9873046875 0.54296875 1.0 0.546875 1.0 0.5498046875 1.0 0.0 0.5498046875 0.0
2 0.349609375 0.013671875 0.37744140625 0.0146484375 0.37939453125 0.0087890625 0.38330078125 0.0146484375 0.4091796875 0.015625 0.41259765625 0.0166015625 0.40869140625 0.029296875 0.423828125 0.04296875 0.43017578125 0.0419921875 0.43115234375 0.046875 0.43798828125 0.0576171875 0.4423828125 0.0556640625 0.44140625 0.0634765625 0.4462890625 0.0654296875 0.46240234375 0.064453125 0.46435546875 0.083984375 0.46044921875 0.0908203125 0.4599609375 0.111328125 0.46630859375 0.1298828125 0.4765625 0.1279296875 0.478515625 0.1494140625 0.474609375 0.1591796875 0.484375 0.189453125 0.48583984375 0.22265625 0.48828125 0.232421875 0.4921875 0.2412109375 0.4921875 0.2529296875 0.49267578125 0.267578125 0.4951171875 0.27734375 0.49169921875 0.283203125 0.49658203125 0.29296875 0.49609375 0.3076171875 0.49658203125 0.3427734375 0.49658203125 0.3876953125 0.49853515625 0.390625 0.4990234375 0.400390625 0.49853515625 0.43359375 0.49755859375 0.4658203125 0.49560546875 0.4697265625 0.490234375 0.474609375 0.48681640625 0.474609375 0.4853515625 0.4775390625 0.47412109375 0.4794921875 0.470703125 0.4814453125 0.46484375 0.4814453125 0.4580078125 0.4794921875 0.4521484375 0.474609375 0.44189453125 0.4765625 0.42431640625 0.4755859375 0.40234375 0.4755859375 0.37548828125 0.470703125 0.326171875 0.4658203125 0.283203125 0.4609375 0.26318359375 0.4638671875 0.24951171875 0.4599609375 0.2275390625 0.4580078125 0.205078125 0.458984375 0.1904296875 0.455078125 0.16552734375 0.435546875 0.14453125 0.0 0.34521484375 0.0 0.34521484375 0.001953125
5 0.5498046875 0.4560546875 0.54931640625 0.4453125 0.54931640625 0.44140625 0.5517578125 0.4365234375 0.55712890625 0.4345703125 0.56005859375 0.4375 0.56201171875 0.4453125 0.560546875 0.4541015625 0.56005859375 0.455078125
4 0.5458984375 0.392578125 0.5458984375 0.3974609375 0.54541015625 0.4052734375 0.54541015625 0.4130859375 0.54736328125 0.4296875 0.55078125 0.435546875 0.55419921875 0.4384765625 0.5546875 0.453125 0.55419921875 0.458984375 0.5576171875 0.4609375 0.55859375 0.4580078125 0.5576171875 0.4462890625 0.5576171875 0.4375 0.5615234375 0.4345703125 0.56298828125 0.42578125 0.56298828125 0.41015625 0.56396484375 0.4052734375 0.56298828125 0.3974609375 0.5615234375 0.3935546875 0.56103515625 0.3828125 0.55712890625 0.3798828125 0.55078125 0.3779296875 0.5517578125 0.39453125 0.55029296875 0.38671875 0.546875 0.388671875
2 0.18017578125 0.0205078125 0.18212890625 0.2412109375 0.1875 0.2490234375 0.18798828125 0.251953125 0.18212890625 0.2548828125 0.1826171875 0.35546875 0.189453125 0.3701171875 0.18896484375 0.4248046875 0.19189453125 0.4296875 0.19140625 0.453125 0.16552734375 0.44921875 0.1572265625 0.451171875 0.138671875 0.4580078125 0.111328125 0.4599609375 0.08447265625 0.45703125 0.060546875 0.4541015625 0.0458984375 0.451171875 0.02978515625 0.4541015625 0.01708984375 0.453125 0.009765625 0.4560546875 0.0 0.4619140625 0.0 0.0 0.1806640625 0.0 0.18017578125 0.001953125
4 0.67919921875 0.4873046875 0.669921875 0.484375 0.66796875 0.474609375 0.6689453125 0.466796875 0.669921875 0.4560546875 0.67431640625 0.44921875 0.67822265625 0.44921875 0.6787109375 0.4404296875 0.6845703125 0.4345703125 0.69091796875 0.44140625 0.6953125 0.4453125 0.69921875 0.443359375 0.7001953125 0.431640625 0.70556640625 0.4130859375 0.7080078125 0.4091796875 0.71142578125 0.416015625 0.71240234375 0.4423828125 0.71337890625 0.4912109375 0.7099609375 0.4912109375 0.70263671875 0.4931640625 0.69384765625 0.4931640625 0.69189453125 0.490234375 0.68603515625 0.486328125 0.677734375 0.48828125
