0 0.6357421875 0.3544921875 0.3271484375 0.3828125 0.0 0.4140625 0.0 1.0 1.0 1.0 1.0 0.3720703125
4 0.4951171875 0.25 0.49169921875 0.2431640625 0.490234375 0.24609375 0.48779296875 0.244140625 0.4853515625 0.24609375 0.482421875 0.23828125 0.47998046875 0.2373046875 0.47802734375 0.2392578125 0.474609375 0.2353515625 0.4697265625 0.2373046875 0.4658203125 0.240234375 0.46484375 0.2451171875 0.46337890625 0.2392578125 0.4619140625 0.2490234375 0.4609375 0.25 0.45849609375 0.24609375 0.45703125 0.24609375 0.4560546875 0.251953125 0.45361328125 0.2490234375 0.4521484375 0.25 0.451171875 0.251953125 0.44921875 0.2470703125 0.4462890625 0.25390625 0.4453125 0.259765625 0.44287109375 0.259765625 0.44140625 0.26171875 0.4384765625 0.259765625 0.4365234375 0.2646484375 0.435546875 0.2705078125 0.431640625 0.265625 0.4296875 0.2626953125 0.42822265625 0.2666015625 0.42724609375 0.2607421875 0.42431640625 0.2548828125 0.42138671875 0.2646484375 0.42138671875 0.2685546875 0.4189453125 0.2685546875 0.41650390625 0.2607421875 0.41357421875 0.26953125 0.41064453125 0.2783203125 0.40625 0.2763671875 0.400390625 0.2705078125 0.3974609375 0.2607421875 0.39697265625 0.267578125 0.39453125 0.2646484375 0.39111328125 0.2578125 0.390625 0.26171875 0.3857421875 0.2529296875 0.3837890625 0.2568359375 0.3828125 0.259765625 0.38134765625 0.2578125 0.376953125 0.26171875 0.37646484375 0.2646484375 0.37353515625 0.2607421875 0.369140625 0.26171875 0.36669921875 0.4345703125 0.39111328125 0.4228515625 0.40283203125 0.404296875 0.44384765625 0.3935546875 0.49560546875 0.38671875 0.498046875 0.2509765625
2 0.41943359375 0.3095703125 0.416015625 0.296875 0.40771484375 0.2958984375 0.40478515625 0.302734375 0.40966796875 0.3095703125 0.412109375 0.314453125 0.4130859375 0.3203125 0.41455078125 0.3115234375 0.416015625 0.3095703125 0.4169921875 0.3115234375 0.41748046875 0.3154296875 0.41845703125 0.31640625 0.4189453125 0.3125
2 0.42822265625 0.29296875 0.42529296875 0.3056640625 0.42626953125 0.3115234375 0.42529296875 0.3203125 0.42578125 0.322265625 0.42822265625 0.3203125 0.43115234375 0.3212890625 0.431640625 0.3193359375 0.431640625 0.314453125 0.43505859375 0.3115234375 0.43505859375 0.30859375 0.43359375 0.302734375 0.43505859375 0.302734375 0.43505859375 0.30078125 0.43701171875 0.298828125 0.43505859375 0.294921875 0.4326171875 0.29296875 0.431640625 0.294921875
2 0.419921875 0.353515625 0.40869140625 0.3544921875 0.40380859375 0.357421875 0.40673828125 0.4140625 0.4248046875 0.4150390625 0.44091796875 0.416015625 0.45068359375 0.4169921875 0.49169921875 0.408203125 0.49072265625 0.375 0.4521484375 0.3720703125 0.4560546875 0.3603515625 0.45849609375 0.353515625 0.45751953125 0.3466796875 0.4599609375 0.3447265625 0.462890625 0.3359375 0.46337890625 0.3310546875 0.46337890625 0.328125 0.4619140625 0.326171875 0.458984375 0.3271484375 0.4580078125 0.32421875 0.4560546875 0.3203125 0.45263671875 0.32421875 0.45166015625 0.33203125 0.45068359375 0.3330078125 0.44580078125 0.3271484375 0.4443359375 0.3271484375 0.439453125 0.33203125 0.4384765625 0.333984375 0.43017578125 0.333984375 0.4296875 0.341796875 0.42822265625 0.3427734375 0.42626953125 0.341796875 0.42626953125 0.337890625 0.421875 0.337890625 0.42138671875 0.3447265625 0.42041015625 0.3505859375
1 0.3818359375 0.44921875 0.3681640625 0.44921875 0.3671875 0.443359375 0.37744140625 0.44140625 0.38232421875 0.4384765625 0.3857421875 0.4306640625 0.39208984375 0.4228515625 0.39599609375 0.4228515625 0.40087890625 0.4189453125 0.40966796875 0.4140625 0.42431640625 0.4150390625 0.4248046875 0.416015625 0.42333984375 0.41796875 0.4189453125 0.4189453125 0.4140625 0.4208984375 0.41162109375 0.4248046875 0.39697265625 0.44140625 0.3935546875 0.4443359375 0.3876953125 0.4453125 0.3837890625 0.4482421875
5 0.43017578125 0.4072265625 0.42529296875 0.4072265625 0.4248046875 0.41015625 0.4228515625 0.4130859375 0.42333984375 0.4169921875 0.423828125 0.4189453125 0.42919921875 0.4189453125 0.43212890625 0.41796875 0.4326171875 0.4150390625 0.43212890625 0.412109375 0.43212890625 0.4111328125 0.43212890625 0.4091796875 0.4306640625 0.408203125
5 0.4013671875 0.4423828125 0.3974609375 0.443359375 0.396484375 0.4462890625 0.39453125 0.4462890625 0.39453125 0.4375 0.39453125 0.43359375 0.3935546875 0.4326171875 0.3935546875 0.4306640625 0.39453125 0.4296875 0.3955078125 0.42578125 0.39794921875 0.4248046875 0.40087890625 0.4248046875
5 0.42529296875 0.4423828125 0.42529296875 0.4365234375 0.4248046875 0.431640625 0.4267578125 0.4306640625 0.4267578125 0.4287109375 0.42431640625 0.4287109375 0.42333984375 0.423828125 0.4150390625 0.423828125 0.4140625 0.4287109375 0.4130859375 0.427734375 0.41259765625 0.4287109375 0.41259765625 0.4306640625 0.41357421875 0.43359375 0.41357421875 0.439453125 0.41357421875 0.4443359375 0.4140625 0.4453125 0.416015625 0.4453125 0.41650390625 0.443359375 0.42333984375 0.443359375 0.42333984375 0.4453125 0.4248046875 0.4453125
5 0.43603515625 0.443359375 0.435546875 0.4365234375 0.43603515625 0.43359375 0.43896484375 0.431640625 0.443359375 0.427734375 0.45263671875 0.4267578125 0.45556640625 0.4296875 0.45849609375 0.4326171875 0.4599609375 0.4345703125 0.4521484375 0.4453125 0.4453125 0.4453125 0.4443359375 0.44921875 0.44287109375 0.4501953125 0.44091796875 0.44921875 0.439453125 0.4453125 0.4375 0.4453125
1 0.53857421875 0.45703125 0.51318359375 0.4580078125 0.486328125 0.4560546875 0.4697265625 0.4501953125 0.5 0.44140625 0.5146484375 0.4326171875 0.615234375 0.4306640625 0.60888671875 0.451171875 0.55908203125 0.45703125 0.54443359375 0.4560546875
1 0.5537109375 0.474609375 0.544921875 0.4677734375 0.537109375 0.4638671875 0.537109375 0.4609375 0.55224609375 0.4580078125 0.5703125 0.455078125 0.609375 0.451171875 0.642578125 0.4453125 1.0 0.4931640625 1.0 0.9951171875 0.77734375 0.74609375 0.6455078125 0.583984375 0.58642578125 0.5146484375 0.56298828125 0.484375
1 0.21484375 0.6064453125 0.0 0.7265625 0.0 0.4521484375 0.36767578125 0.4619140625 0.4013671875 0.4599609375 0.41650390625 0.4609375 0.42138671875 0.4609375 0.4287109375 0.462890625 0.4326171875 0.466796875 0.43359375 0.4697265625 0.43359375 0.4755859375 0.42578125 0.4814453125 0.38037109375 0.509765625 0.30126953125 0.556640625
2 0.36962890625 0.4638671875 0.36962890625 0.255859375 0.36865234375 0.0439453125 0.37353515625 0.03515625 0.369140625 0.0224609375 0.36572265625 0.0 0.0 0.0 0.0 0.494140625 0.12646484375 0.486328125 0.228515625 0.4833984375 0.3056640625 0.486328125 0.33251953125 0.478515625 0.35791015625 0.47265625 0.36572265625 0.46875 0.36767578125 0.466796875
4 0.029296875 0.484375 0.02783203125 0.4775390625 0.0302734375 0.46875 0.0283203125 0.4560546875 0.02197265625 0.453125 0.0146484375 0.453125 0.00927734375 0.453125 0.0078125 0.4501953125 0.0048828125 0.455078125 0.00439453125 0.44921875 0.0 0.45703125 0.0 0.4951171875 0.015625 0.49609375 0.0322265625 0.4931640625 0.0458984375 0.490234375 0.08642578125 0.4892578125 0.123046875 0.4853515625 0.12158203125 0.4716796875 0.1123046875 0.462890625 0.09765625 0.45703125 0.0888671875 0.4541015625 0.08251953125 0.455078125 0.07177734375 0.451171875 0.0654296875 0.455078125 0.06201171875 0.4521484375 0.060546875 0.4609375 0.05517578125 0.4658203125 0.04833984375 0.474609375 0.04052734375 0.48046875 0.03369140625 0.4833984375 0.0322265625 0.4814453125
4 0.15283203125 0.4931640625 0.15576171875 0.4833984375 0.15869140625 0.470703125 0.16796875 0.45703125 0.1728515625 0.447265625 0.171875 0.439453125 0.17724609375 0.4462890625 0.18212890625 0.4599609375 0.18408203125 0.4638671875 0.18310546875 0.4697265625 0.18505859375 0.4775390625 0.18701171875 0.4833984375 0.1884765625 0.48828125 0.19140625 0.490234375 0.1865234375 0.5009765625 0.1826171875 0.5 0.1826171875 0.5078125 0.14794921875 0.5166015625 0.14794921875 0.5087890625 0.1513671875 0.4990234375
4 0.26904296875 0.28125 0.26171875 0.2841796875 0.25244140625 0.28125 0.26708984375 0.26171875 0.2626953125 0.2607421875 0.26611328125 0.2490234375 0.2734375 0.2421875 0.2744140625 0.2373046875 0.24951171875 0.23828125 0.2529296875 0.2333984375 0.26123046875 0.2275390625 0.26171875 0.2216796875 0.265625 0.2158203125 0.2685546875 0.2119140625 0.27490234375 0.2109375 0.2822265625 0.2177734375 0.28515625 0.224609375 0.2841796875 0.21484375 0.28076171875 0.208984375 0.2734375 0.203125 0.27685546875 0.2001953125 0.28125 0.2021484375 0.283203125 0.205078125 0.2880859375 0.2041015625 0.29150390625 0.197265625 0.29638671875 0.2001953125 0.29638671875 0.205078125 0.29150390625 0.2109375 0.28662109375 0.2158203125 0.28662109375 0.2255859375 0.2958984375 0.2197265625 0.30322265625 0.22265625 0.3125 0.228515625 0.31298828125 0.2314453125 0.31201171875 0.2353515625 0.3154296875 0.2373046875 0.31201171875 0.240234375 0.31201171875 0.251953125 0.31884765625 0.248046875 0.32080078125 0.248046875 0.32080078125 0.2529296875 0.33154296875 0.2529296875 0.33349609375 0.2490234375 0.33642578125 0.2490234375 0.337890625 0.251953125 0.33642578125 0.2578125 0.33447265625 0.2578125 0.33349609375 0.26171875 0.33154296875 0.2587890625 0.31640625 0.2607421875 0.3251953125 0.265625 0.33984375 0.2763671875 0.3466796875 0.2783203125 0.34765625 0.2802734375 0.34423828125 0.283203125 0.3388671875 0.28125 0.3359375 0.2783203125 0.33349609375 0.2783203125 0.330078125 0.275390625 0.322265625 0.2734375 0.32958984375 0.2822265625 0.33740234375 0.28515625 0.333984375 0.287109375 0.32568359375 0.287109375 0.328125 0.29296875 0.337890625 0.2939453125 0.3388671875 0.298828125 0.33837890625 0.30078125 0.3359375 0.298828125 0.33544921875 0.3037109375 0.3388671875 0.306640625 0.3388671875 0.3115234375 0.333984375 0.3076171875 0.33154296875 0.30859375 0.3330078125 0.314453125 0.32958984375 0.31640625 0.32568359375 0.3095703125 0.32177734375 0.30859375 0.3212890625 0.3125 0.32568359375 0.314453125 0.32568359375 0.31640625 0.322265625 0.31640625 0.3193359375 0.314453125 0.32421875 0.3271484375 0.32958984375 0.33203125 0.328125 0.333984375 0.32958984375 0.33984375 0.33251953125 0.3466796875 0.326171875 0.34765625 0.32421875 0.3427734375 0.3193359375 0.3427734375 0.31689453125 0.3505859375 0.314453125 0.34765625 0.31396484375 0.35546875 0.3115234375 0.3564453125 0.310546875 0.3642578125 0.3125 0.3671875 0.3076171875 0.3671875 0.31201171875 0.3759765625 0.318359375 0.3798828125 0.31787109375 0.3837890625 0.31396484375 0.3857421875 0.31396484375 0.392578125 0.306640625 0.3876953125 0.3056640625 0.39453125 0.3076171875 0.400390625 0.3056640625 0.4130859375 0.30712890625 0.43359375 0.3056640625 0.45703125 0.30517578125 0.48046875 0.30517578125 0.486328125 0.28369140625 0.4892578125 0.26708984375 0.486328125 0.26171875 0.4697265625 0.26123046875 0.4462890625 0.26318359375 0.4130859375 0.26708984375 0.40234375 0.2744140625 0.38671875 0.2685546875 0.376953125 0.26904296875 0.3681640625 0.263671875 0.3671875 0.26513671875 0.3583984375 0.26611328125 0.3525390625 0.26611328125 0.345703125 0.265625 0.3369140625 0.271484375 0.33203125 0.2783203125 0.326171875 0.27294921875 0.3173828125 0.27685546875 0.314453125 0.2763671875 0.2939453125 0.27197265625 0.306640625 0.26416015625 0.30859375 0.26171875 0.2998046875 0.267578125 0.296875 0.26904296875 0.28515625
2 0.51611328125 0.4482421875 0.5029296875 0.4482421875 0.49072265625 0.447265625 0.4912109375 0.4326171875 0.4921875 0.4052734375 0.48828125 0.400390625 0.48828125 0.302734375 0.48681640625 0.29296875 0.4951171875 0.2841796875 0.494140625 0.2333984375 0.48681640625 0.2314453125 0.48828125 0.2294921875 0.4921875 0.1806640625 0.48974609375 0.1748046875 0.49462890625 0.1640625 0.4931640625 0.158203125 0.4970703125 0.150390625 0.5 0.1435546875 0.5 0.0732421875 0.50048828125 0.060546875 0.50146484375 0.052734375 0.50244140625 0.0517578125 0.5029296875 0.0498046875 0.5048828125 0.044921875 0.50927734375 0.044921875 0.51025390625 0.029296875 0.51220703125 0.029296875 0.51318359375 0.0390625 0.5166015625 0.0380859375 0.5185546875 0.0322265625 0.52197265625 0.0380859375 0.53271484375 0.0400390625 0.53759765625 0.0244140625 0.53759765625 0.0107421875 0.5419921875 0.0 1.0 0.0 1.0 0.5439453125 0.90478515625 0.517578125 0.8798828125 0.5107421875 0.87109375 0.5146484375 0.8505859375 0.5087890625 0.8505859375 0.5048828125 0.80419921875 0.4931640625 0.791015625 0.4912109375 0.78466796875 0.4931640625 0.7724609375 0.4892578125 0.75634765625 0.4833984375 0.72509765625 0.474609375 0.7138671875 0.478515625 0.70166015625 0.4716796875 0.68896484375 0.4697265625 0.6669921875 0.4638671875 0.654296875 0.4609375 0.64208984375 0.4599609375 0.60888671875 0.451171875 0.60302734375 0.4501953125 0.599609375 0.447265625 0.5693359375 0.4501953125 0.54736328125 0.451171875 0.53515625 0.4501953125 0.5234375 0.44921875
4 0.62548828125 0.3916015625 0.6279296875 0.3828125 0.62353515625 0.388671875 0.6220703125 0.3837890625 0.6201171875 0.390625 0.6142578125 0.3935546875 0.61767578125 0.3984375 0.61767578125 0.40234375 0.61083984375 0.4052734375 0.6103515625 0.4091796875 0.6162109375 0.40625 0.6142578125 0.4140625 0.609375 0.4150390625 0.6103515625 0.4189453125 0.609375 0.42578125 0.60791015625 0.427734375 0.60693359375 0.43359375 0.609375 0.4365234375 0.60986328125 0.439453125 0.609375 0.44140625 0.609375 0.4453125 0.6083984375 0.4462890625 0.6083984375 0.451171875 0.6083984375 0.4541015625 0.6103515625 0.45703125 0.61279296875 0.4560546875 0.615234375 0.4501953125 0.62255859375 0.4462890625 0.6376953125 0.4462890625 0.6484375 0.4482421875 0.6484375 0.44140625 0.64990234375 0.4375 0.64599609375 0.435546875 0.64697265625 0.4296875 0.64208984375 0.427734375 0.64208984375 0.421875 0.64453125 0.4228515625 0.64599609375 0.4267578125 0.64501953125 0.419921875 0.64404296875 0.41796875 0.6474609375 0.4150390625 0.64501953125 0.41015625 0.6455078125 0.408203125 0.64208984375 0.3994140625 0.6455078125 0.3955078125 0.64599609375 0.384765625 0.640625 0.3876953125 0.63720703125 0.388671875 0.63330078125 0.3857421875 0.6298828125 0.3916015625
