0 0.56201171875 0.3876953125 0.62158203125 0.4013671875 0.72705078125 0.455078125 0.7578125 0.4970703125 0.818359375 0.5361328125 0.962890625 0.5361328125 1.0 0.5419921875 1.0 1.0 0.0 1.0 0.0 0.4931640625 0.44140625 0.4345703125 0.55419921875 0.400390625
1 0.59130859375 0.4296875 0.5986328125 0.423828125 0.60009765625 0.439453125 0.59033203125 0.4365234375
5 0.59130859375 0.4208984375 0.59130859375 0.412109375 0.59521484375 0.4072265625 0.5986328125 0.4072265625 0.59814453125 0.4208984375 0.59423828125 0.4228515625
2 0.58740234375 0.3203125 0.59765625 0.3193359375 0.59814453125 0.3125 0.61279296875 0.3095703125 0.6171875 0.3056640625 0.62353515625 0.3076171875 0.6318359375 0.30859375 0.6376953125 0.306640625 0.64208984375 0.3076171875 0.646484375 0.30859375 0.66064453125 0.3037109375 0.7275390625 0.3701171875 0.7236328125 0.4658203125 0.7080078125 0.46875 0.654296875 0.4638671875 0.61669921875 0.4482421875 0.59765625 0.435546875 0.59765625 0.404296875 0.578125 0.4013671875
1 0.6640625 0.4716796875 0.7099609375 0.490234375 0.72705078125 0.4833984375 0.7890625 0.4658203125 0.87255859375 0.4609375 1.0 0.4609375 0.99853515625 0.57421875 0.82763671875 0.5625 0.7548828125 0.5556640625 0.6884765625 0.541015625 0.66015625 0.5302734375 0.650390625 0.5185546875 0.64990234375 0.498046875 0.65869140625 0.4814453125 0.6611328125 0.474609375
1 0.52392578125 0.4453125 0.55322265625 0.44921875 0.56884765625 0.44921875 0.5751953125 0.453125 0.578125 0.4580078125 0.576171875 0.462890625 0.57861328125 0.46484375 0.58740234375 0.4658203125 0.5849609375 0.46875 0.57275390625 0.4755859375 0.56103515625 0.478515625 0.544921875 0.4853515625 0.5283203125 0.48828125 0.51025390625 0.4912109375 0.44921875 0.5048828125 0.3857421875 0.51953125 0.32373046875 0.5341796875 0.23974609375 0.5654296875 0.09521484375 0.62109375 0.0341796875 0.646484375 0.0146484375 0.65234375 0.0 0.6591796875 0.0 0.4599609375 0.33740234375 0.458984375 0.5048828125 0.453125
4 0.52978515625 0.2646484375 0.537109375 0.259765625 0.5400390625 0.2587890625 0.54541015625 0.26171875 0.54931640625 0.263671875 0.55615234375 0.2666015625 0.5595703125 0.26953125 0.56201171875 0.26171875 0.56396484375 0.2646484375 0.56591796875 0.271484375 0.56982421875 0.271484375 0.57275390625 0.2744140625 0.57470703125 0.2802734375 0.57763671875 0.287109375 0.57958984375 0.2900390625 0.58349609375 0.29296875 0.5849609375 0.2958984375 0.58837890625 0.3037109375 0.58935546875 0.306640625 0.5908203125 0.3115234375 0.59130859375 0.3193359375 0.591796875 0.328125 0.5927734375 0.3349609375 0.59423828125 0.3447265625 0.5966796875 0.35546875 0.59716796875 0.3603515625 0.59716796875 0.3671875 0.59228515625 0.3740234375 0.58935546875 0.380859375 0.58935546875 0.3876953125 0.58935546875 0.3974609375 0.58935546875 0.4052734375 0.58447265625 0.408203125 0.58447265625 0.416015625 0.580078125 0.4208984375 0.57177734375 0.427734375 0.55859375 0.42578125 0.5302734375 0.4228515625 0.52734375 0.34765625 0.5263671875 0.279296875
2 0.52978515625 0.3095703125 0.54248046875 0.3095703125 0.55419921875 0.34765625 0.5302734375 0.369140625
5 0.5751953125 0.40625 0.57763671875 0.4130859375 0.57763671875 0.421875 0.5732421875 0.4267578125 0.5654296875 0.4267578125 0.564453125 0.421875 0.56591796875 0.416015625
5 0.57568359375 0.4423828125 0.5654296875 0.4423828125 0.564453125 0.4365234375 0.5654296875 0.4306640625 0.568359375 0.42578125 0.57373046875 0.42578125 0.5751953125 0.431640625 0.57568359375 0.4384765625
2 0.0 0.001953125 0.546875 0.0 0.5458984375 0.0009765625 0.5458984375 0.125 0.5439453125 0.130859375 0.53759765625 0.1357421875 0.5302734375 0.1396484375 0.5302734375 0.1728515625 0.53125 0.1767578125 0.5302734375 0.185546875 0.533203125 0.1884765625 0.53076171875 0.1962890625 0.53271484375 0.3720703125 0.5341796875 0.4658203125 0.52880859375 0.46484375 0.5341796875 0.47265625 0.5322265625 0.4755859375 0.50732421875 0.4794921875 0.5 0.48046875 0.48291015625 0.4814453125 0.45068359375 0.4814453125 0.4306640625 0.4814453125 0.42333984375 0.4892578125 0.392578125 0.4892578125 0.35107421875 0.4912109375 0.326171875 0.4931640625 0.28759765625 0.4951171875 0.25537109375 0.4931640625 0.25439453125 0.498046875 0.232421875 0.4970703125 0.173828125 0.5009765625 0.16015625 0.501953125 0.1376953125 0.50390625 0.07421875 0.5048828125 0.06787109375 0.51171875 0.03857421875 0.5146484375 0.0283203125 0.515625 0.0 0.5166015625
3 0.37646484375 0.453125 0.40283203125 0.453125 0.4169921875 0.453125 0.41748046875 0.48828125 0.40771484375 0.484375 0.404296875 0.474609375 0.3857421875 0.47265625
4 0.3740234375 0.291015625 0.37451171875 0.27734375 0.37451171875 0.267578125 0.375 0.259765625 0.37744140625 0.255859375 0.37744140625 0.25 0.37744140625 0.2431640625 0.37939453125 0.240234375 0.37548828125 0.232421875 0.375 0.228515625 0.3798828125 0.23046875 0.3896484375 0.2373046875 0.39453125 0.2421875 0.39599609375 0.2412109375 0.39892578125 0.2353515625 0.40380859375 0.234375 0.40869140625 0.236328125 0.4091796875 0.240234375 0.408203125 0.2490234375 0.40283203125 0.2626953125 0.4052734375 0.2685546875 0.4111328125 0.2724609375 0.41162109375 0.2646484375 0.412109375 0.2548828125 0.4130859375 0.2490234375 0.41552734375 0.2578125 0.42041015625 0.2646484375 0.42236328125 0.2666015625 0.42333984375 0.255859375 0.4228515625 0.25 0.42236328125 0.2470703125 0.4248046875 0.23828125 0.43017578125 0.2392578125 0.4326171875 0.236328125 0.43310546875 0.2392578125 0.43017578125 0.2509765625 0.42919921875 0.2548828125 0.4326171875 0.2587890625 0.43310546875 0.263671875 0.42919921875 0.267578125 0.42919921875 0.27734375 0.4326171875 0.287109375 0.43896484375 0.291015625 0.44384765625 0.296875 0.44775390625 0.3017578125 0.4501953125 0.2939453125 0.4541015625 0.2861328125 0.45751953125 0.28125 0.46142578125 0.2841796875 0.46484375 0.291015625 0.4697265625 0.298828125 0.47314453125 0.30078125 0.478515625 0.2939453125 0.4833984375 0.2900390625 0.4853515625 0.27734375 0.4853515625 0.263671875 0.48876953125 0.26171875 0.49462890625 0.2607421875 0.49853515625 0.2646484375 0.50048828125 0.275390625 0.49609375 0.2890625 0.49658203125 0.2978515625 0.501953125 0.3076171875 0.5078125 0.3173828125 0.5126953125 0.31640625 0.5166015625 0.3154296875 0.5263671875 0.31640625 0.53076171875 0.3310546875 0.53564453125 0.3310546875 0.54150390625 0.3310546875 0.54541015625 0.3369140625 0.54931640625 0.341796875 0.5517578125 0.34375 0.556640625 0.345703125 0.56005859375 0.349609375 0.564453125 0.3583984375 0.56787109375 0.3857421875 0.5693359375 0.4052734375 0.5654296875 0.41796875 0.5615234375 0.423828125 0.55712890625 0.4326171875 0.5556640625 0.447265625 0.55615234375 0.4697265625 0.55224609375 0.4716796875 0.548828125 0.453125 0.544921875 0.4755859375 0.54150390625 0.4755859375 0.54345703125 0.4501953125 0.5439453125 0.435546875 0.541015625 0.4296875 0.537109375 0.4287109375 0.533203125 0.4306640625 0.53076171875 0.431640625 0.52783203125 0.4365234375 0.5283203125 0.4775390625 0.525390625 0.4775390625 0.525390625 0.4375 0.52392578125 0.4326171875 0.52197265625 0.4287109375 0.51953125 0.4306640625 0.51904296875 0.4599609375 0.517578125 0.4609375 0.51708984375 0.435546875 0.51708984375 0.427734375 0.51513671875 0.42578125 0.51025390625 0.4814453125 0.50732421875 0.4794921875 0.5126953125 0.4306640625 0.50927734375 0.42578125 0.50634765625 0.4228515625 0.501953125 0.4228515625 0.4990234375 0.42578125 0.498046875 0.4375 0.49853515625 0.4609375 0.5 0.4814453125 0.49267578125 0.4794921875 0.49267578125 0.462890625 0.49365234375 0.447265625 0.4951171875 0.423828125 0.4931640625 0.4208984375 0.48681640625 0.40625 0.4833984375 0.40625 0.48095703125 0.408203125 0.47900390625 0.41015625 0.47607421875 0.435546875 0.47314453125 0.4697265625 0.47314453125 0.48828125 0.4677734375 0.490234375 0.470703125 0.458984375 0.47314453125 0.431640625 0.47314453125 0.419921875 0.4736328125 0.4111328125 0.47119140625 0.4111328125 0.4677734375 0.4111328125 0.462890625 0.412109375 0.45947265625 0.412109375 0.45703125 0.412109375 0.45703125 0.4375 0.4560546875 0.4677734375 0.4560546875 0.490234375 0.4521484375 0.48828125 0.45361328125 0.4541015625 0.45458984375 0.427734375 0.4541015625 0.4189453125 0.453125 0.412109375 0.4482421875 0.4111328125 0.44482421875 0.4111328125 0.44189453125 0.4091796875 0.43896484375 0.40625 0.43505859375 0.4072265625 0.43212890625 0.4111328125 0.42919921875 0.4169921875 0.4296875 0.4921875 0.427734375 0.4921875 0.42626953125 0.4228515625 0.42236328125 0.4072265625 0.41552734375 0.3876953125 0.41357421875 0.38671875 0.40966796875 0.390625 0.4052734375 0.40234375 0.408203125 0.482421875 0.41357421875 0.4970703125 0.40869140625 0.4970703125 0.40380859375 0.49609375 0.39794921875 0.49609375 0.39990234375 0.48828125 0.40283203125 0.458984375 0.40283203125 0.439453125 0.40185546875 0.4208984375 0.40087890625 0.400390625 0.3974609375 0.3974609375 0.392578125 0.3955078125 0.38525390625 0.396484375 0.376953125 0.3916015625 0.37548828125 0.380859375 0.37548828125 0.3671875 0.37353515625 0.365234375 0.36962890625 0.3583984375 0.3662109375 0.349609375 0.3623046875 0.3388671875 0.3515625 0.333984375 0.34423828125 0.3330078125 0.341796875 0.3251953125 0.3466796875 0.3173828125 0.353515625 0.3134765625 0.3525390625 0.294921875 0.3544921875 0.283203125 0.3544921875 0.27734375 0.35302734375 0.271484375 0.35986328125 0.2666015625 0.36474609375 0.2724609375 0.37060546875 0.2900390625
5 0.5810546875 0.431640625 0.58740234375 0.4306640625 0.591796875 0.435546875 0.58984375 0.447265625 0.58251953125 0.44921875 0.578125 0.4462890625 0.578125 0.439453125
5 0.58935546875 0.453125 0.5869140625 0.4521484375 0.5869140625 0.443359375 0.58935546875 0.4384765625 0.59130859375 0.435546875 0.59619140625 0.435546875 0.59912109375 0.439453125 0.599609375 0.451171875
5 0.59130859375 0.45703125 0.59130859375 0.447265625 0.5927734375 0.439453125 0.60107421875 0.4365234375 0.60400390625 0.44921875 0.603515625 0.4560546875 0.6005859375 0.458984375 0.599609375 0.45703125 0.5947265625 0.45703125
2 0.7294921875 0.466796875 0.73046875 0.314453125 0.79150390625 0.1796875 0.84814453125 0.0029296875 1.0 0.0 1.0 0.494140625 0.9560546875 0.4853515625 0.87548828125 0.47265625 0.8046875 0.466796875 0.7314453125 0.4794921875
4 0.74267578125 0.46875 0.7646484375 0.462890625 0.77099609375 0.4619140625 0.78857421875 0.46875 0.80126953125 0.4638671875 0.8154296875 0.458984375 0.82177734375 0.458984375 0.82568359375 0.4560546875 0.82666015625 0.443359375 0.830078125 0.431640625 0.83740234375 0.4248046875 0.84521484375 0.4228515625 0.8544921875 0.4208984375 0.861328125 0.423828125 0.86376953125 0.4345703125 0.87060546875 0.443359375 0.8720703125 0.4365234375 0.87451171875 0.427734375 0.87890625 0.4267578125 0.8837890625 0.43359375 0.88720703125 0.4423828125 0.88037109375 0.4736328125 0.83935546875 0.48046875 0.80419921875 0.484375 0.77001953125 0.484375 0.751953125 0.484375
4 0.65478515625 0.373046875 0.65478515625 0.3564453125 0.6552734375 0.349609375 0.65478515625 0.3388671875 0.65185546875 0.32421875 0.65234375 0.3173828125 0.6552734375 0.3056640625 0.6533203125 0.2978515625 0.64794921875 0.2939453125 0.64697265625 0.287109375 0.6455078125 0.279296875 0.642578125 0.27734375 0.6416015625 0.2705078125 0.6416015625 0.26171875 0.6376953125 0.2548828125 0.63916015625 0.244140625 0.638671875 0.2314453125 0.638671875 0.2197265625 0.64111328125 0.2109375 0.64111328125 0.205078125 0.640625 0.2021484375 0.642578125 0.193359375 0.64501953125 0.1865234375 0.6455078125 0.17578125 0.6455078125 0.1689453125 0.6455078125 0.158203125 0.646484375 0.15234375 0.6484375 0.1494140625 0.64990234375 0.1416015625 0.6494140625 0.1298828125 0.64892578125 0.1220703125 0.65185546875 0.1220703125 0.6572265625 0.1259765625 0.6611328125 0.1259765625 0.6611328125 0.1142578125 0.6640625 0.1083984375 0.6650390625 0.1005859375 0.6650390625 0.095703125 0.66552734375 0.0908203125 0.66552734375 0.083984375 0.66357421875 0.0771484375 0.66357421875 0.0634765625 0.66552734375 0.0498046875 0.66552734375 0.04296875 0.666015625 0.02734375 0.6708984375 0.0224609375 0.673828125 0.0146484375 0.673828125 0.009765625 0.67138671875 0.00390625 0.6689453125 0.0 0.86474609375 0.0029296875 0.86669921875 0.0068359375 0.8720703125 0.0146484375 0.873046875 0.025390625 0.87353515625 0.037109375 0.87158203125 0.0498046875 0.87255859375 0.0615234375 0.8740234375 0.068359375 0.876953125 0.0712890625 0.8818359375 0.0791015625 0.884765625 0.1044921875 0.8837890625 0.15625 0.876953125 0.2216796875 0.86865234375 0.251953125 0.86669921875 0.2646484375 0.8662109375 0.275390625 0.8671875 0.2919921875 0.86767578125 0.2998046875 0.86669921875 0.3076171875 0.8662109375 0.3173828125 0.8662109375 0.32421875 0.8642578125 0.3310546875 0.86083984375 0.337890625 0.85498046875 0.345703125 0.8544921875 0.357421875 0.8515625 0.3583984375 0.845703125 0.36328125 0.841796875 0.3720703125 0.8369140625 0.375 0.8271484375 0.3740234375 0.82373046875 0.4228515625 0.82080078125 0.458984375 0.79248046875 0.4677734375 0.77978515625 0.4443359375 0.77685546875 0.5087890625 0.76806640625 0.5087890625 0.77099609375 0.4375 0.76611328125 0.4228515625 0.76220703125 0.41796875 0.7548828125 0.4111328125 0.75341796875 0.4580078125 0.748046875 0.453125 0.748046875 0.4052734375 0.748046875 0.37109375 0.748046875 0.3515625 0.74658203125 0.3515625 0.74267578125 0.3515625 0.74072265625 0.353515625 0.7392578125 0.3583984375 0.7373046875 0.373046875 0.736328125 0.4462890625 0.73486328125 0.4970703125 0.724609375 0.4970703125 0.7236328125 0.4921875 0.7197265625 0.4853515625 0.7197265625 0.462890625 0.71923828125 0.3798828125 0.712890625 0.384765625 0.7080078125 0.39453125 0.705078125 0.4033203125 0.697265625 0.4091796875 0.693359375 0.41015625 0.693359375 0.41796875 0.689453125 0.4248046875 0.68798828125 0.408203125 0.67626953125 0.400390625 0.66845703125 0.400390625 0.66552734375 0.400390625 0.66357421875 0.3955078125 0.666015625 0.3896484375 0.66552734375 0.3876953125 0.66259765625 0.3876953125 0.6591796875 0.3876953125 0.65869140625 0.3857421875 0.65771484375 0.3837890625 0.65673828125 0.3828125
4 0.95947265625 0.28515625 0.95703125 0.2783203125 0.9560546875 0.26171875 0.9580078125 0.244140625 0.9580078125 0.22265625 0.9580078125 0.2041015625 0.9638671875 0.18359375 0.9677734375 0.1708984375 0.96826171875 0.154296875 0.9697265625 0.138671875 0.97314453125 0.1259765625 0.97705078125 0.109375 0.98388671875 0.0986328125 0.98291015625 0.083984375 0.98486328125 0.0625 0.99609375 0.0517578125 1.0 0.041015625 1.0 0.3212890625 0.97021484375 0.298828125
5 0.64306640625 0.4404296875 0.65185546875 0.4423828125 0.65576171875 0.4541015625 0.65673828125 0.4697265625 0.65576171875 0.486328125 0.65234375 0.4853515625 0.6513671875 0.482421875 0.6494140625 0.484375 0.64697265625 0.4853515625 0.646484375 0.4814453125 0.6396484375 0.4814453125 0.638671875 0.4853515625 0.63671875 0.484375 0.634765625 0.48046875 0.63427734375 0.4794921875 0.6337890625 0.484375 0.630859375 0.4814453125 0.6298828125 0.47265625 0.6318359375 0.4541015625 0.6337890625 0.44921875 0.63818359375 0.44140625
