4 0.6796875 0.0009765625 0.74462890625 0.001953125 0.74462890625 0.0068359375 0.74267578125 0.0126953125 0.74560546875 0.021484375 0.74462890625 0.0302734375 0.74169921875 0.0419921875 0.7421875 0.05078125 0.74462890625 0.05078125 0.74658203125 0.0537109375 0.74462890625 0.060546875 0.73974609375 0.068359375 0.73974609375 0.078125 0.73876953125 0.083984375 0.73291015625 0.083984375 0.72998046875 0.0830078125 0.7294921875 0.0869140625 0.7294921875 0.091796875 0.72900390625 0.09765625 0.7265625 0.1015625 0.7255859375 0.1103515625 0.7255859375 0.1162109375 0.7236328125 0.1201171875 0.72412109375 0.125 0.72412109375 0.12890625 0.72216796875 0.130859375 0.71875 0.130859375 0.71630859375 0.1279296875 0.712890625 0.1259765625 0.7099609375 0.1279296875 0.7099609375 0.1337890625 0.70703125 0.1416015625 0.69775390625 0.099609375 0.68017578125 0.0078125 0.67919921875 0.0
4 0.70556640625 0.228515625 0.7119140625 0.2275390625 0.71435546875 0.236328125 0.71484375 0.23828125 0.71630859375 0.2392578125 0.71875 0.23828125 0.72021484375 0.2333984375 0.7265625 0.2294921875 0.7275390625 0.2392578125 0.72509765625 0.24609375 0.72216796875 0.25390625 0.72119140625 0.2646484375 0.72119140625 0.2734375 0.72265625 0.27734375 0.72412109375 0.279296875 0.72509765625 0.287109375 0.72607421875 0.2919921875 0.7314453125 0.29296875 0.73583984375 0.2939453125 0.7373046875 0.287109375 0.73779296875 0.27734375 0.74267578125 0.2724609375 0.7431640625 0.2822265625 0.74267578125 0.2958984375 0.74755859375 0.2958984375 0.7529296875 0.3037109375 0.75439453125 0.314453125 0.755859375 0.318359375 0.75732421875 0.31640625 0.7578125 0.306640625 0.7587890625 0.3037109375 0.76025390625 0.296875 0.76220703125 0.2939453125 0.76611328125 0.2919921875 0.7744140625 0.28515625 0.77587890625 0.279296875 0.783203125 0.26953125 0.794921875 0.265625 0.8125 0.328125 0.814453125 0.556640625 0.71484375 0.5283203125
4 0.90576171875 0.158203125 0.9169921875 0.150390625 0.92529296875 0.154296875 0.9287109375 0.158203125 0.93017578125 0.154296875 0.93212890625 0.150390625 0.9345703125 0.1494140625 0.9365234375 0.1455078125 0.94384765625 0.142578125 0.94921875 0.1474609375 0.94970703125 0.1572265625 0.91162109375 0.1796875
4 0.9892578125 0.12890625 0.98876953125 0.12109375 0.98974609375 0.115234375 0.9921875 0.1083984375 0.9951171875 0.1025390625 0.9951171875 0.0966796875 1.0 0.0888671875 0.99951171875 0.138671875
4 0.90380859375 0.044921875 0.90478515625 0.0361328125 0.908203125 0.03125 0.91259765625 0.0244140625 0.9130859375 0.0166015625 0.9130859375 0.0107421875 0.90869140625 0.0068359375 0.90869140625 0.0029296875 0.9990234375 0.0009765625 1.0 0.060546875 0.998046875 0.060546875 0.9970703125 0.0537109375 0.9970703125 0.04296875 0.998046875 0.0244140625 0.99853515625 0.01171875 0.99462890625 0.0166015625 0.9912109375 0.02734375 0.98828125 0.0302734375 0.98046875 0.0341796875 0.9755859375 0.0439453125 0.974609375 0.05859375 0.96875 0.07421875 0.96240234375 0.0849609375 0.958984375 0.0849609375 0.9560546875 0.076171875 0.95166015625 0.072265625 0.94921875 0.0693359375 0.95068359375 0.05859375 0.95068359375 0.0556640625 0.94921875 0.0546875 0.94482421875 0.0517578125 0.94091796875 0.05078125 0.9375 0.0537109375 0.9365234375 0.0615234375 0.93408203125 0.0703125 0.93017578125 0.08203125 0.92919921875 0.0859375 0.92529296875 0.087890625 0.92431640625 0.091796875 0.9208984375 0.091796875 0.91650390625 0.0869140625 0.919921875 0.076171875 0.91845703125 0.0673828125 0.92138671875 0.064453125 0.92333984375 0.05859375 0.9208984375 0.056640625 0.9140625 0.0498046875 0.912109375 0.048828125 0.90771484375 0.0478515625 0.90576171875 0.0478515625
2 0.783203125 0.384765625 0.79931640625 0.375 0.79833984375 0.3447265625 0.794921875 0.3427734375 0.79443359375 0.3369140625 0.79736328125 0.333984375 0.7978515625 0.2919921875 0.77685546875 0.28515625 0.77392578125 0.279296875 0.77294921875 0.275390625 0.77001953125 0.26953125 0.77294921875 0.2646484375 0.7724609375 0.259765625 0.8076171875 0.2392578125 0.87353515625 0.2021484375 0.916015625 0.169921875 0.98974609375 0.1240234375 1.0 0.1328125 0.99951171875 0.509765625 0.79248046875 0.4931640625 0.78955078125 0.3984375 0.7861328125 0.390625
3 0.71826171875 0.4951171875 0.72265625 0.494140625 0.72265625 0.4853515625 0.7314453125 0.48046875 0.732421875 0.4912109375 0.7548828125 0.490234375 0.79638671875 0.4814453125 0.9228515625 0.4814453125 0.9267578125 0.5283203125 0.79541015625 0.5361328125 0.71923828125 0.54296875
3 0.9814453125 0.53515625 0.97998046875 0.5068359375 0.96875 0.5009765625 0.96923828125 0.494140625 1.0 0.498046875 1.0 0.6318359375 0.98583984375 0.6259765625
2 0.0 0.001953125 0.70556640625 0.0009765625 0.72265625 0.638671875 0.3125 0.615234375 0.00048828125 0.6015625
5 0.5517578125 0.568359375 0.5751953125 0.5634765625 0.59619140625 0.5556640625 0.6201171875 0.5361328125 0.64208984375 0.529296875 0.66650390625 0.529296875 0.6962890625 0.5390625 0.7060546875 0.546875 0.7236328125 0.57421875 0.7265625 0.5849609375 0.7265625 0.6025390625 0.7275390625 0.6123046875 0.7265625 0.6279296875 0.720703125 0.630859375 0.7041015625 0.6357421875 0.58447265625 0.6259765625 0.55126953125 0.625 0.5390625 0.6201171875 0.54052734375 0.6083984375 0.54248046875 0.583984375 0.5458984375 0.5771484375 0.5498046875 0.5712890625
0 0.0 0.5859375 0.1015625 0.6015625 0.3662109375 0.6142578125 0.59716796875 0.625 0.791015625 0.6416015625 0.91845703125 0.646484375 1.0 0.6474609375 1.0 1.0 0.00048828125 1.0
1 0.75830078125 0.669921875 0.86376953125 0.658203125 0.94580078125 0.6533203125 0.99951171875 0.6513671875 0.9990234375 1.0 0.833984375 1.0 0.8076171875 0.958984375 0.75146484375 0.849609375 0.7294921875 0.8046875 0.7197265625 0.78125 0.7060546875 0.7421875 0.70068359375 0.7177734375 0.70068359375 0.7080078125 0.705078125 0.6904296875 0.71533203125 0.681640625 0.73291015625 0.6748046875 0.74658203125 0.671875
5 0.0087890625 0.4248046875 0.02880859375 0.46484375 0.05029296875 0.505859375 0.06201171875 0.5361328125 0.064453125 0.52734375 0.07666015625 0.525390625 0.087890625 0.5341796875 0.09326171875 0.5439453125 0.095703125 0.5556640625 0.09521484375 0.568359375 0.0927734375 0.5771484375 0.08837890625 0.5791015625 0.10009765625 0.6083984375 0.1044921875 0.6201171875 0.1142578125 0.65625 0.11669921875 0.6826171875 0.11669921875 0.7333984375 0.11474609375 0.7646484375 0.11328125 0.796875 0.11181640625 0.8388671875 0.109375 0.8662109375 0.09375 0.87890625 0.0751953125 0.884765625 0.06884765625 0.873046875 0.0625 0.849609375 0.02490234375 0.8896484375 0.0 0.9130859375 0.0 0.4169921875 0.00439453125 0.419921875 0.00634765625 0.4228515625
