3 0.45068359375 0.4140625 0.4599609375 0.4130859375 0.48193359375 0.412109375 0.49609375 0.41015625 0.51025390625 0.4091796875 0.51025390625 0.4306640625 0.482421875 0.4384765625 0.45068359375 0.439453125
1 0.033203125 0.4384765625 0.1015625 0.4189453125 0.24072265625 0.4326171875 0.22509765625 0.4482421875 0.1025390625 0.4697265625 0.0263671875 0.46484375 0.0302734375 0.44140625
0 0.0 0.462890625 0.33544921875 0.42578125 0.49755859375 0.39453125 0.587890625 0.390625 0.99951171875 0.3857421875 0.99951171875 0.9990234375 0.0 0.9990234375
1 0.85986328125 0.4267578125 0.76806640625 0.4375 0.5419921875 0.4541015625 0.55712890625 0.416015625 0.6943359375 0.4033203125 0.83447265625 0.4033203125
1 0.0439453125 0.421875 0.02587890625 0.455078125 0.10888671875 0.4775390625 0.20068359375 0.4716796875 0.205078125 0.423828125
2 0.46826171875 0.2060546875 0.5986328125 0.234375 0.5849609375 0.3994140625 0.48486328125 0.40234375
2 0.4326171875 0.0615234375 0.515625 0.056640625 0.51806640625 0.103515625 0.5693359375 0.1005859375 0.5654296875 0.2587890625 0.478515625 0.25390625
2 0.48486328125 0.2578125 0.49658203125 0.271484375 0.51708984375 0.2978515625 0.5126953125 0.3017578125 0.49658203125 0.291015625 0.509765625 0.3369140625 0.51123046875 0.3466796875 0.50390625 0.35546875 0.5048828125 0.376953125 0.50244140625 0.427734375 0.451171875 0.439453125 0.40673828125 0.4443359375 0.37744140625 0.455078125 0.259765625 0.455078125 0.158203125 0.4609375 0.0 0.4638671875 0.0009765625 0.0 0.4033203125 0.0 0.412109375 0.03125 0.41259765625 0.03515625 0.42626953125 0.0390625 0.43359375 0.0615234375 0.453125 0.06640625 0.4541015625 0.07421875 0.46533203125 0.076171875 0.48193359375 0.1376953125
2 0.55615234375 0.0 0.55859375 0.0390625 0.560546875 0.287109375 0.5615234375 0.44140625 0.6640625 0.4326171875 0.86572265625 0.421875 0.99951171875 0.412109375 0.99951171875 0.0
4 0.525390625 0.423828125 0.5263671875 0.4130859375 0.5263671875 0.4033203125 0.5263671875 0.3994140625 0.525390625 0.3974609375 0.5244140625 0.3974609375 0.52392578125 0.3935546875 0.5234375 0.3935546875 0.5234375 0.3935546875 0.5205078125 0.3935546875 0.51904296875 0.392578125 0.5166015625 0.392578125 0.513671875 0.392578125 0.51171875 0.3955078125 0.51318359375 0.4208984375
1 0.0 0.4658203125 0.21240234375 0.46875 0.212890625 0.5029296875 0.0 0.498046875
3 0.4072265625 0.451171875 0.40673828125 0.435546875 0.42138671875 0.43359375 0.43212890625 0.4326171875 0.4306640625 0.4501953125
3 0.34375 0.40234375 0.32958984375 0.4033203125 0.330078125 0.46484375 0.32373046875 0.466796875 0.337890625 0.4697265625 0.34033203125 0.462890625 0.36376953125 0.455078125
4 0.25927734375 0.4287109375 0.26025390625 0.4208984375 0.2626953125 0.4208984375 0.26416015625 0.421875 0.2685546875 0.421875 0.2744140625 0.421875 0.28173828125 0.419921875 0.28759765625 0.4189453125 0.294921875 0.4189453125 0.30029296875 0.419921875 0.30322265625 0.419921875 0.31298828125 0.41796875 0.31591796875 0.4169921875 0.3212890625 0.41796875 0.3291015625 0.4189453125 0.330078125 0.46484375 0.26318359375 0.4677734375
4 0.27392578125 0.4970703125 0.27978515625 0.4873046875 0.28076171875 0.4814453125 0.27978515625 0.4677734375 0.27978515625 0.451171875 0.28076171875 0.4443359375 0.2744140625 0.435546875 0.2685546875 0.4326171875 0.25927734375 0.4326171875 0.24853515625 0.4306640625 0.22705078125 0.423828125 0.21923828125 0.4296875 0.2138671875 0.435546875 0.19970703125 0.43359375 0.1923828125 0.43359375 0.18408203125 0.4404296875 0.1806640625 0.4482421875 0.173828125 0.455078125 0.17236328125 0.466796875 0.169921875 0.4775390625 0.16845703125 0.4892578125 0.1708984375 0.498046875 0.18701171875 0.501953125 0.1962890625 0.5009765625 0.2138671875 0.5009765625 0.21923828125 0.501953125 0.234375 0.501953125 0.2509765625 0.5048828125 0.26123046875 0.5078125 0.26708984375 0.5078125
4 0.06689453125 0.4638671875 0.05419921875 0.19140625 0.03662109375 0.1298828125 0.0185546875 0.1318359375 0.01611328125 0.138671875 0.01318359375 0.142578125 0.00732421875 0.146484375 0.0068359375 0.1494140625 0.0 0.1513671875 0.0 0.001953125 0.26123046875 0.0 0.26123046875 0.01171875 0.25927734375 0.0244140625 0.25244140625 0.0341796875 0.25048828125 0.0390625 0.25048828125 0.05078125 0.24267578125 0.060546875 0.24072265625 0.06640625 0.24365234375 0.0791015625 0.24560546875 0.0869140625 0.244140625 0.0986328125 0.23828125 0.103515625 0.23681640625 0.1103515625 0.23095703125 0.12890625 0.2255859375 0.14453125 0.21533203125 0.1513671875 0.2021484375 0.150390625 0.19482421875 0.142578125 0.1865234375 0.1435546875 0.18115234375 0.1416015625 0.171875 0.1474609375 0.15673828125 0.15625 0.1533203125 0.1630859375 0.13623046875 0.166015625 0.1328125 0.1572265625 0.12744140625 0.1455078125 0.119140625 0.134765625 0.11474609375 0.1318359375 0.1064453125 0.12109375 0.10546875 0.1435546875 0.10107421875 0.15625 0.091796875 0.1630859375 0.08251953125 0.1669921875 0.0771484375 0.1630859375 0.0703125 0.177734375 0.0791015625 0.41015625 0.0869140625 0.4677734375
3 0.45068359375 0.4140625 0.4599609375 0.4130859375 0.48193359375 0.412109375 0.51220703125 0.4072265625 0.51025390625 0.4306640625 0.49072265625 0.44140625 0.482421875 0.4384765625 0.45068359375 0.439453125
4 0.92333984375 0.0 0.9130859375 0.0126953125 0.9169921875 0.0234375 0.9091796875 0.03125 0.90283203125 0.03515625 0.8994140625 0.04296875 0.89892578125 0.0634765625 0.904296875 0.0732421875 0.9091796875 0.0810546875 0.89892578125 0.0986328125 0.89501953125 0.1279296875 0.88623046875 0.14453125 0.88525390625 0.17578125 0.892578125 0.193359375 0.8974609375 0.19921875 0.8974609375 0.2294921875 0.90234375 0.2451171875 0.904296875 0.2666015625 0.91162109375 0.2734375 0.9248046875 0.263671875 0.9404296875 0.2626953125 0.95263671875 0.2705078125 0.9580078125 0.2744140625 0.9765625 0.2724609375 0.984375 0.2705078125 0.99951171875 0.265625 0.99951171875 0.0
3 0.99951171875 0.3046875 0.89453125 0.33203125 0.89306640625 0.4287109375 0.90234375 0.431640625 0.90283203125 0.435546875 0.91552734375 0.4365234375 0.91650390625 0.4296875 0.93017578125 0.4296875 0.9296875 0.4365234375 0.94873046875 0.4384765625 0.955078125 0.4306640625 0.97412109375 0.43359375 0.974609375 0.4404296875 0.99951171875 0.44140625 0.99951171875 0.30859375 0.99951171875 0.298828125
1 0.99951171875 0.55859375 0.8291015625 0.5849609375 0.79296875 0.5986328125 0.76123046875 0.6142578125 0.740234375 0.6337890625 0.736328125 0.658203125 0.79345703125 0.7216796875 0.90673828125 0.833984375 0.939453125 0.8603515625 0.99951171875 0.880859375
1 0.0 0.6357421875 0.00830078125 0.6396484375 0.021484375 0.6494140625 0.03076171875 0.662109375 0.02587890625 0.677734375 0.0 0.701171875
