0 0.0 0.7392578125 0.69677734375 0.39453125 0.82666015625 0.3955078125 0.99951171875 0.44140625 0.99951171875 0.9990234375 0.0 0.9990234375
1 0.9609375 0.427734375 0.935546875 0.462890625 0.9453125 0.51171875 0.9619140625 0.525390625 0.99951171875 0.5595703125 0.9638671875 0.4287109375
1 0.69970703125 0.4375 0.71435546875 0.44140625 0.72607421875 0.44140625 0.7275390625 0.4453125 0.7255859375 0.4521484375 0.68994140625 0.4921875 0.2333984375 0.9990234375 0.0 0.9990234375 0.0 0.787109375 0.6708984375 0.4306640625
2 0.7451171875 0.1474609375 0.76513671875 0.1474609375 0.76513671875 0.1357421875 0.7724609375 0.1357421875 0.775390625 0.0 0.88232421875 0.0 0.88232421875 0.0224609375 0.88818359375 0.0244140625 0.8955078125 0.0302734375 0.8994140625 0.4091796875 0.80615234375 0.419921875 0.76953125 0.419921875 0.7099609375 0.4169921875 0.6962890625 0.4150390625 0.69287109375 0.142578125 0.74609375 0.15234375
5 0.69970703125 0.3916015625 0.703125 0.3955078125 0.70654296875 0.3974609375 0.70703125 0.3994140625 0.70703125 0.4072265625 0.7080078125 0.4130859375 0.70849609375 0.41796875 0.7080078125 0.419921875 0.69873046875 0.4208984375
4 0.70703125 0.0 0.7109375 0.0 0.71630859375 0.0 0.71875 0.0 0.720703125 0.0009765625 0.7236328125 0.001953125 0.72412109375 0.001953125 0.72509765625 0.0126953125 0.72509765625 0.013671875 0.724609375 0.0263671875 0.72216796875 0.025390625 0.7255859375 0.0322265625 0.7255859375 0.0322265625 0.7255859375 0.0361328125 0.7255859375 0.0478515625 0.7255859375 0.0478515625 0.7236328125 0.056640625 0.7236328125 0.0576171875 0.72998046875 0.0615234375 0.7333984375 0.064453125 0.7333984375 0.064453125 0.734375 0.0634765625 0.73779296875 0.0634765625 0.73876953125 0.06640625 0.7392578125 0.091796875 0.7392578125 0.091796875 0.74169921875 0.0966796875 0.7421875 0.0966796875 0.74462890625 0.1103515625 0.74462890625 0.1103515625 0.74609375 0.12109375 0.74951171875 0.12109375 0.75341796875 0.12109375 0.7578125 0.1259765625 0.75830078125 0.1279296875 0.75830078125 0.134765625 0.75927734375 0.140625 0.76123046875 0.1435546875 0.76318359375 0.146484375 0.76416015625 0.150390625 0.767578125 0.1552734375 0.76806640625 0.16015625 0.76708984375 0.1669921875 0.76220703125 0.1689453125 0.76318359375 0.1787109375 0.76318359375 0.1904296875 0.76318359375 0.197265625 0.76220703125 0.203125 0.75927734375 0.205078125 0.75634765625 0.205078125 0.75048828125 0.2060546875 0.7490234375 0.2158203125 0.7490234375 0.2197265625 0.74951171875 0.22265625 0.74951171875 0.228515625 0.751953125 0.2373046875 0.75244140625 0.2412109375 0.75146484375 0.25 0.74560546875 0.2607421875 0.74169921875 0.2666015625 0.7421875 0.2744140625 0.7431640625 0.2783203125 0.74365234375 0.2841796875 0.73681640625 0.2841796875 0.73583984375 0.2890625 0.7333984375 0.296875 0.73046875 0.30078125 0.7265625 0.3125 0.7314453125 0.3173828125 0.73291015625 0.3212890625 0.72802734375 0.3310546875 0.7265625 0.3310546875 0.7216796875 0.3349609375 0.72119140625 0.3369140625 0.71826171875 0.3330078125 0.71240234375 0.3291015625 0.708984375 0.3203125 0.70703125 0.3173828125 0.69677734375 0.30859375 0.68603515625 0.0
2 0.70263671875 0.0 0.71484375 0.0634765625 0.71240234375 0.0673828125 0.71240234375 0.0703125 0.70947265625 0.0712890625 0.7060546875 0.072265625 0.70068359375 0.3623046875 0.70068359375 0.4267578125 0.69775390625 0.4287109375 0.69482421875 0.4287109375 0.69140625 0.4326171875 0.67529296875 0.4521484375 0.6259765625 0.4794921875 0.4833984375 0.552734375 0.39013671875 0.6025390625 0.18115234375 0.72265625 0.166015625 0.71484375 0.0 0.8076171875 0.00048828125 0.0009765625
2 0.8994140625 0.0 0.88916015625 0.033203125 0.8876953125 0.0361328125 0.8935546875 0.0400390625 0.88671875 0.3935546875 0.96484375 0.4638671875 0.97265625 0.466796875 0.99951171875 0.4892578125 0.99951171875 0.0
5 0.8291015625 0.392578125 0.826171875 0.3916015625 0.81494140625 0.390625 0.81298828125 0.3935546875 0.81005859375 0.400390625 0.80908203125 0.400390625 0.80859375 0.40234375 0.80908203125 0.4033203125 0.80810546875 0.41015625 0.80712890625 0.4140625 0.80712890625 0.4208984375 0.8076171875 0.42578125 0.8095703125 0.42578125 0.8115234375 0.427734375 0.81298828125 0.427734375 0.8134765625 0.423828125 0.82373046875 0.4208984375
5 0.8515625 0.3955078125 0.84912109375 0.392578125 0.82958984375 0.390625 0.82470703125 0.4013671875 0.822265625 0.4052734375 0.8212890625 0.4091796875 0.8193359375 0.4091796875 0.81689453125 0.41015625 0.81591796875 0.4130859375 0.81689453125 0.4150390625 0.81884765625 0.416015625 0.81982421875 0.416015625 0.8173828125 0.4248046875 0.8173828125 0.4296875 0.81640625 0.4404296875 0.81640625 0.451171875 0.81640625 0.4541015625 0.8173828125 0.4560546875 0.82080078125 0.455078125 0.8212890625 0.458984375 0.82275390625 0.4599609375 0.8271484375 0.4599609375 0.83447265625 0.427734375
5 0.853515625 0.3955078125 0.83837890625 0.396484375 0.83349609375 0.404296875 0.82958984375 0.4140625 0.82861328125 0.4150390625 0.82666015625 0.4150390625 0.826171875 0.4150390625 0.82568359375 0.416015625 0.8251953125 0.4189453125 0.82861328125 0.419921875 0.82763671875 0.421875 0.82470703125 0.4306640625 0.82373046875 0.44140625 0.82470703125 0.4482421875 0.8251953125 0.4541015625 0.8251953125 0.4599609375 0.82763671875 0.4619140625 0.828125 0.4619140625 0.830078125 0.46484375 0.83251953125 0.46484375
5 0.87109375 0.39453125 0.84765625 0.3955078125 0.83837890625 0.4169921875 0.83544921875 0.4169921875 0.83349609375 0.4208984375 0.8349609375 0.423828125 0.8369140625 0.42578125 0.83447265625 0.4365234375 0.83349609375 0.44140625 0.83154296875 0.44921875 0.8310546875 0.4599609375 0.8310546875 0.4716796875 0.83251953125 0.474609375 0.8330078125 0.48046875 0.837890625 0.4833984375 0.84326171875 0.4814453125 0.84375 0.47265625 0.8564453125 0.4716796875
5 0.90625 0.3896484375 0.89013671875 0.3857421875 0.8818359375 0.3876953125 0.873046875 0.388671875 0.8642578125 0.4130859375 0.86181640625 0.4169921875 0.85791015625 0.4140625 0.8544921875 0.416015625 0.85302734375 0.4189453125 0.8544921875 0.421875 0.85791015625 0.421875 0.85986328125 0.4267578125 0.85791015625 0.43359375 0.85595703125 0.439453125 0.85498046875 0.443359375 0.8544921875 0.458984375 0.853515625 0.474609375 0.853515625 0.4912109375 0.85546875 0.4921875 0.85888671875 0.4931640625 0.85986328125 0.486328125 0.86328125 0.486328125 0.86328125 0.49609375 0.8642578125 0.4990234375 0.8671875 0.501953125 0.86865234375 0.501953125
5 0.95947265625 0.5263671875 0.9609375 0.5205078125 0.96240234375 0.5029296875 0.9638671875 0.490234375 0.96533203125 0.4755859375 0.9638671875 0.44921875 0.9580078125 0.4189453125 0.95263671875 0.4033203125 0.95068359375 0.396484375 0.9423828125 0.3916015625 0.8994140625 0.3896484375 0.892578125 0.392578125 0.8828125 0.4169921875 0.880859375 0.4267578125 0.88037109375 0.419921875 0.87353515625 0.4208984375 0.87158203125 0.42578125 0.87158203125 0.4296875 0.87890625 0.4306640625 0.87646484375 0.4375 0.87353515625 0.4453125 0.873046875 0.4521484375 0.87109375 0.45703125 0.86962890625 0.4658203125 0.8701171875 0.4765625 0.86962890625 0.4794921875 0.869140625 0.48828125 0.86865234375 0.5029296875 0.8701171875 0.5068359375 0.87548828125 0.5087890625 0.87744140625 0.5087890625 0.88037109375 0.5 0.8828125 0.5009765625 0.88232421875 0.5068359375 0.8828125 0.5146484375 0.88525390625 0.5185546875 0.89111328125 0.5185546875 0.89404296875 0.5185546875 0.896484375 0.5068359375 0.93115234375 0.5107421875 0.93115234375 0.5146484375 0.93115234375 0.51953125 0.93359375 0.521484375 0.9365234375 0.5224609375 0.939453125 0.5224609375 0.94140625 0.513671875 0.94873046875 0.5126953125 0.94873046875 0.5166015625 0.94873046875 0.5244140625 0.95263671875 0.5283203125 0.9560546875 0.5283203125
5 0.99951171875 0.5078125 0.99365234375 0.5205078125 0.99267578125 0.52734375 0.98974609375 0.5625 0.986328125 0.580078125 0.984375 0.6064453125 0.986328125 0.6318359375 0.9892578125 0.6435546875 0.99951171875 0.6494140625
