1 0.63916015625 0.3486328125 0.60888671875 0.3818359375 0.64697265625 0.46484375 0.701171875 0.498046875 0.73974609375 0.5068359375 0.8232421875 0.513671875 0.89013671875 0.5087890625 0.9794921875 0.5029296875 0.98486328125 0.3779296875
0 0.0 0.5205078125 0.5244140625 0.3857421875 0.5556640625 0.384765625 0.91748046875 0.390625 0.99951171875 0.45703125 0.99951171875 0.9990234375 0.0 0.9990234375
1 0.42529296875 0.396484375 0.44677734375 0.4189453125 0.4189453125 0.4306640625 0.0 0.583984375 0.0 0.5146484375 0.376953125 0.384765625
1 0.658203125 0.3671875 0.62255859375 0.388671875 0.6474609375 0.4658203125 0.71044921875 0.501953125 0.73486328125 0.5078125 0.78662109375 0.513671875 0.8681640625 0.51171875 0.99951171875 0.5048828125 0.96240234375 0.421875 0.65625 0.3642578125
2 0.50390625 0.3720703125 0.50341796875 0.357421875 0.51318359375 0.3564453125 0.51318359375 0.353515625 0.51708984375 0.353515625 0.51708984375 0.3564453125 0.52294921875 0.3564453125 0.52294921875 0.37109375
4 0.509765625 0.3671875 0.51171875 0.365234375 0.51416015625 0.3662109375 0.5166015625 0.3662109375 0.51806640625 0.365234375 0.521484375 0.3671875 0.52294921875 0.3671875 0.52490234375 0.3701171875 0.5263671875 0.3798828125 0.5263671875 0.3876953125 0.51318359375 0.388671875
4 0.53369140625 0.33984375 0.53076171875 0.337890625 0.5302734375 0.34375 0.53125 0.3466796875 0.52978515625 0.34765625 0.5283203125 0.3505859375 0.52587890625 0.3544921875 0.525390625 0.359375 0.5263671875 0.3642578125 0.52490234375 0.3642578125 0.5234375 0.3681640625 0.5224609375 0.3759765625 0.52294921875 0.380859375 0.5234375 0.3857421875 0.5234375 0.3916015625 0.525390625 0.396484375 0.5283203125 0.390625 0.5341796875 0.3828125
2 0.501953125 0.3701171875 0.5068359375 0.361328125 0.515625 0.380859375 0.515625 0.408203125 0.5 0.408203125 0.4990234375 0.3759765625
4 0.50244140625 0.3974609375 0.50634765625 0.39453125 0.50634765625 0.390625 0.5078125 0.3876953125 0.50927734375 0.380859375 0.50830078125 0.3759765625 0.5068359375 0.3720703125 0.50439453125 0.37109375 0.501953125 0.3701171875 0.50390625 0.3681640625 0.50537109375 0.3662109375 0.5048828125 0.3623046875 0.50146484375 0.361328125 0.50048828125 0.361328125
2 0.53173828125 0.33984375 0.533203125 0.3876953125 0.5263671875 0.3876953125 0.52734375 0.408203125 0.53955078125 0.4052734375 0.54296875 0.4052734375 0.546875 0.408203125 0.5615234375 0.408203125 0.56201171875 0.376953125 0.55908203125 0.203125 0.544921875 0.205078125 0.5439453125 0.2177734375 0.5390625 0.21875 0.53955078125 0.240234375 0.53662109375 0.2412109375 0.5361328125 0.251953125 0.53662109375 0.3203125 0.53369140625 0.330078125
2 0.6005859375 0.0 0.59130859375 0.0439453125 0.5849609375 0.0439453125 0.583984375 0.05078125 0.5830078125 0.0556640625 0.576171875 0.1025390625 0.5810546875 0.103515625 0.57763671875 0.126953125 0.5732421875 0.126953125 0.5634765625 0.1953125 0.5615234375 0.205078125 0.56005859375 0.2158203125 0.5595703125 0.2392578125 0.56005859375 0.2578125 0.560546875 0.2802734375 0.56103515625 0.3095703125 0.5615234375 0.4091796875 0.5751953125 0.412109375 0.646484375 0.4267578125 0.666015625 0.4267578125 0.66650390625 0.4365234375 0.76904296875 0.4609375 0.81884765625 0.4814453125 0.93701171875 0.4765625 0.99951171875 0.4765625 0.99951171875 0.0
2 0.50341796875 0.4033203125 0.50244140625 0.3642578125 0.4990234375 0.3564453125 0.4990234375 0.3486328125 0.49169921875 0.3408203125 0.490234375 0.3408203125 0.48876953125 0.3232421875 0.47998046875 0.3076171875 0.47216796875 0.30859375 0.4716796875 0.306640625 0.46630859375 0.306640625 0.46630859375 0.3095703125 0.4638671875 0.3095703125 0.4560546875 0.3076171875 0.45947265625 0.4091796875 0.4765625 0.4091796875 0.4794921875 0.408203125 0.490234375 0.408203125
2 0.4580078125 0.4169921875 0.4541015625 0.2255859375 0.40576171875 0.216796875 0.4052734375 0.1953125 0.40234375 0.1953125 0.3984375 0.0 0.0009765625 0.0 0.0 0.53125 0.1455078125 0.4892578125 0.216796875 0.474609375 0.37548828125 0.4306640625 0.39111328125 0.42578125 0.392578125 0.412109375 0.43505859375 0.4072265625 0.45361328125 0.41796875
5 0.5205078125 0.40234375 0.52294921875 0.3994140625 0.529296875 0.3974609375 0.53076171875 0.4033203125 0.53076171875 0.4150390625 0.52880859375 0.4150390625 0.52880859375 0.4130859375 0.5224609375 0.4130859375 0.5224609375 0.4150390625 0.5205078125 0.4150390625
5 0.50830078125 0.412109375 0.509765625 0.404296875 0.51123046875 0.3955078125 0.52001953125 0.3955078125 0.521484375 0.4033203125 0.52197265625 0.4091796875 0.52197265625 0.4150390625 0.52001953125 0.4150390625 0.52001953125 0.4130859375 0.51171875 0.4130859375 0.51123046875 0.416015625 0.50927734375 0.416015625
5 0.62744140625 0.3173828125 0.5810546875 0.318359375 0.57470703125 0.3330078125 0.572265625 0.345703125 0.57080078125 0.3662109375 0.57080078125 0.3671875 0.57080078125 0.3681640625 0.57080078125 0.37109375 0.57080078125 0.3779296875 0.5703125 0.3857421875 0.5693359375 0.421875 0.5673828125 0.4306640625 0.56787109375 0.4482421875 0.56884765625 0.453125 0.57470703125 0.4541015625 0.5751953125 0.4599609375 0.5810546875 0.4599609375 0.58203125 0.451171875 0.59130859375 0.4501953125 0.6357421875 0.376953125 0.63427734375 0.3408203125 0.6328125 0.3251953125 0.630859375 0.3203125
5 0.634765625 0.3759765625 0.60009765625 0.376953125 0.59716796875 0.37890625 0.591796875 0.3994140625 0.5908203125 0.40234375 0.58837890625 0.40234375 0.58447265625 0.4033203125 0.58447265625 0.408203125 0.5849609375 0.41015625 0.58984375 0.412109375 0.5869140625 0.421875 0.5849609375 0.4326171875 0.5859375 0.443359375 0.5869140625 0.4677734375 0.5908203125 0.4677734375 0.59130859375 0.4736328125 0.59765625 0.4736328125 0.59912109375 0.4609375 0.63134765625 0.4609375 0.63134765625 0.466796875 0.634765625 0.46875 0.63720703125 0.46875 0.6376953125 0.4609375 0.63916015625 0.4609375 0.63916015625 0.4716796875 0.642578125 0.4736328125 0.646484375 0.4716796875 0.64697265625 0.4482421875 0.6474609375 0.4365234375 0.64404296875 0.412109375 0.63916015625 0.3896484375
1 0.99951171875 0.5439453125 0.93310546875 0.548828125 0.83203125 0.5478515625 0.80810546875 0.5478515625 0.80517578125 0.56640625 0.99951171875 0.6875
5 0.99951171875 0.3955078125 0.98779296875 0.41015625 0.98095703125 0.4150390625 0.9765625 0.4150390625 0.9453125 0.427734375 0.9345703125 0.4375 0.927734375 0.45703125 0.927734375 0.4736328125 0.92822265625 0.4921875 0.9306640625 0.498046875 0.97412109375 0.5009765625 0.9775390625 0.5009765625 0.98681640625 0.51171875 0.99951171875 0.515625
3 0.4404296875 0.41796875 0.4404296875 0.4013671875 0.39013671875 0.400390625 0.390625 0.423828125 0.4150390625 0.421875 0.43505859375 0.41796875
5 0.2802734375 0.388671875 0.33154296875 0.384765625 0.34619140625 0.3857421875 0.35302734375 0.39453125 0.36328125 0.427734375 0.36669921875 0.431640625 0.37158203125 0.455078125 0.37255859375 0.4677734375 0.37353515625 0.47265625 0.37109375 0.4912109375 0.37158203125 0.50390625 0.37109375 0.525390625 0.3671875 0.5283203125 0.35986328125 0.53125 0.357421875 0.5146484375 0.349609375 0.51953125 0.3505859375 0.537109375 0.34521484375 0.54296875 0.33447265625 0.5439453125 0.33154296875 0.525390625 0.2607421875 0.53515625 0.26025390625 0.5478515625 0.2568359375 0.5546875 0.24560546875 0.5546875 0.2431640625 0.533203125 0.2431640625 0.5205078125 0.24169921875 0.501953125 0.24169921875 0.4736328125 0.25634765625 0.4443359375 0.2509765625 0.4423828125 0.24951171875 0.4375 0.25048828125 0.4296875 0.25634765625 0.4287109375 0.259765625 0.4306640625 0.26123046875 0.4365234375 0.26611328125 0.419921875 0.27490234375 0.3974609375
