0 0.0 0.40625 0.41796875 0.3642578125 0.55224609375 0.3427734375 0.6923828125 0.3662109375 0.99951171875 0.390625 0.99951171875 0.9990234375 0.0 0.9990234375
1 0.45458984375 0.373046875 0.462890625 0.384765625 0.46044921875 0.392578125 0.458984375 0.3994140625 0.44091796875 0.396484375 0.42822265625 0.3994140625 0.40087890625 0.4248046875 0.37255859375 0.455078125 0.29052734375 0.4619140625 0.0 0.4560546875 0.0 0.3544921875 0.32763671875 0.3330078125
1 0.99951171875 0.447265625 0.8369140625 0.4453125 0.74951171875 0.443359375 0.67138671875 0.4326171875 0.65478515625 0.4306640625 0.63037109375 0.4326171875 0.62841796875 0.435546875 0.62890625 0.443359375 0.716796875 0.455078125 0.890625 0.4609375 0.99951171875 0.462890625
1 0.99951171875 0.4423828125 0.9296875 0.4423828125 0.83984375 0.4326171875 0.744140625 0.4267578125 0.68798828125 0.41796875 0.66552734375 0.408203125 0.63818359375 0.41015625 0.57373046875 0.4091796875 0.54833984375 0.40234375 0.53662109375 0.3955078125 0.5234375 0.3935546875 0.51123046875 0.39453125 0.49853515625 0.3876953125 0.49609375 0.3828125 0.50146484375 0.3720703125 0.5380859375 0.3603515625 0.9130859375 0.345703125 0.9990234375 0.3740234375
2 0.45654296875 0.3232421875 0.47998046875 0.3232421875 0.4833984375 0.3759765625 0.474609375 0.380859375 0.455078125 0.373046875 0.45361328125 0.3291015625
2 0.47705078125 0.3798828125 0.47607421875 0.328125 0.4794921875 0.3193359375 0.478515625 0.3017578125 0.48095703125 0.3056640625 0.48046875 0.2998046875 0.482421875 0.2939453125 0.48095703125 0.287109375 0.48876953125 0.275390625 0.48876953125 0.2607421875 0.517578125 0.263671875 0.515625 0.3798828125 0.48876953125 0.37890625 0.4794921875 0.3759765625
4 0.53564453125 0.2470703125 0.529296875 0.2431640625 0.52734375 0.2412109375 0.52587890625 0.2353515625 0.521484375 0.2275390625 0.5166015625 0.2255859375 0.51220703125 0.2275390625 0.50927734375 0.236328125 0.50830078125 0.2373046875 0.50732421875 0.2392578125 0.50390625 0.240234375 0.50390625 0.240234375 0.49560546875 0.2333984375 0.49560546875 0.2333984375 0.49560546875 0.2392578125 0.49462890625 0.2451171875 0.494140625 0.2490234375 0.494140625 0.2529296875 0.49365234375 0.2578125 0.4892578125 0.2685546875 0.48876953125 0.2783203125 0.48876953125 0.2822265625 0.48876953125 0.287109375 0.48876953125 0.2998046875 0.48876953125 0.302734375 0.48828125 0.3056640625 0.4873046875 0.3125 0.48828125 0.314453125 0.48876953125 0.3173828125 0.48828125 0.3193359375 0.48681640625 0.3232421875 0.484375 0.326171875 0.48486328125 0.330078125 0.48583984375 0.33203125 0.48681640625 0.3349609375 0.4873046875 0.33984375 0.48876953125 0.3408203125 0.490234375 0.3408203125 0.4892578125 0.3447265625 0.49072265625 0.3447265625 0.4921875 0.349609375 0.49365234375 0.349609375 0.494140625 0.3505859375 0.4990234375 0.3544921875 0.50048828125 0.359375 0.50439453125 0.3603515625 0.5078125 0.365234375 0.50927734375 0.3662109375 0.515625 0.3681640625 0.51953125 0.3701171875 0.52734375 0.369140625 0.53466796875 0.37109375 0.537109375 0.3681640625
4 0.4560546875 0.345703125 0.45849609375 0.3466796875 0.45849609375 0.341796875 0.45849609375 0.3408203125 0.45947265625 0.3408203125 0.45947265625 0.33984375 0.4599609375 0.337890625 0.4619140625 0.3330078125 0.4619140625 0.3310546875 0.46044921875 0.328125 0.46044921875 0.32421875 0.4609375 0.3232421875 0.46240234375 0.3173828125 0.46044921875 0.3125 0.4599609375 0.310546875 0.4599609375 0.30859375 0.4609375 0.3046875 0.4619140625 0.302734375 0.46044921875 0.296875 0.45947265625 0.2939453125 0.4560546875 0.2880859375 0.45458984375 0.2861328125 0.453125 0.2744140625 0.45068359375 0.271484375 0.44873046875 0.271484375 0.44970703125 0.26171875 0.44384765625 0.2568359375
4 0.490234375 0.3681640625 0.4921875 0.359375 0.49560546875 0.359375 0.49658203125 0.359375 0.49951171875 0.3603515625 0.50048828125 0.361328125 0.50146484375 0.3681640625
4 0.484375 0.3818359375 0.48486328125 0.3681640625 0.49072265625 0.369140625 0.49169921875 0.3671875 0.4931640625 0.3662109375 0.4951171875 0.3662109375 0.498046875 0.3701171875 0.51806640625 0.3701171875 0.52734375 0.3701171875 0.5263671875 0.3828125 0.49560546875 0.3779296875 0.490234375 0.3759765625 0.48779296875 0.3779296875 0.48779296875 0.380859375
2 0.35986328125 0.060546875 0.38232421875 0.060546875 0.412109375 0.138671875 0.421875 0.1494140625 0.42333984375 0.169921875 0.4208984375 0.17578125 0.44091796875 0.2138671875 0.44873046875 0.2275390625 0.45068359375 0.2431640625 0.4482421875 0.24609375 0.44775390625 0.2548828125 0.44873046875 0.2763671875 0.45263671875 0.2861328125 0.4541015625 0.3046875 0.45458984375 0.31640625 0.455078125 0.341796875 0.4580078125 0.3486328125 0.45849609375 0.376953125 0.447265625 0.39453125 0.33203125 0.3916015625 0.33837890625 0.0576171875
2 0.33984375 0.412109375 0.34033203125 0.2958984375 0.3701171875 0.296875 0.3701171875 0.12890625 0.36767578125 0.1220703125 0.3681640625 0.0810546875 0.36181640625 0.0595703125 0.35986328125 0.0 0.0009765625 0.0 0.0 0.4384765625 0.240234375 0.4384765625
2 0.533203125 0.3798828125 0.5322265625 0.24609375 0.580078125 0.1650390625 0.62744140625 0.166015625 0.62890625 0.2841796875 0.6376953125 0.322265625 0.63623046875 0.3857421875 0.60791015625 0.3857421875 0.583984375 0.3837890625
4 0.62939453125 0.2470703125 0.623046875 0.251953125 0.62255859375 0.251953125 0.62060546875 0.2548828125 0.61474609375 0.259765625 0.61181640625 0.265625 0.61474609375 0.2734375 0.6171875 0.27734375 0.61767578125 0.28515625 0.61328125 0.2880859375 0.61328125 0.2939453125 0.6142578125 0.3017578125 0.61572265625 0.3056640625 0.6171875 0.310546875 0.6171875 0.3212890625 0.619140625 0.322265625 0.619140625 0.330078125 0.61767578125 0.3310546875 0.6171875 0.3310546875 0.61669921875 0.3408203125 0.6171875 0.3427734375 0.61865234375 0.345703125 0.619140625 0.3544921875 0.61865234375 0.361328125 0.61767578125 0.361328125 0.61669921875 0.369140625 0.615234375 0.3720703125 0.61376953125 0.3759765625 0.61328125 0.3759765625 0.6171875 0.3798828125 0.63134765625 0.3798828125 0.6357421875 0.3779296875 0.6376953125 0.2724609375
2 0.6318359375 0.39453125 0.63330078125 0.3251953125 0.63134765625 0.3095703125 0.62841796875 0.306640625 0.62744140625 0.294921875 0.62890625 0.0 0.99951171875 0.0 0.99951171875 0.4140625 0.9892578125 0.4072265625 0.98876953125 0.416015625 0.986328125 0.4189453125 0.982421875 0.4208984375 0.9775390625 0.421875 0.97265625 0.4208984375 0.97021484375 0.41796875 0.96875 0.4130859375 0.9638671875 0.4189453125 0.95654296875 0.419921875 0.94873046875 0.4150390625 0.8427734375 0.4169921875 0.8134765625 0.41015625 0.80615234375 0.4130859375 0.8017578125 0.4091796875 0.77587890625 0.3974609375 0.740234375 0.4033203125 0.6767578125 0.4091796875
5 0.4677734375 0.3671875 0.474609375 0.3671875 0.4765625 0.369140625 0.48046875 0.369140625 0.4814453125 0.376953125 0.48095703125 0.3818359375 0.48095703125 0.384765625 0.478515625 0.384765625 0.47802734375 0.3916015625 0.47509765625 0.3916015625 0.47509765625 0.388671875 0.46533203125 0.3896484375 0.46484375 0.392578125 0.46240234375 0.392578125 0.4619140625 0.388671875 0.46044921875 0.3837890625 0.4580078125 0.3837890625 0.458984375 0.3681640625 0.46484375 0.369140625
4 0.435546875 0.3798828125 0.435546875 0.3720703125 0.4345703125 0.3681640625 0.4345703125 0.3603515625 0.43359375 0.353515625 0.4345703125 0.341796875 0.43896484375 0.337890625 0.4423828125 0.33984375 0.44189453125 0.3544921875 0.44140625 0.3681640625 0.4404296875 0.37109375 0.4384765625 0.3740234375
1 0.00048828125 0.544921875 0.06591796875 0.556640625 0.07470703125 0.568359375 0.0751953125 0.5751953125 0.0712890625 0.58203125 0.0 0.630859375
1 0.9990234375 0.5263671875 0.97216796875 0.52734375 0.92431640625 0.53125 0.87939453125 0.5361328125 0.86328125 0.54296875 0.85791015625 0.552734375 0.85888671875 0.5615234375 0.99951171875 0.634765625
