0 0.0 0.59765625 0.3388671875 0.400390625 0.40576171875 0.3544921875 0.99951171875 0.5283203125 0.99951171875 0.9990234375 0.0 0.9990234375
1 0.38818359375 0.396484375 0.3623046875 0.4169921875 0.3740234375 0.431640625 0.43408203125 0.5087890625 0.87841796875 0.9990234375 0.99951171875 0.9990234375 0.99951171875 0.35546875 0.41015625 0.384765625
2 0.35791015625 0.345703125 0.36767578125 0.3447265625 0.36669921875 0.396484375 0.361328125 0.4140625 0.3564453125 0.4091796875 0.33935546875 0.41015625 0.34033203125 0.341796875
2 0.0 0.130859375 0.31201171875 0.37109375 0.3193359375 0.40234375 0.0 0.50390625
2 0.3564453125 0.41015625 0.35595703125 0.376953125 0.361328125 0.3740234375 0.361328125 0.3798828125 0.36279296875 0.3798828125 0.3623046875 0.365234375 0.36328125 0.353515625 0.36474609375 0.34765625 0.36669921875 0.3427734375 0.36669921875 0.3349609375 0.36865234375 0.3330078125 0.36865234375 0.32421875 0.375 0.3095703125 0.37109375 0.30859375 0.37255859375 0.2998046875 0.376953125 0.2998046875 0.37646484375 0.291015625 0.37890625 0.2900390625 0.37890625 0.28515625 0.38134765625 0.2822265625 0.38037109375 0.2783203125 0.38330078125 0.275390625 0.38427734375 0.2705078125 0.3828125 0.2666015625 0.38818359375 0.248046875 0.38818359375 0.212890625 0.39013671875 0.203125 0.39892578125 0.201171875 0.400390625 0.193359375 0.400390625 0.1884765625 0.4091796875 0.1533203125 0.41259765625 0.1533203125 0.4130859375 0.1650390625 0.41455078125 0.1650390625 0.41455078125 0.1552734375 0.41748046875 0.1474609375 0.41748046875 0.1416015625 0.41552734375 0.140625 0.4150390625 0.138671875 0.41650390625 0.1318359375 0.41552734375 0.1123046875 0.427734375 0.0615234375 0.42724609375 0.046875 0.43896484375 0.0 0.6845703125 0.0 0.71484375 0.474609375 0.505859375 0.4443359375 0.45068359375 0.4306640625 0.43408203125 0.4287109375
2 0.650390625 0.0 0.6533203125 0.1220703125 0.650390625 0.1259765625 0.65478515625 0.2001953125 0.66259765625 0.201171875 0.669921875 0.4853515625 0.75634765625 0.50390625 0.890625 0.53125 0.89794921875 0.525390625 0.93017578125 0.533203125 0.93115234375 0.5439453125 0.9990234375 0.556640625 0.99951171875 0.0
4 0.3408203125 0.4091796875 0.34033203125 0.392578125 0.345703125 0.3916015625 0.34716796875 0.388671875 0.34716796875 0.388671875 0.34912109375 0.3857421875 0.35009765625 0.384765625 0.35009765625 0.3798828125 0.35107421875 0.376953125 0.35107421875 0.373046875 0.35107421875 0.37109375 0.3515625 0.3681640625 0.3525390625 0.3662109375 0.35546875 0.3583984375 0.35546875 0.357421875 0.35302734375 0.357421875 0.345703125 0.353515625 0.3330078125 0.3544921875 0.326171875 0.35546875 0.33740234375 0.392578125 0.33837890625 0.412109375
4 0.33544921875 0.4150390625 0.3349609375 0.4091796875 0.3349609375 0.3876953125 0.33984375 0.373046875 0.3505859375 0.369140625 0.35498046875 0.369140625 0.3583984375 0.3583984375 0.35888671875 0.357421875 0.35888671875 0.357421875 0.35986328125 0.3525390625 0.36083984375 0.34765625 0.36083984375 0.345703125 0.36181640625 0.34375 0.36279296875 0.3408203125 0.36376953125 0.3408203125 0.36376953125 0.3408203125 0.3642578125 0.3359375 0.36279296875 0.3359375 0.36279296875 0.328125 0.3623046875 0.3251953125 0.35986328125 0.3232421875 0.359375 0.3125 0.359375 0.3095703125 0.36083984375 0.3076171875 0.36083984375 0.2939453125 0.36474609375 0.291015625 0.36572265625 0.287109375 0.36376953125 0.275390625 0.36279296875 0.2705078125 0.35302734375 0.2685546875 0.3583984375 0.263671875 0.35693359375 0.2548828125 0.35693359375 0.2529296875 0.35498046875 0.2509765625 0.35107421875 0.24609375 0.3505859375 0.2412109375 0.3515625 0.2353515625 0.35205078125 0.2236328125 0.349609375 0.2216796875 0.34765625 0.2177734375 0.3447265625 0.21484375 0.34375 0.2099609375 0.34130859375 0.2001953125 0.34033203125 0.1982421875 0.337890625 0.19140625 0.3349609375 0.1865234375 0.32470703125 0.1865234375 0.32080078125 0.189453125 0.3076171875 0.1923828125 0.30419921875 0.19140625 0.32958984375 0.388671875 0.33154296875 0.41796875
4 0.3330078125 0.419921875 0.33154296875 0.3779296875 0.34130859375 0.3603515625 0.34326171875 0.359375 0.34423828125 0.3583984375 0.34765625 0.3525390625 0.35546875 0.341796875 0.35498046875 0.33203125 0.35546875 0.3203125 0.35595703125 0.3134765625 0.35791015625 0.30859375 0.35986328125 0.306640625 0.36376953125 0.302734375 0.3642578125 0.2958984375 0.36572265625 0.28515625 0.3671875 0.2734375 0.3642578125 0.2626953125 0.36279296875 0.259765625 0.361328125 0.2568359375 0.35693359375 0.251953125 0.3525390625 0.248046875 0.33740234375 0.23828125 0.3359375 0.2373046875 0.3291015625 0.236328125 0.314453125 0.25 0.302734375 0.296875 0.29931640625 0.337890625 0.30224609375 0.369140625 0.32373046875 0.3818359375 0.32470703125 0.41796875
4 0.32275390625 0.421875 0.3212890625 0.3564453125 0.33154296875 0.3544921875 0.33203125 0.3544921875 0.33447265625 0.3525390625 0.33740234375 0.3505859375 0.3388671875 0.349609375 0.3408203125 0.34765625 0.3427734375 0.345703125 0.34423828125 0.34375 0.3447265625 0.34375 0.34912109375 0.3427734375 0.35009765625 0.3427734375 0.3515625 0.3427734375 0.35498046875 0.33984375 0.357421875 0.333984375 0.35888671875 0.3251953125 0.3583984375 0.306640625 0.35888671875 0.296875 0.359375 0.2939453125 0.361328125 0.2900390625 0.36328125 0.2900390625 0.36328125 0.2890625 0.36572265625 0.283203125 0.3642578125 0.27734375 0.35986328125 0.26171875 0.35546875 0.2568359375 0.353515625 0.251953125 0.3486328125 0.2431640625 0.34765625 0.2392578125 0.34765625 0.234375 0.34765625 0.2255859375 0.34375 0.2158203125 0.34130859375 0.2109375 0.33935546875 0.19921875 0.3349609375 0.19140625 0.3212890625 0.18359375 0.30126953125 0.19921875 0.2880859375 0.236328125 0.31591796875 0.3671875 0.3193359375 0.419921875
4 0.31787109375 0.423828125 0.31689453125 0.380859375 0.31982421875 0.35546875 0.32080078125 0.3427734375 0.32568359375 0.328125 0.32568359375 0.314453125 0.32666015625 0.2939453125 0.337890625 0.2890625 0.33447265625 0.2763671875 0.3359375 0.25390625 0.32861328125 0.22265625 0.3173828125 0.2041015625 0.296875 0.2294921875 0.26806640625 0.2353515625 0.26318359375 0.2470703125 0.26611328125 0.2685546875 0.26904296875 0.2998046875 0.2724609375 0.3193359375 0.2763671875 0.3310546875 0.28173828125 0.3408203125 0.28515625 0.3447265625 0.28955078125 0.3544921875 0.29296875 0.361328125 0.29736328125 0.3671875 0.30029296875 0.37109375 0.30322265625 0.373046875 0.3046875 0.380859375 0.31005859375 0.421875
4 0.3076171875 0.4150390625 0.2919921875 0.416015625 0.27197265625 0.416015625 0.23681640625 0.4208984375 0.20849609375 0.42578125 0.1943359375 0.427734375 0.19140625 0.423828125 0.10009765625 0.4287109375 0.0 0.4326171875 0.0 0.4970703125 0.103515625 0.48046875 0.1083984375 0.4677734375 0.11083984375 0.455078125 0.11376953125 0.4541015625 0.1171875 0.453125 0.12109375 0.4541015625 0.123046875 0.4541015625 0.12548828125 0.4521484375 0.12646484375 0.4521484375 0.13427734375 0.4541015625 0.13818359375 0.4560546875 0.1455078125 0.455078125 0.18310546875 0.44140625 0.1923828125 0.4384765625 0.19482421875 0.435546875 0.20166015625 0.435546875 0.24560546875 0.4384765625 0.275390625 0.4306640625 0.30908203125 0.4248046875
4 0.0 0.3330078125 0.00732421875 0.330078125 0.01220703125 0.330078125 0.02490234375 0.330078125 0.03125 0.322265625 0.0400390625 0.3125 0.04736328125 0.302734375 0.0556640625 0.294921875 0.06494140625 0.28515625 0.07177734375 0.2783203125 0.08544921875 0.2666015625 0.0888671875 0.2587890625 0.09716796875 0.2314453125 0.10546875 0.2021484375 0.10791015625 0.1513671875 0.1025390625 0.115234375 0.08935546875 0.091796875 0.07568359375 0.048828125 0.072265625 0.0 0.0 0.0009765625 0.0 0.328125
1 0.2919921875 0.43359375 0.3115234375 0.43359375 0.3017578125 0.4404296875 0.27392578125 0.4384765625 0.27734375 0.435546875
4 0.283203125 0.4404296875 0.28955078125 0.44140625 0.2919921875 0.4404296875 0.28955078125 0.4169921875 0.2861328125 0.3486328125 0.28564453125 0.2861328125 0.29052734375 0.2685546875 0.2958984375 0.2529296875 0.29736328125 0.2470703125 0.3046875 0.2353515625 0.310546875 0.2275390625 0.322265625 0.2236328125 0.3330078125 0.2216796875 0.34033203125 0.2158203125 0.34375 0.205078125 0.3447265625 0.1943359375 0.345703125 0.181640625 0.3466796875 0.17578125 0.35546875 0.1767578125 0.36083984375 0.1767578125 0.36962890625 0.1875 0.37109375 0.1884765625 0.3759765625 0.1884765625 0.37890625 0.1884765625 0.3818359375 0.1806640625 0.38232421875 0.1767578125 0.38330078125 0.166015625 0.38427734375 0.1591796875 0.38671875 0.150390625 0.3876953125 0.146484375 0.39453125 0.1357421875 0.39794921875 0.126953125 0.400390625 0.111328125 0.4033203125 0.103515625 0.40576171875 0.09765625 0.41015625 0.0986328125 0.41845703125 0.091796875 0.41845703125 0.08203125 0.41748046875 0.0732421875 0.41650390625 0.0673828125 0.41552734375 0.0546875 0.416015625 0.0400390625 0.416015625 0.01953125 0.41650390625 0.0 0.416015625 0.0 0.2138671875 0.0 0.21240234375 0.0625 0.2109375 0.1142578125 0.224609375 0.146484375 0.240234375 0.169921875 0.2578125 0.21875 0.26318359375 0.251953125 0.275390625 0.296875 0.279296875 0.4375
4 0.267578125 0.4453125 0.27197265625 0.4404296875 0.27880859375 0.4443359375 0.2744140625 0.421875 0.2666015625 0.3095703125 0.26513671875 0.2880859375 0.26513671875 0.23046875 0.275390625 0.203125 0.27978515625 0.19140625 0.2900390625 0.177734375 0.30126953125 0.1650390625 0.30712890625 0.1552734375 0.314453125 0.1572265625 0.328125 0.1650390625 0.34033203125 0.166015625 0.35498046875 0.16015625 0.3623046875 0.16015625 0.3740234375 0.158203125 0.3818359375 0.1533203125 0.38671875 0.1494140625 0.38818359375 0.12890625 0.38818359375 0.1123046875 0.38623046875 0.0908203125 0.3818359375 0.078125 0.376953125 0.05859375 0.36962890625 0.044921875 0.36767578125 0.0439453125 0.3271484375 0.021484375 0.31591796875 0.0068359375 0.30322265625 0.0 0.06640625 0.0 0.06640625 0.0 0.06689453125 0.013671875 0.06884765625 0.0380859375 0.0673828125 0.056640625 0.06640625 0.0830078125 0.06689453125 0.107421875 0.064453125 0.1357421875 0.0673828125 0.1826171875 0.07080078125 0.2099609375 0.07177734375 0.24609375 0.0712890625 0.265625 0.06982421875 0.28125 0.0830078125 0.3095703125 0.09033203125 0.3349609375 0.09619140625 0.3486328125 0.10302734375 0.3544921875 0.111328125 0.3603515625 0.123046875 0.3603515625 0.13525390625 0.3662109375 0.1435546875 0.369140625 0.1533203125 0.3681640625 0.1650390625 0.3623046875 0.17529296875 0.3662109375 0.18212890625 0.3623046875 0.185546875 0.3623046875 0.1884765625 0.365234375 0.1953125 0.3623046875 0.2001953125 0.3544921875 0.2060546875 0.3505859375 0.21923828125 0.3447265625 0.22265625 0.345703125 0.2294921875 0.34765625 0.23681640625 0.349609375 0.2421875 0.34765625 0.24365234375 0.431640625 0.240234375 0.4501953125 0.24755859375 0.44921875 0.25390625 0.453125 0.2578125 0.451171875 0.263671875 0.4501953125 0.259765625 0.4287109375 0.25732421875 0.359375 0.26416015625 0.4169921875 0.265625 0.44140625
4 0.21435546875 0.4599609375 0.22119140625 0.46484375 0.23046875 0.4638671875 0.23828125 0.46484375 0.232421875 0.4326171875 0.22998046875 0.224609375 0.22998046875 0.09375 0.234375 0.0947265625 0.240234375 0.091796875 0.24951171875 0.08984375 0.25634765625 0.0908203125 0.265625 0.0927734375 0.27197265625 0.09375 0.29638671875 0.0869140625 0.3056640625 0.0849609375 0.314453125 0.0830078125 0.3232421875 0.0673828125 0.3310546875 0.0546875 0.333984375 0.0380859375 0.3349609375 0.0224609375 0.33740234375 0.0 0.02001953125 0.0009765625 0.017578125 0.0234375 0.029296875 0.03125 0.04052734375 0.041015625 0.05517578125 0.052734375 0.0771484375 0.0615234375 0.099609375 0.0625 0.12353515625 0.0693359375 0.1357421875 0.0732421875 0.1552734375 0.0927734375 0.16796875 0.1064453125 0.17822265625 0.1279296875 0.1826171875 0.1337890625 0.19140625 0.134765625 0.1953125 0.1376953125 0.19775390625 0.1376953125 0.20849609375 0.1376953125 0.2109375 0.4375 0.20703125 0.4658203125
4 0.1513671875 0.4912109375 0.162109375 0.4931640625 0.17822265625 0.4951171875 0.189453125 0.4921875 0.18603515625 0.486328125 0.16748046875 0.2783203125 0.1552734375 0.046875 0.1669921875 0.0068359375 0.17236328125 0.0009765625 0.0966796875 0.0048828125 0.1005859375 0.0185546875 0.1123046875 0.02734375 0.12255859375 0.0361328125 0.12548828125 0.04296875 0.13037109375 0.048828125 0.13818359375 0.275390625 0.15087890625 0.3974609375 0.14208984375 0.4873046875
5 0.3466796875 0.4052734375 0.34326171875 0.4052734375 0.3427734375 0.408203125 0.3427734375 0.4130859375 0.34375 0.4140625 0.34375 0.4130859375 0.34619140625 0.4130859375 0.34716796875 0.4140625 0.34716796875 0.41015625
5 0.353515625 0.4052734375 0.35107421875 0.4052734375 0.35009765625 0.41015625 0.35009765625 0.4140625 0.3505859375 0.4140625 0.35107421875 0.4130859375 0.353515625 0.4130859375 0.3544921875 0.4140625 0.35498046875 0.4140625 0.35498046875 0.4091796875
5 0.4248046875 0.3876953125 0.4228515625 0.380859375 0.42138671875 0.37890625 0.40087890625 0.3818359375 0.396484375 0.3837890625 0.392578125 0.390625 0.390625 0.40625 0.388671875 0.404296875 0.38671875 0.404296875 0.38623046875 0.408203125 0.38671875 0.4091796875 0.38818359375 0.412109375 0.3876953125 0.41796875 0.3876953125 0.42578125 0.38818359375 0.435546875 0.388671875 0.4443359375 0.39111328125 0.4482421875 0.39404296875 0.4482421875 0.39404296875 0.4404296875 0.39794921875 0.4404296875
5 0.44091796875 0.4482421875 0.43994140625 0.4189453125 0.4365234375 0.4072265625 0.43701171875 0.4052734375 0.4365234375 0.40234375 0.43505859375 0.40234375 0.43115234375 0.390625 0.42724609375 0.3876953125 0.40478515625 0.3896484375 0.4013671875 0.3974609375 0.3984375 0.41015625 0.39794921875 0.408203125 0.39453125 0.41015625 0.3935546875 0.4140625 0.396484375 0.4150390625 0.396484375 0.42578125 0.3955078125 0.4384765625 0.3974609375 0.4501953125 0.39794921875 0.455078125 0.40234375 0.45703125 0.40478515625 0.455078125 0.4052734375 0.451171875 0.41796875 0.4453125 0.4306640625 0.4443359375 0.43115234375 0.4501953125 0.43359375 0.4521484375 0.4365234375 0.4521484375
3 0.51318359375 0.3330078125 0.48486328125 0.34765625 0.4873046875 0.4482421875 0.51513671875 0.466796875 0.61767578125 0.49609375 0.662109375 0.4970703125 0.67333984375 0.4912109375 0.650390625 0.2744140625
3 0.60498046875 0.4765625 0.6015625 0.3828125 0.63623046875 0.37890625 0.67822265625 0.376953125 0.7890625 0.359375 0.79638671875 0.4970703125 0.80615234375 0.49609375 0.8203125 0.5068359375 0.8134765625 0.515625 0.7900390625 0.5263671875 0.77392578125 0.5185546875 0.77392578125 0.5087890625 0.78515625 0.498046875 0.716796875 0.5 0.7158203125 0.5029296875 0.68212890625 0.5244140625 0.6650390625 0.515625 0.67431640625 0.4990234375
