0 0.46728515625 0.400390625 0.57666015625 0.4169921875 0.71630859375 0.494140625 1.0 0.732421875 1.0 1.0 0.0 1.0 0.0 0.5419921875 0.4326171875 0.41796875
2 0.48876953125 0.2978515625 0.50244140625 0.2978515625 0.51318359375 0.2490234375 0.517578125 0.248046875 0.52197265625 0.2255859375 0.52392578125 0.248046875 0.5400390625 0.2451171875 0.5439453125 0.23828125 0.54296875 0.2138671875 0.54638671875 0.2109375 0.54736328125 0.2265625 0.55810546875 0.2099609375 0.560546875 0.1875 0.564453125 0.181640625 0.564453125 0.1748046875 0.5693359375 0.1640625 0.5693359375 0.1533203125 0.57470703125 0.1455078125 0.58056640625 0.1220703125 0.6201171875 0.0673828125 0.6181640625 0.0576171875 0.6240234375 0.044921875 0.6259765625 0.0 1.0 0.0 1.0 0.6611328125 0.71826171875 0.486328125 0.57861328125 0.431640625 0.537109375 0.4140625 0.49853515625 0.41796875 0.42333984375 0.4453125 0.08740234375 0.5859375 0.0 0.6279296875 0.0 0.0 0.4306640625 0.0 0.4443359375 0.056640625 0.4501953125 0.0576171875 0.44970703125 0.0478515625 0.45458984375 0.044921875 0.45947265625 0.1416015625 0.4677734375 0.150390625 0.47265625 0.171875 0.4677734375 0.1787109375 0.46630859375 0.197265625 0.4697265625 0.1962890625 0.478515625 0.2138671875 0.47607421875 0.2236328125 0.48291015625 0.2333984375 0.48388671875 0.2724609375 0.48779296875 0.2802734375
4 0.51611328125 0.3564453125 0.52490234375 0.3544921875 0.5302734375 0.353515625 0.53515625 0.3515625 0.53515625 0.34375 0.53662109375 0.322265625 0.54248046875 0.30859375 0.5458984375 0.3017578125 0.54833984375 0.3125 0.548828125 0.3759765625 0.5380859375 0.3818359375 0.53369140625 0.3828125 0.529296875 0.3828125 0.5263671875 0.3828125 0.52197265625 0.3818359375 0.515625 0.3779296875 0.51025390625 0.3779296875 0.5087890625 0.3642578125 0.51220703125 0.35546875
5 0.47265625 0.388671875 0.4873046875 0.390625 0.49072265625 0.404296875 0.490234375 0.427734375 0.4873046875 0.4296875 0.48486328125 0.423828125 0.4765625 0.423828125 0.474609375 0.42578125 0.470703125 0.423828125 0.46826171875 0.4130859375 0.46875 0.4013671875 0.470703125 0.3916015625
5 0.43603515625 0.388671875 0.4404296875 0.4140625 0.44189453125 0.4189453125 0.4423828125 0.412109375 0.4482421875 0.4130859375 0.44970703125 0.4189453125 0.44873046875 0.4248046875 0.443359375 0.42578125 0.4462890625 0.4423828125 0.44775390625 0.4521484375 0.447265625 0.4775390625 0.4453125 0.5 0.43701171875 0.5 0.4365234375 0.4970703125 0.43359375 0.4970703125 0.43359375 0.5078125 0.43017578125 0.51171875 0.42236328125 0.5107421875 0.419921875 0.4970703125 0.39501953125 0.4970703125 0.38720703125 0.4951171875 0.359375 0.3974609375 0.36572265625 0.3720703125 0.37109375 0.3662109375 0.40283203125 0.3681640625 0.42236328125 0.3720703125 0.4306640625 0.375 0.43359375 0.380859375
5 0.29296875 0.3671875 0.32421875 0.3671875 0.34033203125 0.369140625 0.35400390625 0.37890625 0.36376953125 0.40234375 0.37255859375 0.431640625 0.376953125 0.4296875 0.38720703125 0.4306640625 0.3876953125 0.4453125 0.3779296875 0.4482421875 0.37939453125 0.455078125 0.38623046875 0.4697265625 0.388671875 0.4765625 0.390625 0.4951171875 0.39599609375 0.5048828125 0.39794921875 0.5126953125 0.3984375 0.5341796875 0.39697265625 0.5498046875 0.39306640625 0.5634765625 0.38818359375 0.572265625 0.37646484375 0.5751953125 0.3701171875 0.5751953125 0.3642578125 0.5703125 0.36279296875 0.5634765625 0.35986328125 0.5634765625 0.3603515625 0.578125 0.35888671875 0.6015625 0.357421875 0.611328125 0.34228515625 0.611328125 0.3359375 0.6064453125 0.3310546875 0.572265625 0.2822265625 0.5712890625 0.2470703125 0.3876953125 0.24951171875 0.3701171875 0.27978515625 0.365234375
5 0.23779296875 0.3212890625 0.24951171875 0.3662109375 0.2578125 0.4033203125 0.2587890625 0.408203125 0.2744140625 0.4189453125 0.27392578125 0.4365234375 0.27197265625 0.44140625 0.26513671875 0.4443359375 0.267578125 0.4560546875 0.2802734375 0.4873046875 0.28369140625 0.505859375 0.2841796875 0.5439453125 0.28369140625 0.5908203125 0.28173828125 0.6484375 0.2763671875 0.67578125 0.267578125 0.6796875 0.2451171875 0.6787109375 0.24365234375 0.669921875 0.2431640625 0.6552734375 0.19775390625 0.701171875 0.1943359375 0.7392578125 0.19140625 0.76953125 0.1865234375 0.7880859375 0.16064453125 0.798828125 0.142578125 0.7958984375 0.13330078125 0.7646484375 0.13037109375 0.7470703125 0.0 0.7421875 0.0 0.2060546875 0.03271484375 0.2060546875 0.08349609375 0.2119140625 0.125 0.2236328125 0.13671875 0.23046875 0.1455078125 0.244140625 0.14990234375 0.2548828125 0.1826171875 0.2626953125 0.1953125 0.2685546875 0.2138671875 0.2841796875 0.22705078125 0.2998046875 0.23388671875 0.310546875
5 0.56396484375 0.392578125 0.55126953125 0.39453125 0.548828125 0.4072265625 0.5478515625 0.4189453125 0.54736328125 0.43359375 0.55029296875 0.4365234375 0.5517578125 0.431640625 0.56591796875 0.4287109375 0.56982421875 0.40625 0.5673828125 0.3955078125 0.56591796875 0.3935546875
5 0.57373046875 0.396484375 0.5693359375 0.3974609375 0.56640625 0.4052734375 0.5634765625 0.4091796875 0.56201171875 0.4111328125 0.5625 0.4130859375 0.56494140625 0.4130859375 0.56396484375 0.421875 0.56298828125 0.4384765625 0.56396484375 0.4541015625 0.56640625 0.45703125 0.57568359375 0.4208984375 0.57666015625 0.4033203125
1 0.57568359375 0.453125 0.60205078125 0.4736328125 0.611328125 0.4814453125 0.6494140625 0.5087890625 0.67578125 0.5234375 0.61376953125 0.4345703125 0.60302734375 0.4345703125 0.5751953125 0.447265625
5 0.58544921875 0.3935546875 0.595703125 0.392578125 0.5986328125 0.3994140625 0.603515625 0.416015625 0.60302734375 0.4345703125 0.603515625 0.4521484375 0.603515625 0.45703125 0.599609375 0.458984375 0.59326171875 0.453125 0.59326171875 0.451171875 0.57470703125 0.451171875 0.57421875 0.4580078125 0.57177734375 0.4599609375 0.56982421875 0.458984375 0.56787109375 0.4541015625 0.56787109375 0.4365234375 0.56689453125 0.416015625 0.57177734375 0.3955078125 0.576171875 0.3935546875 0.58251953125 0.3935546875
1 0.6953125 0.5517578125 1.0 0.7919921875 1.0 0.591796875 0.896484375 0.54296875 0.88525390625 0.5400390625 0.86474609375 0.5390625 0.83544921875 0.525390625 0.7978515625 0.5126953125 0.68701171875 0.5263671875
5 0.7041015625 0.3564453125 0.72509765625 0.3515625 0.75830078125 0.3515625 0.7763671875 0.36328125 0.78955078125 0.4013671875 0.79736328125 0.4638671875 0.80517578125 0.5048828125 0.80078125 0.560546875 0.78515625 0.5615234375 0.77783203125 0.5439453125 0.69580078125 0.5439453125 0.69580078125 0.56640625 0.6904296875 0.57421875 0.68017578125 0.5673828125 0.67822265625 0.5419921875 0.66650390625 0.5361328125 0.666015625 0.552734375 0.654296875 0.5517578125 0.64892578125 0.5263671875 0.6494140625 0.4814453125 0.6552734375 0.462890625 0.66015625 0.439453125 0.65673828125 0.435546875 0.65673828125 0.419921875 0.6611328125 0.416015625 0.67333984375 0.3798828125 0.6884765625 0.359375
