0 0.0 0.498046875 0.48828125 0.431640625 0.623046875 0.4169921875 0.66748046875 0.4169921875 0.99951171875 0.486328125 0.99951171875 0.9990234375 0.0 0.9990234375
1 0.6904296875 0.4306640625 0.650390625 0.44921875 0.64892578125 0.44921875 0.64794921875 0.45703125 0.64306640625 0.5078125 0.63818359375 0.5732421875 0.63818359375 0.5869140625 0.6416015625 0.5986328125 0.6533203125 0.6064453125 0.75634765625 0.6396484375 0.99951171875 0.681640625 0.99951171875 0.4765625
1 0.46337890625 0.455078125 0.47705078125 0.455078125 0.5234375 0.4521484375 0.52783203125 0.4521484375 0.5283203125 0.4560546875 0.52587890625 0.458984375 0.4833984375 0.4619140625 0.470703125 0.4638671875 0.44775390625 0.46875 0.404296875 0.478515625 0.3818359375 0.486328125 0.40283203125 0.498046875 0.39794921875 0.5 0.3291015625 0.513671875 0.30810546875 0.5234375 0.27587890625 0.5478515625 0.2255859375 0.5830078125 0.12109375 0.5908203125 0.0 0.658203125 0.0 0.4794921875 0.4091796875 0.4189453125
2 0.6318359375 0.3818359375 0.65234375 0.3828125 0.65380859375 0.427734375 0.64208984375 0.4287109375
4 0.6787109375 0.3212890625 0.6708984375 0.318359375 0.66650390625 0.3193359375 0.66064453125 0.3212890625 0.65380859375 0.33203125 0.6513671875 0.337890625 0.65087890625 0.3486328125 0.6455078125 0.3662109375 0.6455078125 0.3779296875 0.64453125 0.388671875 0.64453125 0.390625 0.6455078125 0.3994140625 0.6474609375 0.40625 0.6494140625 0.4091796875 0.6513671875 0.4091796875 0.654296875 0.4091796875 0.6552734375 0.41015625 0.65625 0.4130859375 0.65673828125 0.4150390625 0.65625 0.4208984375 0.66162109375 0.421875 0.66748046875 0.4248046875 0.66845703125 0.427734375 0.67041015625 0.427734375 0.677734375 0.42578125
5 0.6455078125 0.421875 0.65234375 0.421875 0.65625 0.4267578125 0.65673828125 0.439453125 0.6552734375 0.447265625 0.6494140625 0.44921875 0.64794921875 0.447265625 0.646484375 0.4443359375
4 0.59716796875 0.310546875 0.6025390625 0.3095703125 0.603515625 0.310546875 0.6064453125 0.31640625 0.60791015625 0.3173828125 0.60888671875 0.3173828125 0.611328125 0.3173828125 0.6142578125 0.322265625 0.615234375 0.328125 0.6171875 0.330078125 0.61962890625 0.341796875 0.62060546875 0.345703125 0.62255859375 0.3486328125 0.625 0.3544921875 0.62451171875 0.3642578125 0.62353515625 0.3662109375 0.6015625 0.3310546875
2 0.6298828125 0.3740234375 0.6298828125 0.3623046875 0.62841796875 0.3623046875 0.62646484375 0.361328125 0.625 0.3564453125 0.62158203125 0.35546875 0.61669921875 0.345703125 0.599609375 0.3173828125 0.599609375 0.30078125 0.5927734375 0.2998046875 0.57275390625 0.248046875 0.56103515625 0.2470703125 0.56005859375 0.1083984375 0.54296875 0.0439453125 0.45751953125 0.048828125 0.423828125 0.458984375 0.46533203125 0.4482421875 0.5390625 0.447265625 0.56201171875 0.44140625 0.56396484375 0.4365234375 0.59423828125 0.4384765625 0.61376953125 0.439453125
2 0.00048828125 0.0009765625 0.0 0.5205078125 0.09033203125 0.5087890625 0.09375 0.4951171875 0.146484375 0.4990234375 0.19677734375 0.4873046875 0.2177734375 0.4892578125 0.234375 0.484375 0.2763671875 0.4755859375 0.29296875 0.47265625 0.3251953125 0.4794921875 0.37255859375 0.466796875 0.37548828125 0.4619140625 0.38671875 0.466796875 0.4501953125 0.45703125 0.45458984375 0.4541015625 0.45849609375 0.455078125 0.46240234375 0.455078125 0.4658203125 0.4482421875 0.46826171875 0.453125 0.47412109375 0.4541015625 0.47412109375 0.0546875 0.44384765625 0.0
2 0.67529296875 0.4501953125 0.6767578125 0.3427734375 0.6748046875 0.208984375 0.67333984375 0.0 0.99951171875 0.0 0.99951171875 0.51953125 0.77734375 0.5263671875
5 0.60302734375 0.4208984375 0.60205078125 0.4130859375 0.6025390625 0.4072265625 0.60546875 0.4052734375 0.60693359375 0.40625 0.60888671875 0.3740234375 0.61181640625 0.3701171875 0.63330078125 0.37109375 0.640625 0.3720703125 0.64306640625 0.3740234375 0.64404296875 0.3818359375 0.6455078125 0.42578125 0.646484375 0.462890625 0.646484375 0.47265625 0.64306640625 0.4755859375 0.64111328125 0.47265625 0.640625 0.4677734375 0.62451171875 0.4658203125
5 0.60546875 0.416015625 0.62109375 0.4150390625 0.63037109375 0.416015625 0.6318359375 0.419921875 0.6328125 0.439453125 0.63427734375 0.439453125 0.63427734375 0.435546875 0.6357421875 0.435546875 0.63818359375 0.4365234375 0.638671875 0.439453125 0.63720703125 0.44140625 0.63427734375 0.4423828125 0.63525390625 0.4619140625 0.6357421875 0.4755859375 0.63525390625 0.4794921875 0.63427734375 0.4814453125 0.63134765625 0.4833984375 0.6298828125 0.4833984375 0.6298828125 0.4755859375 0.60595703125 0.474609375 0.60546875 0.4814453125 0.60107421875 0.4814453125 0.599609375 0.48046875 0.599609375 0.4716796875 0.599609375 0.4482421875 0.6005859375 0.439453125 0.59912109375 0.439453125 0.59765625 0.439453125 0.59716796875 0.4375 0.59765625 0.43359375 0.6015625 0.4326171875 0.60302734375 0.423828125 0.603515625 0.4189453125
