0 0.4814453125 0.373046875 0.669921875 0.3876953125 1.0 0.517578125 1.0 1.0 0.0 1.0 0.0 0.5009765625
2 0.54052734375 0.2578125 0.52685546875 0.2548828125 0.525390625 0.2529296875 0.52490234375 0.23828125 0.5234375 0.232421875 0.52294921875 0.2216796875 0.5146484375 0.220703125 0.515625 0.169921875 0.47412109375 0.15234375 0.4541015625 0.1123046875 0.4541015625 0.091796875 0.45703125 0.0869140625 0.4462890625 0.0625 0.4208984375 0.0576171875 0.3916015625 0.0107421875 0.30126953125 0.01171875 0.30078125 0.0 0.0 0.0 0.0 0.498046875 0.3369140625 0.435546875 0.376953125 0.4326171875 0.513671875 0.42578125 0.53857421875 0.40234375
4 0.58447265625 0.2255859375 0.57958984375 0.2177734375 0.57275390625 0.2177734375 0.57080078125 0.2236328125 0.56884765625 0.2255859375 0.56884765625 0.2255859375 0.568359375 0.224609375 0.56640625 0.2197265625 0.564453125 0.21875 0.56103515625 0.224609375 0.556640625 0.23046875 0.5537109375 0.2314453125 0.5498046875 0.234375 0.54541015625 0.234375 0.54052734375 0.2353515625 0.53955078125 0.2431640625 0.53759765625 0.2529296875 0.5361328125 0.2724609375 0.53515625 0.283203125 0.53076171875 0.2958984375 0.529296875 0.30078125 0.52734375 0.3173828125 0.52392578125 0.3291015625 0.5283203125 0.33984375 0.53857421875 0.345703125 0.537109375 0.37890625 0.5478515625 0.3818359375 0.5556640625 0.3857421875 0.572265625 0.3154296875
4 0.5166015625 0.24609375 0.5166015625 0.259765625 0.51806640625 0.2900390625 0.51806640625 0.298828125 0.521484375 0.30859375 0.52392578125 0.333984375 0.525390625 0.3447265625 0.521484375 0.3466796875 0.51708984375 0.3486328125 0.509765625 0.3515625 0.49462890625 0.35546875 0.49609375 0.341796875 0.5 0.328125 0.5 0.322265625 0.49951171875 0.3203125 0.498046875 0.3056640625 0.49462890625 0.29296875 0.49560546875 0.2783203125 0.5 0.259765625 0.501953125 0.24609375 0.501953125 0.232421875
2 0.55322265625 0.275390625 0.55908203125 0.265625 0.55908203125 0.2607421875 0.56298828125 0.2578125 0.56396484375 0.22265625 0.56591796875 0.22265625 0.5673828125 0.251953125 0.5791015625 0.2216796875 0.599609375 0.220703125 0.60009765625 0.2099609375 0.599609375 0.1669921875 0.60302734375 0.16015625 0.59912109375 0.154296875 0.5966796875 0.142578125 0.6064453125 0.11328125 0.609375 0.107421875 0.6083984375 0.1005859375 0.607421875 0.095703125 0.6162109375 0.072265625 0.619140625 0.072265625 0.62255859375 0.0673828125 0.6435546875 0.0517578125 0.642578125 0.041015625 0.650390625 0.0419921875 0.6494140625 0.0 1.0 0.0 1.0 0.640625 0.66357421875 0.4208984375 0.60400390625 0.4189453125 0.556640625 0.41796875
1 0.53076171875 0.4296875 0.50537109375 0.4306640625 0.43359375 0.431640625 0.3515625 0.435546875 0.345703125 0.439453125 0.38427734375 0.4404296875 0.384765625 0.4443359375 0.341796875 0.4580078125 0.267578125 0.486328125 0.23974609375 0.4970703125 0.22021484375 0.498046875 0.14794921875 0.5224609375 0.013671875 0.56640625 0.03369140625 0.5146484375 0.1484375 0.470703125 0.1796875 0.462890625 0.216796875 0.455078125 0.216796875 0.453125 0.23828125 0.451171875 0.24658203125 0.451171875 0.2509765625 0.4462890625 0.2705078125 0.4462890625 0.35009765625 0.431640625 0.44580078125 0.4287109375 0.4892578125 0.4208984375 0.50390625 0.4189453125 0.513671875 0.4208984375 0.51806640625 0.4130859375 0.53173828125 0.4140625
5 0.29443359375 0.380859375 0.30908203125 0.380859375 0.3212890625 0.3818359375 0.33251953125 0.3828125 0.3388671875 0.3994140625 0.341796875 0.41015625 0.345703125 0.412109375 0.345703125 0.4296875 0.34619140625 0.4404296875 0.3447265625 0.44921875 0.34423828125 0.45703125 0.34375 0.46484375 0.33935546875 0.4677734375 0.3359375 0.466796875 0.333984375 0.458984375 0.3291015625 0.4609375 0.3271484375 0.46875 0.32373046875 0.47265625 0.31689453125 0.47265625 0.31396484375 0.4677734375 0.31201171875 0.4609375 0.30078125 0.4599609375 0.29833984375 0.4619140625 0.29443359375 0.46484375 0.2919921875 0.4638671875 0.29052734375 0.458984375 0.27734375 0.4609375 0.27685546875 0.4638671875 0.27490234375 0.46875 0.271484375 0.470703125 0.267578125 0.46875 0.265625 0.4619140625 0.2646484375 0.4453125 0.26513671875 0.439453125 0.26611328125 0.4345703125 0.26611328125 0.4228515625 0.275390625 0.4111328125 0.2734375 0.408203125 0.2734375 0.40234375 0.2802734375 0.404296875 0.28759765625 0.38671875 0.291015625 0.3828125
5 0.072265625 0.3759765625 0.099609375 0.3779296875 0.11962890625 0.380859375 0.13134765625 0.3857421875 0.13720703125 0.392578125 0.14306640625 0.408203125 0.1513671875 0.435546875 0.1533203125 0.453125 0.15576171875 0.474609375 0.15576171875 0.486328125 0.15478515625 0.5048828125 0.1533203125 0.5224609375 0.150390625 0.5322265625 0.140625 0.533203125 0.13134765625 0.533203125 0.12841796875 0.521484375 0.0869140625 0.533203125 0.0849609375 0.5400390625 0.080078125 0.5498046875 0.072265625 0.5537109375 0.05810546875 0.5498046875 0.05029296875 0.541015625 0.029296875 0.5439453125 0.01220703125 0.41015625 0.0302734375 0.38671875 0.04296875 0.3798828125 0.06298828125 0.3759765625
5 0.005859375 0.3837890625 0.01611328125 0.41015625 0.0205078125 0.42578125 0.0234375 0.4462890625 0.033203125 0.458984375 0.037109375 0.486328125 0.03759765625 0.515625 0.0361328125 0.5185546875 0.03271484375 0.5546875 0.029296875 0.5673828125 0.02490234375 0.5751953125 0.01416015625 0.5771484375 0.005859375 0.57421875 0.0 0.544921875 0.0 0.3798828125
1 0.57470703125 0.4267578125 0.58447265625 0.4248046875 0.61865234375 0.4228515625 0.66455078125 0.4208984375 0.66357421875 0.416015625 0.63330078125 0.4189453125 0.6220703125 0.41796875 0.60595703125 0.4140625 0.57470703125 0.4169921875 0.572265625 0.4267578125
1 0.611328125 0.4287109375 0.6396484375 0.423828125 0.6630859375 0.4228515625 0.69287109375 0.4365234375 0.7138671875 0.443359375 0.814453125 0.474609375 0.8310546875 0.4853515625 0.85595703125 0.49609375 0.86279296875 0.49609375 1.0 0.5400390625 1.0 0.869140625 0.85986328125 0.71484375 0.72509765625 0.5625 0.61279296875 0.443359375 0.607421875 0.43359375 0.6083984375 0.4296875
5 0.55029296875 0.373046875 0.564453125 0.3759765625 0.5703125 0.390625 0.57373046875 0.390625 0.57470703125 0.392578125 0.57275390625 0.3974609375 0.5751953125 0.40234375 0.57568359375 0.4091796875 0.576171875 0.421875 0.57568359375 0.4326171875 0.57568359375 0.435546875 0.5712890625 0.4365234375 0.5712890625 0.4375 0.56884765625 0.439453125 0.564453125 0.439453125 0.564453125 0.431640625 0.54248046875 0.4326171875 0.54248046875 0.4365234375 0.5400390625 0.439453125 0.53759765625 0.439453125 0.5361328125 0.439453125 0.5302734375 0.439453125 0.529296875 0.427734375 0.52880859375 0.41015625 0.53271484375 0.3876953125 0.53857421875 0.3759765625
3 0.86376953125 0.2001953125 0.9931640625 0.1337890625 0.9912109375 0.5341796875 0.85986328125 0.4921875
