0 0.0 0.5029296875 0.310546875 0.4248046875 0.48388671875 0.3935546875 0.4990234375 0.37109375 0.53076171875 0.361328125 0.57275390625 0.3642578125 0.64892578125 0.3720703125 0.69580078125 0.3720703125 0.99951171875 0.5126953125 0.99951171875 0.9990234375 0.0 0.9990234375
1 0.6826171875 0.4130859375 0.67724609375 0.4130859375 0.65869140625 0.4150390625 0.64111328125 0.416015625 0.630859375 0.4189453125 0.62744140625 0.4248046875 0.6376953125 0.4306640625 0.67431640625 0.4384765625 0.70654296875 0.4501953125 0.83935546875 0.50390625 0.78173828125 0.552734375 0.69140625 0.576171875 0.6904296875 0.578125 0.99951171875 0.9365234375 0.99951171875 0.4892578125 0.69580078125 0.390625
1 0.4951171875 0.41015625 0.5078125 0.412109375 0.5263671875 0.4130859375 0.5341796875 0.4130859375 0.54541015625 0.4375 0.5673828125 0.4892578125 0.56884765625 0.49609375 0.56396484375 0.4990234375 0.3955078125 0.515625 0.0 0.9052734375 0.0 0.474609375 0.2783203125 0.4189453125
1 0.56591796875 0.3896484375 0.55419921875 0.392578125 0.552734375 0.39453125 0.55322265625 0.4013671875 0.5634765625 0.408203125 0.5810546875 0.412109375 0.623046875 0.408203125 0.66552734375 0.4052734375 0.68115234375 0.40234375 0.67333984375 0.3876953125 0.57568359375 0.3935546875
2 0.4921875 0.2841796875 0.57080078125 0.2763671875 0.56982421875 0.390625 0.51806640625 0.3857421875 0.48828125 0.384765625 0.494140625 0.2861328125
4 0.5634765625 0.3193359375 0.55322265625 0.3134765625 0.5458984375 0.3193359375 0.54150390625 0.322265625 0.53759765625 0.326171875 0.53564453125 0.330078125 0.53466796875 0.3369140625 0.53515625 0.34375 0.53662109375 0.3505859375 0.53759765625 0.357421875 0.5400390625 0.3681640625 0.54296875 0.37890625 0.5478515625 0.3798828125 0.54931640625 0.3798828125 0.55322265625 0.380859375 0.55615234375 0.380859375 0.55908203125 0.380859375 0.5615234375 0.3779296875 0.56396484375 0.3701171875
5 0.52783203125 0.3798828125 0.52490234375 0.3798828125 0.52392578125 0.3818359375 0.5234375 0.388671875 0.5234375 0.3916015625 0.5244140625 0.392578125 0.52490234375 0.390625 0.5283203125 0.390625 0.52880859375 0.3916015625 0.529296875 0.3916015625 0.52978515625 0.380859375
2 0.55908203125 0.3935546875 0.5595703125 0.2939453125 0.5595703125 0.2744140625 0.56494140625 0.2587890625 0.5654296875 0.212890625 0.572265625 0.2109375 0.5810546875 0.19140625 0.5810546875 0.123046875 0.5849609375 0.1083984375 0.58544921875 0.115234375 0.61962890625 0.1162109375 0.6171875 0.08984375 0.62255859375 0.078125 0.64697265625 0.078125 0.66650390625 0.2197265625 0.67626953125 0.3203125 0.673828125 0.4013671875 0.64794921875 0.4033203125 0.587890625 0.404296875
2 0.65966796875 0.408203125 0.65869140625 0.318359375 0.64697265625 0.31640625 0.6455078125 0.07421875 0.654296875 0.06640625 0.65380859375 0.0517578125 0.66015625 0.0302734375 0.6640625 0.0263671875 0.67138671875 0.0 0.99951171875 0.0 0.99951171875 0.544921875 0.70703125 0.419921875 0.6826171875 0.4140625 0.677734375 0.408203125
2 0.47607421875 0.0 0.49755859375 0.140625 0.4951171875 0.4072265625 0.42138671875 0.4697265625 0.392578125 0.46875 0.390625 0.462890625 0.37744140625 0.466796875 0.30810546875 0.4697265625 0.302734375 0.4970703125 0.27490234375 0.4931640625 0.27490234375 0.4658203125 0.2548828125 0.466796875 0.2314453125 0.4755859375 0.0322265625 0.46875 0.02001953125 0.0
2 0.046875 0.0 0.04833984375 0.05078125 0.0537109375 0.05859375 0.05126953125 0.0791015625 0.0517578125 0.19921875 0.02783203125 0.203125 0.03076171875 0.52734375 0.0 0.55078125 0.0 0.0
5 0.5419921875 0.365234375 0.544921875 0.3642578125 0.55322265625 0.3642578125 0.55419921875 0.3974609375 0.5458984375 0.396484375 0.54150390625 0.388671875
5 0.5419921875 0.380859375 0.548828125 0.380859375 0.55224609375 0.3857421875 0.55322265625 0.3994140625 0.552734375 0.40234375 0.55126953125 0.40234375 0.55029296875 0.400390625 0.5419921875 0.400390625
2 0.544921875 0.23828125 0.57763671875 0.21484375 0.6318359375 0.2529296875 0.61279296875 0.283203125 0.57275390625 0.248046875 0.54296875 0.26953125
2 0.64404296875 0.2646484375 0.6328125 0.2646484375 0.61474609375 0.2841796875 0.607421875 0.3095703125 0.6181640625 0.30859375 0.6201171875 0.3134765625 0.6318359375 0.314453125 0.67041015625 0.302734375 0.74609375 0.2587890625 0.74365234375 0.25 0.689453125 0.2705078125 0.689453125 0.251953125 0.67333984375 0.24609375
2 0.8759765625 0.0 0.68408203125 0.2109375 0.67822265625 0.248046875 0.74658203125 0.2353515625 0.99951171875 0.0517578125 0.99951171875 0.0009765625
2 0.46044921875 0.1650390625 0.53662109375 0.1826171875 0.55810546875 0.1787109375 0.56103515625 0.1884765625 0.5546875 0.23046875 0.548828125 0.2802734375 0.50927734375 0.2939453125 0.48193359375 0.287109375 0.47998046875 0.248046875 0.45654296875 0.1767578125 0.45751953125 0.16796875
2 0.3955078125 0.0224609375 0.5400390625 0.0625 0.56689453125 0.0556640625 0.5712890625 0.0625 0.5751953125 0.0634765625 0.56689453125 0.119140625 0.56201171875 0.1474609375 0.53955078125 0.1552734375 0.451171875 0.1337890625 0.4443359375 0.107421875 0.41259765625 0.103515625 0.38671875 0.0341796875 0.38720703125 0.0302734375 0.39111328125 0.0302734375
2 0.3310546875 0.0 0.36572265625 0.07421875 0.34765625 0.0810546875 0.29931640625 0.0732421875 0.1826171875 0.0439453125 0.1474609375 0.0
4 0.47607421875 0.296875 0.48095703125 0.2939453125 0.48095703125 0.28515625 0.48291015625 0.2841796875 0.48486328125 0.2841796875 0.4873046875 0.2841796875 0.48974609375 0.2890625 0.49267578125 0.296875 0.49560546875 0.302734375 0.4990234375 0.3076171875 0.50048828125 0.3134765625 0.50048828125 0.3203125 0.49951171875 0.3212890625 0.50048828125 0.3330078125 0.50390625 0.3349609375 0.50439453125 0.33984375 0.50390625 0.3427734375 0.50341796875 0.3447265625 0.5009765625 0.345703125 0.5 0.345703125 0.49560546875 0.34765625 0.49462890625 0.3505859375 0.49267578125 0.3564453125 0.4873046875 0.3583984375 0.48681640625 0.3583984375 0.48583984375 0.3583984375 0.484375 0.3583984375 0.48046875 0.357421875 0.47607421875 0.357421875
4 0.53076171875 0.2568359375 0.52734375 0.25390625 0.5263671875 0.25390625 0.5234375 0.2587890625 0.51953125 0.2626953125 0.51708984375 0.2666015625 0.51220703125 0.271484375 0.50830078125 0.28125 0.50830078125 0.294921875 0.51513671875 0.3046875 0.5166015625 0.3076171875 0.5166015625 0.318359375 0.51611328125 0.326171875 0.51611328125 0.3330078125 0.51953125 0.3369140625 0.52001953125 0.3466796875 0.52001953125 0.3486328125 0.52001953125 0.353515625 0.52392578125 0.359375 0.52490234375 0.361328125 0.5283203125 0.3642578125 0.529296875 0.359375 0.54296875 0.353515625 0.5458984375 0.3505859375 0.5478515625 0.3427734375 0.548828125 0.341796875 0.54931640625 0.33984375 0.55029296875 0.333984375 0.55224609375 0.3310546875 0.55419921875 0.330078125 0.55810546875 0.3251953125 0.56005859375 0.322265625 0.56396484375 0.3095703125 0.56396484375 0.30078125 0.56396484375 0.2890625 0.56396484375 0.287109375 0.5634765625 0.283203125 0.56103515625 0.27734375 0.55859375 0.2666015625 0.55029296875 0.2666015625 0.546875 0.2685546875 0.5439453125 0.26953125 0.5419921875 0.26953125 0.537109375 0.2705078125 0.5361328125 0.2705078125 0.5322265625 0.265625
5 0.0 0.21875 0.00732421875 0.216796875 0.05810546875 0.21875 0.13427734375 0.2333984375 0.17138671875 0.25390625 0.19482421875 0.2744140625 0.20751953125 0.2978515625 0.22216796875 0.3505859375 0.23046875 0.3955078125 0.23291015625 0.3916015625 0.23779296875 0.3896484375 0.2421875 0.3994140625 0.2421875 0.408203125 0.23828125 0.423828125 0.24609375 0.4375 0.2509765625 0.45703125 0.25341796875 0.49609375 0.25390625 0.5185546875 0.25390625 0.5458984375 0.25146484375 0.5634765625 0.25048828125 0.5712890625 0.24853515625 0.607421875 0.244140625 0.6220703125 0.234375 0.62109375 0.22509765625 0.6201171875 0.22265625 0.58984375 0.18017578125 0.609375 0.1796875 0.6259765625 0.17626953125 0.6650390625 0.16796875 0.6884765625 0.15966796875 0.6943359375 0.13330078125 0.6943359375 0.12646484375 0.681640625 0.11572265625 0.615234375 0.0 0.6162109375
4 0.6376953125 0.3359375 0.63427734375 0.3359375 0.6328125 0.333984375 0.63134765625 0.333984375 0.6298828125 0.330078125 0.62890625 0.333984375 0.62744140625 0.3369140625 0.62646484375 0.3408203125 0.6259765625 0.3427734375 0.62548828125 0.3427734375 0.62548828125 0.34375 0.62451171875 0.34765625 0.62646484375 0.35546875 0.630859375 0.357421875 0.63330078125 0.357421875 0.63525390625 0.357421875 0.63623046875 0.357421875 0.63818359375 0.357421875 0.63916015625 0.353515625 0.6416015625 0.3505859375 0.64208984375 0.3505859375 0.64208984375 0.3505859375 0.64208984375 0.3505859375 0.646484375 0.3466796875 0.6455078125 0.345703125 0.64453125 0.3369140625 0.6435546875 0.3369140625 0.6416015625 0.3369140625 0.640625 0.3369140625
4 0.666015625 0.314453125 0.66162109375 0.318359375 0.658203125 0.3203125 0.65576171875 0.3203125 0.6552734375 0.3203125 0.6513671875 0.3251953125 0.64990234375 0.33203125 0.650390625 0.3359375 0.650390625 0.3369140625 0.650390625 0.33984375 0.65283203125 0.3466796875 0.6533203125 0.3466796875 0.65576171875 0.34765625 0.65966796875 0.34765625 0.66162109375 0.34765625 0.66455078125 0.3486328125 0.666015625 0.3486328125 0.671875 0.34765625 0.6728515625 0.34765625 0.67431640625 0.34765625 0.67529296875 0.34765625 0.67626953125 0.345703125 0.677734375 0.341796875 0.677734375 0.33984375 0.677734375 0.3330078125 0.677734375 0.330078125 0.677734375 0.3291015625 0.6748046875 0.3251953125 0.67236328125 0.3251953125 0.67041015625 0.3232421875 0.66845703125 0.322265625 0.66796875 0.3193359375 0.66748046875 0.3173828125
4 0.71044921875 0.2978515625 0.70703125 0.296875 0.70703125 0.2958984375 0.7041015625 0.294921875 0.7041015625 0.294921875 0.7021484375 0.294921875 0.70166015625 0.2998046875 0.7001953125 0.2998046875 0.69873046875 0.302734375 0.6982421875 0.3046875 0.69775390625 0.306640625 0.6953125 0.3076171875 0.6923828125 0.314453125 0.69189453125 0.3193359375 0.69189453125 0.3251953125 0.69189453125 0.328125 0.69189453125 0.3310546875 0.6943359375 0.3359375 0.69482421875 0.3369140625 0.7001953125 0.33984375 0.70361328125 0.33984375 0.70654296875 0.3408203125 0.71044921875 0.3369140625 0.71484375 0.3359375 0.71923828125 0.3359375 0.72021484375 0.3359375 0.720703125 0.3359375 0.72216796875 0.3359375 0.72509765625 0.3359375 0.72705078125 0.33203125 0.72802734375 0.3310546875 0.72998046875 0.3291015625 0.73046875 0.32421875 0.73095703125 0.3203125 0.7314453125 0.3173828125 0.7314453125 0.3134765625 0.72998046875 0.30859375 0.72802734375 0.3017578125 0.72607421875 0.3017578125 0.72412109375 0.298828125 0.72265625 0.298828125 0.720703125 0.2958984375 0.7177734375 0.294921875 0.7158203125 0.294921875 0.71337890625 0.2958984375
4 0.79833984375 0.2587890625 0.79248046875 0.2587890625 0.7890625 0.2587890625 0.78173828125 0.2685546875 0.7783203125 0.275390625 0.7783203125 0.2783203125 0.7783203125 0.28515625 0.77783203125 0.2900390625 0.77783203125 0.296875 0.77783203125 0.3017578125 0.7802734375 0.306640625 0.78515625 0.3095703125 0.79052734375 0.314453125 0.79638671875 0.3125 0.7978515625 0.3115234375 0.80029296875 0.3115234375 0.8076171875 0.3125 0.8115234375 0.3115234375 0.81591796875 0.3076171875 0.81884765625 0.306640625 0.82080078125 0.3046875 0.82470703125 0.2978515625 0.82666015625 0.296875 0.82861328125 0.29296875 0.8291015625 0.2900390625 0.8291015625 0.2841796875 0.8291015625 0.283203125 0.8291015625 0.2783203125 0.82861328125 0.26953125 0.82763671875 0.2646484375 0.82666015625 0.2607421875 0.826171875 0.2607421875 0.8232421875 0.2548828125 0.81396484375 0.2548828125 0.8134765625 0.2587890625 0.81103515625 0.2626953125 0.80712890625 0.2626953125 0.80419921875 0.2626953125
4 0.85888671875 0.158203125 0.85595703125 0.1572265625 0.83740234375 0.17578125 0.833984375 0.1806640625 0.82958984375 0.1806640625 0.8212890625 0.18359375 0.82177734375 0.19140625 0.8203125 0.2001953125 0.81982421875 0.205078125 0.8203125 0.2109375 0.8212890625 0.21484375 0.82177734375 0.2236328125 0.8212890625 0.2294921875 0.8212890625 0.236328125 0.82275390625 0.2373046875 0.83251953125 0.2373046875 0.8369140625 0.2373046875 0.84033203125 0.236328125 0.84765625 0.234375 0.85205078125 0.2314453125 0.8583984375 0.2294921875 0.86328125 0.2294921875 0.86474609375 0.2265625 0.86376953125 0.2197265625 0.86181640625 0.21484375 0.859375 0.212890625 0.861328125 0.1572265625
4 0.89794921875 0.2353515625 0.8974609375 0.22265625 0.896484375 0.2236328125 0.892578125 0.2255859375 0.8876953125 0.2255859375 0.88525390625 0.2255859375 0.88134765625 0.2255859375 0.87451171875 0.2265625 0.86474609375 0.228515625 0.86328125 0.228515625 0.85693359375 0.2275390625 0.84619140625 0.236328125 0.841796875 0.2421875 0.837890625 0.2490234375 0.833984375 0.2587890625 0.8310546875 0.2763671875 0.82763671875 0.2861328125 0.82568359375 0.2998046875 0.826171875 0.310546875 0.826171875 0.3291015625 0.826171875 0.34375 0.830078125 0.3486328125 0.8388671875 0.3525390625 0.8564453125 0.349609375 0.87109375 0.34375 0.88818359375 0.33984375 0.9169921875 0.3359375 0.9287109375 0.328125 0.9404296875 0.3173828125 0.94580078125 0.314453125 0.94775390625 0.3115234375 0.94775390625 0.3076171875 0.94677734375 0.2998046875 0.9453125 0.29296875 0.94091796875 0.2783203125 0.93701171875 0.2685546875 0.93310546875 0.2578125 0.923828125 0.25390625 0.90625 0.24609375 0.90625 0.24609375 0.9033203125 0.2431640625
5 0.7861328125 0.3583984375 0.78125 0.3544921875 0.779296875 0.349609375 0.7763671875 0.349609375 0.77294921875 0.353515625 0.7431640625 0.3544921875 0.73779296875 0.349609375 0.72998046875 0.3525390625 0.72802734375 0.35546875 0.72509765625 0.3583984375 0.71484375 0.3876953125 0.7109375 0.390625 0.708984375 0.396484375 0.7109375 0.4013671875 0.70947265625 0.408203125 0.70751953125 0.41796875 0.7060546875 0.4248046875 0.70654296875 0.439453125 0.70654296875 0.45703125 0.70703125 0.4716796875 0.71240234375 0.474609375 0.71484375 0.4716796875 0.7158203125 0.4619140625 0.72216796875 0.4619140625 0.7216796875 0.466796875 0.72265625 0.47265625 0.7236328125 0.4765625 0.724609375 0.4794921875 0.72998046875 0.4833984375 0.73388671875 0.4814453125 0.73681640625 0.4716796875 0.75341796875 0.4697265625
5 0.83154296875 0.3583984375 0.82763671875 0.357421875 0.8154296875 0.35546875 0.81103515625 0.357421875 0.79931640625 0.357421875 0.7958984375 0.35546875 0.7900390625 0.3544921875 0.7861328125 0.35546875 0.78173828125 0.359375 0.78076171875 0.361328125 0.7763671875 0.3671875 0.77197265625 0.3740234375 0.765625 0.3896484375 0.7626953125 0.3974609375 0.7607421875 0.400390625 0.75927734375 0.39453125 0.75439453125 0.3955078125 0.75341796875 0.400390625 0.75341796875 0.40625 0.755859375 0.4091796875 0.75830078125 0.41015625 0.7568359375 0.4140625 0.75244140625 0.4189453125 0.75048828125 0.421875 0.748046875 0.4326171875 0.74560546875 0.44921875 0.74755859375 0.4609375 0.748046875 0.4736328125 0.74853515625 0.490234375 0.75 0.4970703125 0.7548828125 0.498046875 0.76123046875 0.4970703125 0.7626953125 0.4873046875 0.7705078125 0.490234375 0.77001953125 0.5 0.77197265625 0.5107421875 0.7763671875 0.51171875 0.78662109375 0.51171875
5 0.99951171875 0.3095703125 0.958984375 0.3076171875 0.9072265625 0.3095703125 0.845703125 0.328125 0.8212890625 0.3720703125 0.8095703125 0.40234375 0.8046875 0.42578125 0.802734375 0.4130859375 0.7998046875 0.412109375 0.7900390625 0.416015625 0.78564453125 0.419921875 0.78564453125 0.4365234375 0.7978515625 0.4423828125 0.78564453125 0.4716796875 0.779296875 0.498046875 0.77978515625 0.5458984375 0.77978515625 0.5732421875 0.78515625 0.615234375 0.79736328125 0.623046875 0.80908203125 0.623046875 0.81298828125 0.5986328125 0.84326171875 0.6103515625 0.8447265625 0.634765625 0.85009765625 0.673828125 0.85791015625 0.689453125 0.88720703125 0.697265625 0.89208984375 0.6923828125 0.9033203125 0.6396484375 0.99951171875 0.6416015625 0.99951171875 0.3203125
