2 0.615234375 0.171875 0.56787109375 0.17578125 0.5595703125 0.2138671875 0.560546875 0.2529296875 0.55419921875 0.2666015625 0.54736328125 0.2939453125 0.54345703125 0.3095703125 0.5439453125 0.3623046875 0.5751953125 0.390625 0.6572265625 0.4072265625 0.689453125 0.4052734375 0.6845703125 0.146484375 0.63671875 0.0 0.62060546875 0.0 0.61181640625 0.0341796875
0 0.0 0.4453125 0.41845703125 0.3642578125 0.55908203125 0.3583984375 0.99951171875 0.435546875 0.99951171875 0.9990234375 0.0 0.9990234375
4 0.50048828125 0.345703125 0.501953125 0.341796875 0.50341796875 0.341796875 0.50439453125 0.3408203125 0.50732421875 0.3408203125 0.51123046875 0.33984375 0.51416015625 0.33984375 0.51904296875 0.3408203125 0.5234375 0.34375 0.5263671875 0.34375 0.52880859375 0.3466796875 0.52783203125 0.33984375 0.52783203125 0.3291015625 0.5263671875 0.3291015625 0.52734375 0.31640625 0.529296875 0.3134765625 0.53125 0.3125 0.5341796875 0.310546875 0.53564453125 0.3076171875 0.5361328125 0.302734375 0.53759765625 0.298828125 0.533203125 0.3017578125 0.53466796875 0.298828125 0.53564453125 0.2900390625 0.53564453125 0.2861328125 0.5361328125 0.28125 0.54052734375 0.28125 0.5419921875 0.2822265625 0.5478515625 0.283203125 0.54931640625 0.283203125 0.5537109375 0.283203125 0.548828125 0.306640625 0.5478515625 0.3544921875 0.5009765625 0.35546875
2 0.4892578125 0.3466796875 0.4951171875 0.3349609375 0.5 0.34375 0.50244140625 0.3974609375 0.49560546875 0.40234375 0.490234375 0.40234375
4 0.48193359375 0.3212890625 0.484375 0.314453125 0.4873046875 0.3193359375 0.48876953125 0.328125 0.48876953125 0.3310546875 0.49169921875 0.33203125 0.49365234375 0.3349609375 0.49169921875 0.3427734375 0.49169921875 0.345703125 0.4921875 0.345703125 0.494140625 0.3466796875 0.49560546875 0.3505859375 0.49560546875 0.359375 0.49609375 0.3671875 0.49609375 0.373046875 0.4931640625 0.3779296875 0.4921875 0.369140625 0.490234375 0.357421875 0.48876953125 0.3525390625 0.486328125 0.345703125 0.48828125 0.34375 0.4892578125 0.337890625
2 0.20947265625 0.16015625 0.20947265625 0.0869140625 0.21533203125 0.08203125 0.23486328125 0.0791015625 0.23486328125 0.087890625 0.27783203125 0.0927734375 0.32470703125 0.0966796875 0.326171875 0.0703125 0.3349609375 0.0712890625 0.33544921875 0.09375 0.3369140625 0.1142578125 0.33544921875 0.162109375
2 0.0 0.431640625 0.24462890625 0.4384765625 0.3076171875 0.421875 0.37255859375 0.4189453125 0.39501953125 0.421875 0.412109375 0.4140625 0.43896484375 0.4208984375 0.4599609375 0.4169921875 0.4892578125 0.3603515625 0.4892578125 0.33203125 0.482421875 0.3134765625 0.48046875 0.302734375 0.4765625 0.291015625 0.46484375 0.2724609375 0.4619140625 0.271484375 0.4501953125 0.236328125 0.44677734375 0.224609375 0.44287109375 0.224609375 0.44091796875 0.181640625 0.4423828125 0.1787109375 0.43603515625 0.158203125 0.4111328125 0.1220703125 0.38818359375 0.126953125 0.388671875 0.1171875 0.37158203125 0.1181640625 0.37255859375 0.123046875 0.36474609375 0.1279296875 0.353515625 0.1396484375 0.32861328125 0.140625 0.32763671875 0.1337890625 0.31982421875 0.134765625 0.31884765625 0.142578125 0.26416015625 0.146484375 0.26416015625 0.1416015625 0.2568359375 0.1416015625 0.25634765625 0.14453125 0.1826171875 0.146484375 0.0 0.15234375
1 0.67626953125 0.4189453125 0.640625 0.4287109375 0.60888671875 0.4296875 0.60595703125 0.4326171875 0.6064453125 0.4365234375 0.658203125 0.4619140625 0.97998046875 0.6142578125 0.99951171875 0.6220703125 0.99951171875 0.3779296875 0.70263671875 0.3466796875
2 0.62158203125 0.0 0.62744140625 0.095703125 0.63037109375 0.283203125 0.66455078125 0.2822265625 0.66552734375 0.421875 0.677734375 0.419921875 0.67919921875 0.421875 0.68310546875 0.421875 0.6943359375 0.4150390625 0.69482421875 0.421875 0.6962890625 0.42578125 0.6982421875 0.42578125 0.70458984375 0.423828125 0.7314453125 0.4248046875 0.73779296875 0.423828125 0.73876953125 0.4267578125 0.74072265625 0.4287109375 0.7451171875 0.4267578125 0.7666015625 0.427734375 0.771484375 0.431640625 0.77587890625 0.4306640625 0.779296875 0.427734375 0.81103515625 0.4296875 0.8134765625 0.431640625 0.82080078125 0.43359375 0.82373046875 0.4306640625 0.86962890625 0.435546875 0.8740234375 0.439453125 0.8759765625 0.439453125 0.87939453125 0.439453125 0.88330078125 0.4365234375 0.955078125 0.4423828125 0.958984375 0.4482421875 0.9677734375 0.451171875 0.97705078125 0.447265625 0.99951171875 0.4453125 0.99951171875 0.0
1 0.22021484375 0.419921875 0.3056640625 0.4375 0.3134765625 0.4404296875 0.31640625 0.451171875 0.2998046875 0.4521484375 0.216796875 0.462890625 0.1015625 0.4873046875 0.0 0.5087890625 0.0 0.439453125
3 0.30126953125 0.423828125 0.30126953125 0.361328125 0.2294921875 0.365234375 0.19287109375 0.3671875 0.1923828125 0.3603515625 0.16162109375 0.3671875 0.16259765625 0.439453125 0.18896484375 0.4443359375 0.19287109375 0.4443359375 0.19287109375 0.42578125 0.251953125 0.4248046875 0.2998046875 0.421875
4 0.05908203125 0.4248046875 0.0634765625 0.3544921875 0.06103515625 0.337890625 0.05908203125 0.3427734375 0.0517578125 0.3544921875 0.04345703125 0.359375 0.03125 0.359375 0.0234375 0.3466796875 0.01904296875 0.3349609375 0.013671875 0.3125 0.01171875 0.2900390625 0.01220703125 0.27734375 0.0078125 0.2529296875 0.00390625 0.2294921875 0.0 0.19140625 0.0 0.1748046875 0.0 0.1650390625 0.0 0.0986328125 0.001953125 0.087890625 0.015625 0.0830078125 0.0283203125 0.0732421875 0.03564453125 0.0263671875 0.04931640625 0.013671875 0.06396484375 0.0087890625 0.07666015625 0.0 0.11328125 0.009765625 0.1298828125 0.0029296875 0.13818359375 0.0 0.20703125 0.0029296875 0.1923828125 0.0400390625 0.203125 0.060546875 0.2158203125 0.064453125 0.2294921875 0.0703125 0.23388671875 0.09765625 0.23779296875 0.1396484375 0.23779296875 0.1435546875 0.2265625 0.1474609375 0.22265625 0.1513671875 0.21435546875 0.154296875 0.2109375 0.1572265625 0.2099609375 0.166015625 0.21533203125 0.1806640625 0.224609375 0.2099609375 0.23046875 0.236328125 0.2294921875 0.26171875 0.224609375 0.271484375 0.21630859375 0.2822265625 0.21484375 0.2470703125 0.21240234375 0.2490234375 0.2109375 0.283203125 0.19140625 0.2822265625 0.16845703125 0.263671875 0.1494140625 0.263671875 0.1044921875 0.275390625 0.09521484375 0.30078125 0.08544921875 0.3193359375 0.083984375 0.333984375 0.0712890625 0.3583984375 0.06689453125 0.427734375
4 0.12451171875 0.404296875 0.125 0.3935546875 0.1259765625 0.3759765625 0.12646484375 0.3623046875 0.12451171875 0.3642578125 0.12109375 0.369140625 0.115234375 0.373046875 0.10791015625 0.373046875 0.1025390625 0.376953125 0.0986328125 0.3779296875 0.0947265625 0.3759765625 0.091796875 0.3623046875 0.087890625 0.3466796875 0.087890625 0.3427734375 0.0859375 0.337890625 0.0859375 0.3046875 0.0810546875 0.2958984375 0.07568359375 0.2763671875 0.0810546875 0.265625 0.08349609375 0.2509765625 0.08837890625 0.2392578125 0.09375 0.23046875 0.10205078125 0.216796875 0.10888671875 0.2041015625 0.115234375 0.197265625 0.12451171875 0.189453125 0.134765625 0.1904296875 0.1484375 0.18359375 0.1533203125 0.1943359375 0.15576171875 0.1982421875 0.1572265625 0.216796875 0.16455078125 0.21875 0.17041015625 0.224609375 0.17626953125 0.2265625 0.189453125 0.2373046875 0.1923828125 0.2509765625 0.19482421875 0.2685546875 0.19775390625 0.294921875 0.201171875 0.302734375 0.19580078125 0.3212890625 0.19482421875 0.3349609375 0.18603515625 0.345703125 0.17822265625 0.3525390625 0.173828125 0.35546875 0.16748046875 0.359375 0.1591796875 0.361328125 0.15087890625 0.3642578125 0.1484375 0.3671875 0.12890625 0.3662109375 0.13037109375 0.404296875 0.1259765625 0.4091796875
4 0.15625 0.4296875 0.15380859375 0.419921875 0.15283203125 0.416015625 0.15283203125 0.4130859375 0.15478515625 0.4091796875 0.15576171875 0.4072265625 0.158203125 0.4072265625 0.16552734375 0.408203125 0.1669921875 0.4072265625 0.16845703125 0.40625 0.17041015625 0.404296875 0.1767578125 0.4072265625 0.18017578125 0.412109375 0.17919921875 0.419921875 0.17822265625 0.421875 0.17236328125 0.4306640625 0.169921875 0.4296875
