0 0.00048828125 0.4619140625 0.48974609375 0.3837890625 0.572265625 0.376953125 0.99951171875 0.4375 0.99951171875 0.4404296875 0.99951171875 0.9990234375 0.0 0.9990234375
1 0.404296875 0.404296875 0.44091796875 0.4169921875 0.43212890625 0.4267578125 0.353515625 0.455078125 0.2138671875 0.50390625 0.091796875 0.5322265625 0.0 0.5400390625 0.0 0.4140625
1 0.5908203125 0.4248046875 0.57666015625 0.4267578125 0.576171875 0.4296875 0.5927734375 0.43359375 0.60546875 0.43359375 0.6064453125 0.44140625 0.6865234375 0.4560546875 0.7138671875 0.462890625 0.6962890625 0.4677734375 0.67236328125 0.4755859375 0.671875 0.4794921875 0.99951171875 0.634765625 0.99951171875 0.396484375 0.6259765625 0.3544921875
1 0.52294921875 0.412109375 0.5244140625 0.416015625 0.5302734375 0.42578125 0.5400390625 0.4287109375 0.57763671875 0.4267578125 0.5859375 0.423828125 0.58154296875 0.416015625 0.54248046875 0.4091796875
2 0.48486328125 0.3544921875 0.49951171875 0.353515625 0.4990234375 0.3505859375 0.50244140625 0.3505859375 0.50341796875 0.353515625 0.50927734375 0.353515625 0.50927734375 0.3740234375 0.48974609375 0.373046875
4 0.49365234375 0.365234375 0.49365234375 0.3603515625 0.4951171875 0.3583984375 0.49951171875 0.357421875 0.50244140625 0.3564453125 0.50634765625 0.3564453125 0.50927734375 0.3603515625 0.51123046875 0.3583984375 0.51220703125 0.3564453125 0.51123046875 0.3525390625 0.51025390625 0.3466796875 0.5126953125 0.3447265625 0.515625 0.3427734375 0.5185546875 0.337890625 0.51806640625 0.33203125 0.5185546875 0.3291015625 0.51904296875 0.326171875 0.52197265625 0.326171875 0.525390625 0.326171875 0.5234375 0.3720703125 0.5205078125 0.3837890625 0.51611328125 0.39453125 0.49755859375 0.3876953125
2 0.48388671875 0.3671875 0.49169921875 0.3564453125 0.50048828125 0.3759765625 0.5009765625 0.390625 0.482421875 0.392578125
4 0.4814453125 0.3466796875 0.48486328125 0.349609375 0.48681640625 0.3564453125 0.48876953125 0.3583984375 0.4892578125 0.361328125 0.48681640625 0.365234375 0.49267578125 0.3671875 0.4931640625 0.37109375 0.49267578125 0.3837890625 0.48388671875 0.390625 0.47998046875 0.376953125
2 0.53125 0.2978515625 0.52587890625 0.2978515625 0.5234375 0.3095703125 0.52197265625 0.3291015625 0.5224609375 0.3349609375 0.52197265625 0.3720703125 0.525390625 0.3828125 0.52392578125 0.4013671875 0.54736328125 0.3916015625 0.541015625 0.2958984375
2 0.99951171875 0.4521484375 0.95361328125 0.4521484375 0.87744140625 0.447265625 0.87841796875 0.4775390625 0.85302734375 0.4873046875 0.8359375 0.478515625 0.83447265625 0.462890625 0.8369140625 0.4560546875 0.8369140625 0.443359375 0.81103515625 0.4365234375 0.810546875 0.443359375 0.81201171875 0.4521484375 0.81298828125 0.466796875 0.78662109375 0.46875 0.77587890625 0.466796875 0.775390625 0.4541015625 0.7783203125 0.44921875 0.7783203125 0.4375 0.76611328125 0.435546875 0.76611328125 0.447265625 0.765625 0.451171875 0.75537109375 0.4521484375 0.73974609375 0.4521484375 0.73388671875 0.4443359375 0.72802734375 0.4482421875 0.71484375 0.451171875 0.7080078125 0.4443359375 0.708984375 0.4326171875 0.70751953125 0.431640625 0.70654296875 0.4423828125 0.6953125 0.443359375 0.6884765625 0.4423828125 0.685546875 0.4384765625 0.6767578125 0.4404296875 0.6708984375 0.439453125 0.6689453125 0.4375 0.66064453125 0.4384765625 0.65478515625 0.43359375 0.6484375 0.435546875 0.6435546875 0.43359375 0.634765625 0.431640625 0.63232421875 0.4306640625 0.62353515625 0.431640625 0.62255859375 0.427734375 0.61669921875 0.4306640625 0.6083984375 0.427734375 0.59326171875 0.4248046875 0.58984375 0.4208984375 0.55419921875 0.421875 0.54150390625 0.41796875 0.54150390625 0.37109375 0.5322265625 0.37109375 0.53125 0.2998046875 0.53564453125 0.185546875 0.53515625 0.1552734375 0.53662109375 0.138671875 0.5380859375 0.1240234375 0.544921875 0.1240234375 0.54638671875 0.1044921875 0.56884765625 0.1005859375 0.56787109375 0.0908203125 0.57861328125 0.087890625 0.5791015625 0.1005859375 0.5859375 0.099609375 0.58544921875 0.041015625 0.5966796875 0.0 0.99951171875 0.0
2 0.48583984375 0.392578125 0.486328125 0.384765625 0.4873046875 0.3818359375 0.48583984375 0.3759765625 0.4873046875 0.3740234375 0.486328125 0.3662109375 0.48388671875 0.3583984375 0.4833984375 0.3525390625 0.47998046875 0.345703125 0.47998046875 0.33984375 0.47412109375 0.3291015625 0.4716796875 0.3291015625 0.46826171875 0.3203125 0.4677734375 0.302734375 0.4541015625 0.28125 0.4443359375 0.2802734375 0.4423828125 0.27734375 0.4365234375 0.2783203125 0.43603515625 0.28125 0.43212890625 0.2822265625 0.4228515625 0.2978515625 0.39111328125 0.30078125 0.396484375 0.41796875 0.41650390625 0.4150390625 0.4365234375 0.4150390625 0.4453125 0.4091796875 0.45703125 0.408203125
2 0.3984375 0.42578125 0.412109375 0.380859375 0.41064453125 0.3359375 0.41455078125 0.33203125 0.41259765625 0.3115234375 0.41015625 0.2802734375 0.41259765625 0.2783203125 0.41259765625 0.2626953125 0.408203125 0.2568359375 0.40576171875 0.2490234375 0.4013671875 0.2490234375 0.39990234375 0.119140625 0.3984375 0.115234375 0.294921875 0.0791015625 0.29052734375 0.0791015625 0.28369140625 0.0810546875 0.27587890625 0.080078125 0.265625 0.0810546875 0.2451171875 0.080078125 0.1748046875 0.0 0.0009765625 0.0 0.0 0.4794921875 0.3681640625 0.4248046875
2 0.3984375 0.42578125 0.412109375 0.380859375 0.41064453125 0.3359375 0.41455078125 0.33203125 0.41259765625 0.3115234375 0.41015625 0.2802734375 0.41259765625 0.2783203125 0.41259765625 0.2626953125 0.408203125 0.2568359375 0.40576171875 0.2490234375 0.4013671875 0.2490234375 0.39990234375 0.119140625 0.3984375 0.115234375 0.294921875 0.0791015625 0.29052734375 0.0791015625 0.28369140625 0.0810546875 0.27587890625 0.080078125 0.265625 0.0810546875 0.2451171875 0.080078125 0.1748046875 0.0 0.0009765625 0.0 0.0 0.4794921875 0.3681640625 0.4248046875
5 0.466796875 0.4033203125 0.4609375 0.4033203125 0.4599609375 0.408203125 0.45947265625 0.41015625 0.45947265625 0.416015625 0.45947265625 0.4189453125 0.4609375 0.4189453125 0.4609375 0.4169921875 0.4677734375 0.4169921875 0.4677734375 0.4189453125 0.46923828125 0.41796875 0.46875 0.4091796875
5 0.4990234375 0.404296875 0.49658203125 0.40234375 0.49169921875 0.40234375 0.48974609375 0.408203125 0.4892578125 0.416015625 0.4892578125 0.4189453125 0.490234375 0.419921875 0.49072265625 0.4189453125 0.49169921875 0.4169921875 0.498046875 0.4169921875 0.498046875 0.4189453125 0.49951171875 0.4189453125 0.49951171875 0.4169921875 0.5 0.416015625 0.5 0.408203125
3 0.33984375 0.447265625 0.3388671875 0.419921875 0.35107421875 0.4208984375 0.365234375 0.4189453125 0.36669921875 0.4189453125 0.36572265625 0.4453125 0.35302734375 0.447265625
