0 0.46337890625 0.447265625 0.55517578125 0.435546875 0.712890625 0.44921875 1.0 0.583984375 1.0 1.0 0.0 1.0 0.0 0.57421875
2 0.47509765625 0.373046875 0.541015625 0.37890625 0.5341796875 0.42578125 0.51220703125 0.4365234375 0.4716796875 0.4150390625
4 0.51416015625 0.173828125 0.50390625 0.1630859375 0.4970703125 0.16796875 0.49365234375 0.1865234375 0.4921875 0.1826171875 0.49072265625 0.1796875 0.4892578125 0.1796875 0.4814453125 0.1875 0.4814453125 0.19140625 0.47900390625 0.201171875 0.47705078125 0.2021484375 0.47314453125 0.21484375 0.45849609375 0.2880859375 0.4677734375 0.359375 0.47412109375 0.373046875 0.4775390625 0.380859375 0.47998046875 0.380859375 0.48681640625 0.3798828125 0.49755859375 0.376953125 0.50244140625 0.3828125 0.5 0.431640625 0.50390625 0.4306640625 0.5078125 0.3828125 0.5185546875 0.37890625 0.5439453125 0.3349609375 0.5400390625 0.2109375
2 0.46142578125 0.0849609375 0.4677734375 0.111328125 0.470703125 0.1669921875 0.47607421875 0.1982421875 0.478515625 0.439453125 0.373046875 0.458984375 0.173828125 0.5927734375 0.0 0.662109375 0.0 0.0 0.39306640625 0.0 0.4072265625 0.052734375 0.41552734375 0.0556640625 0.431640625 0.1171875 0.4326171875 0.125 0.43994140625 0.1240234375 0.44677734375 0.1494140625 0.44873046875 0.109375 0.4521484375 0.083984375 0.455078125 0.083984375 0.4541015625 0.056640625 0.455078125 0.0498046875 0.45654296875 0.0126953125 0.45947265625 0.0654296875
2 0.5126953125 0.2568359375 0.53955078125 0.244140625 0.96240234375 0.1455078125 1.0 0.1484375 1.0 0.4443359375 0.61865234375 0.4443359375 0.55126953125 0.4443359375 0.52734375 0.4453125 0.515625 0.4189453125
1 0.4560546875 0.4912109375 0.31640625 0.646484375 0.2783203125 0.6689453125 0.16650390625 0.6962890625 0.0 0.7216796875 0.0 0.6025390625 0.12060546875 0.5634765625 0.126953125 0.564453125 0.138671875 0.55859375 0.2158203125 0.5263671875 0.400390625 0.4951171875
5 0.46484375 0.416015625 0.48193359375 0.4140625 0.484375 0.4208984375 0.47509765625 0.439453125 0.46240234375 0.4267578125 0.4619140625 0.4228515625
5 0.4599609375 0.423828125 0.46875 0.423828125 0.4677734375 0.4384765625 0.4609375 0.4580078125 0.45703125 0.4462890625 0.455078125 0.423828125
5 0.45556640625 0.41796875 0.4580078125 0.4296875 0.45947265625 0.4345703125 0.46240234375 0.43359375 0.462890625 0.4404296875 0.46044921875 0.455078125 0.4541015625 0.4501953125 0.44873046875 0.4169921875
5 0.416015625 0.41015625 0.4248046875 0.4140625 0.42822265625 0.427734375 0.43359375 0.4521484375 0.43603515625 0.470703125 0.43701171875 0.4794921875 0.43505859375 0.482421875 0.43603515625 0.4970703125 0.4365234375 0.5048828125 0.435546875 0.5166015625 0.43359375 0.51953125 0.42822265625 0.517578125 0.427734375 0.5078125 0.42626953125 0.51171875 0.42578125 0.51953125 0.42431640625 0.5244140625 0.41552734375 0.5234375 0.396484375 0.4541015625 0.38525390625 0.423828125 0.38818359375 0.41796875 0.39013671875 0.41796875 0.39208984375 0.4140625 0.4052734375 0.4111328125
5 0.38330078125 0.41796875 0.400390625 0.4228515625 0.408203125 0.439453125 0.41064453125 0.4501953125 0.4150390625 0.451171875 0.41748046875 0.4541015625 0.41748046875 0.458984375 0.41455078125 0.4609375 0.416015625 0.4765625 0.41552734375 0.5087890625 0.416015625 0.5205078125 0.41455078125 0.5302734375 0.41259765625 0.53125 0.41064453125 0.53125 0.41015625 0.537109375 0.408203125 0.541015625 0.4033203125 0.5419921875 0.39697265625 0.5390625 0.39404296875 0.5302734375 0.3935546875 0.525390625 0.388671875 0.52734375 0.37451171875 0.4326171875 0.37255859375 0.41796875
5 0.36279296875 0.4150390625 0.37353515625 0.41796875 0.380859375 0.4306640625 0.38525390625 0.4453125 0.38671875 0.4560546875 0.39013671875 0.4560546875 0.390625 0.474609375 0.3916015625 0.484375 0.392578125 0.4990234375 0.3916015625 0.5234375 0.3916015625 0.5419921875 0.39013671875 0.5498046875 0.380859375 0.55078125 0.376953125 0.5517578125 0.357421875 0.5380859375 0.34716796875 0.4404296875 0.35107421875 0.4150390625
5 0.30859375 0.3974609375 0.33056640625 0.400390625 0.3408203125 0.4013671875 0.35009765625 0.40625 0.3603515625 0.427734375 0.36767578125 0.45703125 0.37255859375 0.466796875 0.3759765625 0.5009765625 0.37646484375 0.5439453125 0.375 0.5703125 0.3720703125 0.5830078125 0.35888671875 0.5810546875 0.35791015625 0.5751953125 0.3583984375 0.5703125 0.35107421875 0.5771484375 0.3505859375 0.5908203125 0.34912109375 0.6044921875 0.3447265625 0.61328125 0.33154296875 0.6123046875 0.328125 0.6044921875 0.326171875 0.5849609375 0.23486328125 0.583984375 0.23388671875 0.58984375 0.23095703125 0.603515625 0.224609375 0.60546875 0.2119140625 0.603515625 0.20849609375 0.5966796875 0.2080078125 0.5830078125 0.20751953125 0.5625 0.20849609375 0.5478515625 0.20947265625 0.5390625 0.21142578125 0.509765625 0.2138671875 0.494140625 0.2275390625 0.470703125 0.23046875 0.4619140625 0.22265625 0.4580078125 0.22216796875 0.4482421875 0.228515625 0.4404296875 0.23486328125 0.4423828125 0.23486328125 0.4501953125 0.2431640625 0.4296875 0.255859375 0.4091796875 0.26953125 0.3984375 0.291015625 0.396484375
4 0.537109375 0.0888671875 0.54736328125 0.0830078125 0.55419921875 0.0830078125 0.5546875 0.0419921875 0.56201171875 0.0625 0.5732421875 0.0654296875 0.57958984375 0.0634765625 0.5849609375 0.0458984375 0.59912109375 0.0390625 0.5966796875 0.0244140625 0.62060546875 0.0 1.0 0.0 1.0 0.3271484375 0.9931640625 0.33203125 0.98388671875 0.3564453125 0.986328125 0.3740234375 0.97412109375 0.41796875 0.95166015625 0.3740234375 0.95263671875 0.36328125 0.93994140625 0.359375 0.93896484375 0.34765625 0.9365234375 0.3310546875 0.92724609375 0.3212890625 0.93359375 0.3154296875 0.93310546875 0.3056640625 0.92578125 0.3125 0.92138671875 0.31640625 0.91845703125 0.3193359375 0.92138671875 0.330078125 0.92724609375 0.359375 0.92529296875 0.37890625 0.91259765625 0.38671875 0.90478515625 0.380859375 0.89111328125 0.373046875 0.8876953125 0.3876953125 0.89013671875 0.412109375 0.884765625 0.4140625 0.85888671875 0.3759765625 0.84814453125 0.3671875 0.83203125 0.3681640625 0.8154296875 0.3798828125 0.802734375 0.3984375 0.7529296875 0.390625 0.74609375 0.4169921875 0.74267578125 0.41796875 0.74072265625 0.380859375 0.72998046875 0.376953125 0.72216796875 0.3662109375 0.7177734375 0.3798828125 0.71728515625 0.4228515625 0.67138671875 0.4208984375 0.67138671875 0.3818359375 0.64697265625 0.384765625 0.6474609375 0.435546875 0.63427734375 0.431640625 0.63671875 0.3857421875 0.578125 0.392578125 0.576171875 0.380859375 0.56201171875 0.37890625 0.54931640625 0.3720703125 0.54833984375 0.34765625 0.54296875 0.3291015625 0.52783203125 0.3125 0.52490234375 0.2880859375 0.52001953125 0.2763671875 0.51513671875 0.236328125 0.517578125 0.205078125 0.5048828125 0.1708984375 0.5 0.1533203125 0.5087890625 0.1376953125 0.5166015625 0.146484375 0.51611328125 0.1318359375 0.51123046875 0.1142578125 0.51513671875 0.09375 0.5185546875 0.0830078125 0.53125 0.0849609375
1 0.54296875 0.44921875 0.5673828125 0.484375 0.57470703125 0.4833984375 0.609375 0.4833984375 0.60009765625 0.474609375 0.57958984375 0.46875 0.55078125 0.4462890625 0.541015625 0.443359375
5 0.49609375 0.4150390625 0.51123046875 0.4150390625 0.52392578125 0.4189453125 0.5283203125 0.4326171875 0.53173828125 0.4482421875 0.53369140625 0.4482421875 0.53369140625 0.443359375 0.53955078125 0.4423828125 0.54248046875 0.4443359375 0.54248046875 0.451171875 0.53662109375 0.4560546875 0.5400390625 0.462890625 0.5419921875 0.484375 0.54150390625 0.4990234375 0.54345703125 0.55078125 0.53076171875 0.552734375 0.52880859375 0.5380859375 0.4609375 0.5439453125 0.46142578125 0.55859375 0.4482421875 0.560546875 0.447265625 0.5517578125 0.44677734375 0.5029296875 0.4453125 0.490234375 0.451171875 0.4697265625 0.447265625 0.4677734375 0.44677734375 0.4521484375 0.45654296875 0.447265625 0.462890625 0.4267578125 0.4677734375 0.4208984375 0.4873046875 0.4150390625
4 0.5927734375 0.4208984375 0.67138671875 0.4169921875 0.74853515625 0.4150390625 0.74609375 0.451171875 0.6064453125 0.470703125 0.578125 0.474609375 0.57421875 0.4736328125 0.548828125 0.44921875 0.55029296875 0.4208984375 0.57861328125 0.4208984375
3 0.666015625 0.431640625 0.64501953125 0.43359375 0.5751953125 0.439453125 0.5517578125 0.43359375 0.55126953125 0.4345703125 0.55126953125 0.4541015625 0.57568359375 0.474609375 0.61767578125 0.47265625 0.666015625 0.46875
5 0.62109375 0.4052734375 0.63623046875 0.4052734375 0.6396484375 0.4111328125 0.64208984375 0.4208984375 0.64599609375 0.427734375 0.64794921875 0.4384765625 0.64794921875 0.4501953125 0.64794921875 0.46484375 0.6103515625 0.4755859375 0.60302734375 0.478515625 0.59619140625 0.4736328125 0.5966796875 0.458984375 0.59619140625 0.4453125 0.59716796875 0.43359375 0.59521484375 0.431640625 0.59521484375 0.42578125 0.60009765625 0.42578125 0.603515625 0.416015625 0.60693359375 0.4072265625 0.6171875 0.4052734375
5 0.87548828125 0.388671875 0.90234375 0.3876953125 0.90380859375 0.41796875 0.88134765625 0.423828125 0.87060546875 0.4052734375 0.87109375 0.39453125
5 0.8369140625 0.3935546875 0.84521484375 0.3935546875 0.845703125 0.4072265625 0.83056640625 0.42578125 0.8154296875 0.427734375 0.80908203125 0.40234375 0.814453125 0.3955078125
5 0.8173828125 0.4072265625 0.8212890625 0.41015625 0.82080078125 0.4140625 0.81787109375 0.4169921875 0.82275390625 0.4267578125 0.82275390625 0.453125 0.740234375 0.455078125 0.7392578125 0.423828125 0.74853515625 0.3955078125 0.8076171875 0.392578125 0.8115234375 0.3994140625 0.8134765625 0.4072265625
5 0.68994140625 0.3876953125 0.716796875 0.3876953125 0.72216796875 0.390625 0.7333984375 0.41796875 0.7392578125 0.419921875 0.736328125 0.423828125 0.74072265625 0.4375 0.7421875 0.44140625 0.744140625 0.4501953125 0.744140625 0.4609375 0.6611328125 0.466796875 0.6611328125 0.45703125 0.66455078125 0.421875 0.671875 0.3994140625 0.67578125 0.3916015625
5 0.85498046875 0.3935546875 0.8740234375 0.3974609375 0.88623046875 0.416015625 0.88818359375 0.4228515625 0.8818359375 0.458984375 0.8359375 0.45703125 0.83349609375 0.4375 0.830078125 0.4033203125 0.837890625 0.3984375 0.84716796875 0.3935546875
5 0.99169921875 0.380859375 1.0 0.37890625 1.0 0.412109375 0.99560546875 0.41015625 0.9873046875 0.3828125
5 0.90380859375 0.3916015625 0.91162109375 0.380859375 0.92822265625 0.3759765625 0.951171875 0.3740234375 0.96533203125 0.373046875 0.98486328125 0.3759765625 0.9951171875 0.392578125 1.0 0.404296875 1.0 0.4599609375 0.982421875 0.4765625 0.896484375 0.4775390625 0.8779296875 0.4521484375 0.8779296875 0.4365234375 0.880859375 0.4296875 0.88623046875 0.4208984375 0.88623046875 0.4091796875 0.89404296875 0.408203125 0.8984375 0.3994140625 0.900390625 0.3955078125
4 0.82080078125 0.44921875 0.8193359375 0.34765625 0.81787109375 0.31640625 0.81396484375 0.255859375 0.796875 0.228515625 0.720703125 0.1259765625 0.71240234375 0.060546875 0.755859375 0.0 0.810546875 0.0 1.0 0.0 1.0 0.1689453125 0.9189453125 0.1748046875 0.90478515625 0.1953125 0.8857421875 0.21484375 0.84814453125 0.2333984375 0.82861328125 0.25390625 0.83203125 0.380859375 0.833984375 0.4013671875 0.83984375 0.458984375 0.82568359375 0.458984375
4 0.60693359375 0.5029296875 0.62451171875 0.5205078125 0.68017578125 0.515625 0.9140625 0.4755859375 0.9150390625 0.4609375 0.88525390625 0.4462890625 0.83984375 0.4443359375 0.79931640625 0.4521484375 0.701171875 0.4541015625 0.654296875 0.4599609375 0.6201171875 0.4560546875 0.6064453125 0.4658203125
4 0.66162109375 0.4921875 0.68896484375 0.552734375 0.73974609375 0.59375 0.794921875 0.5986328125 0.89501953125 0.587890625 1.0 0.5849609375 1.0 0.4599609375 0.90380859375 0.4638671875 0.81982421875 0.466796875 0.80517578125 0.4677734375 0.79541015625 0.45703125 0.7880859375 0.4541015625 0.7841796875 0.4599609375 0.7744140625 0.47265625 0.7314453125 0.47265625 0.7236328125 0.4716796875 0.70361328125 0.462890625 0.6923828125 0.4658203125 0.666015625 0.4873046875
