0 0.0 0.4296875 0.451171875 0.3720703125 0.59716796875 0.365234375 0.99951171875 0.4375 0.99951171875 0.9990234375 0.0 0.9990234375
1 0.61083984375 0.40625 0.60693359375 0.41015625 0.5830078125 0.41015625 0.57666015625 0.4140625 0.57470703125 0.416015625 0.62451171875 0.4501953125 0.65625 0.451171875 0.697265625 0.4482421875 0.69677734375 0.4287109375
1 0.69873046875 0.4482421875 0.689453125 0.4521484375 0.65869140625 0.455078125 0.64697265625 0.458984375 0.64892578125 0.462890625 0.74072265625 0.5146484375 0.85107421875 0.5615234375 0.93310546875 0.576171875 0.99951171875 0.5830078125 0.99951171875 0.4814453125 0.82861328125 0.455078125 0.7216796875 0.4375
1 0.0 0.4892578125 0.06201171875 0.4814453125 0.3193359375 0.4306640625 0.3349609375 0.42578125 0.3583984375 0.427734375 0.38037109375 0.4287109375 0.3857421875 0.427734375 0.3818359375 0.4208984375 0.35888671875 0.419921875 0.39306640625 0.4150390625 0.41455078125 0.4150390625 0.43310546875 0.4150390625 0.42041015625 0.40625 0.361328125 0.4013671875 0.32470703125 0.3837890625 0.01025390625 0.3876953125 0.0 0.43359375
4 0.52001953125 0.345703125 0.52490234375 0.345703125 0.52587890625 0.34375 0.52734375 0.34375 0.5302734375 0.34375 0.5322265625 0.3447265625 0.53369140625 0.3447265625 0.53515625 0.3447265625 0.541015625 0.345703125 0.54150390625 0.345703125 0.5439453125 0.345703125 0.5439453125 0.353515625 0.544921875 0.3544921875 0.544921875 0.3583984375 0.544921875 0.3642578125 0.544921875 0.3671875 0.5439453125 0.3701171875 0.54296875 0.3720703125 0.5419921875 0.373046875 0.5390625 0.376953125 0.5322265625 0.3779296875 0.53125 0.37890625 0.53076171875 0.37890625 0.52783203125 0.3759765625
4 0.564453125 0.3017578125 0.5615234375 0.2978515625 0.5576171875 0.298828125 0.55322265625 0.306640625 0.5517578125 0.30859375 0.5478515625 0.3115234375 0.54638671875 0.31640625 0.5458984375 0.326171875 0.544921875 0.3349609375 0.54345703125 0.3427734375 0.54345703125 0.3505859375 0.54345703125 0.357421875 0.54345703125 0.357421875 0.5419921875 0.3642578125 0.5400390625 0.369140625 0.5400390625 0.3740234375 0.5400390625 0.3798828125 0.53955078125 0.380859375 0.53515625 0.380859375 0.5322265625 0.3828125 0.5322265625 0.388671875 0.533203125 0.390625 0.53662109375 0.3916015625 0.55322265625 0.3916015625 0.5615234375 0.3525390625
2 0.51220703125 0.3466796875 0.51708984375 0.337890625 0.5283203125 0.3623046875 0.52880859375 0.3896484375 0.51318359375 0.3916015625
2 0.54541015625 0.3974609375 0.546875 0.373046875 0.55615234375 0.373046875 0.55517578125 0.3203125 0.56591796875 0.2900390625 0.56591796875 0.259765625 0.5703125 0.2451171875 0.5986328125 0.2490234375 0.60986328125 0.296875 0.6123046875 0.4033203125 0.60546875 0.404296875 0.57470703125 0.4052734375 0.56494140625 0.40625 0.55908203125 0.3994140625
2 0.607421875 0.013671875 0.60302734375 0.03515625 0.59619140625 0.0341796875 0.5888671875 0.076171875 0.59033203125 0.1474609375 0.58984375 0.2958984375 0.5888671875 0.3330078125 0.5908203125 0.3408203125 0.60693359375 0.3447265625 0.6064453125 0.4169921875 0.67724609375 0.443359375 0.7021484375 0.443359375 0.7138671875 0.453125 0.73095703125 0.4521484375 0.7578125 0.4716796875 0.76611328125 0.46484375 0.76611328125 0.46875 0.81787109375 0.490234375 0.83154296875 0.4912109375 0.94677734375 0.5302734375 0.9990234375 0.5322265625 0.99951171875 0.0 0.607421875 0.0
2 0.51220703125 0.35546875 0.51318359375 0.3466796875 0.51513671875 0.3408203125 0.50341796875 0.318359375 0.5048828125 0.3115234375 0.50341796875 0.3056640625 0.49560546875 0.2939453125 0.494140625 0.296875 0.4892578125 0.2861328125 0.4873046875 0.27734375 0.48583984375 0.2646484375 0.484375 0.24609375 0.48583984375 0.24609375 0.4677734375 0.2099609375 0.45263671875 0.2109375 0.4521484375 0.2060546875 0.4404296875 0.2041015625 0.43994140625 0.208984375 0.43359375 0.2109375 0.4248046875 0.2265625 0.41748046875 0.2275390625 0.41650390625 0.22265625 0.4140625 0.2177734375 0.41162109375 0.2236328125 0.4111328125 0.2275390625 0.38330078125 0.2255859375 0.380859375 0.09765625 0.37548828125 0.09765625 0.3740234375 0.1201171875 0.30029296875 0.111328125 0.2861328125 0.26953125 0.2998046875 0.3955078125 0.392578125 0.3994140625 0.4462890625 0.404296875 0.4833984375 0.400390625 0.50927734375 0.3994140625
3 0.41650390625 0.369140625 0.35107421875 0.3642578125 0.349609375 0.3916015625 0.3876953125 0.400390625 0.42236328125 0.4013671875 0.42236328125 0.3701171875
4 0.31982421875 0.166015625 0.32861328125 0.1650390625 0.3330078125 0.158203125 0.33349609375 0.158203125 0.337890625 0.154296875 0.3408203125 0.154296875 0.34375 0.1552734375 0.35595703125 0.1533203125 0.361328125 0.1591796875 0.36474609375 0.169921875 0.369140625 0.181640625 0.3701171875 0.1904296875 0.37158203125 0.2001953125 0.37646484375 0.208984375 0.3818359375 0.2138671875 0.384765625 0.216796875 0.384765625 0.2236328125 0.384765625 0.236328125 0.38427734375 0.25390625 0.3759765625 0.2529296875 0.373046875 0.2451171875 0.3701171875 0.234375 0.35791015625 0.2294921875 0.3544921875 0.228515625 0.3564453125 0.2412109375 0.361328125 0.2470703125 0.36474609375 0.251953125 0.3671875 0.251953125 0.3701171875 0.2548828125 0.37255859375 0.2578125 0.3759765625 0.2626953125 0.376953125 0.2724609375 0.376953125 0.2783203125 0.37451171875 0.298828125 0.37451171875 0.2998046875 0.37451171875 0.3056640625 0.376953125 0.310546875 0.37744140625 0.3203125 0.37890625 0.333984375 0.3798828125 0.33984375 0.380859375 0.357421875 0.38037109375 0.3681640625 0.3759765625 0.373046875 0.37158203125 0.3759765625 0.3681640625 0.3779296875 0.36376953125 0.376953125 0.3583984375 0.3720703125 0.3544921875 0.3681640625 0.3466796875 0.3642578125 0.3447265625 0.365234375 0.34033203125 0.3671875 0.33740234375 0.3740234375 0.33154296875 0.3896484375 0.314453125 0.40234375 0.29541015625 0.396484375 0.27880859375 0.388671875 0.3076171875 0.1748046875
2 0.00048828125 0.4443359375 0.02734375 0.4443359375 0.07177734375 0.4443359375 0.078125 0.4365234375 0.11474609375 0.4326171875 0.12841796875 0.4326171875 0.12841796875 0.443359375 0.1318359375 0.447265625 0.138671875 0.44921875 0.1455078125 0.4482421875 0.14794921875 0.44140625 0.14892578125 0.431640625 0.1787109375 0.431640625 0.18310546875 0.4248046875 0.18994140625 0.42578125 0.19091796875 0.435546875 0.1923828125 0.439453125 0.2060546875 0.4404296875 0.20654296875 0.412109375 0.21240234375 0.4130859375 0.212890625 0.419921875 0.21630859375 0.4267578125 0.22119140625 0.4267578125 0.22412109375 0.4130859375 0.24609375 0.416015625 0.24853515625 0.419921875 0.25390625 0.423828125 0.25830078125 0.4140625 0.2763671875 0.412109375 0.279296875 0.4189453125 0.28125 0.41796875 0.28564453125 0.41796875 0.28759765625 0.4150390625 0.2998046875 0.4140625 0.30322265625 0.4169921875 0.30517578125 0.416015625 0.3095703125 0.4150390625 0.32666015625 0.4189453125 0.35009765625 0.3369140625 0.353515625 0.3369140625 0.3544921875 0.3076171875 0.3330078125 0.173828125 0.32861328125 0.1708984375 0.32763671875 0.193359375 0.3095703125 0.193359375 0.310546875 0.1875 0.3212890625 0.1826171875 0.3212890625 0.1318359375 0.3134765625 0.1083984375 0.31201171875 0.037109375 0.32177734375 0.02734375 0.32275390625 0.001953125 0.00048828125 0.0009765625
5 0.48681640625 0.3876953125 0.484375 0.39453125 0.48291015625 0.3994140625 0.48291015625 0.40625 0.486328125 0.40625 0.48681640625 0.4052734375 0.49365234375 0.4052734375 0.49462890625 0.408203125 0.498046875 0.4072265625 0.49853515625 0.3974609375 0.49560546875 0.3876953125
5 0.4765625 0.3837890625 0.47216796875 0.3837890625 0.47119140625 0.3837890625 0.4677734375 0.392578125 0.4677734375 0.3994140625 0.4677734375 0.4033203125 0.4677734375 0.4052734375 0.4697265625 0.4052734375 0.4716796875 0.4033203125 0.4765625 0.4033203125 0.47705078125 0.4052734375 0.478515625 0.40625 0.4814453125 0.4013671875 0.4814453125 0.392578125 0.48046875 0.3857421875 0.478515625 0.3837890625
1 0.0 0.5029296875 0.06103515625 0.4970703125 0.1416015625 0.486328125 0.1708984375 0.48828125 0.17919921875 0.4990234375 0.13330078125 0.5146484375 0.07666015625 0.5244140625 0.0 0.5361328125
