0 0.0 0.419921875 0.79296875 0.3564453125 0.99951171875 0.42578125 0.99951171875 0.9990234375 0.0 0.9990234375
1 0.5634765625 0.349609375 0.310546875 0.4833984375 0.73779296875 0.4833984375 0.705078125 0.3720703125
2 0.58837890625 0.189453125 0.6953125 0.1748046875 0.7294921875 0.2978515625 0.720703125 0.41015625 0.6796875 0.4375 0.662109375 0.44921875 0.5986328125 0.4384765625 0.56298828125 0.4033203125 0.5693359375 0.1865234375
2 0.63232421875 0.0 0.6328125 0.0283203125 0.7021484375 0.0263671875 0.70751953125 0.0 0.99951171875 0.0 0.99951171875 0.474609375 0.9130859375 0.478515625 0.75537109375 0.4814453125 0.71630859375 0.458984375 0.68896484375 0.431640625 0.68359375 0.4326171875 0.6787109375 0.4326171875 0.6787109375 0.4267578125 0.67626953125 0.2333984375 0.5966796875 0.2314453125 0.626953125 0.26953125 0.62841796875 0.275390625 0.60302734375 0.263671875 0.61474609375 0.3095703125 0.61962890625 0.33203125 0.609375 0.33984375 0.61083984375 0.3994140625 0.53955078125 0.4443359375 0.46533203125 0.4599609375 0.41748046875 0.4775390625 0.3994140625 0.4697265625 0.3984375 0.4775390625 0.39208984375 0.48046875 0.38671875 0.4775390625 0.38525390625 0.47265625 0.3544921875 0.474609375 0.3232421875 0.474609375 0.3095703125 0.4853515625 0.0 0.478515625 0.00146484375 0.0 0.5771484375 0.0 0.63134765625 0.0
4 0.607421875 0.380859375 0.61279296875 0.376953125 0.61572265625 0.376953125 0.619140625 0.376953125 0.62255859375 0.3779296875 0.625 0.37890625 0.62841796875 0.3798828125 0.6298828125 0.3798828125 0.6318359375 0.384765625 0.634765625 0.396484375 0.634765625 0.3994140625 0.6357421875 0.40234375 0.63623046875 0.4072265625 0.63671875 0.4140625 0.63671875 0.4169921875 0.6357421875 0.421875 0.6357421875 0.4267578125 0.63330078125 0.4287109375 0.630859375 0.4306640625 0.6181640625 0.4267578125
3 0.95263671875 0.6064453125 0.92041015625 0.607421875 0.89501953125 0.6083984375 0.88232421875 0.607421875 0.87060546875 0.6005859375 0.86962890625 0.5908203125 0.88818359375 0.58203125 0.916015625 0.580078125 0.9130859375 0.380859375 0.9296875 0.3779296875 0.9296875 0.3623046875 0.9345703125 0.359375 0.93359375 0.33984375 0.93310546875 0.322265625 0.9345703125 0.314453125 0.9404296875 0.3134765625 0.94189453125 0.328125 0.94189453125 0.35546875 0.9462890625 0.365234375 0.947265625 0.37109375 0.962890625 0.3720703125 0.9677734375 0.3779296875 0.96875 0.5810546875 0.97265625 0.373046875 0.99951171875 0.376953125 0.99951171875 0.658203125 0.98046875 0.65625 0.95654296875 0.65625 0.935546875 0.6455078125 0.9287109375 0.640625 0.9462890625 0.6181640625 0.96240234375 0.6123046875
3 0.59619140625 0.412109375 0.58251953125 0.4130859375 0.58154296875 0.4482421875 0.60107421875 0.4384765625 0.59912109375 0.4150390625
3 0.544921875 0.4091796875 0.54296875 0.447265625 0.583984375 0.4501953125 0.58837890625 0.455078125 0.5888671875 0.4541015625 0.5849609375 0.4482421875 0.5849609375 0.4150390625
4 0.0 0.5478515625 0.0 0.419921875 0.015625 0.419921875 0.02880859375 0.4169921875 0.0458984375 0.416015625 0.07958984375 0.423828125 0.1025390625 0.423828125 0.1201171875 0.427734375 0.14013671875 0.4482421875 0.14990234375 0.5078125 0.1455078125 0.578125 0.1376953125 0.5986328125 0.0537109375 0.611328125 0.0 0.611328125
3 0.06982421875 0.623046875 0.03662109375 0.626953125 0.0068359375 0.6328125 0.00048828125 0.642578125 0.00048828125 0.66015625 0.08154296875 0.6708984375 0.11279296875 0.6552734375 0.08740234375 0.62890625 0.16162109375 0.591796875 0.1611328125 0.6083984375 0.22998046875 0.6044921875 0.24462890625 0.6025390625 0.24658203125 0.5947265625 0.2373046875 0.5849609375 0.2080078125 0.572265625 0.189453125 0.578125 0.189453125 0.37890625 0.07373046875 0.37890625
