0 0.50927734375 0.3720703125 0.693359375 0.3798828125 1.0 0.6845703125 1.0 1.0 0.0 1.0 0.0 0.650390625 0.42138671875 0.3896484375
2 0.50390625 0.326171875 0.53662109375 0.318359375 0.6083984375 0.0 1.0 0.0 1.0 0.615234375 0.8193359375 0.53125 0.60400390625 0.416015625 0.556640625 0.400390625 0.54638671875 0.400390625 0.53271484375 0.384765625 0.5009765625 0.3818359375 0.4970703125 0.349609375
4 0.52099609375 0.1865234375 0.5166015625 0.1787109375 0.513671875 0.1669921875 0.513671875 0.15625 0.5078125 0.16015625 0.5166015625 0.140625 0.5146484375 0.1357421875 0.50927734375 0.1328125 0.5087890625 0.0859375 0.52001953125 0.087890625 0.51953125 0.0771484375 0.52001953125 0.068359375 0.5205078125 0.0673828125 0.5205078125 0.0615234375 0.51708984375 0.0546875 0.5107421875 0.060546875 0.50634765625 0.0634765625 0.50244140625 0.0478515625 0.50244140625 0.041015625 0.50390625 0.041015625 0.50830078125 0.0400390625 0.5126953125 0.0380859375 0.51416015625 0.033203125 0.50830078125 0.025390625 0.505859375 0.017578125 0.505859375 0.0166015625 0.50732421875 0.015625 0.509765625 0.013671875 0.51513671875 0.01171875 0.52392578125 0.0 0.66748046875 0.0 0.68994140625 0.015625 0.69482421875 0.021484375 0.6875 0.02734375 0.6845703125 0.033203125 0.68408203125 0.046875 0.6845703125 0.0625 0.68505859375 0.0830078125 0.68505859375 0.1025390625 0.6865234375 0.12109375 0.68701171875 0.1376953125 0.68505859375 0.14453125 0.68212890625 0.1484375 0.6748046875 0.166015625 0.67041015625 0.1767578125 0.6669921875 0.18359375 0.65625 0.205078125 0.6552734375 0.2080078125 0.65478515625 0.220703125 0.64990234375 0.2353515625 0.64599609375 0.2392578125 0.64013671875 0.2294921875 0.6337890625 0.228515625 0.63330078125 0.23046875 0.63330078125 0.2412109375 0.63720703125 0.244140625 0.6513671875 0.2646484375 0.640625 0.28125 0.63720703125 0.296875 0.63037109375 0.3125 0.62646484375 0.3203125 0.62158203125 0.33984375 0.62060546875 0.3408203125 0.6181640625 0.341796875 0.61767578125 0.337890625 0.61767578125 0.3310546875 0.61865234375 0.326171875 0.61865234375 0.3203125 0.607421875 0.3212890625 0.60595703125 0.322265625 0.60205078125 0.322265625 0.60107421875 0.322265625 0.5986328125 0.322265625 0.59228515625 0.3203125 0.5888671875 0.3232421875 0.58740234375 0.3603515625 0.59619140625 0.3623046875 0.60205078125 0.3740234375 0.603515625 0.3779296875 0.6015625 0.453125 0.57275390625 0.4462890625 0.56884765625 0.43359375 0.568359375 0.412109375 0.568359375 0.404296875 0.5654296875 0.40234375 0.56298828125 0.3974609375 0.5634765625 0.3916015625 0.56787109375 0.3837890625 0.57275390625 0.3701171875 0.580078125 0.3603515625 0.583984375 0.3583984375 0.58447265625 0.30859375 0.58203125 0.310546875 0.57275390625 0.306640625 0.5615234375 0.306640625 0.55224609375 0.30859375 0.5595703125 0.314453125 0.55224609375 0.328125 0.5498046875 0.3427734375 0.54736328125 0.345703125 0.5458984375 0.345703125 0.54296875 0.345703125 0.53857421875 0.3466796875 0.5234375 0.349609375 0.5224609375 0.3525390625 0.51123046875 0.3525390625 0.48974609375 0.240234375 0.49853515625 0.2041015625 0.50390625 0.18359375 0.51416015625 0.18359375
2 0.49072265625 0.11328125 0.4912109375 0.1572265625 0.498046875 0.1630859375 0.5009765625 0.1904296875 0.49658203125 0.1982421875 0.49072265625 0.400390625 0.4658203125 0.4111328125 0.4697265625 0.1083984375
4 0.4892578125 0.1904296875 0.50390625 0.21484375 0.5126953125 0.236328125 0.517578125 0.25390625 0.5244140625 0.30078125 0.521484375 0.3291015625 0.51220703125 0.353515625 0.4833984375 0.35546875 0.46875 0.3408203125 0.46142578125 0.271484375 0.46484375 0.1845703125
2 0.46630859375 0.0361328125 0.47021484375 0.080078125 0.4677734375 0.0908203125 0.4736328125 0.10546875 0.47607421875 0.1181640625 0.47119140625 0.1396484375 0.4716796875 0.1572265625 0.47216796875 0.169921875 0.466796875 0.41796875 0.44775390625 0.4296875 0.41943359375 0.42578125 0.42138671875 0.0048828125 0.4423828125 0.03515625
4 0.45654296875 0.064453125 0.455078125 0.0830078125 0.4599609375 0.0947265625 0.4609375 0.1025390625 0.4677734375 0.115234375 0.47119140625 0.125 0.47509765625 0.130859375 0.47021484375 0.1396484375 0.46728515625 0.140625 0.4638671875 0.1484375 0.4619140625 0.1533203125 0.45703125 0.158203125 0.4560546875 0.1591796875 0.4541015625 0.1767578125 0.45263671875 0.18359375 0.45166015625 0.1923828125 0.44677734375 0.2080078125 0.4453125 0.208984375 0.4375 0.21875 0.4287109375 0.21875 0.42333984375 0.21875 0.41552734375 0.216796875 0.4208984375 0.013671875 0.4248046875 0.017578125 0.4287109375 0.0263671875 0.43212890625 0.0390625 0.4326171875 0.0419921875 0.4365234375 0.0439453125 0.44140625 0.044921875 0.443359375 0.0458984375 0.44482421875 0.052734375 0.44482421875 0.060546875 0.44921875 0.060546875
2 0.42333984375 0.4658203125 0.423828125 0.240234375 0.4267578125 0.0 0.0 0.0 0.0 0.73046875 0.41455078125 0.4814453125
1 0.49267578125 0.4462890625 0.548828125 0.4560546875 0.59130859375 0.4677734375 0.87451171875 0.62109375 0.9130859375 0.6484375 0.9208984375 0.5361328125 0.87451171875 0.515625 0.599609375 0.4462890625 0.5712890625 0.439453125 0.5673828125 0.4052734375 0.55908203125 0.3974609375 0.53076171875 0.3818359375 0.50341796875 0.3798828125 0.47265625 0.4033203125 0.44921875 0.42578125 0.42333984375 0.423828125 0.423828125 0.4453125
1 0.36865234375 0.6474609375 0.47216796875 0.47265625 0.4716796875 0.4619140625 0.4638671875 0.455078125 0.42431640625 0.447265625 0.42236328125 0.451171875 0.41552734375 0.4501953125 0.412109375 0.4541015625 0.41259765625 0.462890625 0.40869140625 0.4697265625 0.39208984375 0.4697265625 0.37060546875 0.4873046875 0.36669921875 0.4912109375 0.35888671875 0.4912109375 0.314453125 0.51953125 0.2744140625 0.54296875 0.1474609375 0.615234375 0.0 0.7099609375 0.0 1.0 0.15673828125 1.0
4 0.505859375 0.3701171875 0.50146484375 0.396484375 0.50341796875 0.40234375 0.50390625 0.4052734375 0.5 0.40625 0.49658203125 0.40625 0.4951171875 0.4052734375 0.484375 0.40625 0.4794921875 0.408203125 0.47119140625 0.4091796875 0.4697265625 0.41015625 0.46875 0.408203125 0.46826171875 0.3994140625 0.46826171875 0.396484375 0.4697265625 0.392578125 0.47314453125 0.388671875 0.47265625 0.3837890625 0.47216796875 0.3837890625 0.46923828125 0.3857421875 0.46826171875 0.3828125 0.46728515625 0.380859375 0.46728515625 0.376953125 0.4677734375 0.37109375 0.46826171875 0.369140625 0.46923828125 0.3671875 0.47119140625 0.3662109375 0.4716796875 0.365234375 0.4755859375 0.3642578125 0.48193359375 0.3662109375 0.48291015625 0.3662109375 0.48193359375 0.3603515625 0.48388671875 0.361328125 0.48681640625 0.3623046875 0.4921875 0.3623046875 0.4951171875 0.3623046875 0.49755859375 0.3642578125 0.49951171875 0.3662109375
5 0.62109375 0.3779296875 0.60595703125 0.3779296875 0.6015625 0.380859375 0.59765625 0.390625 0.59521484375 0.4013671875 0.59228515625 0.4072265625 0.591796875 0.4033203125 0.5849609375 0.40234375 0.583984375 0.4072265625 0.58447265625 0.41015625 0.59033203125 0.4130859375 0.58642578125 0.423828125 0.5859375 0.451171875 0.5859375 0.4677734375 0.5869140625 0.4697265625 0.5927734375 0.46875 0.59375 0.4599609375 0.595703125 0.4619140625 0.5947265625 0.474609375 0.59716796875 0.4775390625 0.60302734375 0.4765625 0.60400390625 0.46484375 0.6064453125 0.46484375 0.6220703125 0.40234375 0.62353515625 0.3876953125 0.63134765625 0.3779296875
5 0.61669921875 0.3857421875 0.6220703125 0.3681640625 0.673828125 0.3720703125 0.66796875 0.3759765625 0.66845703125 0.3818359375 0.67041015625 0.3857421875 0.66796875 0.4521484375 0.6435546875 0.4814453125 0.62158203125 0.478515625 0.62109375 0.486328125 0.619140625 0.4912109375 0.6142578125 0.4892578125 0.61279296875 0.4833984375 0.611328125 0.4814453125 0.61083984375 0.484375 0.6064453125 0.4833984375 0.60595703125 0.4755859375 0.60546875 0.46484375 0.6064453125 0.4453125 0.609375 0.4228515625 0.60595703125 0.4189453125 0.60595703125 0.412109375 0.611328125 0.4140625 0.61376953125 0.396484375
5 0.69775390625 0.3681640625 0.73486328125 0.3701171875 0.71875 0.517578125 0.68212890625 0.55078125 0.66796875 0.5498046875 0.66455078125 0.54296875 0.6650390625 0.529296875 0.6650390625 0.517578125 0.65869140625 0.5166015625 0.65869140625 0.521484375 0.65576171875 0.52734375 0.6513671875 0.5302734375 0.64208984375 0.529296875 0.6396484375 0.51953125 0.638671875 0.5029296875 0.63916015625 0.48828125 0.6416015625 0.4716796875 0.64404296875 0.4560546875 0.6533203125 0.4296875 0.6455078125 0.4267578125 0.6455078125 0.4130859375 0.65478515625 0.4130859375 0.6552734375 0.421875 0.66552734375 0.390625 0.67333984375 0.376953125 0.685546875 0.37109375 0.68603515625 0.3681640625
5 0.7529296875 0.365234375 0.7998046875 0.365234375 0.83154296875 0.3701171875 0.85302734375 0.380859375 0.87060546875 0.4541015625 0.876953125 0.46484375 0.88330078125 0.501953125 0.8876953125 0.5234375 0.88916015625 0.5458984375 0.8857421875 0.5703125 0.88623046875 0.5810546875 0.88427734375 0.6015625 0.88134765625 0.6201171875 0.87841796875 0.6279296875 0.8681640625 0.6259765625 0.86181640625 0.62109375 0.857421875 0.6083984375 0.85693359375 0.59765625 0.82470703125 0.5947265625 0.82177734375 0.5869140625 0.74609375 0.576171875 0.7451171875 0.591796875 0.74267578125 0.6044921875 0.73974609375 0.6201171875 0.72705078125 0.6181640625 0.72265625 0.61328125 0.72021484375 0.607421875 0.71875 0.5927734375 0.71826171875 0.572265625 0.7001953125 0.560546875 0.69873046875 0.572265625 0.6982421875 0.5771484375 0.6875 0.5771484375 0.68212890625 0.572265625 0.681640625 0.5576171875 0.6806640625 0.5439453125 0.6806640625 0.5205078125 0.68212890625 0.5107421875 0.68115234375 0.4853515625 0.68310546875 0.47265625 0.693359375 0.4521484375 0.69775390625 0.4482421875 0.69775390625 0.4462890625 0.68994140625 0.44140625 0.68701171875 0.4345703125 0.689453125 0.42578125 0.6953125 0.4228515625 0.69921875 0.4248046875 0.70263671875 0.4296875 0.7041015625 0.4345703125 0.70458984375 0.4375 0.7119140625 0.4130859375 0.71875 0.3935546875 0.7255859375 0.3740234375 0.73681640625 0.369140625 0.75048828125 0.3662109375
5 0.9248046875 0.5087890625 0.91162109375 0.498046875 0.90966796875 0.4892578125 0.90869140625 0.4697265625 0.91357421875 0.45703125 0.93017578125 0.4482421875 0.94384765625 0.4521484375 0.94677734375 0.474609375 0.95068359375 0.4716796875 0.990234375 0.396484375 1.0 0.376953125 1.0 0.865234375 0.9482421875 0.822265625 0.9326171875 0.8525390625 0.91748046875 0.8623046875 0.90234375 0.85546875 0.8916015625 0.8154296875 0.88720703125 0.7646484375 0.88623046875 0.728515625 0.88818359375 0.6884765625 0.8876953125 0.642578125 0.88916015625 0.61328125 0.9091796875 0.544921875 0.9189453125 0.521484375
