0 0.48095703125 0.3994140625 0.53515625 0.4013671875 0.68359375 0.4453125 1.0 0.6484375 1.0 1.0 0.0 1.0 0.0 0.5751953125 0.40869140625 0.3798828125
2 0.419921875 0.0546875 0.44873046875 0.126953125 0.45458984375 0.130859375 0.45947265625 0.1376953125 0.4580078125 0.1630859375 0.46435546875 0.1806640625 0.46435546875 0.232421875 0.474609375 0.2470703125 0.4755859375 0.2626953125 0.4814453125 0.263671875 0.48583984375 0.2783203125 0.49072265625 0.27734375 0.4921875 0.291015625 0.4990234375 0.3291015625 0.50830078125 0.3369140625 0.5126953125 0.3203125 0.515625 0.3173828125 0.51806640625 0.310546875 0.52783203125 0.3095703125 0.5390625 0.287109375 0.54833984375 0.287109375 0.55224609375 0.2685546875 0.5556640625 0.265625 0.552734375 0.2626953125 0.55712890625 0.2490234375 0.55517578125 0.240234375 0.56298828125 0.2314453125 0.56640625 0.1513671875 0.5673828125 0.142578125 0.572265625 0.1435546875 0.57177734375 0.15625 0.58837890625 0.1552734375 0.59130859375 0.138671875 0.583984375 0.12890625 0.5830078125 0.123046875 0.59326171875 0.0703125 0.6025390625 0.060546875 0.60107421875 0.0322265625 0.60205078125 0.0263671875 0.59228515625 0.0302734375 0.59130859375 0.0234375 0.59765625 0.0 1.0 0.0 1.0 0.5791015625 0.6962890625 0.490234375 0.6083984375 0.4111328125 0.5458984375 0.4013671875 0.5283203125 0.3984375 0.5234375 0.4052734375 0.505859375 0.408203125 0.435546875 0.42578125 0.3203125 0.4267578125 0.16796875 0.3984375 0.17822265625 0.0 0.40283203125 0.0
4 0.3427734375 0.310546875 0.353515625 0.23828125 0.36083984375 0.2626953125 0.37109375 0.296875 0.37060546875 0.4111328125 0.27587890625 0.3974609375 0.20166015625 0.2890625 0.20166015625 0.2763671875 0.20751953125 0.27734375 0.22314453125 0.2724609375 0.22314453125 0.2724609375 0.2275390625 0.2861328125 0.236328125 0.2890625 0.2509765625 0.28515625 0.26025390625 0.27734375 0.26171875 0.27734375 0.265625 0.28515625 0.26953125 0.291015625 0.2705078125 0.27734375 0.2724609375 0.27734375 0.287109375 0.2744140625 0.294921875 0.2822265625 0.2939453125 0.2666015625 0.2939453125 0.263671875 0.3037109375 0.255859375 0.31103515625 0.248046875 0.31591796875 0.25 0.3203125 0.255859375 0.3291015625 0.263671875 0.33056640625 0.2666015625 0.33251953125 0.2744140625 0.32861328125 0.302734375
3 0.296875 0.3251953125 0.328125 0.3310546875 0.3271484375 0.4111328125 0.294921875 0.41015625 0.29541015625 0.322265625
3 0.3515625 0.4453125 0.35107421875 0.3388671875 0.33740234375 0.3349609375 0.33837890625 0.44921875
1 0.41259765625 0.4794921875 0.35546875 0.515625 0.228515625 0.6005859375 0.0 0.7607421875 0.0 0.544921875 0.19189453125 0.4931640625 0.28759765625 0.4794921875 0.333984375 0.4638671875 0.3642578125 0.453125 0.3916015625 0.4580078125
3 0.2509765625 0.3271484375 0.2900390625 0.3388671875 0.2900390625 0.4775390625 0.24658203125 0.49609375 0.21435546875 0.4912109375 0.21240234375 0.326171875 0.23486328125 0.3251953125
2 0.1904296875 0.24609375 0.18701171875 0.0 0.0 0.0 0.0 0.5869140625 0.08984375 0.5498046875 0.11767578125 0.5517578125 0.1943359375 0.5224609375
5 0.4912109375 0.40625 0.4912109375 0.3994140625 0.48779296875 0.3984375 0.484375 0.3896484375 0.47607421875 0.388671875 0.47509765625 0.3994140625 0.4833984375 0.4296875 0.48828125 0.4306640625 0.4912109375 0.423828125
5 0.46875 0.388671875 0.4765625 0.3896484375 0.4814453125 0.3994140625 0.484375 0.4140625 0.48388671875 0.4326171875 0.4814453125 0.4326171875 0.47216796875 0.43359375 0.46826171875 0.4111328125 0.46533203125 0.39453125
5 0.47607421875 0.439453125 0.47607421875 0.412109375 0.474609375 0.40625 0.47705078125 0.4052734375 0.47607421875 0.40234375 0.47216796875 0.400390625 0.47021484375 0.3896484375 0.4443359375 0.3876953125 0.45849609375 0.40625 0.46435546875 0.4375 0.47021484375 0.4375 0.4697265625 0.4423828125 0.47412109375 0.4423828125
5 0.462890625 0.4033203125 0.46435546875 0.4111328125 0.46728515625 0.4091796875 0.46923828125 0.41015625 0.46923828125 0.4140625 0.4658203125 0.4169921875 0.46728515625 0.4287109375 0.46533203125 0.451171875 0.4619140625 0.451171875 0.4609375 0.4541015625 0.458984375 0.453125 0.45263671875 0.4150390625 0.4501953125 0.3916015625 0.458984375 0.3916015625
5 0.45849609375 0.458984375 0.45947265625 0.4296875 0.4599609375 0.4228515625 0.45947265625 0.4150390625 0.4619140625 0.4150390625 0.4619140625 0.4091796875 0.45849609375 0.4091796875 0.45361328125 0.390625 0.44287109375 0.3876953125 0.43896484375 0.4453125 0.451171875 0.4482421875 0.451171875 0.4541015625 0.453125 0.458984375 0.45703125 0.458984375
5 0.40478515625 0.2890625 0.43896484375 0.298828125 0.44140625 0.3115234375 0.44384765625 0.3125 0.44384765625 0.3173828125 0.4423828125 0.3193359375 0.4443359375 0.3466796875 0.44580078125 0.373046875 0.44775390625 0.3759765625 0.44970703125 0.384765625 0.4482421875 0.40234375 0.4453125 0.4052734375 0.44677734375 0.423828125 0.4453125 0.4560546875 0.44580078125 0.478515625 0.443359375 0.4814453125 0.443359375 0.490234375 0.43896484375 0.4912109375 0.43505859375 0.4912109375 0.4326171875 0.4833984375 0.43212890625 0.4765625 0.384765625 0.474609375 0.38427734375 0.478515625 0.37841796875 0.478515625 0.375 0.478515625 0.37451171875 0.474609375 0.373046875 0.474609375 0.37158203125 0.4833984375 0.3701171875 0.4912109375 0.3623046875 0.4873046875 0.36181640625 0.4794921875 0.36083984375 0.44921875 0.3603515625 0.4384765625 0.3603515625 0.3984375 0.36181640625 0.33984375 0.36376953125 0.314453125 0.3623046875 0.3134765625 0.36181640625 0.306640625 0.36474609375 0.3056640625 0.3662109375 0.29296875 0.39453125 0.287109375
4 0.5302734375 0.35546875 0.52587890625 0.3525390625 0.5263671875 0.3544921875 0.5263671875 0.3623046875 0.525390625 0.37109375 0.52294921875 0.376953125 0.52001953125 0.376953125 0.515625 0.376953125 0.5126953125 0.3798828125 0.513671875 0.3876953125 0.5166015625 0.390625 0.5244140625 0.3876953125 0.52587890625 0.392578125 0.53076171875 0.390625
1 0.6494140625 0.4921875 0.712890625 0.544921875 0.81640625 0.623046875 0.91357421875 0.6923828125 0.912109375 0.5830078125 0.8154296875 0.501953125 0.734375 0.470703125 0.6884765625 0.453125 0.64404296875 0.4677734375 0.640625 0.4833984375
5 0.89990234375 0.3251953125 0.94970703125 0.310546875 1.0 0.2978515625 1.0 0.69140625 0.9609375 0.69921875 0.95947265625 0.740234375 0.95166015625 0.75390625 0.93896484375 0.759765625 0.92626953125 0.7548828125 0.9189453125 0.7373046875 0.912109375 0.70703125 0.90966796875 0.6845703125 0.84814453125 0.640625 0.84619140625 0.6611328125 0.84130859375 0.673828125 0.83251953125 0.673828125 0.82080078125 0.671875 0.81787109375 0.6533203125 0.8134765625 0.623046875 0.81103515625 0.609375 0.8076171875 0.583984375 0.8056640625 0.5595703125 0.806640625 0.53515625 0.81005859375 0.4990234375 0.8251953125 0.46875 0.82470703125 0.4609375 0.8310546875 0.4462890625 0.83447265625 0.4423828125 0.8544921875 0.373046875 0.865234375 0.34765625 0.8896484375 0.3291015625
5 0.533203125 0.392578125 0.5419921875 0.3896484375 0.5439453125 0.40625 0.54248046875 0.412109375 0.5322265625 0.41015625 0.5322265625 0.3955078125
5 0.58447265625 0.3818359375 0.58056640625 0.3798828125 0.57373046875 0.37890625 0.5673828125 0.3828125 0.564453125 0.390625 0.5625 0.4013671875 0.5615234375 0.4072265625 0.56005859375 0.421875 0.56103515625 0.4384765625 0.564453125 0.439453125 0.56494140625 0.4423828125 0.56982421875 0.44140625 0.5693359375 0.4365234375 0.5810546875 0.435546875 0.583984375 0.4033203125 0.58544921875 0.3935546875
5 0.59423828125 0.376953125 0.5830078125 0.3818359375 0.580078125 0.3994140625 0.576171875 0.4013671875 0.5751953125 0.4013671875 0.57470703125 0.4033203125 0.57568359375 0.4072265625 0.578125 0.4072265625 0.5771484375 0.416015625 0.5791015625 0.4345703125 0.5791015625 0.44921875 0.58544921875 0.4521484375 0.59375 0.4140625 0.59716796875 0.3876953125
5 0.6259765625 0.3701171875 0.6103515625 0.3701171875 0.59521484375 0.373046875 0.5888671875 0.390625 0.58740234375 0.4013671875 0.58056640625 0.404296875 0.5830078125 0.408203125 0.58544921875 0.408203125 0.58349609375 0.41796875 0.5830078125 0.4296875 0.583984375 0.4462890625 0.58447265625 0.455078125 0.58642578125 0.4580078125 0.58837890625 0.4541015625 0.5908203125 0.4599609375 0.595703125 0.4619140625 0.6083984375 0.4228515625 0.62890625 0.3779296875
5 0.6181640625 0.376953125 0.6123046875 0.3779296875 0.60595703125 0.3818359375 0.603515625 0.392578125 0.6005859375 0.40234375 0.5986328125 0.41015625 0.59521484375 0.4052734375 0.591796875 0.408203125 0.591796875 0.4140625 0.59814453125 0.4140625 0.59521484375 0.4208984375 0.5947265625 0.4296875 0.59619140625 0.451171875 0.59765625 0.4677734375 0.60302734375 0.46875 0.60693359375 0.451171875 0.62353515625 0.3798828125
5 0.6044921875 0.4853515625 0.60302734375 0.46875 0.6025390625 0.435546875 0.60546875 0.41796875 0.6005859375 0.4189453125 0.6005859375 0.4072265625 0.60546875 0.40625 0.607421875 0.412109375 0.61279296875 0.38671875 0.61962890625 0.373046875 0.63232421875 0.365234375 0.6650390625 0.359375 0.6708984375 0.3583984375 0.67578125 0.365234375 0.6845703125 0.384765625 0.69189453125 0.41015625 0.69482421875 0.421875 0.6962890625 0.482421875 0.6884765625 0.4833984375 0.6845703125 0.4794921875 0.68505859375 0.4716796875 0.6767578125 0.47265625 0.67578125 0.4755859375 0.66943359375 0.4765625 0.6650390625 0.47265625 0.646484375 0.4755859375 0.6435546875 0.478515625 0.63037109375 0.482421875 0.63037109375 0.490234375 0.62890625 0.498046875 0.623046875 0.4990234375 0.61865234375 0.4931640625 0.6181640625 0.4775390625 0.615234375 0.4765625 0.61474609375 0.484375 0.61376953125 0.4873046875 0.60791015625 0.48828125
4 0.30029296875 0.3193359375 0.30126953125 0.33203125 0.3037109375 0.3486328125 0.30615234375 0.3662109375 0.30859375 0.373046875 0.3193359375 0.375 0.32080078125 0.369140625 0.32470703125 0.359375 0.3271484375 0.3564453125 0.328125 0.353515625 0.32666015625 0.34375 0.326171875 0.3359375 0.3271484375 0.330078125 0.3271484375 0.328125 0.3271484375 0.3203125
