0 0.0048828125 0.509765625 0.57177734375 0.4052734375 0.86376953125 0.3857421875 0.99951171875 0.443359375 0.99951171875 0.9990234375 0.0 0.9990234375 0.0 0.5087890625
4 0.62841796875 0.2021484375 0.630859375 0.2021484375 0.630859375 0.2021484375 0.6318359375 0.201171875 0.6328125 0.2001953125 0.63671875 0.2001953125 0.6435546875 0.2001953125 0.6484375 0.2041015625 0.65087890625 0.212890625 0.65380859375 0.2158203125 0.65673828125 0.21875 0.662109375 0.22265625 0.66455078125 0.2236328125 0.66650390625 0.2265625 0.66259765625 0.3564453125 0.6552734375 0.3662109375 0.6552734375 0.3701171875 0.65283203125 0.376953125 0.65283203125 0.376953125 0.646484375 0.37890625 0.63916015625 0.37890625 0.63623046875 0.37890625 0.63232421875 0.37890625 0.61181640625 0.345703125
2 0.59765625 0.1455078125 0.630859375 0.212890625 0.62744140625 0.2177734375 0.61865234375 0.2158203125 0.6318359375 0.2421875 0.6318359375 0.3701171875 0.61083984375 0.373046875 0.61181640625 0.4189453125 0.5693359375 0.4208984375 0.50927734375 0.427734375 0.4931640625 0.1826171875
2 0.552734375 0.3642578125 0.48193359375 0.34375 0.482421875 0.0 0.0 0.0009765625 0.001953125 0.5546875 0.564453125 0.421875 0.56396484375 0.3671875
4 0.5283203125 0.392578125 0.5322265625 0.392578125 0.537109375 0.3916015625 0.54150390625 0.3916015625 0.54296875 0.3955078125 0.54541015625 0.404296875 0.5458984375 0.4072265625 0.5478515625 0.408203125 0.55126953125 0.41015625 0.55224609375 0.4130859375 0.55224609375 0.4287109375 0.537109375 0.4326171875 0.52978515625 0.4248046875
2 0.66259765625 0.3564453125 0.66259765625 0.3125 0.66015625 0.3115234375 0.65966796875 0.302734375 0.6630859375 0.2998046875 0.662109375 0.2578125 0.66064453125 0.2578125 0.66015625 0.2509765625 0.66259765625 0.2451171875 0.6630859375 0.201171875 0.66064453125 0.201171875 0.6611328125 0.1943359375 0.66162109375 0.189453125 0.6630859375 0.18359375 0.6630859375 0.15234375 0.6591796875 0.1513671875 0.66015625 0.1435546875 0.666015625 0.1064453125 0.6650390625 0.095703125 0.68212890625 0.0 0.9111328125 0.0 0.912109375 0.2451171875 0.94970703125 0.349609375 0.78466796875 0.40625 0.67138671875 0.42578125
4 0.845703125 0.384765625 0.8447265625 0.3779296875 0.84326171875 0.3779296875 0.84326171875 0.373046875 0.84326171875 0.3720703125 0.841796875 0.3720703125 0.84326171875 0.3671875 0.84375 0.3662109375 0.84423828125 0.3662109375 0.845703125 0.3662109375 0.84716796875 0.3642578125 0.84912109375 0.3623046875 0.85107421875 0.361328125 0.85205078125 0.3603515625 0.85546875 0.3642578125 0.85791015625 0.3671875 0.85791015625 0.37109375 0.85791015625 0.3759765625 0.85693359375 0.3779296875 0.85546875 0.3779296875 0.85498046875 0.380859375 0.85302734375 0.384765625
4 0.81982421875 0.3681640625 0.82177734375 0.3681640625 0.8232421875 0.3720703125 0.82373046875 0.3720703125 0.8251953125 0.3759765625 0.82568359375 0.3759765625 0.8271484375 0.37890625 0.8271484375 0.3818359375 0.826171875 0.3837890625 0.826171875 0.3876953125 0.826171875 0.3876953125 0.82666015625 0.3896484375 0.8271484375 0.392578125 0.8251953125 0.3935546875 0.82373046875 0.39453125 0.822265625 0.400390625 0.8212890625 0.4033203125 0.8203125 0.4033203125 0.81787109375 0.404296875 0.81640625 0.40234375 0.81640625 0.3974609375 0.8154296875 0.39453125 0.8154296875 0.39453125 0.81494140625 0.39453125 0.81396484375 0.3916015625 0.8134765625 0.3896484375 0.81298828125 0.388671875 0.81103515625 0.384765625 0.81103515625 0.3828125 0.8134765625 0.3759765625 0.8134765625 0.3759765625 0.81201171875 0.3720703125 0.81201171875 0.369140625 0.81396484375 0.3681640625 0.8173828125 0.3681640625
4 0.78955078125 0.3896484375 0.78515625 0.3837890625 0.783203125 0.37890625 0.7822265625 0.3779296875 0.7822265625 0.37109375 0.78125 0.3671875 0.78173828125 0.3623046875 0.783203125 0.361328125 0.7861328125 0.357421875 0.787109375 0.357421875 0.7900390625 0.3564453125 0.79052734375 0.3603515625 0.791015625 0.3623046875 0.79296875 0.3671875 0.794921875 0.3671875 0.7939453125 0.3759765625 0.7919921875 0.37890625 0.791015625 0.3818359375
4 0.75830078125 0.3896484375 0.7607421875 0.3857421875 0.76123046875 0.384765625 0.76171875 0.3828125 0.76171875 0.3798828125 0.7607421875 0.3779296875 0.759765625 0.376953125 0.75830078125 0.376953125 0.75732421875 0.3759765625 0.75 0.369140625 0.744140625 0.3701171875 0.744140625 0.3701171875 0.74267578125 0.37109375 0.73974609375 0.369140625 0.73876953125 0.3623046875 0.7373046875 0.359375 0.73681640625 0.3505859375 0.736328125 0.3447265625 0.736328125 0.33984375 0.73486328125 0.3369140625 0.73046875 0.333984375 0.7255859375 0.330078125 0.72265625 0.3291015625 0.7197265625 0.3291015625 0.708984375 0.3232421875 0.701171875 0.326171875 0.6982421875 0.3427734375 0.69482421875 0.34765625 0.6904296875 0.3525390625 0.68505859375 0.3662109375 0.6884765625 0.392578125 0.68994140625 0.40234375 0.6904296875 0.408203125 0.69287109375 0.427734375 0.75732421875 0.4326171875
1 0.88623046875 0.3974609375 0.84033203125 0.4150390625 0.84326171875 0.44140625 0.84033203125 0.4609375 0.875 0.4677734375 0.99951171875 0.5068359375 0.99951171875 0.4033203125
2 0.85791015625 0.0 0.85888671875 0.25 0.8349609375 0.2685546875 0.80224609375 0.2880859375 0.80322265625 0.310546875 0.8623046875 0.328125 0.865234375 0.416015625 0.90869140625 0.431640625 0.99951171875 0.443359375 0.99951171875 0.0
3 0.8349609375 0.416015625 0.83544921875 0.3896484375 0.68701171875 0.39453125 0.68701171875 0.4375 0.708984375 0.455078125 0.7177734375 0.466796875 0.728515625 0.4658203125 0.73291015625 0.427734375 0.7197265625 0.4169921875 0.7626953125 0.4169921875 0.76220703125 0.4365234375 0.8203125 0.44921875 0.83837890625 0.453125 0.83984375 0.4169921875
4 0.5703125 0.431640625 0.57763671875 0.427734375 0.57763671875 0.4208984375 0.57958984375 0.41015625 0.57958984375 0.4072265625 0.57958984375 0.400390625 0.57958984375 0.3994140625 0.57568359375 0.3974609375 0.57275390625 0.3935546875 0.56884765625 0.3935546875 0.55908203125 0.3935546875 0.55322265625 0.39453125 0.54931640625 0.3974609375 0.54931640625 0.3994140625 0.55029296875 0.400390625 0.55029296875 0.408203125 0.5517578125 0.4140625 0.5517578125 0.4169921875 0.55517578125 0.4287109375 0.55810546875 0.43359375
4 0.4951171875 0.318359375 0.49951171875 0.3193359375 0.50439453125 0.3193359375 0.50634765625 0.31640625 0.5078125 0.3115234375 0.51513671875 0.3076171875 0.52294921875 0.2998046875 0.533203125 0.296875 0.541015625 0.2861328125 0.56494140625 0.271484375 0.5693359375 0.265625 0.576171875 0.25 0.57958984375 0.234375 0.58544921875 0.23046875 0.591796875 0.2177734375 0.59326171875 0.203125 0.59375 0.1884765625 0.60205078125 0.1767578125 0.61181640625 0.158203125 0.6181640625 0.142578125 0.61669921875 0.134765625 0.62841796875 0.1279296875 0.630859375 0.1162109375 0.6123046875 0.099609375 0.60693359375 0.0927734375 0.603515625 0.064453125 0.6025390625 0.0400390625 0.6005859375 0.0341796875 0.5869140625 0.0244140625 0.56982421875 0.009765625 0.5654296875 0.001953125 0.51904296875 0.0009765625
4 0.50537109375 0.0 0.51416015625 0.0078125 0.52587890625 0.0146484375 0.5341796875 0.0224609375 0.5400390625 0.033203125 0.544921875 0.048828125 0.5458984375 0.0673828125 0.5458984375 0.0830078125 0.5458984375 0.091796875 0.54638671875 0.111328125 0.546875 0.126953125 0.548828125 0.1435546875 0.5546875 0.181640625 0.5546875 0.20703125 0.55224609375 0.2236328125 0.546875 0.25390625 0.54150390625 0.275390625 0.53369140625 0.287109375 0.5244140625 0.2939453125 0.515625 0.3056640625 0.5048828125 0.314453125 0.4990234375 0.3251953125 0.498046875 0.326171875 0.49169921875 0.087890625 0.50146484375 0.0
4 0.50634765625 0.3935546875 0.5205078125 0.392578125 0.525390625 0.39453125 0.5302734375 0.3994140625 0.5322265625 0.400390625 0.53369140625 0.40625 0.53466796875 0.41796875 0.53564453125 0.4267578125 0.53564453125 0.431640625 0.52783203125 0.435546875 0.517578125 0.4384765625 0.505859375 0.439453125 0.50439453125 0.396484375
4 0.45849609375 0.37890625 0.45849609375 0.2900390625 0.46044921875 0.287109375 0.4638671875 0.2880859375 0.47021484375 0.2880859375 0.4765625 0.2880859375 0.478515625 0.2880859375 0.47998046875 0.287109375 0.48388671875 0.2841796875 0.484375 0.283203125 0.48583984375 0.2763671875 0.48583984375 0.2744140625 0.48681640625 0.259765625 0.4873046875 0.251953125 0.48828125 0.25 0.4892578125 0.2490234375 0.4951171875 0.2392578125 0.50146484375 0.228515625 0.505859375 0.2216796875 0.5068359375 0.2177734375 0.51123046875 0.2021484375 0.51123046875 0.2001953125 0.51123046875 0.193359375 0.51220703125 0.1865234375 0.515625 0.1826171875 0.515625 0.1806640625 0.515625 0.1767578125 0.51611328125 0.169921875 0.5166015625 0.1669921875 0.51806640625 0.1533203125 0.51806640625 0.14453125 0.52001953125 0.1142578125 0.5224609375 0.111328125 0.5263671875 0.1005859375 0.52734375 0.0849609375 0.52197265625 0.064453125 0.51416015625 0.04296875 0.51318359375 0.03515625 0.50830078125 0.0234375 0.50732421875 0.01171875 0.50537109375 0.0029296875 0.50439453125 0.0 0.43115234375 0.0 0.42333984375 0.0146484375 0.42041015625 0.0283203125 0.4169921875 0.041015625 0.4140625 0.0546875 0.41162109375 0.0732421875 0.40478515625 0.0849609375 0.3984375 0.0966796875 0.396484375 0.142578125 0.39697265625 0.171875 0.39794921875 0.193359375 0.40625 0.2109375 0.41015625 0.21875 0.4189453125 0.2451171875 0.4189453125 0.2587890625 0.419921875 0.2705078125 0.4267578125 0.2890625 0.4365234375 0.2958984375 0.44091796875 0.2998046875 0.4482421875 0.302734375 0.45263671875 0.302734375 0.45361328125 0.2939453125 0.4521484375 0.3857421875
4 0.20458984375 0.3291015625 0.20263671875 0.1298828125 0.19677734375 0.1298828125 0.19384765625 0.1337890625 0.18701171875 0.1357421875 0.17431640625 0.1376953125 0.1630859375 0.12890625 0.1611328125 0.12109375 0.16064453125 0.1103515625 0.15673828125 0.0908203125 0.158203125 0.076171875 0.166015625 0.0634765625 0.18212890625 0.0576171875 0.19384765625 0.0390625 0.19384765625 0.037109375 0.185546875 0.033203125 0.1806640625 0.0244140625 0.1728515625 0.0234375 0.15966796875 0.0244140625 0.15380859375 0.0361328125 0.1494140625 0.0556640625 0.146484375 0.0517578125 0.14013671875 0.044921875 0.13134765625 0.02734375 0.126953125 0.0302734375 0.11669921875 0.0400390625 0.11279296875 0.037109375 0.111328125 0.033203125 0.10888671875 0.013671875 0.10986328125 0.0 0.33935546875 0.0029296875 0.32470703125 0.0205078125 0.32568359375 0.0234375 0.328125 0.0302734375 0.3310546875 0.04296875 0.32666015625 0.052734375 0.32373046875 0.056640625 0.31591796875 0.0712890625 0.31396484375 0.08203125 0.31298828125 0.0869140625 0.310546875 0.107421875 0.310546875 0.1123046875 0.30908203125 0.12890625 0.3056640625 0.126953125 0.2958984375 0.119140625 0.27490234375 0.119140625 0.2734375 0.1162109375 0.26806640625 0.1005859375 0.26611328125 0.09765625 0.259765625 0.09375 0.24462890625 0.08203125 0.2431640625 0.0986328125 0.2431640625 0.1123046875 0.24462890625 0.1201171875 0.2431640625 0.126953125 0.23291015625 0.138671875 0.22607421875 0.142578125 0.22509765625 0.146484375 0.21630859375 0.158203125 0.22412109375 0.3798828125
5 0.4697265625 0.376953125 0.494140625 0.37890625 0.49951171875 0.37890625 0.50732421875 0.3974609375 0.51123046875 0.40234375 0.51171875 0.4072265625 0.51123046875 0.412109375 0.51318359375 0.4169921875 0.51318359375 0.4287109375 0.513671875 0.447265625 0.51171875 0.45703125 0.50732421875 0.458984375 0.50634765625 0.45703125 0.50537109375 0.462890625 0.50341796875 0.46484375 0.49755859375 0.46484375 0.49658203125 0.46484375 0.49560546875 0.45703125 0.47998046875 0.4560546875
5 0.4111328125 0.40234375 0.419921875 0.3818359375 0.42431640625 0.373046875 0.43017578125 0.373046875 0.439453125 0.3779296875 0.462890625 0.37890625 0.46435546875 0.3740234375 0.4697265625 0.3759765625 0.47509765625 0.384765625 0.4833984375 0.4208984375 0.48388671875 0.447265625 0.48388671875 0.462890625 0.48291015625 0.4755859375 0.48046875 0.478515625 0.47412109375 0.4775390625 0.47412109375 0.4736328125 0.4677734375 0.4765625 0.4677734375 0.484375 0.4638671875 0.4873046875 0.4580078125 0.4873046875 0.45458984375 0.4853515625 0.453125 0.478515625 0.41259765625 0.4765625
5 0.30615234375 0.3408203125 0.29833984375 0.3408203125 0.28369140625 0.3427734375 0.2724609375 0.3544921875 0.23876953125 0.4150390625 0.234375 0.4248046875 0.240234375 0.5400390625 0.24951171875 0.5400390625 0.3203125 0.5400390625 0.32470703125 0.5546875 0.33837890625 0.560546875 0.3447265625 0.5546875 0.3515625 0.5263671875 0.3681640625 0.5126953125 0.36767578125 0.521484375 0.37060546875 0.53125 0.37548828125 0.5341796875 0.38134765625 0.533203125 0.3876953125 0.5107421875 0.39013671875 0.4833984375 0.3876953125 0.4326171875 0.37646484375 0.3740234375 0.36669921875 0.3564453125 0.3642578125 0.3486328125 0.35205078125 0.3408203125 0.34130859375 0.3466796875
5 0.0 0.296875 0.02392578125 0.2939453125 0.134765625 0.2958984375 0.20361328125 0.31640625 0.21240234375 0.3232421875 0.23583984375 0.4052734375 0.244140625 0.43359375 0.24609375 0.5009765625 0.23974609375 0.548828125 0.23193359375 0.6171875 0.22509765625 0.626953125 0.203125 0.6337890625 0.1953125 0.6279296875 0.1884765625 0.5830078125 0.10302734375 0.6259765625 0.1005859375 0.6474609375 0.0927734375 0.6767578125 0.080078125 0.703125 0.060546875 0.716796875 0.03369140625 0.7099609375 0.01953125 0.66796875 0.00048828125 0.671875
