0 0.40380859375 0.4111328125 0.61962890625 0.3984375 0.93212890625 0.4931640625 1.0 0.6044921875 1.0 1.0 0.0 1.0 0.0 0.494140625
4 0.29443359375 0.1298828125 0.29541015625 0.1328125 0.29541015625 0.150390625 0.2861328125 0.1533203125 0.30419921875 0.171875 0.3076171875 0.1884765625 0.31005859375 0.2041015625 0.31005859375 0.212890625 0.3115234375 0.2421875 0.31201171875 0.25 0.32373046875 0.23046875 0.32421875 0.2470703125 0.32666015625 0.2705078125 0.27880859375 0.27734375 0.26123046875 0.236328125 0.27099609375 0.1279296875 0.27587890625 0.1201171875
2 0.3505859375 0.1689453125 0.3740234375 0.1689453125 0.3798828125 0.177734375 0.38037109375 0.2275390625 0.38916015625 0.2158203125 0.38671875 0.1982421875 0.4091796875 0.1982421875 0.41162109375 0.212890625 0.4765625 0.27734375 0.49462890625 0.2802734375 0.49951171875 0.28515625 0.5361328125 0.2900390625 0.53759765625 0.30078125 0.5498046875 0.2998046875 0.548828125 0.23046875 0.55419921875 0.220703125 0.55419921875 0.2138671875 0.55908203125 0.205078125 0.56201171875 0.205078125 0.58642578125 0.1552734375 0.59130859375 0.150390625 0.591796875 0.146484375 0.6005859375 0.1474609375 0.6015625 0.15234375 0.64404296875 0.1484375 0.64453125 0.1376953125 0.64892578125 0.1328125 0.64892578125 0.09765625 0.6435546875 0.091796875 0.6435546875 0.0771484375 0.64453125 0.0302734375 0.650390625 0.0146484375 0.65087890625 0.0 1.0 0.0 1.0 0.6064453125 0.6123046875 0.4140625 0.55859375 0.4189453125 0.46533203125 0.4228515625 0.39404296875 0.43359375 0.26123046875 0.423828125 0.26611328125 0.244140625 0.28759765625 0.248046875 0.31201171875 0.2587890625 0.32177734375 0.2490234375 0.35205078125 0.2509765625
2 0.2646484375 0.37890625 0.26904296875 0.2939453125 0.26953125 0.2314453125 0.271484375 0.224609375 0.27099609375 0.01171875 0.2646484375 0.0078125 0.265625 0.0 0.0 0.0 0.0 0.5625 0.263671875 0.443359375
1 0.40380859375 0.439453125 0.44775390625 0.431640625 0.44873046875 0.427734375 0.4287109375 0.421875 0.40478515625 0.4228515625 0.36181640625 0.4228515625 0.369140625 0.447265625
4 0.35693359375 0.373046875 0.37646484375 0.380859375 0.39697265625 0.37109375 0.40966796875 0.3837890625 0.4169921875 0.3837890625 0.41845703125 0.4169921875 0.41845703125 0.421875 0.4140625 0.42578125 0.4033203125 0.4287109375 0.39501953125 0.4306640625 0.36865234375 0.4345703125 0.265625 0.4267578125 0.263671875 0.369140625 0.271484375 0.359375 0.279296875 0.3662109375 0.27978515625 0.3701171875 0.3251953125 0.3681640625
2 0.28955078125 0.353515625 0.32763671875 0.3544921875 0.32763671875 0.3486328125 0.33740234375 0.349609375 0.33935546875 0.3564453125 0.345703125 0.357421875 0.349609375 0.37109375 0.349609375 0.3994140625 0.28466796875 0.3994140625 0.2841796875 0.3681640625
5 0.34228515625 0.3955078125 0.3544921875 0.396484375 0.35595703125 0.3955078125 0.359375 0.3935546875 0.36767578125 0.41796875 0.37060546875 0.4267578125 0.37109375 0.4697265625 0.369140625 0.478515625 0.36279296875 0.478515625 0.3623046875 0.4716796875 0.359375 0.4736328125 0.35888671875 0.4814453125 0.35791015625 0.484375 0.3525390625 0.4853515625 0.3525390625 0.4775390625 0.33447265625 0.478515625 0.32470703125 0.3955078125
5 0.29443359375 0.3935546875 0.314453125 0.3955078125 0.31689453125 0.3935546875 0.32470703125 0.39453125 0.330078125 0.4033203125 0.33642578125 0.42578125 0.33740234375 0.4326171875 0.337890625 0.458984375 0.33740234375 0.4658203125 0.3369140625 0.48828125 0.3359375 0.4951171875 0.33203125 0.49609375 0.3271484375 0.494140625 0.3271484375 0.490234375 0.32177734375 0.4931640625 0.32177734375 0.5 0.3203125 0.5029296875 0.31103515625 0.50390625 0.30908203125 0.5 0.26611328125 0.498046875 0.2578125 0.4365234375 0.2626953125 0.427734375 0.2568359375 0.42578125 0.25732421875 0.4169921875 0.2626953125 0.4150390625 0.26318359375 0.423828125 0.2763671875 0.3984375 0.2822265625 0.3896484375 0.29150390625 0.3916015625
5 0.18017578125 0.392578125 0.23095703125 0.3896484375 0.24609375 0.3955078125 0.25927734375 0.4345703125 0.263671875 0.4404296875 0.26708984375 0.46875 0.26708984375 0.5087890625 0.2666015625 0.53125 0.26318359375 0.5361328125 0.251953125 0.5380859375 0.24755859375 0.5205078125 0.23486328125 0.5263671875 0.2333984375 0.5439453125 0.2275390625 0.5556640625 0.21728515625 0.5576171875 0.20751953125 0.5498046875 0.20556640625 0.5361328125 0.1767578125 0.541015625 0.15234375 0.4072265625 0.1630859375 0.3955078125 0.17578125 0.392578125
5 0.0537109375 0.392578125 0.11279296875 0.390625 0.146484375 0.3984375 0.1552734375 0.4052734375 0.1630859375 0.4345703125 0.169921875 0.46484375 0.171875 0.482421875 0.17626953125 0.4970703125 0.17626953125 0.5224609375 0.1767578125 0.55078125 0.17529296875 0.5751953125 0.171875 0.583984375 0.15869140625 0.587890625 0.15380859375 0.5859375 0.14892578125 0.564453125 0.12109375 0.5791015625 0.1171875 0.599609375 0.11376953125 0.609375 0.1103515625 0.6142578125 0.09912109375 0.6171875 0.0859375 0.6162109375 0.08056640625 0.6083984375 0.03271484375 0.6171875 0.00439453125 0.4384765625 0.03271484375 0.3984375 0.0478515625 0.3955078125
5 0.01513671875 0.4736328125 0.02587890625 0.4794921875 0.03466796875 0.544921875 0.03662109375 0.599609375 0.0361328125 0.6318359375 0.0322265625 0.65625 0.02734375 0.6640625 0.01904296875 0.6689453125 0.013671875 0.66796875 0.0078125 0.666015625 0.0 0.6376953125 0.0 0.4248046875 0.0078125 0.4453125 0.0126953125 0.4638671875
3 0.5576171875 0.400390625 0.5888671875 0.3994140625 0.5888671875 0.4130859375 0.5576171875 0.4130859375
5 0.48046875 0.3701171875 0.50048828125 0.369140625 0.52734375 0.369140625 0.5341796875 0.37109375 0.54931640625 0.419921875 0.55029296875 0.41015625 0.55615234375 0.412109375 0.560546875 0.4169921875 0.560546875 0.421875 0.5537109375 0.427734375 0.5546875 0.4365234375 0.55615234375 0.4404296875 0.5556640625 0.447265625 0.5576171875 0.4599609375 0.5576171875 0.4970703125 0.55810546875 0.5263671875 0.55712890625 0.548828125 0.54443359375 0.55078125 0.541015625 0.5400390625 0.5400390625 0.52734375 0.45849609375 0.533203125 0.4580078125 0.548828125 0.45703125 0.552734375 0.44287109375 0.5546875 0.44140625 0.548828125 0.44091796875 0.5009765625 0.439453125 0.486328125 0.43994140625 0.4638671875 0.4462890625 0.4326171875 0.45703125 0.3935546875 0.4619140625 0.3740234375
5 0.59912109375 0.357421875 0.611328125 0.3466796875 0.62548828125 0.3427734375 0.65087890625 0.3388671875 0.66845703125 0.33984375 0.669921875 0.3427734375 0.67431640625 0.365234375 0.6767578125 0.3974609375 0.65673828125 0.46875 0.6162109375 0.4765625 0.6162109375 0.4921875 0.615234375 0.49609375 0.60693359375 0.4951171875 0.6064453125 0.4892578125 0.60595703125 0.48046875 0.60498046875 0.4814453125 0.6044921875 0.48828125 0.5966796875 0.4853515625 0.5966796875 0.4794921875 0.59326171875 0.4345703125 0.5966796875 0.4091796875 0.59423828125 0.408203125 0.59423828125 0.4111328125 0.59033203125 0.4111328125 0.587890625 0.4072265625 0.58740234375 0.4033203125 0.5888671875 0.3984375 0.59228515625 0.3955078125 0.59375 0.4033203125 0.5966796875 0.4033203125
1 0.6875 0.5224609375 0.7998046875 0.609375 0.94580078125 0.7275390625 0.97119140625 0.537109375 0.8876953125 0.501953125 0.87890625 0.505859375 0.87060546875 0.505859375 0.85546875 0.4970703125 0.77783203125 0.4716796875 0.6806640625 0.5068359375 0.6826171875 0.5224609375
5 0.68701171875 0.37890625 0.71630859375 0.3720703125 0.734375 0.3681640625 0.748046875 0.37109375 0.75390625 0.3759765625 0.7685546875 0.4111328125 0.77490234375 0.427734375 0.77734375 0.4638671875 0.779296875 0.5 0.779296875 0.5185546875 0.77734375 0.5263671875 0.76708984375 0.525390625 0.7646484375 0.5205078125 0.76416015625 0.515625 0.763671875 0.51171875 0.74462890625 0.5087890625 0.6923828125 0.513671875 0.6884765625 0.5205078125 0.6884765625 0.5341796875 0.685546875 0.5419921875 0.67578125 0.54296875 0.6728515625 0.53515625 0.671875 0.5166015625 0.6689453125 0.515625 0.6689453125 0.5244140625 0.66455078125 0.5263671875 0.6591796875 0.5263671875 0.65673828125 0.5244140625 0.65478515625 0.5068359375 0.65380859375 0.4794921875 0.65234375 0.4609375 0.6591796875 0.4384765625 0.650390625 0.4375 0.64892578125 0.4306640625 0.64990234375 0.427734375 0.6591796875 0.421875 0.66064453125 0.4306640625 0.6640625 0.4189453125 0.6728515625 0.392578125 0.67822265625 0.380859375
5 0.9375 0.7294921875 0.93701171875 0.7021484375 0.93310546875 0.681640625 0.93115234375 0.6572265625 0.93115234375 0.6376953125 0.93603515625 0.611328125 0.9482421875 0.5888671875 0.94873046875 0.560546875 0.953125 0.5380859375 0.9599609375 0.5107421875 0.96533203125 0.494140625 0.96240234375 0.490234375 0.95654296875 0.4853515625 0.955078125 0.478515625 0.9541015625 0.4677734375 0.95654296875 0.45703125 0.96484375 0.4453125 0.978515625 0.4404296875 0.9912109375 0.4033203125 1.0 0.3779296875 1.0 0.80078125 0.9951171875 0.802734375 0.9931640625 0.8125 0.98974609375 0.822265625 0.984375 0.826171875 0.978515625 0.8251953125 0.970703125 0.82421875 0.95556640625 0.80859375 0.951171875 0.798828125 0.94384765625 0.77734375 0.93994140625 0.7470703125
