0 0.0 0.4443359375 0.4482421875 0.40625 0.4765625 0.4052734375 0.99951171875 0.5 0.99951171875 0.9990234375 0.0 0.9990234375
1 0.51318359375 0.421875 0.49267578125 0.4267578125 0.4892578125 0.4296875 0.49072265625 0.4326171875 0.56396484375 0.4970703125 0.99951171875 0.9169921875 0.99951171875 0.5126953125 0.56201171875 0.4150390625
1 0.0 0.544921875 0.18798828125 0.4892578125 0.25 0.462890625 0.3193359375 0.4404296875 0.21923828125 0.4091796875 0.0 0.4697265625
1 0.35498046875 0.4267578125 0.35595703125 0.4384765625 0.36474609375 0.4384765625 0.388671875 0.4365234375 0.42138671875 0.4267578125 0.4287109375 0.4208984375 0.42626953125 0.412109375
2 0.45166015625 0.4052734375 0.4521484375 0.39453125 0.44775390625 0.3857421875 0.4453125 0.3818359375 0.4453125 0.3798828125 0.44091796875 0.3740234375 0.43994140625 0.3662109375 0.435546875 0.3671875 0.43505859375 0.361328125 0.4287109375 0.353515625 0.42529296875 0.3525390625 0.42333984375 0.35546875 0.4208984375 0.34375 0.416015625 0.341796875 0.41162109375 0.3359375 0.4072265625 0.326171875 0.40673828125 0.31640625 0.40869140625 0.3125 0.40478515625 0.3017578125 0.40478515625 0.2958984375 0.39892578125 0.291015625 0.3916015625 0.271484375 0.38818359375 0.2763671875 0.38720703125 0.2578125 0.38818359375 0.2578125 0.38134765625 0.2451171875 0.38037109375 0.2216796875 0.3740234375 0.208984375 0.37353515625 0.19921875 0.36962890625 0.19921875 0.36767578125 0.2041015625 0.35302734375 0.2041015625 0.330078125 0.16015625 0.32763671875 0.1650390625 0.3115234375 0.138671875 0.29345703125 0.1787109375 0.29296875 0.1591796875 0.29345703125 0.1455078125 0.287109375 0.1376953125 0.28515625 0.1259765625 0.283203125 0.119140625 0.2802734375 0.119140625 0.275390625 0.1220703125 0.26904296875 0.1123046875 0.25927734375 0.111328125 0.20166015625 0.0 0.0 0.001953125 0.0 0.5107421875 0.125 0.4814453125 0.19287109375 0.462890625 0.38427734375 0.4306640625 0.4443359375 0.416015625 0.45166015625 0.4130859375
4 0.51123046875 0.1806640625 0.51025390625 0.162109375 0.5068359375 0.1513671875 0.505859375 0.1474609375 0.50732421875 0.14453125 0.505859375 0.1337890625 0.50439453125 0.1279296875 0.50439453125 0.12109375 0.50439453125 0.1142578125 0.50439453125 0.099609375 0.50439453125 0.095703125 0.49951171875 0.091796875 0.49609375 0.1103515625 0.49609375 0.1142578125 0.49609375 0.115234375 0.49267578125 0.126953125 0.4931640625 0.130859375 0.494140625 0.1376953125 0.494140625 0.142578125 0.49267578125 0.1513671875 0.48876953125 0.1572265625 0.490234375 0.162109375 0.49072265625 0.1640625 0.49169921875 0.171875 0.48974609375 0.1787109375 0.4892578125 0.185546875 0.484375 0.19140625 0.484375 0.193359375 0.48095703125 0.2021484375 0.478515625 0.2041015625 0.4765625 0.208984375 0.474609375 0.208984375 0.46875 0.2021484375 0.4599609375 0.193359375 0.4580078125 0.193359375 0.45751953125 0.197265625 0.4580078125 0.2021484375 0.4580078125 0.212890625 0.45166015625 0.205078125 0.451171875 0.21484375 0.45263671875 0.2236328125 0.45751953125 0.2333984375 0.458984375 0.2412109375 0.4599609375 0.24609375 0.4619140625 0.2529296875 0.4619140625 0.2607421875 0.4619140625 0.2646484375 0.45751953125 0.265625 0.453125 0.2685546875 0.45361328125 0.2783203125 0.45361328125 0.2841796875 0.45263671875 0.287109375 0.44970703125 0.2958984375 0.447265625 0.298828125 0.447265625 0.3134765625 0.447265625 0.31640625 0.4521484375 0.322265625 0.4521484375 0.3232421875 0.45166015625 0.3310546875 0.44970703125 0.3359375 0.447265625 0.3447265625 0.4462890625 0.353515625 0.44580078125 0.3603515625 0.4462890625 0.37109375 0.4482421875 0.37890625 0.45361328125 0.3818359375 0.45703125 0.3896484375 0.458984375 0.40234375 0.45947265625 0.404296875 0.4638671875 0.4072265625 0.47119140625 0.40625 0.47607421875 0.408203125 0.478515625 0.41015625 0.48193359375 0.4091796875 0.48583984375 0.41015625 0.486328125 0.40625 0.49267578125 0.40625 0.49560546875 0.4169921875 0.50390625 0.4150390625 0.513671875 0.4091796875 0.51806640625 0.337890625
2 0.5166015625 0.4287109375 0.49560546875 0.427734375 0.4951171875 0.41015625 0.5126953125 0.4091796875 0.51025390625 0.2109375 0.51220703125 0.1162109375 0.5400390625 0.1181640625 0.5703125 0.0 0.99951171875 0.0 0.99951171875 0.54296875 0.94775390625 0.5390625 0.74365234375 0.4794921875 0.68017578125 0.48828125
5 0.4140625 0.416015625 0.41552734375 0.4130859375 0.41796875 0.4130859375 0.42138671875 0.4150390625 0.421875 0.421875 0.4189453125 0.4267578125 0.4130859375 0.4248046875 0.412109375 0.419921875
5 0.34375 0.408203125 0.34716796875 0.4072265625 0.35107421875 0.40625 0.3525390625 0.408203125 0.3564453125 0.419921875 0.3583984375 0.4306640625 0.35791015625 0.4375 0.357421875 0.4423828125 0.3564453125 0.443359375 0.35546875 0.443359375 0.3544921875 0.4404296875 0.3544921875 0.443359375 0.35205078125 0.4443359375 0.34912109375 0.4306640625
5 0.330078125 0.408203125 0.333984375 0.40625 0.34423828125 0.4052734375 0.34912109375 0.4140625 0.3505859375 0.423828125 0.3515625 0.4326171875 0.3515625 0.4443359375 0.349609375 0.4443359375 0.34912109375 0.447265625 0.34619140625 0.4482421875 0.34423828125 0.443359375 0.33740234375 0.4443359375
5 0.3115234375 0.41796875 0.31396484375 0.41015625 0.31689453125 0.4091796875 0.33203125 0.4072265625 0.3369140625 0.4150390625 0.33984375 0.4189453125 0.3408203125 0.435546875 0.3408203125 0.447265625 0.3388671875 0.4482421875 0.33740234375 0.451171875 0.333984375 0.451171875 0.3330078125 0.4453125 0.3173828125 0.44921875 0.31640625 0.453125 0.31396484375 0.453125 0.31103515625 0.453125
5 0.2666015625 0.40234375 0.27001953125 0.388671875 0.27880859375 0.3857421875 0.30029296875 0.3828125 0.3076171875 0.384765625 0.31201171875 0.4052734375 0.31298828125 0.4326171875 0.3134765625 0.4443359375 0.31298828125 0.455078125 0.31103515625 0.45703125 0.30810546875 0.458984375 0.30712890625 0.451171875 0.30517578125 0.451171875 0.30419921875 0.4541015625 0.3037109375 0.4609375 0.30126953125 0.4609375 0.29833984375 0.4609375 0.296875 0.4521484375 0.2822265625 0.4541015625
5 0.240234375 0.4091796875 0.24267578125 0.3974609375 0.24609375 0.39453125 0.25048828125 0.3955078125 0.26953125 0.3955078125 0.2724609375 0.3935546875 0.27587890625 0.39453125 0.28076171875 0.4033203125 0.28515625 0.4267578125 0.2861328125 0.443359375 0.2861328125 0.4599609375 0.28515625 0.466796875 0.28076171875 0.4677734375 0.27978515625 0.462890625 0.2763671875 0.46484375 0.27587890625 0.4697265625 0.26953125 0.4697265625 0.26953125 0.46484375 0.23828125 0.4697265625
5 0.2421875 0.400390625 0.24658203125 0.4130859375 0.25244140625 0.43359375 0.25341796875 0.443359375 0.2509765625 0.458984375 0.251953125 0.4697265625 0.2509765625 0.478515625 0.24658203125 0.4775390625 0.24609375 0.46875 0.240234375 0.47265625 0.24072265625 0.478515625 0.23828125 0.4833984375 0.234375 0.4814453125 0.23291015625 0.4765625 0.21240234375 0.48046875 0.2119140625 0.4833984375 0.208984375 0.4853515625 0.20654296875 0.4794921875 0.19970703125 0.4794921875 0.1982421875 0.486328125 0.1953125 0.4892578125 0.19189453125 0.48828125 0.19140625 0.48046875 0.19091796875 0.4658203125 0.1904296875 0.4560546875 0.1904296875 0.4501953125 0.1962890625 0.4365234375 0.19384765625 0.435546875 0.1923828125 0.4296875 0.1953125 0.427734375 0.19873046875 0.427734375 0.203125 0.4140625 0.20751953125 0.4052734375 0.20849609375 0.4033203125 0.21630859375 0.4013671875 0.21875 0.4033203125 0.23388671875 0.40234375 0.23583984375 0.3994140625
3 0.564453125 0.462890625 0.5654296875 0.45703125 0.56689453125 0.4541015625 0.56689453125 0.400390625 0.5986328125 0.3994140625 0.59912109375 0.45703125 0.60595703125 0.4609375 0.6005859375 0.4638671875 0.58837890625 0.4638671875 0.5869140625 0.4609375 0.591796875 0.455078125 0.578125 0.455078125 0.578125 0.4609375
4 0.76953125 0.443359375 0.7626953125 0.4287109375 0.748046875 0.412109375 0.751953125 0.4072265625 0.75634765625 0.404296875 0.75830078125 0.40234375 0.7666015625 0.3955078125 0.76953125 0.3916015625 0.7724609375 0.3837890625 0.77490234375 0.3671875 0.77880859375 0.357421875 0.78173828125 0.3544921875 0.787109375 0.3466796875 0.79150390625 0.345703125 0.81298828125 0.35546875 0.81591796875 0.369140625 0.81787109375 0.369140625 0.81982421875 0.3720703125 0.822265625 0.3759765625 0.82568359375 0.376953125 0.828125 0.376953125 0.82958984375 0.3759765625 0.82861328125 0.369140625 0.82958984375 0.357421875 0.828125 0.3466796875 0.82763671875 0.33984375 0.8291015625 0.333984375 0.83251953125 0.333984375 0.837890625 0.3349609375 0.84912109375 0.35546875 0.8515625 0.3759765625 0.8505859375 0.3837890625 0.84375 0.412109375 0.83740234375 0.423828125 0.83447265625 0.4365234375 0.830078125 0.44140625 0.794921875 0.4423828125
5 0.4833984375 0.40625 0.4765625 0.4052734375 0.46533203125 0.40625 0.46044921875 0.4140625 0.453125 0.4169921875 0.451171875 0.421875 0.451171875 0.4267578125 0.45361328125 0.427734375 0.45458984375 0.4306640625 0.45751953125 0.4326171875 0.46337890625 0.4287109375 0.47705078125 0.4287109375 0.4794921875 0.431640625 0.48291015625 0.4306640625 0.4833984375 0.4267578125 0.486328125 0.4267578125 0.48681640625 0.4140625
