0 0.43798828125 0.3916015625 0.58056640625 0.388671875 0.8203125 0.4697265625 1.0 0.59375 1.0 1.0 0.0 1.0 0.0 0.4912109375
2 0.3916015625 0.0595703125 0.44189453125 0.134765625 0.466796875 0.189453125 0.47509765625 0.193359375 0.4736328125 0.21484375 0.478515625 0.2255859375 0.47802734375 0.267578125 0.49072265625 0.291015625 0.4970703125 0.291015625 0.5029296875 0.3369140625 0.51171875 0.34375 0.51611328125 0.3251953125 0.51953125 0.3251953125 0.52001953125 0.3193359375 0.5302734375 0.3173828125 0.5400390625 0.296875 0.5478515625 0.294921875 0.552734375 0.2744140625 0.552734375 0.2646484375 0.55859375 0.2626953125 0.5595703125 0.2001953125 0.568359375 0.201171875 0.57275390625 0.169921875 0.5810546875 0.166015625 0.580078125 0.1376953125 0.5712890625 0.1337890625 0.58154296875 0.0927734375 0.58984375 0.083984375 0.60546875 0.0 1.0 0.0 1.0 0.537109375 0.53076171875 0.40234375 0.525390625 0.4052734375 0.51416015625 0.408203125 0.4921875 0.404296875 0.44873046875 0.421875 0.35693359375 0.478515625 0.0 0.6357421875 0.0 0.0 0.390625 0.0
4 0.4267578125 0.310546875 0.4326171875 0.3291015625 0.43505859375 0.3515625 0.43603515625 0.365234375 0.43359375 0.3837890625 0.4130859375 0.3779296875 0.40234375 0.3515625 0.4033203125 0.337890625 0.41943359375 0.3447265625 0.42236328125 0.3193359375
4 0.42529296875 0.361328125 0.42138671875 0.3662109375 0.4228515625 0.37109375 0.4228515625 0.376953125 0.41650390625 0.3896484375 0.41455078125 0.3798828125 0.4150390625 0.3740234375 0.41455078125 0.365234375 0.412109375 0.3544921875 0.4150390625 0.3447265625 0.423828125 0.349609375
1 0.44873046875 0.4482421875 0.4765625 0.4326171875 0.44921875 0.419921875 0.42138671875 0.431640625 0.361328125 0.455078125 0.28662109375 0.484375 0.24951171875 0.4853515625 0.23486328125 0.4912109375 0.2353515625 0.498046875 0.0 0.5712890625 0.0 0.7578125 0.1298828125 0.66796875 0.22607421875 0.6005859375 0.416015625 0.46875
5 0.3896484375 0.37890625 0.4013671875 0.376953125 0.41796875 0.376953125 0.43359375 0.3798828125 0.4404296875 0.41015625 0.4443359375 0.4052734375 0.44921875 0.4091796875 0.44873046875 0.416015625 0.4423828125 0.416015625 0.44482421875 0.4345703125 0.44482421875 0.4482421875 0.44384765625 0.4775390625 0.4404296875 0.4794921875 0.4384765625 0.484375 0.43017578125 0.484375 0.4306640625 0.48046875 0.4296875 0.474609375 0.42529296875 0.470703125 0.39404296875 0.4697265625 0.39453125 0.4755859375 0.38818359375 0.4765625 0.38720703125 0.470703125 0.3857421875 0.470703125 0.384765625 0.48046875 0.376953125 0.482421875 0.37646484375 0.4462890625 0.38037109375 0.41015625 0.3876953125 0.3798828125
5 0.45166015625 0.3486328125 0.4638671875 0.3466796875 0.47705078125 0.349609375 0.48486328125 0.3525390625 0.48583984375 0.4111328125 0.48583984375 0.4384765625 0.4794921875 0.44140625 0.47998046875 0.4345703125 0.45361328125 0.4345703125 0.45263671875 0.439453125 0.447265625 0.4375 0.44921875 0.365234375 0.45068359375 0.3525390625
4 0.53173828125 0.3564453125 0.5302734375 0.357421875 0.5283203125 0.361328125 0.5283203125 0.365234375 0.52783203125 0.369140625 0.52587890625 0.373046875 0.52490234375 0.3779296875 0.52392578125 0.37890625 0.521484375 0.380859375 0.51953125 0.380859375 0.5166015625 0.3798828125 0.51318359375 0.3818359375 0.51416015625 0.384765625 0.51513671875 0.38671875 0.51611328125 0.388671875 0.51953125 0.390625 0.52099609375 0.392578125 0.52294921875 0.3955078125 0.52587890625 0.396484375 0.53076171875 0.388671875 0.53271484375 0.3818359375
1 0.57861328125 0.4375 0.611328125 0.4658203125 0.638671875 0.48828125 0.64599609375 0.4580078125 0.58642578125 0.423828125 0.5732421875 0.4306640625
5 0.56201171875 0.4375 0.56103515625 0.4150390625 0.56298828125 0.40625 0.56005859375 0.40625 0.5595703125 0.4013671875 0.5625 0.400390625 0.5634765625 0.40234375 0.5673828125 0.3857421875 0.57666015625 0.37890625 0.5908203125 0.37890625 0.5947265625 0.38671875 0.59521484375 0.421875 0.572265625 0.43359375 0.57080078125 0.435546875 0.5703125 0.4384765625 0.5703125 0.439453125 0.56689453125 0.439453125 0.56494140625 0.4375
5 0.60107421875 0.375 0.62158203125 0.3701171875 0.638671875 0.369140625 0.6494140625 0.3974609375 0.6455078125 0.4501953125 0.6044921875 0.4638671875 0.6044921875 0.474609375 0.59521484375 0.4736328125 0.59521484375 0.46875 0.58935546875 0.4677734375 0.58740234375 0.4560546875 0.58544921875 0.4306640625 0.5869140625 0.4189453125 0.5888671875 0.4111328125 0.58642578125 0.4111328125 0.5859375 0.404296875 0.59033203125 0.40234375 0.59375 0.3916015625 0.59814453125 0.376953125
5 0.67578125 0.3369140625 0.69775390625 0.3330078125 0.72216796875 0.330078125 0.72802734375 0.322265625 0.734375 0.3203125 0.73974609375 0.3212890625 0.74365234375 0.328125 0.7470703125 0.333984375 0.69970703125 0.5166015625 0.685546875 0.515625 0.67578125 0.5205078125 0.673828125 0.5390625 0.673828125 0.55078125 0.66162109375 0.5478515625 0.65869140625 0.533203125 0.65869140625 0.5146484375 0.6533203125 0.51171875 0.65185546875 0.51953125 0.6513671875 0.529296875 0.64013671875 0.5283203125 0.63720703125 0.5146484375 0.63525390625 0.48828125 0.634765625 0.46875 0.634765625 0.455078125 0.63671875 0.4384765625 0.64306640625 0.4189453125 0.6318359375 0.4208984375 0.63134765625 0.4091796875 0.64111328125 0.4033203125 0.6435546875 0.412109375 0.6474609375 0.3935546875 0.6533203125 0.3681640625 0.66162109375 0.3427734375 0.66943359375 0.3330078125 0.67578125 0.3310546875
5 0.75732421875 0.3291015625 0.7978515625 0.3193359375 0.82568359375 0.318359375 0.84228515625 0.3203125 0.85400390625 0.3271484375 0.8603515625 0.3369140625 0.83935546875 0.4775390625 0.7841796875 0.580078125 0.759765625 0.5810546875 0.75830078125 0.599609375 0.75390625 0.6171875 0.75 0.623046875 0.74365234375 0.626953125 0.73486328125 0.62109375 0.73291015625 0.61328125 0.72998046875 0.5908203125 0.7294921875 0.572265625 0.716796875 0.5634765625 0.7138671875 0.5771484375 0.7109375 0.5849609375 0.6982421875 0.583984375 0.69384765625 0.5673828125 0.6904296875 0.5400390625 0.6904296875 0.515625 0.6904296875 0.5029296875 0.68994140625 0.484375 0.693359375 0.4609375 0.6982421875 0.4345703125 0.6953125 0.4306640625 0.69384765625 0.4248046875 0.69921875 0.41015625 0.70263671875 0.408203125 0.7041015625 0.4150390625 0.7109375 0.3837890625 0.71826171875 0.361328125 0.7294921875 0.3408203125 0.744140625 0.3330078125
5 0.88525390625 0.3271484375 0.93701171875 0.3134765625 1.0 0.3046875 1.0 0.728515625 0.93408203125 0.7412109375 0.92724609375 0.7421875 0.921875 0.7431640625 0.9208984375 0.759765625 0.91943359375 0.78125 0.9140625 0.796875 0.89599609375 0.7998046875 0.88525390625 0.7900390625 0.87890625 0.7724609375 0.873046875 0.7412109375 0.869140625 0.6923828125 0.81787109375 0.646484375 0.8173828125 0.65625 0.8125 0.6728515625 0.80859375 0.681640625 0.79248046875 0.6884765625 0.7802734375 0.6787109375 0.77490234375 0.650390625 0.76953125 0.6171875 0.77001953125 0.5771484375 0.7685546875 0.560546875 0.76806640625 0.5439453125 0.77001953125 0.53125 0.77001953125 0.513671875 0.77685546875 0.482421875 0.7841796875 0.474609375 0.78125 0.470703125 0.7822265625 0.4462890625 0.7998046875 0.4404296875 0.80224609375 0.4482421875 0.8203125 0.388671875 0.8330078125 0.353515625 0.857421875 0.3369140625
