0 0.015625 0.2958984375 1.0 0.3486328125 1.0 1.0 0.0 1.0 0.0 0.298828125
1 0.97998046875 1.0 0.6689453125 0.6025390625 0.583984375 0.486328125 0.56005859375 0.453125 0.5625 0.4423828125 0.56494140625 0.4384765625 0.5751953125 0.4326171875 0.59814453125 0.4345703125 0.62646484375 0.4375 0.64404296875 0.4375 1.0 0.57421875 1.0 1.0
1 0.0 0.486328125 0.25146484375 0.443359375 0.359375 0.4326171875 0.40185546875 0.431640625 0.4423828125 0.43359375 0.5048828125 0.4345703125 0.5234375 0.4345703125 0.5224609375 0.4296875 0.4013671875 0.4208984375 0.33642578125 0.4091796875 0.2216796875 0.40234375 0.15283203125 0.41796875 0.0 0.4228515625
4 0.6396484375 0.291015625 0.6259765625 0.27734375 0.6142578125 0.265625 0.6064453125 0.2587890625 0.591796875 0.26953125 0.5771484375 0.3076171875 0.57763671875 0.3642578125 0.5791015625 0.4140625 0.58837890625 0.4296875 0.615234375 0.4326171875 0.63330078125 0.4296875 0.6455078125 0.400390625
4 0.228515625 0.3310546875 0.22216796875 0.3203125 0.21923828125 0.306640625 0.208984375 0.2958984375 0.20263671875 0.30859375 0.1953125 0.2939453125 0.18310546875 0.2939453125 0.17431640625 0.30078125 0.146484375 0.3076171875 0.158203125 0.302734375 0.15087890625 0.29296875 0.1455078125 0.2939453125 0.14111328125 0.3037109375 0.13623046875 0.2998046875 0.1298828125 0.291015625 0.126953125 0.3017578125 0.1220703125 0.3046875 0.11328125 0.310546875 0.109375 0.3056640625 0.11181640625 0.296875 0.1181640625 0.2841796875 0.12109375 0.27734375 0.11572265625 0.275390625 0.111328125 0.26953125 0.09814453125 0.259765625 0.09814453125 0.2685546875 0.09423828125 0.27734375 0.09375 0.2685546875 0.09228515625 0.25390625 0.0810546875 0.259765625 0.0751953125 0.2626953125 0.07470703125 0.2685546875 0.0693359375 0.275390625 0.0615234375 0.30078125 0.072265625 0.35546875 0.0859375 0.3564453125 0.1650390625 0.3564453125 0.18603515625 0.3505859375 0.22119140625 0.34765625
2 0.9970703125 0.6162109375 0.7880859375 0.5205078125 0.666015625 0.4638671875 0.6533203125 0.4580078125 0.64306640625 0.4609375 0.626953125 0.4541015625 0.63525390625 0.0 1.0 0.0 1.0 0.6181640625
2 0.2333984375 0.306640625 0.28515625 0.310546875 0.28955078125 0.28515625 0.29443359375 0.314453125 0.31005859375 0.3134765625 0.31298828125 0.21875 0.3935546875 0.220703125 0.5048828125 0.224609375 0.5234375 0.2373046875 0.55908203125 0.2392578125 0.57275390625 0.25 0.58203125 0.248046875 0.5908203125 0.2587890625 0.5830078125 0.259765625 0.59130859375 0.267578125 0.5908203125 0.4375 0.5625 0.4365234375 0.5458984375 0.435546875 0.52294921875 0.435546875 0.52197265625 0.4326171875 0.4921875 0.4326171875 0.4384765625 0.4296875 0.388671875 0.4248046875 0.33642578125 0.4140625 0.2490234375 0.4013671875 0.2109375 0.4033203125 0.0 0.4111328125 0.0 0.1884765625 0.00830078125 0.1943359375 0.10400390625 0.23046875 0.1044921875 0.2451171875 0.0703125 0.2578125 0.068359375 0.322265625 0.1298828125 0.32421875 0.18310546875 0.326171875 0.18896484375 0.32421875 0.22705078125 0.3173828125 0.23046875 0.3125 0.23046875 0.302734375
5 0.173828125 0.3642578125 0.18505859375 0.3642578125 0.193359375 0.3798828125 0.1943359375 0.3896484375 0.1865234375 0.392578125 0.18310546875 0.392578125 0.18505859375 0.3974609375 0.1748046875 0.396484375 0.16748046875 0.380859375
5 0.134765625 0.3935546875 0.13623046875 0.3994140625 0.13916015625 0.40234375 0.14501953125 0.404296875 0.15234375 0.404296875 0.162109375 0.4033203125 0.1728515625 0.4013671875 0.17333984375 0.388671875 0.16796875 0.3720703125 0.14208984375 0.36328125 0.1298828125 0.34375 0.1123046875 0.3447265625
5 0.134765625 0.3720703125 0.125 0.3583984375 0.1123046875 0.341796875 0.08056640625 0.3388671875 0.099609375 0.3642578125 0.111328125 0.392578125 0.11376953125 0.400390625 0.1171875 0.404296875 0.12744140625 0.4072265625 0.13330078125 0.4033203125 0.13720703125 0.3984375 0.138671875 0.3935546875 0.13818359375 0.3798828125 0.13525390625 0.373046875
5 0.0546875 0.3291015625 0.0712890625 0.33203125 0.08544921875 0.33984375 0.1015625 0.3564453125 0.12255859375 0.369140625 0.125 0.3876953125 0.12451171875 0.396484375 0.12158203125 0.4013671875 0.11376953125 0.4052734375 0.1015625 0.4052734375 0.0927734375 0.404296875 0.08837890625 0.396484375 0.0703125 0.36328125
5 0.0048828125 0.33203125 0.01220703125 0.3271484375 0.0380859375 0.326171875 0.0517578125 0.3271484375 0.06884765625 0.33984375 0.0859375 0.3583984375 0.09814453125 0.3720703125 0.1005859375 0.3828125 0.09912109375 0.3974609375 0.09423828125 0.404296875 0.0771484375 0.408203125 0.0673828125 0.408203125 0.05859375 0.4072265625 0.0517578125 0.400390625 0.0234375 0.3740234375 0.01318359375 0.3564453125
5 0.06640625 0.375 0.0546875 0.3603515625 0.037109375 0.3525390625 0.0146484375 0.330078125 0.00537109375 0.3271484375 0.0 0.3271484375 0.0 0.40625 0.00439453125 0.4130859375 0.041015625 0.4150390625 0.0517578125 0.4111328125 0.05859375 0.4052734375 0.06396484375 0.40234375 0.06640625 0.3916015625 0.06591796875 0.37890625
5 0.23828125 0.3583984375 0.22265625 0.3525390625 0.20654296875 0.3515625 0.20263671875 0.3525390625 0.2001953125 0.361328125 0.19970703125 0.3720703125 0.19921875 0.3828125 0.203125 0.3935546875 0.20703125 0.3984375 0.2109375 0.3994140625 0.21728515625 0.40625 0.2236328125 0.4111328125 0.22509765625 0.412109375 0.23046875 0.40625 0.24365234375 0.4072265625 0.24609375 0.41015625 0.24853515625 0.412109375 0.2509765625 0.4111328125 0.2529296875 0.408203125 0.25341796875 0.40234375 0.25244140625 0.388671875 0.24755859375 0.37890625 0.2470703125 0.373046875 0.24462890625 0.369140625 0.24072265625 0.359375
5 0.3134765625 0.380859375 0.33251953125 0.3798828125 0.341796875 0.384765625 0.345703125 0.40234375 0.34716796875 0.4150390625 0.34765625 0.431640625 0.34765625 0.4384765625 0.34619140625 0.4423828125 0.34521484375 0.4423828125 0.341796875 0.4404296875 0.3408203125 0.435546875 0.33544921875 0.435546875 0.33544921875 0.439453125 0.33349609375 0.44140625 0.33154296875 0.4423828125 0.32861328125 0.4423828125 0.31787109375 0.439453125
4 0.30810546875 0.37109375 0.30859375 0.3115234375 0.30224609375 0.3095703125 0.29052734375 0.26171875 0.28759765625 0.259765625 0.28515625 0.2568359375 0.2841796875 0.2529296875 0.2861328125 0.248046875 0.28125 0.2451171875 0.28125 0.248046875 0.27685546875 0.2421875 0.2705078125 0.2314453125 0.265625 0.2255859375 0.2626953125 0.2265625 0.26171875 0.23046875 0.2607421875 0.2353515625 0.25732421875 0.236328125 0.2548828125 0.2353515625 0.25537109375 0.2314453125 0.25732421875 0.2236328125 0.25390625 0.2177734375 0.25 0.21484375 0.24658203125 0.216796875 0.2431640625 0.212890625 0.240234375 0.2021484375 0.23876953125 0.1943359375 0.24072265625 0.1904296875 0.2421875 0.181640625 0.23388671875 0.1796875 0.232421875 0.181640625 0.2294921875 0.1796875 0.2294921875 0.1748046875 0.228515625 0.1689453125 0.232421875 0.154296875 0.23095703125 0.1552734375 0.2265625 0.1611328125 0.2265625 0.15234375 0.2255859375 0.1591796875 0.2236328125 0.1630859375 0.2216796875 0.16015625 0.21923828125 0.1640625 0.21630859375 0.162109375 0.2138671875 0.1611328125 0.2119140625 0.154296875 0.21044921875 0.1611328125 0.20947265625 0.1640625 0.2060546875 0.1591796875 0.20458984375 0.1513671875 0.2041015625 0.1416015625 0.2041015625 0.1298828125 0.2041015625 0.1162109375 0.20703125 0.1044921875 0.21435546875 0.1005859375 0.22119140625 0.09765625 0.2216796875 0.1005859375 0.22705078125 0.1015625 0.22900390625 0.10546875 0.23046875 0.1123046875 0.232421875 0.1103515625 0.2353515625 0.1044921875 0.23583984375 0.1015625 0.22998046875 0.09765625 0.23291015625 0.0927734375 0.23876953125 0.07421875 0.24365234375 0.0693359375 0.248046875 0.0732421875 0.24853515625 0.0771484375 0.25 0.07421875 0.2529296875 0.072265625 0.25341796875 0.0703125 0.248046875 0.06640625 0.24609375 0.0615234375 0.244140625 0.0595703125 0.236328125 0.05859375 0.23388671875 0.048828125 0.23291015625 0.02734375 0.23583984375 0.01953125 0.236328125 0.0126953125 0.240234375 0.0107421875 0.2421875 0.0166015625 0.244140625 0.0126953125 0.24658203125 0.009765625 0.25146484375 0.0087890625 0.25390625 0.01171875 0.2568359375 0.009765625 0.26220703125 0.0087890625 0.26123046875 0.005859375 0.26123046875 0.00390625 0.26220703125 0.0 0.38232421875 0.0 0.380859375 0.0087890625 0.38427734375 0.0126953125 0.38671875 0.0205078125 0.38818359375 0.0244140625 0.392578125 0.0224609375 0.39404296875 0.015625 0.39599609375 0.0087890625 0.4033203125 0.005859375 0.4052734375 0.0107421875 0.4091796875 0.0185546875 0.4091796875 0.025390625 0.412109375 0.029296875 0.4130859375 0.033203125 0.40966796875 0.0380859375 0.41064453125 0.0478515625 0.4169921875 0.044921875 0.41357421875 0.0380859375 0.42041015625 0.0390625 0.42333984375 0.0478515625 0.4287109375 0.0595703125 0.4296875 0.0703125 0.42822265625 0.0810546875 0.42724609375 0.0869140625 0.4248046875 0.0927734375 0.42138671875 0.0888671875 0.419921875 0.087890625 0.4189453125 0.0947265625 0.42431640625 0.1005859375 0.423828125 0.1044921875 0.42041015625 0.1083984375 0.4287109375 0.109375 0.4365234375 0.107421875 0.44091796875 0.0986328125 0.44287109375 0.1064453125 0.44482421875 0.1201171875 0.44580078125 0.12890625 0.451171875 0.1494140625 0.455078125 0.1640625 0.4541015625 0.1689453125 0.45263671875 0.173828125 0.4501953125 0.181640625 0.45361328125 0.1923828125 0.45263671875 0.20703125 0.4453125 0.2158203125 0.439453125 0.212890625 0.43212890625 0.2080078125 0.42431640625 0.2021484375 0.423828125 0.205078125 0.4208984375 0.2109375 0.412109375 0.2177734375 0.41064453125 0.224609375 0.40966796875 0.2265625 0.4033203125 0.228515625 0.39794921875 0.2275390625 0.39599609375 0.232421875 0.39306640625 0.23828125 0.39306640625 0.244140625 0.39306640625 0.259765625 0.392578125 0.265625 0.38623046875 0.275390625 0.380859375 0.2802734375 0.37548828125 0.2822265625 0.3701171875 0.283203125 0.369140625 0.2783203125 0.3662109375 0.2744140625 0.3642578125 0.29296875 0.3623046875 0.3720703125 0.359375 0.4462890625 0.35498046875 0.447265625 0.3603515625 0.310546875 0.3525390625 0.27734375 0.34521484375 0.259765625 0.34423828125 0.26171875 0.3427734375 0.26953125 0.34033203125 0.2705078125 0.33935546875 0.2783203125 0.33740234375 0.279296875 0.33447265625 0.279296875 0.33056640625 0.2724609375 0.33056640625 0.2626953125 0.333984375 0.2578125 0.333984375 0.2529296875 0.33203125 0.2490234375 0.330078125 0.2509765625 0.32763671875 0.259765625 0.3271484375 0.265625 0.32421875 0.2744140625 0.3193359375 0.2939453125 0.31494140625 0.310546875 0.3134765625 0.32421875 0.31298828125 0.375
