0 0.44189453125 0.36328125 0.0 0.4013671875 0.0 1.0 1.0 1.0 1.0 0.513671875 0.52294921875 0.3916015625
1 0.38525390625 0.4091796875 0.328125 0.4365234375 0.328125 0.4375 0.34033203125 0.4404296875 0.341796875 0.4453125 0.29931640625 0.46875 0.228515625 0.4677734375 0.13916015625 0.5009765625 0.0 0.552734375 0.0 0.470703125 0.142578125 0.4296875 0.33447265625 0.3935546875 0.369140625 0.388671875 0.38037109375 0.388671875 0.38623046875 0.3994140625
1 0.599609375 0.5458984375 0.66845703125 0.615234375 0.69287109375 0.6259765625 0.71044921875 0.6328125 0.75927734375 0.6435546875 0.8056640625 0.6533203125 0.92138671875 0.6689453125 0.9560546875 0.66796875 1.0 0.65625 1.0 0.5732421875 0.6328125 0.44921875 0.59765625 0.4453125 0.57763671875 0.4453125 0.58251953125 0.5009765625
2 0.423828125 0.232421875 0.4384765625 0.2666015625 0.44140625 0.2666015625 0.44140625 0.2724609375 0.44384765625 0.279296875 0.44921875 0.2802734375 0.45654296875 0.267578125 0.45947265625 0.271484375 0.46044921875 0.271484375 0.46044921875 0.263671875 0.4619140625 0.26171875 0.46630859375 0.26171875 0.4677734375 0.2607421875 0.4677734375 0.2578125 0.4736328125 0.2578125 0.4794921875 0.255859375 0.4794921875 0.3974609375 0.4482421875 0.3955078125 0.44580078125 0.4052734375 0.39892578125 0.40234375 0.34423828125 0.404296875 0.31201171875 0.41015625 0.29150390625 0.416015625 0.29052734375 0.419921875 0.28369140625 0.421875 0.27734375 0.423828125 0.2734375 0.4248046875 0.2724609375 0.427734375 0.2685546875 0.4296875 0.26513671875 0.4296875 0.2607421875 0.4306640625 0.25 0.431640625 0.23291015625 0.439453125 0.2294921875 0.439453125 0.185546875 0.4404296875 0.1845703125 0.443359375 0.1845703125 0.44921875 0.18359375 0.4501953125 0.15576171875 0.453125 0.15478515625 0.4541015625 0.15234375 0.458984375 0.13671875 0.4619140625 0.0029296875 0.4921875 0.0 0.4931640625 0.0 0.0 0.32861328125 0.0 0.3369140625 0.0263671875 0.333984375 0.029296875 0.3330078125 0.033203125 0.3330078125 0.037109375 0.33349609375 0.04296875 0.33349609375 0.0439453125 0.33935546875 0.0458984375 0.3701171875 0.1650390625 0.3720703125 0.1689453125 0.37353515625 0.1708984375 0.375 0.1806640625 0.375 0.1875 0.37939453125 0.1962890625 0.380859375 0.2001953125 0.38134765625 0.205078125 0.37939453125 0.208984375 0.3798828125 0.212890625 0.380859375 0.2158203125 0.38232421875 0.21484375 0.38720703125 0.2275390625 0.38818359375 0.2314453125 0.41162109375 0.232421875 0.41259765625 0.228515625 0.4140625 0.228515625 0.41455078125 0.2314453125 0.41650390625 0.2333984375
5 0.44970703125 0.3857421875 0.44775390625 0.3857421875 0.44580078125 0.3857421875 0.4443359375 0.3876953125 0.4443359375 0.396484375 0.4453125 0.4013671875 0.44677734375 0.40234375 0.453125 0.4033203125 0.45361328125 0.3896484375
2 0.44580078125 0.28515625 0.44921875 0.291015625 0.44384765625 0.291015625 0.44580078125 0.36328125 0.451171875 0.365234375 0.4521484375 0.3681640625 0.4482421875 0.3701171875 0.44580078125 0.3701171875 0.44580078125 0.40234375 0.43359375 0.4013671875 0.43310546875 0.2744140625
4 0.4697265625 0.3798828125 0.4697265625 0.376953125 0.46875 0.375 0.4677734375 0.3701171875 0.46630859375 0.3662109375 0.4658203125 0.3603515625 0.4658203125 0.3505859375 0.46728515625 0.33984375 0.46923828125 0.3310546875 0.470703125 0.3232421875 0.4736328125 0.318359375 0.47509765625 0.3125 0.47705078125 0.3828125 0.4765625 0.3935546875 0.47021484375 0.3876953125
5 0.46435546875 0.380859375 0.4599609375 0.380859375 0.45556640625 0.380859375 0.45458984375 0.380859375 0.45263671875 0.380859375 0.451171875 0.384765625 0.44970703125 0.3896484375 0.447265625 0.39453125 0.44677734375 0.408203125 0.447265625 0.412109375 0.447265625 0.4189453125 0.4482421875 0.4208984375 0.44970703125 0.421875 0.45068359375 0.4208984375 0.45263671875 0.4189453125 0.4599609375 0.4189453125 0.46435546875 0.4189453125 0.4677734375 0.390625 0.466796875 0.3857421875
2 0.4736328125 0.21484375 0.47412109375 0.2255859375 0.47705078125 0.23046875 0.4765625 0.244140625 0.47509765625 0.2607421875 0.47412109375 0.365234375 0.474609375 0.3896484375 0.56787109375 0.443359375 0.6015625 0.4619140625 0.64892578125 0.4833984375 0.65576171875 0.4873046875 0.6650390625 0.4833984375 0.69384765625 0.494140625 0.693359375 0.5048828125 0.69775390625 0.5068359375 0.7109375 0.5078125 0.75439453125 0.525390625 0.75390625 0.53515625 0.76220703125 0.541015625 0.77783203125 0.5419921875 0.849609375 0.57421875 0.85009765625 0.583984375 0.8701171875 0.5927734375 0.9228515625 0.59375 1.0 0.58984375 1.0 0.0 0.60693359375 0.0 0.5390625 0.0009765625 0.5302734375 0.0439453125 0.513671875 0.05859375 0.5048828125 0.08984375 0.5048828125 0.0927734375 0.50634765625 0.09765625 0.50439453125 0.099609375 0.50244140625 0.1005859375 0.5009765625 0.1083984375 0.494140625 0.107421875 0.49462890625 0.130859375 0.49072265625 0.130859375 0.490234375 0.1513671875 0.49267578125 0.1572265625 0.48828125 0.1748046875 0.486328125 0.17578125 0.4853515625 0.1806640625 0.4814453125 0.1787109375 0.48095703125 0.1806640625 0.4814453125 0.193359375 0.4814453125 0.201171875 0.4794921875 0.2060546875 0.47900390625 0.2119140625 0.478515625 0.21484375
5 0.4873046875 0.375 0.48486328125 0.375 0.48046875 0.373046875 0.4736328125 0.3720703125 0.46923828125 0.3740234375 0.46337890625 0.388671875 0.4619140625 0.3955078125 0.458984375 0.4072265625 0.45849609375 0.4189453125 0.4580078125 0.4375 0.4580078125 0.451171875 0.45947265625 0.453125 0.4609375 0.455078125 0.47021484375 0.4365234375 0.48046875 0.400390625
5 0.49951171875 0.3798828125 0.498046875 0.37890625 0.49560546875 0.3779296875 0.4951171875 0.376953125 0.4892578125 0.375 0.47998046875 0.3759765625 0.47509765625 0.375 0.47021484375 0.390625 0.46923828125 0.390625 0.46630859375 0.388671875 0.46484375 0.390625 0.46337890625 0.396484375 0.46435546875 0.4013671875 0.46630859375 0.40234375 0.462890625 0.41015625 0.46142578125 0.419921875 0.45947265625 0.435546875 0.45947265625 0.44921875 0.45947265625 0.45703125 0.46142578125 0.4609375 0.462890625 0.4619140625 0.46533203125 0.466796875 0.46923828125 0.46875 0.47265625 0.4638671875 0.47314453125 0.4580078125 0.49267578125 0.458984375 0.50390625 0.3916015625
5 0.5146484375 0.375 0.50537109375 0.3759765625 0.50146484375 0.3779296875 0.49755859375 0.3857421875 0.4912109375 0.4091796875 0.4892578125 0.4111328125 0.48876953125 0.404296875 0.4873046875 0.40234375 0.48388671875 0.40234375 0.48046875 0.404296875 0.48046875 0.408203125 0.4814453125 0.4140625 0.48486328125 0.4189453125 0.48486328125 0.4228515625 0.48291015625 0.4326171875 0.48193359375 0.4775390625 0.48193359375 0.4892578125 0.48291015625 0.4912109375 0.48486328125 0.4951171875 0.48583984375 0.50390625 0.48876953125 0.505859375 0.4921875 0.50390625 0.49951171875 0.49609375 0.52783203125 0.4150390625 0.52197265625 0.3837890625
5 0.59912109375 0.5595703125 0.6005859375 0.546875 0.6025390625 0.5234375 0.6025390625 0.5107421875 0.603515625 0.494140625 0.603515625 0.478515625 0.60302734375 0.4599609375 0.60205078125 0.4453125 0.6025390625 0.439453125 0.60400390625 0.43359375 0.60400390625 0.4296875 0.60205078125 0.427734375 0.5986328125 0.4287109375 0.59228515625 0.3994140625 0.587890625 0.3857421875 0.5830078125 0.380859375 0.55517578125 0.3701171875 0.55615234375 0.353515625 0.55517578125 0.353515625 0.5546875 0.3583984375 0.55322265625 0.3701171875 0.55224609375 0.3701171875 0.54736328125 0.37109375 0.52490234375 0.3701171875 0.5185546875 0.37109375 0.51513671875 0.3740234375 0.50830078125 0.404296875 0.505859375 0.412109375 0.50390625 0.4140625 0.5029296875 0.408203125 0.49951171875 0.4072265625 0.49560546875 0.408203125 0.49169921875 0.4130859375 0.49169921875 0.4189453125 0.49462890625 0.4248046875 0.5 0.42578125 0.498046875 0.4365234375 0.49609375 0.4599609375 0.4951171875 0.4853515625 0.4951171875 0.5048828125 0.494140625 0.51953125 0.494140625 0.5341796875 0.49462890625 0.54296875 0.498046875 0.548828125 0.50146484375 0.5498046875 0.50537109375 0.544921875 0.505859375 0.5341796875 0.50634765625 0.5234375 0.51171875 0.52734375 0.51318359375 0.5283203125 0.515625 0.52734375 0.51904296875 0.5234375 0.53076171875 0.5234375 0.53759765625 0.5234375 0.55517578125 0.52734375 0.57568359375 0.5302734375 0.580078125 0.53125 0.580078125 0.537109375 0.58154296875 0.5458984375 0.5830078125 0.552734375 0.5869140625 0.55859375 0.59375 0.5615234375
5 0.40185546875 0.4052734375 0.40283203125 0.404296875 0.4033203125 0.3994140625 0.4033203125 0.3935546875 0.4033203125 0.390625 0.4033203125 0.3876953125 0.40283203125 0.38671875 0.40185546875 0.3828125 0.40087890625 0.380859375 0.39892578125 0.3798828125 0.3935546875 0.380859375 0.3916015625 0.3935546875 0.3935546875 0.40234375 0.396484375 0.4052734375 0.39697265625 0.4052734375 0.39892578125 0.404296875
5 0.39599609375 0.408203125 0.396484375 0.3994140625 0.39697265625 0.388671875 0.39697265625 0.3798828125 0.39697265625 0.373046875 0.396484375 0.369140625 0.3955078125 0.3662109375 0.38525390625 0.3662109375 0.38037109375 0.3671875 0.3720703125 0.369140625 0.37060546875 0.376953125 0.369140625 0.380859375 0.3701171875 0.3828125 0.3701171875 0.3857421875 0.369140625 0.390625 0.369140625 0.3984375 0.369140625 0.4072265625 0.369140625 0.408203125 0.37060546875 0.41015625 0.3720703125 0.4072265625 0.37353515625 0.4072265625 0.3759765625 0.4111328125 0.376953125 0.4111328125 0.3779296875 0.4072265625 0.38427734375 0.4072265625 0.3876953125 0.4072265625 0.388671875 0.408203125 0.3896484375 0.412109375 0.390625 0.412109375 0.39208984375 0.408203125 0.392578125 0.4072265625 0.3935546875 0.408203125 0.39501953125 0.41015625
5 0.3623046875 0.435546875 0.36376953125 0.4365234375 0.365234375 0.43359375 0.36572265625 0.4306640625 0.36669921875 0.42578125 0.3671875 0.4169921875 0.3681640625 0.3974609375 0.36767578125 0.369140625 0.36572265625 0.3408203125 0.36474609375 0.3271484375 0.36279296875 0.3232421875 0.35791015625 0.3193359375 0.3525390625 0.3193359375 0.3271484375 0.318359375 0.3232421875 0.318359375 0.32177734375 0.318359375 0.32080078125 0.3203125 0.318359375 0.33203125 0.31396484375 0.375 0.31298828125 0.375 0.31201171875 0.369140625 0.31201171875 0.3681640625 0.30908203125 0.3681640625 0.3076171875 0.3701171875 0.3076171875 0.37890625 0.31005859375 0.3828125 0.3115234375 0.3828125 0.3125 0.3837890625 0.31201171875 0.3916015625 0.310546875 0.4189453125 0.310546875 0.4306640625 0.3115234375 0.4345703125 0.3154296875 0.4375 0.31787109375 0.435546875 0.3193359375 0.4267578125 0.31982421875 0.4248046875 0.3212890625 0.423828125 0.32080078125 0.431640625 0.32177734375 0.4345703125 0.32373046875 0.4375 0.326171875 0.4365234375 0.3271484375 0.4267578125 0.34716796875 0.4267578125 0.35009765625 0.42578125 0.35205078125 0.4287109375 0.35302734375 0.431640625 0.35302734375 0.4375 0.35546875 0.4423828125 0.359375 0.4423828125 0.3603515625 0.44140625
