4 0.31396484375 0.3486328125 0.314453125 0.3974609375 0.314453125 0.4296875 0.31787109375 0.4287109375 0.31787109375 0.3876953125 0.3173828125 0.3486328125
0 0.03173828125 0.1748046875 1.0 0.2353515625 1.0 1.0 0.0 1.0 0.0 0.1640625
1 0.0009765625 0.4921875 0.1591796875 0.47265625 0.2578125 0.4609375 0.400390625 0.4375 0.431640625 0.4345703125 0.4423828125 0.43359375 0.4404296875 0.4287109375 0.42578125 0.42578125 0.37548828125 0.4208984375 0.333984375 0.4228515625 0.3349609375 0.416015625 0.40869140625 0.416015625 0.49462890625 0.416015625 0.52880859375 0.41796875 0.55029296875 0.41796875 0.56591796875 0.41796875 0.60302734375 0.41796875 0.62255859375 0.416015625 0.64453125 0.4150390625 0.6689453125 0.4130859375 0.708984375 0.408203125 0.74609375 0.404296875 0.796875 0.396484375 0.79736328125 0.3916015625 0.33203125 0.3935546875 0.0 0.41015625 0.0 0.490234375
1 0.99658203125 0.6142578125 0.892578125 0.5634765625 0.8388671875 0.5380859375 0.81591796875 0.5185546875 0.77783203125 0.46484375 0.7734375 0.4560546875 0.7685546875 0.4521484375 0.76953125 0.4443359375 0.77734375 0.4423828125 0.79150390625 0.44140625 0.84130859375 0.4404296875 0.86083984375 0.439453125 0.8916015625 0.4443359375 0.9384765625 0.4609375 0.998046875 0.474609375 1.0 0.474609375 1.0 0.4384765625 0.98486328125 0.4384765625 0.908203125 0.4306640625 0.86181640625 0.4208984375 0.84033203125 0.4189453125 0.83642578125 0.4169921875 0.8310546875 0.4150390625 0.83056640625 0.4140625 0.83251953125 0.41015625 0.8525390625 0.4052734375 0.86865234375 0.404296875 0.900390625 0.3994140625 1.0 0.4111328125 1.0 0.6171875
2 0.275390625 0.408203125 0.12890625 0.396484375 0.0 0.3955078125 0.0 0.0 0.1220703125 0.0166015625 0.1220703125 0.05859375 0.17333984375 0.064453125 0.1748046875 0.07421875 0.18017578125 0.07421875 0.18017578125 0.1103515625 0.17822265625 0.1123046875 0.1796875 0.1396484375 0.1953125 0.130859375 0.19580078125 0.150390625 0.22216796875 0.138671875 0.23291015625 0.1376953125 0.23193359375 0.0859375 0.3271484375 0.0400390625 0.32763671875 0.0224609375 0.33056640625 0.0224609375 0.33056640625 0.0390625 0.33447265625 0.0380859375 0.33251953125 0.0 0.71923828125 0.0 0.7177734375 0.0244140625 0.736328125 0.064453125 0.7373046875 0.0458984375 0.74658203125 0.064453125 0.74462890625 0.083984375 0.74951171875 0.091796875 0.74951171875 0.171875 0.75732421875 0.169921875 0.7919921875 0.2333984375 0.79541015625 0.24609375 0.794921875 0.2841796875 0.80859375 0.28515625 0.82568359375 0.2509765625 0.83154296875 0.2509765625 0.87744140625 0.2568359375 0.87255859375 0.314453125 0.86865234375 0.3857421875 0.8466796875 0.400390625 0.82568359375 0.3974609375 0.80029296875 0.39453125 0.78515625 0.396484375 0.73779296875 0.4013671875 0.669921875 0.41015625 0.61865234375 0.408203125
2 0.0 0.17578125 0.01953125 0.1806640625 0.0712890625 0.1923828125 0.11865234375 0.2041015625 0.1845703125 0.2197265625 0.2333984375 0.234375 0.26611328125 0.2451171875 0.265625 0.2509765625 0.23681640625 0.25 0.2392578125 0.2529296875 0.267578125 0.2626953125 0.2841796875 0.26953125 0.32568359375 0.2880859375 0.33447265625 0.2998046875 0.33642578125 0.4111328125 0.3369140625 0.427734375 0.330078125 0.427734375 0.33056640625 0.431640625 0.32080078125 0.431640625 0.31982421875 0.427734375 0.31787109375 0.2978515625 0.31005859375 0.2939453125 0.31298828125 0.4345703125 0.3037109375 0.435546875 0.30126953125 0.2861328125 0.283203125 0.2783203125 0.287109375 0.4375 0.2724609375 0.4375 0.2724609375 0.4208984375 0.2373046875 0.423828125 0.23779296875 0.4423828125 0.22412109375 0.443359375 0.224609375 0.4248046875 0.19580078125 0.4248046875 0.18505859375 0.4228515625 0.1845703125 0.4306640625 0.1767578125 0.4306640625 0.177734375 0.421875 0.166015625 0.4228515625 0.16552734375 0.43359375 0.1630859375 0.43359375 0.1640625 0.44921875 0.1484375 0.453125 0.1474609375 0.4287109375 0.14013671875 0.4287109375 0.140625 0.4375 0.130859375 0.435546875 0.09765625 0.4384765625 0.09765625 0.4365234375 0.0966796875 0.412109375 0.095703125 0.376953125 0.0947265625 0.3046875 0.09375 0.265625 0.09130859375 0.265625 0.06787109375 0.2646484375 0.0703125 0.3759765625 0.07080078125 0.43359375 0.046875 0.44140625 0.046875 0.4609375 0.02783203125 0.4619140625 0.02783203125 0.44921875 0.0 0.447265625 0.0 0.17578125
4 0.27099609375 0.271484375 0.267578125 0.2783203125 0.263671875 0.2841796875 0.26318359375 0.2919921875 0.259765625 0.296875 0.26171875 0.310546875 0.26611328125 0.32421875 0.2705078125 0.3369140625 0.27294921875 0.3388671875
4 0.2861328125 0.3623046875 0.287109375 0.3486328125 0.28857421875 0.3369140625 0.29296875 0.330078125 0.298828125 0.3193359375 0.3017578125 0.30859375 0.30322265625 0.298828125 0.3017578125 0.2880859375 0.2998046875 0.283203125 0.28271484375 0.2763671875 0.2841796875 0.3642578125
4 0.30224609375 0.375 0.30224609375 0.314453125 0.30029296875 0.3154296875 0.2978515625 0.3193359375 0.2978515625 0.326171875 0.29833984375 0.3330078125 0.2958984375 0.3388671875 0.29248046875 0.3388671875 0.29052734375 0.3427734375 0.29052734375 0.3564453125 0.29296875 0.361328125 0.29638671875 0.3662109375 0.29931640625 0.3701171875
4 0.314453125 0.3564453125 0.31201171875 0.357421875 0.3115234375 0.3037109375 0.314453125 0.30859375 0.318359375 0.3134765625 0.3203125 0.3193359375 0.32080078125 0.326171875 0.3193359375 0.3369140625 0.32080078125 0.3388671875 0.330078125 0.3359375 0.328125 0.341796875 0.322265625 0.3466796875 0.3193359375 0.3505859375 0.3173828125 0.3544921875 0.3173828125 0.4287109375 0.31494140625 0.4287109375
4 0.1728515625 0.35546875 0.1728515625 0.4365234375 0.17626953125 0.4365234375 0.17578125 0.353515625 0.177734375 0.3486328125 0.18212890625 0.34765625 0.18603515625 0.337890625 0.1875 0.3203125 0.18701171875 0.306640625 0.1826171875 0.298828125 0.1728515625 0.2919921875 0.16455078125 0.287109375 0.16259765625 0.287109375 0.1611328125 0.30859375 0.16259765625 0.353515625 0.1630859375 0.3505859375 0.16748046875 0.34765625 0.17041015625 0.34765625
4 0.13818359375 0.302734375 0.13330078125 0.3115234375 0.12744140625 0.3154296875 0.1259765625 0.322265625 0.11962890625 0.3271484375 0.11669921875 0.3271484375 0.1123046875 0.3369140625 0.1083984375 0.353515625 0.10693359375 0.365234375 0.10791015625 0.380859375 0.1142578125 0.3818359375 0.11669921875 0.373046875 0.1181640625 0.3837890625 0.1201171875 0.3916015625 0.12158203125 0.3916015625 0.126953125 0.390625 0.12939453125 0.3818359375 0.1298828125 0.3388671875 0.134765625 0.3447265625 0.13671875 0.349609375 0.14013671875 0.3544921875 0.14794921875 0.361328125 0.1474609375 0.3046875
4 0.0498046875 0.3203125 0.05078125 0.3720703125 0.05224609375 0.3720703125 0.05615234375 0.373046875 0.05810546875 0.3720703125 0.056640625 0.32421875
5 0.525390625 0.4013671875 0.51318359375 0.3876953125 0.5029296875 0.388671875 0.4990234375 0.3916015625 0.49072265625 0.400390625 0.4892578125 0.4091796875 0.49072265625 0.4140625 0.5029296875 0.4140625 0.5166015625 0.4130859375 0.52392578125 0.4130859375 0.5263671875 0.4130859375 0.52783203125 0.408203125 0.52783203125 0.404296875
5 0.7275390625 0.375 0.71337890625 0.376953125 0.70751953125 0.38671875 0.70654296875 0.39453125 0.70703125 0.404296875 0.70703125 0.408203125 0.70947265625 0.408203125 0.7119140625 0.40625 0.71337890625 0.40625 0.71435546875 0.4072265625 0.7158203125 0.4072265625 0.71630859375 0.4052734375 0.72216796875 0.4052734375 0.724609375 0.4072265625 0.7265625 0.4072265625 0.72802734375 0.404296875 0.72998046875 0.4072265625 0.732421875 0.40625 0.73291015625 0.3984375 0.73291015625 0.388671875 0.72900390625 0.376953125
5 0.7646484375 0.3671875 0.76123046875 0.3662109375 0.76025390625 0.365234375 0.75537109375 0.365234375 0.75390625 0.3662109375 0.74853515625 0.3662109375 0.74658203125 0.3701171875 0.7451171875 0.3798828125 0.744140625 0.3798828125 0.7431640625 0.380859375 0.74267578125 0.3828125 0.744140625 0.384765625 0.7421875 0.392578125 0.74169921875 0.3974609375 0.74267578125 0.40234375 0.7431640625 0.4052734375 0.744140625 0.4072265625 0.74560546875 0.408203125 0.74755859375 0.408203125 0.7490234375 0.408203125 0.75048828125 0.40625 0.76025390625 0.4052734375 0.7607421875 0.4072265625 0.763671875 0.408203125 0.76513671875 0.408203125 0.76708984375 0.4072265625 0.76806640625 0.39453125 0.7685546875 0.3876953125 0.7666015625 0.3759765625 0.765625 0.3701171875
4 0.8466796875 0.228515625 0.8525390625 0.220703125 0.8544921875 0.21484375 0.8525390625 0.208984375 0.8525390625 0.197265625 0.85302734375 0.189453125 0.85693359375 0.189453125 0.8583984375 0.1865234375 0.85791015625 0.1806640625 0.85791015625 0.173828125 0.8623046875 0.162109375 0.8662109375 0.1591796875 0.87109375 0.15234375 0.87109375 0.1484375 0.869140625 0.150390625 0.86767578125 0.1513671875 0.869140625 0.1435546875 0.86865234375 0.134765625 0.86279296875 0.123046875 0.86083984375 0.115234375 0.86279296875 0.1083984375 0.86669921875 0.109375 0.8681640625 0.1123046875 0.86962890625 0.109375 0.8720703125 0.10546875 0.8681640625 0.0986328125 0.86474609375 0.0810546875 0.869140625 0.0830078125 0.87255859375 0.0849609375 0.87548828125 0.0791015625 0.87744140625 0.0732421875 0.87939453125 0.0712890625 0.8818359375 0.07421875 0.88330078125 0.07421875 0.8798828125 0.0458984375 0.896484375 0.0 0.99951171875 0.0 1.0 0.3671875 0.99951171875 0.3681640625 0.99658203125 0.3603515625 0.99462890625 0.3544921875 0.9931640625 0.3466796875 0.99169921875 0.36328125 0.98974609375 0.3701171875 0.98681640625 0.3583984375 0.9833984375 0.34765625 0.9814453125 0.3427734375 0.98095703125 0.35546875 0.97998046875 0.365234375 0.9755859375 0.365234375 0.97021484375 0.3671875 0.96875 0.3623046875 0.96875 0.34765625 0.96630859375 0.341796875 0.96484375 0.3505859375 0.96142578125 0.361328125 0.9541015625 0.36328125 0.9521484375 0.3642578125 0.94677734375 0.3720703125 0.9423828125 0.3759765625 0.93701171875 0.3720703125 0.93603515625 0.3623046875 0.93212890625 0.3564453125 0.93017578125 0.3662109375 0.92919921875 0.3720703125 0.92822265625 0.369140625 0.92724609375 0.3603515625 0.92529296875 0.349609375 0.9228515625 0.35546875 0.919921875 0.357421875 0.91748046875 0.35546875 0.91552734375 0.359375 0.91064453125 0.365234375 0.9091796875 0.3671875 0.90625 0.3662109375 0.90673828125 0.357421875 0.90380859375 0.3505859375 0.8984375 0.3544921875 0.89599609375 0.3515625 0.89306640625 0.3447265625 0.88916015625 0.3310546875 0.884765625 0.3203125 0.8818359375 0.3134765625 0.87939453125 0.3076171875 0.87646484375 0.302734375 0.87451171875 0.3369140625 0.87451171875 0.3544921875 0.87060546875 0.3642578125 0.86669921875 0.3701171875 0.86376953125 0.3759765625 0.86279296875 0.3857421875 0.859375 0.3896484375 0.853515625 0.38671875 0.84716796875 0.3740234375 0.84326171875 0.3525390625 0.83740234375 0.34765625 0.8310546875 0.34375 0.8291015625 0.3359375 0.82373046875 0.3330078125 0.81982421875 0.3349609375 0.81884765625 0.3291015625 0.8203125 0.32421875 0.81884765625 0.3154296875 0.82080078125 0.3017578125 0.83154296875 0.2880859375 0.8486328125 0.26171875
3 0.830078125 0.38671875 0.85888671875 0.390625 0.865234375 0.38671875 0.8857421875 0.3896484375 0.8857421875 0.4228515625 0.85693359375 0.4169921875 0.84912109375 0.4169921875 0.83056640625 0.4140625
5 0.28515625 0.404296875 0.29052734375 0.3994140625 0.2958984375 0.392578125 0.2978515625 0.39453125 0.298828125 0.41015625 0.296875 0.4140625 0.28662109375 0.4150390625 0.28515625 0.4130859375
