0 0.0 0.4892578125 0.4658203125 0.3955078125 0.54736328125 0.3955078125 0.61376953125 0.46484375 0.8212890625 0.662109375 1.0 0.880859375 1.0 1.0 0.0 1.0
4 0.35791015625 0.3037109375 0.35693359375 0.2978515625 0.353515625 0.2939453125 0.35302734375 0.2900390625 0.3525390625 0.2861328125 0.3525390625 0.27734375 0.35546875 0.2705078125 0.35693359375 0.2607421875 0.3583984375 0.2548828125 0.36083984375 0.25390625 0.36181640625 0.2490234375 0.3642578125 0.2451171875 0.37060546875 0.2412109375 0.38037109375 0.236328125 0.38818359375 0.2392578125 0.3935546875 0.2412109375 0.39794921875 0.2421875 0.400390625 0.24609375 0.4033203125 0.2509765625 0.40625 0.251953125 0.40869140625 0.2470703125 0.41162109375 0.24609375 0.41162109375 0.244140625 0.41162109375 0.23828125 0.41357421875 0.2333984375 0.416015625 0.2314453125 0.41796875 0.234375 0.42041015625 0.2392578125 0.42236328125 0.244140625 0.4267578125 0.2490234375 0.4296875 0.2548828125 0.42919921875 0.259765625 0.4306640625 0.2607421875 0.43212890625 0.26171875 0.43359375 0.2666015625 0.43408203125 0.2724609375 0.4365234375 0.2802734375 0.43701171875 0.2958984375 0.44140625 0.30859375 0.44189453125 0.3212890625 0.44287109375 0.3271484375 0.44580078125 0.3251953125 0.4482421875 0.3193359375 0.4501953125 0.3173828125 0.45361328125 0.318359375 0.45849609375 0.3173828125 0.462890625 0.3125 0.4658203125 0.310546875 0.46923828125 0.3056640625 0.47119140625 0.3037109375 0.4755859375 0.3017578125 0.478515625 0.296875 0.484375 0.29296875 0.4912109375 0.291015625 0.5009765625 0.29296875 0.50830078125 0.2939453125 0.513671875 0.291015625 0.51806640625 0.2900390625 0.521484375 0.291015625 0.52587890625 0.296875 0.53173828125 0.294921875 0.537109375 0.298828125 0.5390625 0.3037109375 0.54150390625 0.3134765625 0.54296875 0.3251953125 0.5439453125 0.3515625 0.54150390625 0.3759765625 0.5419921875 0.419921875 0.43994140625 0.390625 0.37109375 0.404296875
2 0.5146484375 0.3408203125 0.552734375 0.33984375 0.5537109375 0.4228515625 0.52587890625 0.421875
4 0.39111328125 0.4140625 0.39453125 0.4130859375 0.40478515625 0.416015625 0.41796875 0.416015625 0.4345703125 0.41796875 0.4404296875 0.4248046875 0.44287109375 0.4248046875 0.4462890625 0.419921875 0.45458984375 0.4208984375 0.45849609375 0.4248046875 0.46484375 0.4208984375 0.466796875 0.4208984375 0.4677734375 0.4228515625 0.4677734375 0.431640625 0.4716796875 0.435546875 0.4580078125 0.4404296875 0.42236328125 0.4404296875 0.38134765625 0.4453125 0.3828125 0.439453125 0.39013671875 0.4365234375 0.390625 0.4267578125 0.39111328125 0.416015625 0.39111328125 0.4140625
1 0.3935546875 0.4326171875 0.38232421875 0.4375 0.3466796875 0.4482421875 0.287109375 0.453125 0.228515625 0.4580078125 0.166015625 0.470703125 0.0947265625 0.4873046875 0.02783203125 0.5029296875 0.0 0.5087890625 0.0 0.458984375 0.26123046875 0.431640625 0.3994140625 0.4248046875
4 0.3828125 0.3818359375 0.37451171875 0.380859375 0.375 0.365234375 0.376953125 0.36328125 0.3828125 0.3583984375 0.38427734375 0.353515625 0.3779296875 0.349609375 0.375 0.3447265625 0.375 0.3310546875 0.3779296875 0.3134765625 0.37841796875 0.298828125 0.38330078125 0.296875 0.38623046875 0.3193359375 0.390625 0.3232421875 0.396484375 0.3173828125 0.40576171875 0.302734375 0.40673828125 0.287109375 0.41015625 0.2783203125 0.419921875 0.27734375 0.42724609375 0.27734375 0.43603515625 0.28515625 0.4375 0.30078125 0.44140625 0.3203125 0.44091796875 0.3330078125 0.43603515625 0.3466796875 0.44873046875 0.3486328125 0.45361328125 0.3427734375 0.4619140625 0.3369140625 0.46728515625 0.3310546875 0.48193359375 0.328125 0.48876953125 0.3291015625 0.49462890625 0.3291015625 0.5 0.33984375 0.50927734375 0.341796875 0.5166015625 0.3408203125 0.5185546875 0.353515625 0.5234375 0.361328125 0.529296875 0.37109375 0.53515625 0.375 0.54150390625 0.3876953125 0.537109375 0.412109375 0.52783203125 0.421875 0.521484375 0.4228515625 0.509765625 0.42578125 0.4970703125 0.42578125 0.4873046875 0.42578125 0.48046875 0.4248046875 0.4609375 0.4091796875 0.45654296875 0.4033203125 0.45068359375 0.3955078125 0.447265625 0.390625 0.44140625 0.3896484375 0.435546875 0.3857421875 0.4306640625 0.37890625 0.4267578125 0.3779296875 0.4248046875 0.3759765625 0.41796875 0.3779296875 0.4111328125 0.3642578125 0.40234375 0.369140625
1 0.5224609375 0.42578125 0.5322265625 0.4384765625 0.53857421875 0.4423828125 0.5439453125 0.4423828125 0.5517578125 0.4423828125 0.60107421875 0.5048828125 0.681640625 0.615234375 0.8154296875 0.79296875 0.9814453125 1.0 1.0 1.0 1.0 0.46875 0.64501953125 0.4091796875 0.5849609375 0.4169921875 0.548828125 0.416015625 0.537109375 0.419921875 0.52587890625 0.4208984375 0.52197265625 0.421875
2 0.5478515625 0.1826171875 0.55078125 0.181640625 0.55078125 0.17578125 0.55908203125 0.17578125 0.55908203125 0.1826171875 0.6103515625 0.1787109375 0.6103515625 0.173828125 0.6142578125 0.173828125 0.615234375 0.177734375 0.6513671875 0.1796875 0.64013671875 0.4189453125 0.56982421875 0.4248046875 0.55029296875 0.41796875 0.54736328125 0.2412109375 0.54833984375 0.193359375
4 0.58251953125 0.3447265625 0.58544921875 0.3447265625 0.58984375 0.3486328125 0.59375 0.3525390625 0.59814453125 0.353515625 0.6015625 0.3583984375 0.60498046875 0.369140625 0.5927734375 0.4296875 0.58837890625 0.435546875 0.57275390625 0.43359375 0.5693359375 0.427734375 0.56201171875 0.4248046875 0.5576171875 0.41796875 0.5537109375 0.4130859375 0.5537109375 0.40625 0.55322265625 0.3935546875 0.55322265625 0.3857421875 0.5537109375 0.3798828125 0.55712890625 0.3779296875 0.5625 0.3828125 0.568359375 0.376953125 0.5712890625 0.37109375 0.57080078125 0.3642578125 0.572265625 0.35546875 0.57470703125 0.345703125 0.578125 0.3447265625 0.58056640625 0.3486328125
2 0.67919921875 0.0 1.0 0.0 1.0 0.3876953125 0.68359375 0.28515625
4 0.6240234375 0.384765625 0.61572265625 0.3740234375 0.611328125 0.365234375 0.6083984375 0.357421875 0.60498046875 0.34765625 0.6044921875 0.337890625 0.6015625 0.3291015625 0.60009765625 0.3193359375 0.59912109375 0.3076171875 0.60302734375 0.294921875 0.609375 0.291015625 0.611328125 0.2861328125 0.60498046875 0.275390625 0.60400390625 0.265625 0.60595703125 0.2626953125 0.6123046875 0.26171875 0.6162109375 0.2607421875 0.6142578125 0.251953125 0.611328125 0.236328125 0.60888671875 0.2001953125 0.61083984375 0.1884765625 0.615234375 0.1748046875 0.6142578125 0.1611328125 0.61669921875 0.1455078125 0.62255859375 0.1328125 0.62744140625 0.134765625 0.6318359375 0.13671875 0.63818359375 0.13671875 0.64208984375 0.1376953125 0.64892578125 0.1376953125 0.64794921875 0.1396484375 0.64794921875 0.146484375 0.65283203125 0.1474609375 0.654296875 0.1416015625 0.658203125 0.1455078125 0.66162109375 0.1376953125 0.66259765625 0.130859375 0.65966796875 0.123046875 0.65771484375 0.1123046875 0.662109375 0.1064453125 0.6630859375 0.103515625 0.66650390625 0.09765625 0.66845703125 0.109375 0.67431640625 0.1142578125 0.67724609375 0.1142578125 0.67919921875 0.1025390625 0.677734375 0.0849609375 0.67919921875 0.07421875 0.681640625 0.0888671875 0.68603515625 0.0947265625 0.689453125 0.09765625 0.6962890625 0.10546875 0.7041015625 0.111328125 0.70947265625 0.115234375 0.70751953125 0.09765625 0.70849609375 0.0869140625 0.7109375 0.078125 0.716796875 0.0888671875 0.72265625 0.0986328125 0.72705078125 0.1103515625 0.734375 0.115234375 0.7392578125 0.1103515625 0.7451171875 0.1220703125 0.74462890625 0.1376953125 0.74072265625 0.1552734375 0.74462890625 0.16015625 0.74951171875 0.1611328125 0.75048828125 0.1455078125 0.75048828125 0.1240234375 0.75439453125 0.11328125 0.76171875 0.115234375 0.7705078125 0.1123046875 0.7744140625 0.0986328125 0.77392578125 0.0869140625 0.76953125 0.0849609375 0.765625 0.087890625 0.76123046875 0.080078125 0.76220703125 0.060546875 0.76123046875 0.04296875 0.7685546875 0.03515625 0.77392578125 0.0234375 0.7822265625 0.0224609375 0.78857421875 0.0185546875 0.80419921875 0.0185546875 0.8154296875 0.0087890625 0.8271484375 0.0068359375 0.84716796875 0.0166015625 0.86083984375 0.0185546875 0.87744140625 0.0244140625 0.90283203125 0.0234375 0.92626953125 0.0205078125 0.94677734375 0.0205078125 0.96142578125 0.01953125 0.9765625 0.0224609375 0.99560546875 0.0224609375 1.0 0.0263671875 1.0 0.310546875 0.7294921875 0.396484375 0.646484375 0.421875 0.640625 0.427734375 0.6298828125 0.4228515625
2 0.65869140625 0.298828125 0.70458984375 0.26171875 0.8203125 0.251953125 0.8203125 0.322265625 0.66552734375 0.3447265625 0.666015625 0.3017578125 0.66259765625 0.3017578125
3 0.63818359375 0.3505859375 0.6376953125 0.42578125 0.607421875 0.427734375 0.607421875 0.37109375
3 0.64599609375 0.353515625 0.66748046875 0.3388671875 0.7119140625 0.32421875 0.7607421875 0.2958984375 0.7919921875 0.2900390625 0.833984375 0.27734375 0.8896484375 0.2509765625 0.89013671875 0.2470703125 0.8955078125 0.24609375 0.8955078125 0.2509765625 0.9775390625 0.22265625 0.9775390625 0.2109375 0.9814453125 0.2109375 0.9814453125 0.2177734375 1.0 0.21484375 0.9990234375 0.4873046875 0.99609375 0.49609375 0.98974609375 0.5009765625 0.9765625 0.498046875 0.9765625 0.490234375 0.96240234375 0.4912109375 0.95166015625 0.4873046875 0.93896484375 0.48046875 0.93896484375 0.4755859375 0.92626953125 0.4716796875 0.91796875 0.4775390625 0.8994140625 0.48046875 0.89111328125 0.4775390625 0.892578125 0.46875 0.892578125 0.4658203125 0.87255859375 0.4619140625 0.85400390625 0.4609375 0.85107421875 0.46484375 0.83447265625 0.4658203125 0.8310546875 0.4609375 0.8330078125 0.455078125 0.81005859375 0.4521484375 0.80419921875 0.4560546875 0.78857421875 0.455078125 0.78076171875 0.4580078125 0.7802734375 0.4423828125 0.77734375 0.44140625 0.7734375 0.4404296875 0.7705078125 0.447265625 0.7578125 0.447265625 0.75146484375 0.4443359375 0.75341796875 0.4384765625 0.7412109375 0.4375 0.7392578125 0.4404296875 0.73291015625 0.4453125 0.72900390625 0.4404296875 0.73046875 0.4345703125 0.71630859375 0.4345703125 0.71630859375 0.4404296875 0.65185546875 0.427734375 0.64404296875 0.42578125 0.6455078125 0.376953125 0.6455078125 0.3623046875
4 0.2197265625 0.1015625 0.2236328125 0.1015625 0.22900390625 0.09765625 0.23193359375 0.099609375 0.234375 0.1005859375 0.2373046875 0.09765625 0.23974609375 0.0947265625 0.244140625 0.0947265625 0.251953125 0.095703125 0.25341796875 0.091796875 0.25146484375 0.08203125 0.255859375 0.080078125 0.26025390625 0.0810546875 0.2646484375 0.0859375 0.2685546875 0.087890625 0.27294921875 0.09375 0.27734375 0.0947265625 0.28125 0.1015625 0.2861328125 0.1064453125 0.2880859375 0.10546875 0.29296875 0.115234375 0.29443359375 0.1259765625 0.2998046875 0.1318359375 0.30419921875 0.134765625 0.3076171875 0.14453125 0.310546875 0.1494140625 0.3134765625 0.1484375 0.31640625 0.142578125 0.318359375 0.142578125 0.31982421875 0.150390625 0.32080078125 0.1591796875 0.3232421875 0.166015625 0.328125 0.1748046875 0.33203125 0.17578125 0.33349609375 0.1845703125 0.33447265625 0.1923828125 0.337890625 0.19921875 0.337890625 0.208984375 0.3330078125 0.2080078125 0.32958984375 0.2080078125 0.33056640625 0.212890625 0.33154296875 0.2197265625 0.3291015625 0.2294921875 0.32568359375 0.228515625 0.32568359375 0.236328125 0.3271484375 0.2412109375 0.330078125 0.251953125 0.333984375 0.2548828125 0.3369140625 0.26171875 0.3388671875 0.26953125 0.341796875 0.2783203125 0.34423828125 0.2880859375 0.34521484375 0.3037109375 0.34326171875 0.3134765625 0.33740234375 0.31640625 0.33203125 0.31640625 0.32470703125 0.3212890625 0.32080078125 0.3330078125 0.322265625 0.345703125 0.3251953125 0.357421875 0.32470703125 0.373046875 0.31640625 0.384765625 0.3076171875 0.3984375 0.30078125 0.4052734375 0.296875 0.4169921875 0.29248046875 0.421875 0.271484375 0.423828125 0.26220703125 0.4287109375 0.25390625 0.431640625 0.24462890625 0.4296875 0.2451171875 0.4091796875
2 0.0068359375 0.0927734375 0.0537109375 0.087890625 0.0537109375 0.0771484375 0.0615234375 0.0771484375 0.0625 0.0869140625 0.19873046875 0.07421875 0.1982421875 0.0498046875 0.2080078125 0.0478515625 0.20849609375 0.060546875 0.21240234375 0.06640625 0.21875 0.06640625 0.21875 0.0908203125 0.24462890625 0.1845703125 0.2431640625 0.1943359375 0.2470703125 0.42578125 0.19189453125 0.439453125 0.0 0.443359375 0.0 0.0849609375 0.00244140625 0.091796875
5 0.02685546875 0.404296875 0.0400390625 0.4033203125 0.0546875 0.4052734375 0.06103515625 0.4111328125 0.0693359375 0.4228515625 0.05859375 0.4306640625 0.03955078125 0.431640625 0.02197265625 0.42578125 0.0234375 0.408203125
4 0.23974609375 0.4052734375 0.23388671875 0.3994140625 0.2294921875 0.3955078125 0.2265625 0.38671875 0.2236328125 0.3779296875 0.22216796875 0.3701171875 0.22216796875 0.3583984375 0.22509765625 0.3466796875 0.22900390625 0.3369140625 0.23046875 0.3251953125 0.23388671875 0.3134765625 0.24072265625 0.3046875 0.24755859375 0.3115234375 0.251953125 0.3310546875 0.25732421875 0.357421875 0.25732421875 0.3720703125 0.2568359375 0.3857421875 0.25390625 0.3955078125 0.25 0.3955078125 0.24755859375 0.3984375 0.244140625 0.40234375 0.24267578125 0.408203125 0.2412109375 0.43359375 0.23974609375 0.43359375
