0 0.65771484375 0.306640625 0.05419921875 0.3310546875 0.0 0.3359375 0.0 1.0 1.0 1.0 1.0 0.326171875
1 0.6201171875 0.396484375 0.62353515625 0.4033203125 0.64599609375 0.4111328125 0.66015625 0.408203125 0.6796875 0.412109375 0.71240234375 0.4228515625 0.71630859375 0.42578125 0.71630859375 0.4306640625 0.71533203125 0.4384765625 0.7158203125 0.443359375 0.72314453125 0.4482421875 0.732421875 0.4453125 0.7353515625 0.41015625 0.5615234375 0.3701171875 0.5625 0.3798828125
1 0.23828125 0.427734375 0.25390625 0.4267578125 0.3759765625 0.4306640625 0.3916015625 0.4306640625 0.4638671875 0.4345703125 0.49365234375 0.435546875 0.52099609375 0.4326171875 0.53271484375 0.4306640625 0.54150390625 0.427734375 0.5439453125 0.4228515625 0.54296875 0.412109375 0.5244140625 0.3857421875 0.49853515625 0.3603515625 0.4716796875 0.3603515625 0.23291015625 0.375 0.21923828125 0.3857421875 0.2109375 0.412109375
2 0.5087890625 0.2412109375 0.52001953125 0.2646484375 0.5244140625 0.2568359375 0.52783203125 0.26171875 0.54443359375 0.248046875 0.55029296875 0.259765625 0.55029296875 0.2392578125 0.5556640625 0.2314453125 0.5576171875 0.2255859375 0.55859375 0.22265625 0.5634765625 0.220703125 0.5654296875 0.2138671875 0.56591796875 0.208984375 0.56689453125 0.2041015625 0.56787109375 0.2021484375 0.57177734375 0.1982421875 0.57177734375 0.1923828125 0.576171875 0.19140625 0.5927734375 0.162109375 0.59765625 0.1640625 0.60302734375 0.1650390625 0.6083984375 0.1552734375 0.60888671875 0.1279296875 0.60888671875 0.1240234375 0.6123046875 0.1240234375 0.61279296875 0.1337890625 0.61962890625 0.1240234375 0.62158203125 0.115234375 0.623046875 0.0908203125 0.62109375 0.08984375 0.62109375 0.0849609375 0.6279296875 0.0732421875 0.63232421875 0.0751953125 0.6318359375 0.0703125 0.6298828125 0.068359375 0.6357421875 0.0546875 0.63916015625 0.0556640625 0.64453125 0.056640625 0.6435546875 0.0498046875 0.640625 0.0458984375 0.6484375 0.0302734375 0.6552734375 0.0302734375 0.6591796875 0.029296875 0.65869140625 0.0 1.0 0.0 1.0 0.5048828125 0.73486328125 0.42578125 0.70703125 0.4091796875 0.6943359375 0.4072265625 0.673828125 0.4033203125 0.62939453125 0.3974609375 0.56005859375 0.375 0.54296875 0.3720703125 0.482421875 0.36328125 0.474609375 0.36328125 0.474609375 0.2431640625 0.48779296875 0.2421875
4 0.544921875 0.375 0.54443359375 0.369140625 0.54443359375 0.3671875 0.54443359375 0.3623046875 0.544921875 0.357421875 0.544921875 0.35546875 0.54443359375 0.3525390625 0.54296875 0.3486328125 0.5400390625 0.345703125 0.53857421875 0.3427734375 0.5380859375 0.3369140625 0.53857421875 0.33203125 0.5390625 0.3271484375 0.54052734375 0.3212890625 0.54150390625 0.318359375 0.54296875 0.3134765625 0.54345703125 0.3095703125 0.54345703125 0.3046875 0.54345703125 0.2998046875 0.544921875 0.2958984375 0.54638671875 0.30078125 0.546875 0.3046875 0.5478515625 0.3076171875 0.54931640625 0.30859375 0.55126953125 0.30859375 0.5546875 0.310546875 0.5546875 0.3251953125 0.5517578125 0.349609375 0.55029296875 0.3515625 0.548828125 0.3515625 0.5478515625 0.3515625 0.546875 0.3544921875 0.546875 0.3603515625 0.546875 0.3720703125 0.546875 0.375 0.54638671875 0.3759765625
2 0.5498046875 0.2734375 0.55078125 0.373046875 0.55810546875 0.3720703125 0.560546875 0.3720703125 0.55859375 0.259765625 0.55078125 0.2666015625 0.55029296875 0.267578125
5 0.50537109375 0.3486328125 0.5029296875 0.3486328125 0.49755859375 0.3486328125 0.49658203125 0.349609375 0.49609375 0.3623046875 0.49609375 0.3701171875 0.49755859375 0.373046875 0.50537109375 0.373046875 0.50732421875 0.349609375
5 0.52587890625 0.3896484375 0.52734375 0.3857421875 0.52783203125 0.3818359375 0.52783203125 0.3779296875 0.52734375 0.3740234375 0.52685546875 0.373046875 0.5263671875 0.3642578125 0.52685546875 0.3642578125 0.5283203125 0.36328125 0.529296875 0.3623046875 0.529296875 0.3603515625 0.52880859375 0.359375 0.52734375 0.3583984375 0.52587890625 0.3505859375 0.5244140625 0.3369140625 0.52392578125 0.333984375 0.5224609375 0.33203125 0.515625 0.33203125 0.5087890625 0.33203125 0.5078125 0.3330078125 0.50537109375 0.35546875 0.5048828125 0.3583984375 0.50439453125 0.3681640625 0.50439453125 0.373046875 0.50537109375 0.3857421875 0.50634765625 0.3876953125 0.5087890625 0.3876953125 0.509765625 0.38671875 0.5107421875 0.380859375 0.5224609375 0.380859375 0.5224609375 0.3828125 0.5224609375 0.3876953125 0.5234375 0.3896484375 0.5244140625 0.3896484375
5 0.5634765625 0.3818359375 0.56396484375 0.3779296875 0.56396484375 0.373046875 0.5625 0.3671875 0.5625 0.365234375 0.56201171875 0.361328125 0.560546875 0.357421875 0.55712890625 0.357421875 0.55322265625 0.357421875 0.55224609375 0.357421875 0.55078125 0.3583984375 0.55029296875 0.3603515625 0.55029296875 0.365234375 0.54931640625 0.3701171875 0.54833984375 0.3740234375 0.54833984375 0.37890625 0.54931640625 0.380859375 0.55078125 0.380859375 0.5537109375 0.376953125 0.5576171875 0.3779296875 0.56005859375 0.3779296875 0.560546875 0.3798828125 0.56103515625 0.3828125 0.56201171875 0.3828125
5 0.587890625 0.3603515625 0.58544921875 0.3583984375 0.5810546875 0.3583984375 0.578125 0.3583984375 0.5771484375 0.3583984375 0.57470703125 0.3642578125 0.57421875 0.3662109375 0.5732421875 0.3701171875 0.572265625 0.373046875 0.57080078125 0.3798828125 0.57080078125 0.384765625 0.5712890625 0.3896484375 0.57275390625 0.390625 0.57421875 0.390625 0.57666015625 0.38671875 0.58837890625 0.3857421875
5 0.59765625 0.369140625 0.59619140625 0.3623046875 0.59326171875 0.3603515625 0.58447265625 0.3603515625 0.5830078125 0.361328125 0.58154296875 0.3662109375 0.58056640625 0.3681640625 0.57861328125 0.37109375 0.57763671875 0.373046875 0.576171875 0.376953125 0.576171875 0.380859375 0.576171875 0.38671875 0.57666015625 0.390625 0.5771484375 0.39453125 0.57763671875 0.3955078125 0.57861328125 0.39453125 0.57958984375 0.3935546875 0.58154296875 0.3955078125 0.5830078125 0.39453125 0.583984375 0.3916015625 0.58740234375 0.3916015625 0.5888671875 0.39453125 0.59130859375 0.39453125 0.59423828125 0.3916015625 0.59619140625 0.3798828125
5 0.60595703125 0.3642578125 0.60302734375 0.3642578125 0.60009765625 0.3642578125 0.59814453125 0.365234375 0.5966796875 0.3681640625 0.595703125 0.373046875 0.59375 0.375 0.591796875 0.376953125 0.59130859375 0.3798828125 0.5908203125 0.3876953125 0.5908203125 0.39453125 0.5908203125 0.396484375 0.591796875 0.3994140625 0.5927734375 0.3994140625 0.59423828125 0.3974609375 0.595703125 0.3994140625 0.59619140625 0.3994140625 0.59814453125 0.3994140625 0.60009765625 0.3974609375 0.6015625 0.3974609375 0.60546875 0.396484375 0.60888671875 0.3671875
5 0.62646484375 0.4052734375 0.62646484375 0.3994140625 0.62646484375 0.3896484375 0.6259765625 0.3779296875 0.625 0.373046875 0.62353515625 0.3671875 0.62158203125 0.3642578125 0.61669921875 0.36328125 0.6083984375 0.36328125 0.60693359375 0.3642578125 0.60498046875 0.3720703125 0.60302734375 0.3740234375 0.6015625 0.3935546875 0.60107421875 0.3984375 0.60107421875 0.400390625 0.6015625 0.4033203125 0.6025390625 0.4033203125 0.603515625 0.4033203125 0.6064453125 0.3994140625 0.619140625 0.4013671875 0.62060546875 0.40234375 0.62109375 0.4052734375 0.62353515625 0.4072265625
5 0.8583984375 0.396484375 0.84228515625 0.37890625 0.8330078125 0.369140625 0.8212890625 0.3623046875 0.8134765625 0.3583984375 0.806640625 0.3564453125 0.755859375 0.3603515625 0.7421875 0.380859375 0.740234375 0.3828125 0.7392578125 0.3896484375 0.736328125 0.40234375 0.732421875 0.4208984375 0.7314453125 0.4365234375 0.73193359375 0.447265625 0.73388671875 0.4521484375 0.73583984375 0.4541015625 0.73828125 0.458984375 0.73974609375 0.466796875 0.74267578125 0.474609375 0.74462890625 0.4765625 0.748046875 0.478515625 0.75146484375 0.478515625 0.75634765625 0.4775390625 0.75927734375 0.4814453125 0.76220703125 0.4853515625 0.7646484375 0.486328125 0.77197265625 0.484375 0.77587890625 0.478515625 0.77783203125 0.47265625 0.779296875 0.46875 0.7802734375 0.466796875 0.7890625 0.466796875 0.79443359375 0.4697265625 0.79931640625 0.4716796875 0.822265625 0.4609375 0.861328125 0.4130859375
5 1.0 0.3427734375 0.9658203125 0.3466796875 0.94384765625 0.3525390625 0.939453125 0.3525390625 0.93701171875 0.3505859375 0.9326171875 0.3515625 0.92138671875 0.3583984375 0.8701171875 0.384765625 0.8359375 0.4091796875 0.82958984375 0.4140625 0.82373046875 0.41796875 0.8134765625 0.4228515625 0.80859375 0.4248046875 0.80224609375 0.427734375 0.79736328125 0.4306640625 0.796875 0.435546875 0.79736328125 0.44140625 0.796875 0.4482421875 0.79150390625 0.4755859375 0.791015625 0.490234375 0.791015625 0.498046875 0.7880859375 0.5078125 0.7861328125 0.513671875 0.78564453125 0.5234375 0.78564453125 0.5361328125 0.787109375 0.5458984375 0.7939453125 0.578125 0.7978515625 0.5791015625 0.80029296875 0.5791015625 0.810546875 0.5859375 0.828125 0.591796875 0.83935546875 0.5966796875 0.841796875 0.6025390625 0.84716796875 0.615234375 0.8525390625 0.623046875 0.8603515625 0.6298828125 0.87060546875 0.6337890625 0.8798828125 0.6337890625 0.88623046875 0.630859375 0.888671875 0.6279296875 0.89404296875 0.6201171875 0.89794921875 0.61328125 0.91455078125 0.61328125 0.91455078125 0.6171875 0.91650390625 0.630859375 0.923828125 0.6484375 0.93994140625 0.66796875 0.953125 0.671875 0.9677734375 0.671875 0.98291015625 0.6669921875 0.9921875 0.658203125 0.99755859375 0.6455078125 1.0 0.615234375 1.0 0.3447265625
2 0.4853515625 0.0048828125 0.4853515625 0.0185546875 0.484375 0.0771484375 0.4873046875 0.080078125 0.48779296875 0.091796875 0.48779296875 0.1396484375 0.4873046875 0.1474609375 0.4833984375 0.1533203125 0.4833984375 0.1591796875 0.48486328125 0.1640625 0.48681640625 0.169921875 0.48583984375 0.1875 0.48486328125 0.1904296875 0.48486328125 0.197265625 0.48486328125 0.201171875 0.48779296875 0.2021484375 0.486328125 0.205078125 0.4853515625 0.2109375 0.4853515625 0.2158203125 0.48828125 0.216796875 0.4892578125 0.216796875 0.4892578125 0.2421875 0.484375 0.25 0.48583984375 0.3779296875 0.48583984375 0.37890625 0.484375 0.3857421875 0.482421875 0.38671875 0.48095703125 0.412109375 0.36474609375 0.4091796875 0.27783203125 0.412109375 0.2353515625 0.4140625 0.1484375 0.4091796875 0.0 0.408203125 0.0 0.0 0.42041015625 0.0 0.48486328125 0.0
5 0.294921875 0.42578125 0.2958984375 0.4140625 0.29638671875 0.4052734375 0.294921875 0.3935546875 0.29248046875 0.3837890625 0.294921875 0.380859375 0.294921875 0.376953125 0.29150390625 0.375 0.2890625 0.3740234375 0.287109375 0.3662109375 0.28466796875 0.3623046875 0.26611328125 0.361328125 0.2607421875 0.3623046875 0.2548828125 0.365234375 0.2509765625 0.3720703125 0.24853515625 0.37890625 0.24560546875 0.3828125 0.24365234375 0.3837890625 0.24267578125 0.38671875 0.2421875 0.396484375 0.2421875 0.4091796875 0.24267578125 0.4140625 0.24365234375 0.419921875 0.244140625 0.42578125 0.24609375 0.4306640625 0.2470703125 0.4306640625 0.24951171875 0.427734375 0.2509765625 0.4228515625 0.25830078125 0.4228515625 0.2705078125 0.421875 0.27685546875 0.421875 0.2783203125 0.423828125 0.2783203125 0.427734375 0.279296875 0.4296875 0.2802734375 0.4306640625 0.2841796875 0.4306640625 0.2861328125 0.427734375 0.287109375 0.42578125 0.2900390625 0.4248046875 0.291015625 0.4296875 0.2939453125 0.4306640625
4 0.103515625 0.318359375 0.11083984375 0.3173828125 0.11328125 0.3212890625 0.11865234375 0.3232421875 0.12646484375 0.31640625 0.1298828125 0.3076171875 0.14013671875 0.3017578125 0.1435546875 0.2900390625 0.14501953125 0.27734375 0.1484375 0.2705078125 0.15283203125 0.259765625 0.15283203125 0.2490234375 0.15185546875 0.240234375 0.15283203125 0.232421875 0.1552734375 0.22265625 0.15478515625 0.2158203125 0.15576171875 0.2060546875 0.1552734375 0.2001953125 0.15283203125 0.1904296875 0.15087890625 0.1865234375 0.146484375 0.1845703125 0.14453125 0.1767578125 0.14404296875 0.166015625 0.14111328125 0.1591796875 0.1357421875 0.1533203125 0.1298828125 0.1533203125 0.125 0.1513671875 0.119140625 0.1435546875 0.11376953125 0.14453125 0.107421875 0.146484375 0.10205078125 0.1474609375 0.0986328125 0.150390625 0.09912109375 0.15234375 0.09375 0.1513671875 0.0859375 0.1484375 0.0791015625 0.1484375 0.07421875 0.1533203125 0.0673828125 0.16015625 0.06005859375 0.1689453125 0.05419921875 0.1787109375 0.04638671875 0.1904296875 0.0400390625 0.201171875 0.03662109375 0.208984375 0.033203125 0.2138671875 0.03173828125 0.21875 0.0302734375 0.22265625 0.03369140625 0.228515625 0.03564453125 0.2373046875 0.0400390625 0.25 0.04541015625 0.2626953125 0.0498046875 0.2724609375 0.05126953125 0.28125 0.0556640625 0.287109375 0.064453125 0.291015625 0.07080078125 0.2958984375 0.07861328125 0.3037109375 0.083984375 0.3037109375 0.087890625 0.3056640625 0.09228515625 0.30859375 0.09619140625 0.3193359375 0.0966796875 0.32421875 0.09716796875 0.330078125 0.09765625 0.3369140625 0.09765625 0.3515625 0.09814453125 0.3623046875 0.0986328125 0.3681640625 0.10400390625 0.3681640625 0.10400390625 0.3544921875 0.103515625 0.333984375
4 0.00830078125 0.255859375 0.009765625 0.25390625 0.01123046875 0.2578125 0.01171875 0.2587890625 0.0126953125 0.259765625 0.01513671875 0.255859375 0.01611328125 0.2529296875 0.01611328125 0.24609375 0.01513671875 0.240234375 0.01220703125 0.23828125 0.01123046875 0.232421875 0.01171875 0.2255859375 0.0146484375 0.220703125 0.017578125 0.22265625 0.0205078125 0.2275390625 0.0224609375 0.2265625 0.021484375 0.2197265625 0.02197265625 0.21875 0.025390625 0.2177734375 0.02587890625 0.212890625 0.02197265625 0.2080078125 0.02001953125 0.201171875 0.02099609375 0.1943359375 0.0244140625 0.1904296875 0.0302734375 0.185546875 0.0322265625 0.1826171875 0.033203125 0.173828125 0.033203125 0.1650390625 0.03369140625 0.1591796875 0.0341796875 0.1513671875 0.0341796875 0.1435546875 0.03466796875 0.1357421875 0.03564453125 0.1337890625 0.03662109375 0.1240234375 0.03759765625 0.1220703125 0.03857421875 0.115234375 0.03515625 0.1083984375 0.033203125 0.1025390625 0.033203125 0.095703125 0.03125 0.0908203125 0.02587890625 0.0908203125 0.0224609375 0.0849609375 0.02294921875 0.0771484375 0.02099609375 0.0751953125 0.0166015625 0.0751953125 0.013671875 0.072265625 0.0126953125 0.0654296875 0.01025390625 0.0634765625 0.00537109375 0.06640625 0.0 0.0703125 0.0 0.220703125 0.00244140625 0.2216796875 0.00341796875 0.224609375 0.00439453125 0.23046875 0.0048828125 0.2392578125 0.00537109375 0.2490234375
5 0.21240234375 0.513671875 0.21484375 0.5107421875 0.21728515625 0.5078125 0.220703125 0.501953125 0.2236328125 0.4951171875 0.22705078125 0.4931640625 0.2314453125 0.4931640625 0.2353515625 0.4921875 0.2392578125 0.4912109375 0.24169921875 0.4765625 0.2431640625 0.4541015625 0.2412109375 0.4365234375 0.24072265625 0.4208984375 0.23828125 0.4091796875 0.23486328125 0.4033203125 0.2294921875 0.3955078125 0.22412109375 0.3857421875 0.2216796875 0.3798828125 0.22265625 0.376953125 0.220703125 0.3720703125 0.2099609375 0.3681640625 0.19873046875 0.361328125 0.16796875 0.357421875 0.14306640625 0.357421875 0.12744140625 0.359375 0.11572265625 0.3603515625 0.1103515625 0.361328125 0.16162109375 0.4462890625 0.1982421875 0.509765625 0.2021484375 0.51953125 0.2060546875 0.5205078125 0.2109375 0.5166015625
5 0.20361328125 0.513671875 0.20947265625 0.5048828125 0.2119140625 0.4990234375 0.212890625 0.4873046875 0.212890625 0.474609375 0.212890625 0.46484375 0.20947265625 0.4541015625 0.20703125 0.4501953125 0.20703125 0.435546875 0.20703125 0.427734375 0.205078125 0.4248046875 0.19970703125 0.4208984375 0.189453125 0.4189453125 0.173828125 0.41015625 0.14501953125 0.3798828125 0.13916015625 0.3779296875 0.10498046875 0.3984375 0.12744140625 0.4853515625 0.1484375 0.5458984375 0.15185546875 0.546875 0.16162109375 0.54296875 0.17529296875 0.529296875 0.1806640625 0.5244140625 0.189453125 0.5224609375 0.20166015625 0.5185546875
5 0.18603515625 0.52734375 0.18701171875 0.51953125 0.18896484375 0.51171875 0.1904296875 0.501953125 0.1904296875 0.4931640625 0.18798828125 0.484375 0.18603515625 0.4775390625 0.18505859375 0.4677734375 0.1845703125 0.44921875 0.18212890625 0.4345703125 0.17578125 0.4208984375 0.1513671875 0.3876953125 0.14599609375 0.37890625 0.146484375 0.373046875 0.14208984375 0.3681640625 0.103515625 0.359375 0.08447265625 0.3544921875 0.04541015625 0.34765625 0.0 0.3427734375 0.0 0.494140625 0.03564453125 0.5400390625 0.048828125 0.57421875 0.05517578125 0.5810546875 0.06201171875 0.5830078125 0.072265625 0.58203125 0.0810546875 0.576171875 0.08740234375 0.564453125 0.09326171875 0.5498046875 0.10009765625 0.5498046875 0.10498046875 0.5517578125 0.11279296875 0.5625 0.1220703125 0.56640625 0.13525390625 0.560546875 0.140625 0.5546875 0.1494140625 0.5419921875 0.15869140625 0.541015625 0.166015625 0.541015625 0.1728515625 0.541015625 0.1796875 0.53515625
5 0.001953125 0.591796875 0.02197265625 0.5830078125 0.0400390625 0.57421875 0.04833984375 0.5673828125 0.05322265625 0.5615234375 0.0556640625 0.5537109375 0.0576171875 0.5390625 0.0615234375 0.52734375 0.0634765625 0.513671875 0.0625 0.5048828125 0.05859375 0.49609375 0.0595703125 0.4814453125 0.05859375 0.462890625 0.05419921875 0.447265625 0.04443359375 0.44140625 0.0 0.4267578125 0.0 0.5947265625
