0 0.01220703125 0.275390625 1.0 0.28125 1.0 1.0 0.0 1.0 0.0 0.283203125
1 0.068359375 0.4267578125 0.07177734375 0.4365234375 0.10107421875 0.435546875 0.16748046875 0.4365234375 0.17236328125 0.4384765625 0.2021484375 0.4365234375 0.25439453125 0.435546875 0.251953125 0.4384765625 0.25146484375 0.44140625 0.25830078125 0.4423828125 0.263671875 0.4443359375 0.26953125 0.4482421875 0.27197265625 0.4541015625 0.27587890625 0.455078125 0.3193359375 0.453125 0.34326171875 0.451171875 0.3447265625 0.44921875 0.34619140625 0.4453125 0.34423828125 0.44140625 0.3359375 0.443359375 0.32666015625 0.439453125 0.3193359375 0.4365234375 0.34814453125 0.4365234375 0.4453125 0.431640625 0.45361328125 0.41796875 0.43896484375 0.3955078125 0.0654296875 0.40625
4 0.0283203125 0.28515625 0.013671875 0.3125 0.0068359375 0.3076171875 0.0078125 0.2978515625 0.01025390625 0.2900390625 0.01318359375 0.283203125 0.01513671875 0.2822265625 0.01953125 0.28125 0.0244140625 0.279296875 0.0263671875 0.279296875
4 0.1455078125 0.2353515625 0.14892578125 0.2275390625 0.1513671875 0.2236328125 0.154296875 0.224609375 0.15576171875 0.2265625 0.15625 0.2353515625 0.1572265625 0.2373046875 0.1611328125 0.2392578125 0.16162109375 0.244140625 0.1630859375 0.2490234375 0.16259765625 0.2685546875 0.17138671875 0.28125 0.17578125 0.279296875 0.17529296875 0.271484375 0.17724609375 0.2666015625 0.18017578125 0.26953125 0.177734375 0.2626953125 0.17919921875 0.2587890625 0.18017578125 0.2529296875 0.1806640625 0.244140625 0.18408203125 0.2451171875 0.1845703125 0.240234375 0.18505859375 0.2333984375 0.1884765625 0.2353515625 0.18994140625 0.2353515625 0.19091796875 0.2314453125 0.1953125 0.23046875 0.19677734375 0.2275390625 0.19775390625 0.2197265625 0.2001953125 0.21875 0.20556640625 0.220703125 0.21875 0.2255859375 0.2177734375 0.2314453125 0.2197265625 0.416015625 0.19677734375 0.421875 0.1787109375 0.41796875 0.17041015625 0.3466796875 0.1455078125 0.28125
2 0.00537109375 0.2919921875 0.00732421875 0.2919921875 0.009765625 0.3017578125 0.02294921875 0.291015625 0.0234375 0.2666015625 0.02783203125 0.2666015625 0.02783203125 0.2646484375 0.03125 0.2626953125 0.0341796875 0.2626953125 0.03466796875 0.2607421875 0.04248046875 0.259765625 0.04296875 0.2529296875 0.04736328125 0.2548828125 0.04736328125 0.2490234375 0.052734375 0.248046875 0.052734375 0.2490234375 0.05712890625 0.2470703125 0.05810546875 0.2314453125 0.06103515625 0.2314453125 0.060546875 0.2451171875 0.06982421875 0.23828125 0.0693359375 0.2255859375 0.07861328125 0.220703125 0.0810546875 0.2255859375 0.08642578125 0.22265625 0.08544921875 0.212890625 0.087890625 0.2119140625 0.0927734375 0.2177734375 0.09814453125 0.21484375 0.09765625 0.2060546875 0.099609375 0.2041015625 0.10302734375 0.2060546875 0.12451171875 0.1904296875 0.12646484375 0.1943359375 0.13037109375 0.1943359375 0.13037109375 0.185546875 0.140625 0.1875 0.14111328125 0.220703125 0.18115234375 0.2783203125 0.18212890625 0.2802734375 0.181640625 0.2822265625 0.18115234375 0.28515625 0.17724609375 0.29296875 0.1787109375 0.3916015625 0.19287109375 0.3916015625 0.19189453125 0.41015625 0.17626953125 0.42578125 0.1416015625 0.423828125 0.09375 0.427734375 0.091796875 0.431640625 0.07373046875 0.4326171875 0.0712890625 0.435546875 0.04541015625 0.4375 0.0 0.4189453125 0.0 0.291015625
1 0.0830078125 0.470703125 0.02197265625 0.4765625 0.0 0.4765625 0.0 0.4365234375 0.0068359375 0.435546875 0.0400390625 0.44140625 0.078125 0.4453125 0.09521484375 0.4453125 0.109375 0.4453125 0.11669921875 0.4482421875 0.119140625 0.453125 0.11865234375 0.458984375 0.11376953125 0.4638671875 0.0966796875 0.46875 0.08740234375 0.4697265625
5 0.0087890625 0.392578125 0.0126953125 0.40234375 0.01513671875 0.40234375 0.01708984375 0.4033203125 0.01708984375 0.4072265625 0.013671875 0.4091796875 0.01806640625 0.41796875 0.0185546875 0.423828125 0.02001953125 0.4365234375 0.02001953125 0.4404296875 0.01708984375 0.4423828125 0.0 0.4423828125 0.0 0.388671875 0.00244140625 0.388671875 0.005859375 0.388671875 0.0078125 0.390625
4 0.119140625 0.4228515625 0.11865234375 0.412109375 0.11181640625 0.404296875 0.11572265625 0.3935546875 0.12109375 0.3935546875 0.12646484375 0.396484375 0.1298828125 0.400390625 0.1298828125 0.404296875 0.126953125 0.4052734375 0.12109375 0.408203125 0.1201171875 0.41796875 0.12060546875 0.423828125
4 0.0986328125 0.4111328125 0.0986328125 0.4267578125 0.10302734375 0.4267578125 0.10302734375 0.4140625 0.10693359375 0.412109375 0.107421875 0.4091796875 0.10693359375 0.4013671875 0.10400390625 0.396484375 0.099609375 0.3935546875 0.0966796875 0.39453125 0.09423828125 0.3974609375 0.09375 0.40234375 0.09423828125 0.40625 0.09619140625 0.41015625
4 0.14208984375 0.3984375 0.14306640625 0.396484375 0.1474609375 0.3955078125 0.1494140625 0.3974609375 0.15087890625 0.3994140625 0.15234375 0.40234375 0.15185546875 0.40625 0.14990234375 0.41015625 0.14892578125 0.4150390625 0.1484375 0.421875 0.14794921875 0.421875 0.14697265625 0.4140625 0.14501953125 0.4091796875 0.142578125 0.4033203125
3 0.09228515625 0.4208984375 0.091796875 0.431640625 0.12939453125 0.4287109375 0.16845703125 0.4287109375 0.16748046875 0.4189453125
5 0.18701171875 0.404296875 0.18212890625 0.4033203125 0.17822265625 0.4052734375 0.17236328125 0.412109375 0.16845703125 0.4150390625 0.166015625 0.419921875 0.16650390625 0.4296875 0.16796875 0.4326171875 0.1708984375 0.4345703125 0.17431640625 0.4345703125 0.1787109375 0.431640625 0.1865234375 0.4287109375 0.1904296875 0.4189453125
4 0.94873046875 0.1591796875 0.96044921875 0.1484375 0.96435546875 0.1337890625 0.966796875 0.1298828125 0.98388671875 0.146484375 0.9892578125 0.15625 0.9921875 0.1455078125 0.994140625 0.1640625 0.99609375 0.171875 1.0 0.1787109375 1.0 0.3369140625 0.93017578125 0.3330078125 0.9306640625 0.216796875
1 0.60595703125 0.41796875 0.650390625 0.4150390625 0.72021484375 0.4150390625 0.73046875 0.4052734375 0.72412109375 0.3974609375 0.671875 0.390625 0.61669921875 0.3896484375 0.60205078125 0.3984375 0.59765625 0.4150390625
1 0.64306640625 0.447265625 0.65380859375 0.4482421875 0.67724609375 0.4482421875 0.6953125 0.4453125 0.693359375 0.4365234375 0.6669921875 0.4365234375 0.64208984375 0.4384765625 0.64111328125 0.4443359375
2 0.20849609375 0.390625 0.2060546875 0.2431640625 0.20361328125 0.2412109375 0.1982421875 0.2373046875 0.197265625 0.2294921875 0.20654296875 0.220703125 0.21923828125 0.197265625 0.21875 0.18359375 0.2255859375 0.18359375 0.2294921875 0.177734375 0.251953125 0.13671875 0.2509765625 0.119140625 0.24853515625 0.119140625 0.248046875 0.115234375 0.24609375 0.1142578125 0.24609375 0.1123046875 0.25341796875 0.107421875 0.25341796875 0.1005859375 0.25830078125 0.095703125 0.2666015625 0.0966796875 0.267578125 0.0986328125 0.27392578125 0.095703125 0.2734375 0.0859375 0.27880859375 0.080078125 0.29150390625 0.0830078125 0.29833984375 0.078125 0.30908203125 0.0791015625 0.31591796875 0.07421875 0.31591796875 0.0712890625 0.31787109375 0.0693359375 0.32275390625 0.0703125 0.3505859375 0.052734375 0.365234375 0.0546875 0.40283203125 0.03125 0.4404296875 0.037109375 0.43994140625 0.0 0.974609375 0.0 0.97509765625 0.0078125 0.97412109375 0.017578125 0.97314453125 0.0234375 0.96044921875 0.0322265625 0.96044921875 0.29296875 0.77392578125 0.40625 0.7275390625 0.4033203125 0.7177734375 0.4052734375 0.68212890625 0.4072265625 0.654296875 0.404296875 0.455078125 0.4130859375 0.4453125 0.4248046875 0.43994140625 0.4228515625 0.42919921875 0.419921875 0.41796875 0.42578125 0.3779296875 0.4248046875 0.3671875 0.42578125 0.3642578125 0.4267578125 0.2685546875 0.4267578125 0.26171875 0.423828125 0.21533203125 0.40234375
4 0.248046875 0.376953125 0.24267578125 0.3798828125 0.2392578125 0.376953125 0.2333984375 0.3759765625 0.22802734375 0.380859375 0.2236328125 0.384765625 0.2216796875 0.3935546875 0.220703125 0.3876953125 0.2177734375 0.3828125 0.2119140625 0.380859375 0.21044921875 0.3837890625 0.20751953125 0.3876953125 0.20556640625 0.3857421875 0.20068359375 0.3798828125 0.19873046875 0.3798828125 0.19384765625 0.38671875 0.1904296875 0.3935546875 0.185546875 0.4052734375 0.1845703125 0.4169921875 0.1884765625 0.4248046875 0.19287109375 0.42578125 0.201171875 0.4287109375 0.21533203125 0.423828125 0.2373046875 0.4267578125 0.244140625 0.4248046875 0.2470703125 0.4248046875 0.25439453125 0.427734375 0.259765625 0.427734375 0.26318359375 0.427734375 0.26611328125 0.42578125 0.267578125 0.421875 0.26806640625 0.412109375 0.267578125 0.4052734375 0.263671875 0.3994140625 0.2578125 0.396484375 0.25244140625 0.396484375 0.2529296875 0.390625 0.25048828125 0.380859375
5 0.5810546875 0.3955078125 0.59765625 0.3857421875 0.61083984375 0.369140625 0.6396484375 0.3671875 0.64990234375 0.369140625 0.6591796875 0.384765625 0.6611328125 0.4052734375 0.64697265625 0.4150390625 0.64501953125 0.4208984375 0.6396484375 0.421875 0.63623046875 0.421875 0.63427734375 0.4208984375 0.6328125 0.4169921875 0.60595703125 0.4189453125
5 0.455078125 0.3564453125 0.474609375 0.349609375 0.50341796875 0.345703125 0.52001953125 0.345703125 0.5419921875 0.3505859375 0.56005859375 0.3603515625 0.5859375 0.3916015625 0.60205078125 0.40234375 0.60888671875 0.41015625 0.611328125 0.421875 0.61328125 0.4365234375 0.61328125 0.44921875 0.6123046875 0.458984375 0.61083984375 0.4619140625 0.60546875 0.4609375 0.60400390625 0.466796875 0.6005859375 0.474609375 0.59375 0.4765625 0.587890625 0.4765625 0.58447265625 0.47265625 0.5810546875 0.462890625 0.5732421875 0.4638671875 0.572265625 0.4697265625 0.56787109375 0.4755859375 0.5634765625 0.4775390625 0.55908203125 0.474609375 0.5556640625 0.4697265625 0.55322265625 0.466796875 0.5048828125 0.46875 0.50341796875 0.4775390625 0.498046875 0.4833984375 0.49267578125 0.4853515625 0.4853515625 0.484375 0.48046875 0.4755859375 0.47900390625 0.4677734375 0.4775390625 0.4697265625 0.47412109375 0.478515625 0.4697265625 0.482421875 0.46337890625 0.4833984375 0.45751953125 0.4755859375 0.4541015625 0.46484375 0.45361328125 0.458984375 0.443359375 0.4541015625 0.44140625 0.4306640625 0.44287109375 0.4189453125 0.44384765625 0.41015625 0.44384765625 0.3974609375 0.453125 0.361328125
5 0.720703125 0.38671875 0.732421875 0.380859375 0.75146484375 0.35546875 0.7705078125 0.353515625 0.7548828125 0.42578125 0.73876953125 0.4169921875 0.732421875 0.4169921875 0.73095703125 0.421875 0.728515625 0.423828125 0.724609375 0.423828125 0.7216796875 0.4208984375 0.720703125 0.41796875 0.7177734375 0.416015625 0.716796875 0.4033203125 0.7177734375 0.392578125
5 0.98876953125 0.2939453125 0.958984375 0.2890625 0.935546875 0.287109375 0.93408203125 0.28125 0.9326171875 0.271484375 0.9296875 0.26953125 0.92626953125 0.2705078125 0.92333984375 0.27734375 0.91796875 0.287109375 0.86962890625 0.287109375 0.830078125 0.2919921875 0.8056640625 0.2998046875 0.78662109375 0.318359375 0.76318359375 0.3583984375 0.74853515625 0.3974609375 0.74853515625 0.38671875 0.74658203125 0.3837890625 0.74072265625 0.3857421875 0.734375 0.3916015625 0.7333984375 0.40234375 0.7333984375 0.412109375 0.73583984375 0.419921875 0.73583984375 0.4228515625 0.7236328125 0.4423828125 0.716796875 0.4736328125 0.71435546875 0.521484375 0.71533203125 0.564453125 0.72021484375 0.578125 0.72119140625 0.5986328125 0.7236328125 0.6171875 0.7265625 0.625 0.73486328125 0.626953125 0.7412109375 0.6259765625 0.748046875 0.6201171875 0.75048828125 0.5966796875 0.79931640625 0.6376953125 0.80224609375 0.6875 0.8076171875 0.7109375 0.82080078125 0.720703125 0.83251953125 0.7197265625 0.83984375 0.716796875 0.84521484375 0.712890625 0.849609375 0.69921875 0.8525390625 0.6865234375 0.85595703125 0.6650390625 0.8671875 0.662109375 0.916015625 0.6630859375 0.9423828125 0.65625 0.95703125 0.65234375 1.0 0.369140625 1.0 0.294921875
5 0.95947265625 0.5029296875 0.966796875 0.43359375 0.984375 0.390625 1.0 0.361328125 1.0 0.9443359375 0.99853515625 0.93359375 0.97705078125 0.93359375 0.9658203125 0.8916015625 0.95751953125 0.8359375 0.95703125 0.80859375 0.94189453125 0.7734375 0.93505859375 0.728515625 0.93505859375 0.650390625 0.9423828125 0.5576171875 0.951171875 0.5205078125
