0 0.99951171875 0.5791015625 0.0 0.625 0.0 0.9990234375 0.99951171875 0.9990234375
0 0.33935546875 0.47265625 0.38037109375 0.4677734375 0.43115234375 0.4755859375 0.51025390625 0.4951171875 0.55419921875 0.4912109375 0.5703125 0.5078125 0.55810546875 0.55859375 0.8203125 0.5771484375 0.81005859375 0.6083984375 0.0 0.662109375 0.0 0.6337890625 0.0 0.5615234375 0.0 0.390625 0.05322265625 0.3837890625 0.232421875 0.4501953125 0.23291015625 0.4951171875 0.25439453125 0.41796875
1 0.24169921875 0.462890625 0.2490234375 0.4501953125 0.375 0.4521484375 0.37939453125 0.46484375 0.3779296875 0.4755859375 0.33544921875 0.4765625 0.287109375 0.4765625 0.2470703125 0.4765625
1 0.14501953125 0.537109375 0.2568359375 0.5400390625 0.263671875 0.5478515625 0.265625 0.5634765625 0.25634765625 0.5830078125 0.234375 0.5986328125 0.0 0.6376953125 0.0 0.447265625 0.1689453125 0.45703125 0.17041015625 0.4951171875 0.16455078125 0.5185546875 0.1533203125 0.52734375
1 0.99951171875 0.6064453125 0.87255859375 0.6064453125 0.70751953125 0.5908203125 0.58349609375 0.5751953125 0.46533203125 0.5341796875 0.46533203125 0.5244140625 0.54248046875 0.5166015625 0.52099609375 0.4873046875 0.50390625 0.462890625 0.646484375 0.4365234375 0.92919921875 0.46484375 0.99951171875 0.4814453125
2 0.99853515625 0.0 0.99951171875 0.5107421875 0.86962890625 0.4970703125 0.67431640625 0.46484375 0.60888671875 0.4677734375 0.587890625 0.4677734375 0.5078125 0.443359375 0.451171875 0.41796875 0.39111328125 0.4501953125 0.37646484375 0.46484375 0.24365234375 0.4658203125 0.0 0.4677734375 0.0 0.1728515625 0.34716796875 0.1357421875 0.458984375 0.0751953125 0.603515625 0.0
5 0.001953125 0.4423828125 0.0078125 0.427734375 0.02734375 0.4267578125 0.03369140625 0.4296875 0.044921875 0.451171875 0.0400390625 0.4814453125 0.01171875 0.48046875
5 0.0341796875 0.4443359375 0.04248046875 0.4267578125 0.048828125 0.4248046875 0.060546875 0.42578125 0.07373046875 0.4560546875 0.0498046875 0.4599609375
5 0.0712890625 0.4404296875 0.08349609375 0.4267578125 0.09326171875 0.4248046875 0.10595703125 0.42578125 0.11083984375 0.4287109375 0.11572265625 0.4423828125 0.11083984375 0.4619140625 0.09326171875 0.4697265625
4 0.00146484375 0.4365234375 0.0205078125 0.4365234375 0.037109375 0.4365234375 0.048828125 0.4365234375 0.0537109375 0.4384765625 0.06494140625 0.4443359375 0.09130859375 0.4443359375 0.107421875 0.443359375 0.109375 0.431640625 0.1181640625 0.4306640625 0.125 0.4306640625 0.13623046875 0.431640625 0.14990234375 0.439453125 0.1474609375 0.45703125 0.13818359375 0.4755859375 0.125 0.4755859375 0.12158203125 0.462890625 0.11669921875 0.4609375 0.109375 0.47265625 0.09765625 0.4765625 0.0888671875 0.478515625 0.06982421875 0.4697265625 0.05517578125 0.4873046875 0.04541015625 0.490234375 0.03369140625 0.4892578125 0.02783203125 0.4912109375 0.01953125 0.4921875 0.01904296875 0.4892578125 0.015625 0.486328125 0.01318359375 0.48828125 0.013671875 0.4931640625 0.01025390625 0.4931640625 0.001953125 0.4873046875
4 0.0 0.0 0.73974609375 0.0 0.74365234375 0.0107421875 0.75 0.0107421875 0.75390625 0.005859375 0.75390625 0.0107421875 0.75439453125 0.015625 0.7578125 0.0234375 0.7568359375 0.0244140625 0.75244140625 0.021484375 0.75146484375 0.0205078125 0.7490234375 0.0205078125 0.74853515625 0.0185546875 0.74560546875 0.0234375 0.7431640625 0.029296875 0.74755859375 0.02734375 0.7490234375 0.02734375 0.75244140625 0.03125 0.75146484375 0.0341796875 0.7509765625 0.03515625 0.7509765625 0.0390625 0.75146484375 0.0419921875 0.7568359375 0.0400390625 0.7578125 0.0400390625 0.7578125 0.0458984375 0.75634765625 0.05078125 0.7529296875 0.060546875 0.7509765625 0.064453125 0.7470703125 0.064453125 0.74560546875 0.064453125 0.73974609375 0.06640625 0.7392578125 0.072265625 0.734375 0.072265625 0.73388671875 0.072265625 0.7314453125 0.0751953125 0.728515625 0.0830078125 0.73291015625 0.087890625 0.73291015625 0.09375 0.736328125 0.0986328125 0.73828125 0.1044921875 0.73681640625 0.109375 0.73681640625 0.1171875 0.73828125 0.1201171875 0.734375 0.1220703125 0.72998046875 0.1201171875 0.73388671875 0.1279296875 0.734375 0.1298828125 0.73388671875 0.1328125 0.72900390625 0.130859375 0.72705078125 0.130859375 0.72607421875 0.126953125 0.7236328125 0.123046875 0.72216796875 0.123046875 0.724609375 0.130859375 0.72509765625 0.1337890625 0.7216796875 0.1328125 0.7197265625 0.1328125 0.71826171875 0.130859375 0.716796875 0.1279296875 0.7158203125 0.130859375 0.71240234375 0.1357421875 0.71044921875 0.1337890625 0.70849609375 0.130859375 0.70361328125 0.130859375 0.70458984375 0.138671875 0.703125 0.1484375 0.705078125 0.15234375 0.7060546875 0.15625 0.70849609375 0.1591796875 0.7099609375 0.15625 0.71240234375 0.15234375 0.71435546875 0.15625 0.71240234375 0.1572265625 0.71044921875 0.1640625 0.7138671875 0.1669921875 0.71435546875 0.169921875 0.712890625 0.1748046875 0.7138671875 0.1806640625 0.71044921875 0.18359375 0.71142578125 0.1884765625 0.7099609375 0.197265625 0.705078125 0.197265625 0.7021484375 0.197265625 0.6943359375 0.197265625 0.69189453125 0.1962890625 0.6875 0.197265625 0.68505859375 0.197265625 0.68603515625 0.2001953125 0.6845703125 0.2041015625 0.68505859375 0.20703125 0.6875 0.20703125 0.68505859375 0.2158203125 0.68310546875 0.22265625 0.68115234375 0.22265625 0.67919921875 0.22265625 0.6767578125 0.22265625 0.67578125 0.2294921875 0.673828125 0.2333984375 0.67529296875 0.234375 0.67578125 0.2412109375 0.67822265625 0.248046875 0.67529296875 0.2607421875 0.67138671875 0.265625 0.66455078125 0.263671875 0.658203125 0.2685546875 0.65283203125 0.271484375 0.64794921875 0.271484375 0.63818359375 0.265625 0.63427734375 0.2666015625 0.63134765625 0.2763671875 0.63818359375 0.27734375 0.64794921875 0.279296875 0.650390625 0.2841796875 0.650390625 0.2900390625 0.646484375 0.29296875 0.640625 0.29296875 0.63818359375 0.2978515625 0.6357421875 0.294921875 0.61962890625 0.2998046875 0.6171875 0.30859375 0.61669921875 0.30859375 0.61181640625 0.3115234375 0.607421875 0.314453125 0.6064453125 0.318359375 0.603515625 0.3193359375 0.60009765625 0.318359375 0.59716796875 0.314453125 0.5888671875 0.314453125 0.58740234375 0.3115234375 0.58203125 0.310546875 0.57568359375 0.3056640625 0.57958984375 0.2958984375 0.58203125 0.287109375 0.580078125 0.2841796875 0.57958984375 0.271484375 0.5732421875 0.2578125 0.57421875 0.2470703125 0.5693359375 0.2412109375 0.57177734375 0.2333984375 0.5771484375 0.220703125 0.58251953125 0.2080078125 0.57177734375 0.20703125 0.56787109375 0.2099609375 0.56640625 0.21484375 0.5654296875 0.220703125 0.5625 0.220703125 0.56103515625 0.2109375 0.56005859375 0.2099609375 0.5595703125 0.2041015625 0.5595703125 0.19921875 0.55859375 0.197265625 0.5546875 0.1943359375 0.5517578125 0.1943359375 0.55224609375 0.21484375 0.55029296875 0.234375 0.54931640625 0.255859375 0.5517578125 0.2607421875 0.5517578125 0.2744140625 0.55078125 0.28515625 0.55029296875 0.2890625 0.55029296875 0.3134765625 0.54931640625 0.3330078125 0.5478515625 0.5234375 0.53466796875 0.5234375 0.537109375 0.3828125 0.53564453125 0.3798828125 0.53173828125 0.3876953125 0.5283203125 0.396484375 0.5263671875 0.3984375 0.521484375 0.396484375 0.51318359375 0.3916015625 0.4892578125 0.40625 0.4638671875 0.3984375 0.4599609375 0.3701171875 0.4599609375 0.3564453125 0.45361328125 0.34765625 0.44775390625 0.3486328125 0.44384765625 0.3583984375 0.4404296875 0.3515625 0.4384765625 0.3408203125 0.43505859375 0.3330078125 0.4306640625 0.3330078125 0.42919921875 0.3251953125 0.4267578125 0.3291015625 0.42529296875 0.3359375 0.42822265625 0.34765625 0.42822265625 0.3583984375 0.4267578125 0.375 0.42822265625 0.4072265625 0.4150390625 0.42578125 0.404296875 0.41015625 0.3974609375 0.4091796875 0.39111328125 0.40625 0.38330078125 0.3994140625 0.38427734375 0.3916015625 0.38037109375 0.3828125 0.38134765625 0.373046875 0.38427734375 0.3662109375 0.38525390625 0.3564453125 0.37890625 0.353515625 0.37939453125 0.34375 0.38037109375 0.3349609375 0.37060546875 0.3349609375 0.37109375 0.34765625 0.3642578125 0.3505859375 0.361328125 0.361328125 0.357421875 0.3642578125 0.353515625 0.3701171875 0.35009765625 0.369140625 0.34033203125 0.3701171875 0.3447265625 0.376953125 0.341796875 0.3828125 0.33740234375 0.3798828125 0.3310546875 0.3701171875 0.33203125 0.4658203125 0.32177734375 0.4658203125 0.32275390625 0.373046875 0.32275390625 0.3701171875 0.3154296875 0.3662109375 0.31494140625 0.3583984375 0.31494140625 0.3486328125 0.3095703125 0.345703125 0.30224609375 0.3505859375 0.296875 0.345703125 0.294921875 0.3408203125 0.2900390625 0.3359375 0.28564453125 0.3349609375 0.2802734375 0.34375 0.271484375 0.3544921875 0.26708984375 0.369140625 0.26171875 0.3720703125 0.25537109375 0.3779296875 0.24853515625 0.375 0.24072265625 0.3720703125 0.232421875 0.359375 0.228515625 0.3623046875 0.220703125 0.3583984375 0.2158203125 0.3427734375 0.2099609375 0.3349609375 0.208984375 0.318359375 0.2099609375 0.3037109375 0.212890625 0.2900390625 0.21044921875 0.27734375 0.2021484375 0.271484375 0.20068359375 0.2890625 0.201171875 0.2919921875 0.19384765625 0.310546875 0.1953125 0.3330078125 0.19140625 0.33984375 0.1865234375 0.359375 0.18212890625 0.34375 0.17578125 0.3359375 0.17529296875 0.3212890625 0.17578125 0.3056640625 0.16796875 0.3115234375 0.16455078125 0.3486328125 0.1650390625 0.4521484375 0.154296875 0.4580078125 0.1533203125 0.359375 0.146484375 0.353515625 0.140625 0.3564453125 0.14208984375 0.4814453125 0.1220703125 0.4833984375 0.1279296875 0.376953125 0.12646484375 0.359375 0.11474609375 0.3828125 0.11328125 0.4677734375 0.1103515625 0.4755859375 0.10009765625 0.4765625 0.1064453125 0.3583984375 0.10205078125 0.3515625 0.095703125 0.3515625 0.0908203125 0.353515625 0.08251953125 0.3642578125 0.083984375 0.501953125 0.05322265625 0.505859375 0.04541015625 0.505859375 0.05078125 0.4951171875 0.05615234375 0.46875 0.05615234375 0.3837890625 0.05029296875 0.3779296875 0.04541015625 0.3779296875 0.04150390625 0.390625 0.0283203125 0.3916015625 0.017578125 0.396484375 0.015625 0.40625 0.00830078125 0.404296875 0.0 0.41015625
5 0.41796875 0.4140625 0.40283203125 0.4072265625 0.39892578125 0.4091796875 0.38330078125 0.41015625 0.3779296875 0.4365234375 0.37646484375 0.439453125 0.3740234375 0.4599609375 0.37353515625 0.4677734375 0.37353515625 0.4814453125 0.37353515625 0.494140625 0.37646484375 0.4970703125 0.37890625 0.4912109375 0.38330078125 0.4921875 0.38330078125 0.4951171875 0.38330078125 0.5 0.38525390625 0.5029296875 0.388671875 0.5048828125 0.39208984375 0.501953125 0.392578125 0.494140625 0.41357421875 0.494140625
5 0.46923828125 0.3984375 0.45849609375 0.388671875 0.45458984375 0.3857421875 0.4521484375 0.3837890625 0.4150390625 0.3876953125 0.40673828125 0.390625 0.4033203125 0.3935546875 0.396484375 0.4248046875 0.39501953125 0.435546875 0.39501953125 0.4814453125 0.39501953125 0.5 0.396484375 0.5078125 0.39892578125 0.5107421875 0.4052734375 0.5107421875 0.40576171875 0.501953125 0.41357421875 0.5048828125 0.41455078125 0.513671875 0.41748046875 0.5166015625 0.42138671875 0.5166015625 0.423828125 0.513671875 0.42529296875 0.5107421875 0.42529296875 0.501953125 0.44677734375 0.5029296875 0.455078125 0.478515625
5 0.5361328125 0.470703125 0.5341796875 0.4462890625 0.5263671875 0.431640625 0.52001953125 0.41015625 0.51611328125 0.40234375 0.51025390625 0.3916015625 0.50390625 0.3876953125 0.484375 0.3857421875 0.46533203125 0.3876953125 0.453125 0.3916015625 0.44677734375 0.396484375 0.44189453125 0.4228515625 0.4365234375 0.455078125 0.4345703125 0.4677734375 0.43359375 0.4736328125 0.4345703125 0.486328125 0.4345703125 0.505859375 0.4365234375 0.5185546875 0.4384765625 0.521484375 0.44384765625 0.5234375 0.4443359375 0.521484375 0.44580078125 0.5166015625 0.44677734375 0.5078125 0.458984375 0.5126953125 0.458984375 0.521484375 0.458984375 0.5263671875 0.4599609375 0.53125 0.462890625 0.53125 0.46923828125 0.52734375 0.4716796875 0.5234375 0.47216796875 0.5205078125 0.47216796875 0.515625 0.52294921875 0.5107421875 0.52392578125 0.515625 0.5263671875 0.5166015625 0.53125 0.515625 0.53466796875 0.515625 0.53564453125 0.5087890625
3 0.609375 0.376953125 0.609375 0.47265625 0.6103515625 0.4765625 0.6611328125 0.4765625 0.67041015625 0.4677734375 0.67041015625 0.380859375 0.6591796875 0.3837890625 0.6572265625 0.3828125 0.658203125 0.3671875 0.650390625 0.3701171875
5 0.18359375 0.419921875 0.23388671875 0.41015625 0.24560546875 0.412109375 0.24609375 0.412109375 0.2509765625 0.43359375 0.25244140625 0.439453125 0.2578125 0.443359375 0.2529296875 0.447265625 0.25634765625 0.4677734375 0.2568359375 0.4794921875 0.25537109375 0.5 0.25390625 0.5048828125 0.24365234375 0.501953125 0.2216796875 0.470703125
5 0.173828125 0.388671875 0.19189453125 0.3837890625 0.2158203125 0.3857421875 0.232421875 0.390625 0.23779296875 0.3955078125 0.2421875 0.412109375 0.24755859375 0.4384765625 0.25146484375 0.43359375 0.25537109375 0.435546875 0.25927734375 0.443359375 0.2607421875 0.447265625 0.25634765625 0.4521484375 0.25390625 0.45703125 0.25146484375 0.4580078125 0.25390625 0.47265625 0.25244140625 0.52734375 0.2509765625 0.5419921875 0.1513671875 0.537109375 0.150390625 0.52734375 0.150390625 0.5029296875 0.150390625 0.478515625 0.14990234375 0.4658203125 0.1533203125 0.4541015625 0.14501953125 0.4462890625 0.1435546875 0.439453125 0.14501953125 0.431640625 0.14794921875 0.4306640625 0.14990234375 0.4287109375 0.15283203125 0.427734375 0.154296875 0.427734375 0.1552734375 0.4287109375 0.15576171875 0.4462890625 0.16748046875 0.404296875 0.169921875 0.3955078125
