0 0.9970703125 0.8837890625 0.5927734375 0.3505859375 0.39453125 0.34375 0.00390625 0.5048828125 0.0 0.5087890625 0.0 0.9990234375 0.99951171875 0.9990234375 0.99951171875 0.8876953125
1 0.97900390625 0.9609375 0.94189453125 0.9091796875 0.73388671875 0.6455078125 0.6796875 0.56640625 0.63037109375 0.5 0.60400390625 0.46484375 0.58642578125 0.439453125 0.58251953125 0.4365234375 0.58251953125 0.4306640625 0.59033203125 0.427734375 0.591796875 0.4169921875 0.595703125 0.4140625 0.6064453125 0.4091796875 0.63330078125 0.404296875 0.7568359375 0.447265625 0.99560546875 0.5087890625 0.99951171875 0.5205078125 0.99951171875 0.9990234375
1 0.4033203125 0.4384765625 0.4365234375 0.427734375 0.453125 0.4091796875 0.4384765625 0.4091796875 0.400390625 0.41015625 0.330078125 0.41796875 0.30810546875 0.43359375 0.31884765625 0.44140625 0.35888671875 0.443359375 0.38037109375 0.44140625
1 0.19384765625 0.54296875 0.21240234375 0.5693359375 0.22705078125 0.568359375 0.2529296875 0.560546875 0.267578125 0.55078125 0.41259765625 0.447265625 0.41064453125 0.443359375 0.38720703125 0.4443359375 0.3388671875 0.44921875 0.30859375 0.44921875 0.30224609375 0.443359375 0.18115234375 0.4677734375 0.1240234375 0.53125
2 0.4970703125 0.0 0.0 0.0 0.0 0.5126953125 0.14208984375 0.4970703125 0.18994140625 0.4921875 0.30859375 0.4501953125 0.3125 0.439453125 0.3720703125 0.435546875 0.4072265625 0.427734375 0.42919921875 0.4248046875 0.43896484375 0.41796875 0.4677734375 0.40625 0.50634765625 0.40625 0.54541015625 0.3955078125 0.56884765625 0.40234375 0.58349609375 0.4072265625 0.5908203125 0.40625 0.6142578125 0.404296875 0.63330078125 0.3798828125 0.64599609375 0.40234375 0.65283203125 0.439453125 0.669921875 0.44140625 0.75244140625 0.478515625 0.99951171875 0.5712890625 0.99951171875 0.0 0.60888671875 0.0 0.603515625 0.064453125 0.609375 0.068359375 0.60791015625 0.103515625 0.6181640625 0.103515625 0.6103515625 0.15625 0.60400390625 0.1708984375 0.60107421875 0.1806640625 0.59814453125 0.181640625 0.59423828125 0.1806640625 0.5927734375 0.181640625 0.58642578125 0.1806640625 0.58203125 0.1884765625 0.57958984375 0.1484375 0.57470703125 0.1484375 0.57470703125 0.169921875 0.57421875 0.1640625 0.57177734375 0.162109375 0.57177734375 0.1455078125 0.56787109375 0.1455078125 0.56689453125 0.15625 0.56103515625 0.1572265625 0.56103515625 0.15234375 0.5595703125 0.1513671875 0.55810546875 0.1201171875 0.55810546875 0.1162109375 0.55712890625 0.1142578125 0.55615234375 0.140625 0.55615234375 0.1494140625 0.5517578125 0.1513671875 0.5517578125 0.138671875 0.55078125 0.1357421875 0.54638671875 0.1357421875 0.546875 0.1416015625 0.546875 0.15625 0.54150390625 0.1572265625 0.54150390625 0.1220703125 0.54248046875 0.119140625 0.54638671875 0.1142578125 0.546875 0.109375 0.54150390625 0.0849609375 0.5322265625 0.087890625 0.5302734375 0.0859375 0.529296875 0.080078125 0.5263671875 0.080078125 0.5263671875 0.0859375 0.50244140625 0.0908203125 0.50146484375 0.080078125 0.5107421875 0.0791015625 0.5107421875 0.0712890625 0.50537109375 0.0693359375 0.50390625 0.0751953125 0.4990234375 0.0751953125 0.4990234375 0.0634765625 0.49609375 0.0615234375 0.49853515625 0.0263671875 0.4931640625 0.021484375 0.4892578125 0.0126953125 0.4892578125 0.0078125 0.4921875 0.0078125 0.49755859375 0.015625
4 0.60546875 0.2470703125 0.603515625 0.2548828125 0.60205078125 0.2587890625 0.59716796875 0.2587890625 0.5966796875 0.263671875 0.59326171875 0.265625 0.59326171875 0.27734375 0.5966796875 0.279296875 0.59423828125 0.2900390625 0.595703125 0.302734375 0.595703125 0.310546875 0.5966796875 0.3212890625 0.60205078125 0.3291015625 0.60205078125 0.337890625 0.603515625 0.345703125 0.60498046875 0.3505859375 0.60791015625 0.3505859375 0.61279296875 0.34765625 0.6142578125 0.34765625 0.61865234375 0.3544921875 0.62255859375 0.3544921875 0.62939453125 0.3583984375 0.63134765625 0.2685546875 0.62890625 0.234375 0.62646484375 0.2373046875 0.61279296875 0.2373046875 0.609375 0.2314453125 0.60791015625 0.2373046875
5 0.63134765625 0.361328125 0.62109375 0.3642578125 0.62060546875 0.3662109375 0.61669921875 0.376953125 0.61328125 0.3837890625 0.6142578125 0.40234375 0.61474609375 0.404296875 0.61474609375 0.4072265625 0.61865234375 0.4072265625 0.61865234375 0.404296875 0.625 0.404296875 0.6318359375 0.4072265625 0.6318359375 0.40234375 0.63134765625 0.3955078125 0.6318359375 0.3662109375
5 0.58837890625 0.4091796875 0.58740234375 0.404296875 0.58740234375 0.3994140625 0.587890625 0.3955078125 0.5927734375 0.39453125 0.5927734375 0.390625 0.59326171875 0.3876953125 0.60498046875 0.3876953125 0.6064453125 0.396484375 0.60595703125 0.4052734375 0.60009765625 0.4072265625 0.59716796875 0.408203125
5 0.56787109375 0.396484375 0.57177734375 0.392578125 0.57861328125 0.3916015625 0.5810546875 0.4013671875 0.580078125 0.41015625 0.57666015625 0.412109375 0.572265625 0.4130859375 0.56884765625 0.4091796875
5 0.546875 0.380859375 0.541015625 0.3720703125 0.53076171875 0.373046875 0.53076171875 0.373046875 0.52783203125 0.3779296875 0.5263671875 0.3955078125 0.5263671875 0.412109375 0.5322265625 0.4169921875 0.54150390625 0.4140625 0.5439453125 0.4013671875
5 0.53076171875 0.404296875 0.52685546875 0.3955078125 0.525390625 0.388671875 0.52392578125 0.3857421875 0.5224609375 0.3837890625 0.51318359375 0.3857421875 0.517578125 0.412109375 0.52392578125 0.41796875 0.52783203125 0.4169921875 0.529296875 0.4169921875
5 0.53955078125 0.419921875 0.53857421875 0.4072265625 0.53759765625 0.3984375 0.53759765625 0.390625 0.53955078125 0.380859375 0.54248046875 0.3701171875 0.5439453125 0.369140625 0.56103515625 0.3662109375 0.56494140625 0.3662109375 0.57080078125 0.380859375 0.57275390625 0.3798828125 0.57470703125 0.380859375 0.57568359375 0.3837890625 0.5732421875 0.3857421875 0.57470703125 0.3935546875 0.57470703125 0.4150390625 0.57275390625 0.4169921875 0.57080078125 0.4150390625 0.57080078125 0.41015625 0.5693359375 0.41015625 0.5693359375 0.4169921875 0.5654296875 0.4169921875 0.5654296875 0.412109375 0.54931640625 0.4140625 0.54931640625 0.41796875 0.54638671875 0.41796875 0.54638671875 0.4169921875 0.54296875 0.4169921875 0.54296875 0.419921875
5 0.5224609375 0.41796875 0.521484375 0.40625 0.521484375 0.3994140625 0.52001953125 0.390625 0.51611328125 0.380859375 0.5078125 0.380859375 0.50146484375 0.3828125 0.4970703125 0.3857421875 0.49560546875 0.3935546875 0.49365234375 0.3935546875 0.4931640625 0.3935546875 0.4931640625 0.3984375 0.48974609375 0.404296875 0.48974609375 0.4072265625 0.48974609375 0.41015625 0.49169921875 0.4140625 0.4921875 0.419921875 0.4921875 0.4228515625 0.4931640625 0.4248046875 0.4970703125 0.4248046875 0.49755859375 0.4208984375 0.49853515625 0.4248046875 0.50927734375 0.4208984375 0.5107421875 0.419921875 0.515625 0.419921875 0.51611328125 0.419921875 0.51708984375 0.41796875 0.5185546875 0.41796875 0.52001953125 0.419921875
5 0.4482421875 0.40234375 0.4560546875 0.3837890625 0.45849609375 0.3798828125 0.4599609375 0.376953125 0.4716796875 0.376953125 0.47607421875 0.3779296875 0.4814453125 0.388671875 0.48388671875 0.388671875 0.48388671875 0.3916015625 0.48388671875 0.3955078125 0.48681640625 0.4013671875 0.48779296875 0.40625 0.48779296875 0.419921875 0.48779296875 0.4248046875 0.484375 0.42578125 0.48388671875 0.42578125 0.48291015625 0.4208984375 0.478515625 0.4208984375 0.4775390625 0.42578125 0.47509765625 0.427734375 0.47314453125 0.42578125 0.47216796875 0.4228515625 0.4599609375 0.419921875 0.45361328125 0.41015625
5 0.4296875 0.3837890625 0.4267578125 0.3984375 0.42578125 0.4091796875 0.42529296875 0.4248046875 0.42578125 0.42578125 0.42578125 0.431640625 0.4306640625 0.431640625 0.4306640625 0.431640625 0.43115234375 0.427734375 0.4365234375 0.427734375 0.4365234375 0.431640625 0.44140625 0.4306640625 0.44140625 0.427734375 0.44384765625 0.427734375 0.4443359375 0.4306640625 0.44970703125 0.4287109375 0.44970703125 0.427734375 0.45458984375 0.42578125 0.45458984375 0.4287109375 0.45849609375 0.4287109375 0.4599609375 0.427734375 0.46044921875 0.42578125 0.46435546875 0.42578125 0.46533203125 0.427734375 0.46826171875 0.427734375 0.46826171875 0.412109375 0.4658203125 0.4013671875 0.462890625 0.3955078125 0.4638671875 0.3916015625 0.46142578125 0.3857421875 0.4560546875 0.3779296875 0.4521484375 0.375 0.44140625 0.376953125 0.43359375 0.3779296875
5 0.21484375 0.5751953125 0.2158203125 0.54296875 0.21533203125 0.5322265625 0.21484375 0.515625 0.2138671875 0.4951171875 0.212890625 0.4892578125 0.2099609375 0.4794921875 0.19775390625 0.439453125 0.1884765625 0.41015625 0.17919921875 0.3837890625 0.173828125 0.373046875 0.169921875 0.3701171875 0.1572265625 0.3671875 0.11962890625 0.369140625 0.08349609375 0.376953125 0.0556640625 0.388671875 0.04638671875 0.40234375 0.02587890625 0.44921875 0.0302734375 0.4677734375 0.0947265625 0.6064453125 0.103515625 0.6005859375 0.13427734375 0.59765625 0.134765625 0.6083984375 0.13720703125 0.6162109375 0.14111328125 0.623046875 0.1552734375 0.62109375 0.15966796875 0.6171875 0.16259765625 0.609375 0.1650390625 0.5791015625 0.19140625 0.564453125 0.19384765625 0.5732421875 0.19580078125 0.5859375 0.2041015625 0.58984375 0.2099609375 0.5859375 0.21435546875 0.5830078125
5 0.0986328125 0.654296875 0.10009765625 0.6220703125 0.10791015625 0.6083984375 0.109375 0.5830078125 0.107421875 0.5478515625 0.10498046875 0.52734375 0.1025390625 0.513671875 0.10009765625 0.505859375 0.0947265625 0.4921875 0.08935546875 0.4794921875 0.07421875 0.4658203125 0.07421875 0.4541015625 0.0732421875 0.4462890625 0.0634765625 0.44140625 0.05322265625 0.4462890625 0.03466796875 0.4208984375 0.015625 0.396484375 0.0 0.380859375 0.0 0.6640625 0.07275390625 0.6328125 0.0732421875 0.646484375 0.0732421875 0.662109375 0.078125 0.6669921875 0.09326171875 0.6669921875 0.09814453125 0.6640625
4 0.80078125 0.3330078125 0.7978515625 0.3349609375 0.79638671875 0.353515625 0.79638671875 0.3564453125 0.79248046875 0.3583984375 0.79150390625 0.3642578125 0.7939453125 0.3955078125 0.794921875 0.404296875 0.796875 0.4208984375 0.796875 0.427734375 0.8046875 0.4443359375 0.81103515625 0.4541015625 0.8203125 0.435546875 0.8203125 0.42578125 0.82080078125 0.4150390625 0.82275390625 0.40234375 0.82421875 0.396484375 0.82275390625 0.3935546875 0.82275390625 0.388671875 0.82275390625 0.376953125 0.81884765625 0.373046875 0.81884765625 0.3701171875 0.8193359375 0.3623046875 0.81689453125 0.3544921875 0.81494140625 0.3505859375 0.8125 0.3544921875 0.81005859375 0.3544921875 0.80615234375 0.3505859375 0.80419921875 0.34375 0.80322265625 0.337890625
4 0.87646484375 0.4384765625 0.87744140625 0.427734375 0.87890625 0.4169921875 0.88037109375 0.40625 0.8818359375 0.3955078125 0.87939453125 0.396484375 0.87890625 0.3876953125 0.87646484375 0.3876953125 0.87646484375 0.380859375 0.87890625 0.369140625 0.87646484375 0.369140625 0.875 0.3662109375 0.8740234375 0.3642578125 0.87255859375 0.353515625 0.86962890625 0.3564453125 0.8671875 0.3505859375 0.86572265625 0.345703125 0.8642578125 0.3486328125 0.86279296875 0.345703125 0.8603515625 0.33984375 0.85888671875 0.3291015625 0.85546875 0.33984375 0.853515625 0.34375 0.85107421875 0.3427734375 0.849609375 0.3359375 0.84814453125 0.3544921875 0.84716796875 0.359375 0.8447265625 0.3662109375 0.84423828125 0.3623046875 0.841796875 0.3701171875 0.8408203125 0.3779296875 0.83935546875 0.3876953125 0.841796875 0.3916015625 0.8408203125 0.3984375 0.841796875 0.404296875 0.84326171875 0.41015625 0.8427734375 0.4208984375 0.84423828125 0.4228515625 0.845703125 0.427734375 0.8466796875 0.4306640625 0.84716796875 0.4365234375 0.85400390625 0.44921875 0.86669921875 0.44921875
