2 0.5986328125 0.0 0.61865234375 0.412109375 0.68798828125 0.443359375 0.75439453125 0.4189453125 0.78515625 0.0
2 0.482421875 0.0 0.48193359375 0.42578125 0.5263671875 0.4697265625 0.650390625 0.4423828125 0.64697265625 0.3994140625 0.646484375 0.3017578125 0.6494140625 0.162109375 0.6494140625 0.1123046875 0.6533203125 0.1083984375 0.65576171875 0.10546875 0.650390625 0.0849609375 0.650390625 0.0458984375 0.64501953125 0.0283203125 0.63916015625 0.01953125 0.6328125 0.013671875 0.6318359375 0.013671875 0.62353515625 0.0 0.484375 0.0
2 0.73095703125 0.0 0.7294921875 0.1181640625 0.7275390625 0.21484375 0.72705078125 0.35546875 0.724609375 0.486328125 0.99951171875 0.5048828125 0.99951171875 0.0
4 0.7978515625 0.1044921875 0.7939453125 0.1064453125 0.79150390625 0.1083984375 0.7890625 0.1083984375 0.78564453125 0.1103515625 0.7841796875 0.115234375 0.78125 0.119140625 0.77734375 0.12109375 0.77734375 0.126953125 0.7763671875 0.1298828125 0.7734375 0.130859375 0.771484375 0.1337890625 0.7724609375 0.1357421875 0.775390625 0.1337890625 0.775390625 0.1376953125 0.7744140625 0.140625 0.7734375 0.14453125 0.77197265625 0.1494140625 0.7724609375 0.15234375 0.77392578125 0.1533203125 0.775390625 0.1572265625 0.77490234375 0.1640625 0.7763671875 0.1669921875 0.77734375 0.1650390625 0.7802734375 0.1650390625 0.783203125 0.166015625 0.78369140625 0.1748046875 0.78369140625 0.177734375 0.78515625 0.1767578125 0.7958984375 0.18359375 0.80810546875 0.1875 0.81591796875 0.1865234375 0.81982421875 0.1884765625 0.82177734375 0.18359375 0.82275390625 0.1767578125 0.82373046875 0.1689453125 0.826171875 0.1689453125 0.82763671875 0.1650390625 0.8271484375 0.158203125 0.828125 0.1572265625 0.830078125 0.15234375 0.8310546875 0.146484375 0.82958984375 0.1396484375 0.82861328125 0.1337890625 0.82666015625 0.130859375 0.82470703125 0.126953125 0.82275390625 0.1259765625 0.8212890625 0.1201171875 0.81982421875 0.119140625 0.81787109375 0.1142578125 0.8154296875 0.109375 0.814453125 0.1064453125 0.81494140625 0.1025390625 0.8134765625 0.1005859375 0.8115234375 0.1025390625 0.81103515625 0.1064453125 0.81005859375 0.1064453125 0.8095703125 0.103515625 0.80908203125 0.099609375 0.80810546875 0.099609375 0.80712890625 0.1025390625 0.8046875 0.10546875 0.80126953125 0.10546875
2 0.51171875 0.0 0.51220703125 0.0908203125 0.51123046875 0.298828125 0.51123046875 0.4501953125 0.36083984375 0.521484375 0.0 0.5400390625 0.0 0.0
1 0.36083984375 0.5048828125 0.4365234375 0.4833984375 0.462890625 0.46875 0.50439453125 0.451171875 0.5673828125 0.439453125 0.638671875 0.4287109375 0.66455078125 0.4150390625 0.68115234375 0.419921875 0.736328125 0.435546875 0.7705078125 0.4794921875 0.80712890625 0.4794921875 0.81201171875 0.4697265625 0.94189453125 0.4765625 0.95166015625 0.484375 0.98681640625 0.48046875 0.99951171875 0.4755859375 0.99951171875 0.5390625 0.501953125 0.5341796875 0.35302734375 0.5341796875
0 0.99951171875 0.576171875 0.9150390625 0.576171875 0.7578125 0.5830078125 0.6494140625 0.580078125 0.44189453125 0.5810546875 0.06689453125 0.576171875 0.0 0.5751953125 0.0 0.599609375 0.19482421875 0.5869140625 0.22119140625 0.572265625 0.99951171875 0.5693359375
0 0.0 0.5703125 0.041015625 0.5712890625 0.2197265625 0.5712890625 0.41455078125 0.58203125 0.4833984375 0.583984375 0.89697265625 0.5859375 0.99951171875 0.5810546875 0.99951171875 0.9990234375 0.0 0.9990234375
1 0.0 0.703125 0.01513671875 0.71875 0.03125 0.736328125 0.04541015625 0.7529296875 0.05322265625 0.7734375 0.0576171875 0.7939453125 0.05517578125 0.818359375 0.0322265625 0.912109375 0.01220703125 0.978515625 0.0 0.9990234375
1 0.72021484375 0.640625 0.99951171875 0.98046875 0.99951171875 0.634765625 0.73193359375 0.6328125
4 0.70947265625 0.3173828125 0.7041015625 0.3173828125 0.69970703125 0.3212890625 0.69580078125 0.32421875 0.69482421875 0.3310546875 0.69677734375 0.3359375 0.697265625 0.34375 0.69580078125 0.3486328125 0.69775390625 0.353515625 0.69775390625 0.3603515625 0.6962890625 0.365234375 0.70068359375 0.369140625 0.70166015625 0.3759765625 0.701171875 0.384765625 0.70263671875 0.3876953125 0.70263671875 0.3935546875 0.703125 0.39453125 0.7041015625 0.4013671875 0.70654296875 0.40625 0.7080078125 0.41015625 0.71240234375 0.4248046875 0.7158203125 0.4296875 0.7373046875 0.423828125 0.7392578125 0.3974609375 0.74658203125 0.34765625 0.73876953125 0.30859375 0.72998046875 0.3017578125 0.7265625 0.3046875 0.72412109375 0.30859375 0.72021484375 0.314453125 0.71826171875 0.31640625 0.7138671875 0.314453125
4 0.50732421875 0.3662109375 0.50830078125 0.3603515625 0.51318359375 0.3505859375 0.521484375 0.3408203125 0.5234375 0.3310546875 0.52783203125 0.3251953125 0.5361328125 0.330078125 0.54638671875 0.3251953125 0.55517578125 0.333984375 0.55615234375 0.3408203125 0.55810546875 0.3408203125 0.56298828125 0.3408203125 0.5673828125 0.337890625 0.5703125 0.33984375 0.5712890625 0.341796875 0.57275390625 0.3447265625 0.57666015625 0.3466796875 0.5810546875 0.3544921875 0.583984375 0.3828125 0.572265625 0.4052734375 0.56787109375 0.408203125 0.5673828125 0.412109375 0.55810546875 0.41796875 0.552734375 0.412109375 0.5498046875 0.4033203125 0.54833984375 0.3955078125 0.546875 0.3896484375 0.54541015625 0.39453125 0.54248046875 0.3974609375 0.5390625 0.3974609375 0.53759765625 0.4033203125 0.53466796875 0.408203125 0.5185546875 0.40625
4 0.48828125 0.361328125 0.49267578125 0.35546875 0.49462890625 0.3583984375 0.49853515625 0.361328125 0.49853515625 0.3681640625 0.49853515625 0.3720703125 0.498046875 0.3759765625 0.49853515625 0.37890625 0.5 0.3828125 0.5009765625 0.3935546875 0.49951171875 0.40234375 0.49951171875 0.4072265625 0.5 0.412109375 0.50048828125 0.4169921875 0.4990234375 0.4267578125 0.49755859375 0.4306640625 0.4931640625 0.447265625 0.490234375 0.4501953125
