0 0.0 0.630859375 0.19970703125 0.5205078125 0.4150390625 0.4375 0.67138671875 0.4443359375 0.99951171875 0.4091796875 0.99951171875 0.9990234375 0.0 0.9990234375
2 0.0 0.0 0.2158203125 0.0 0.212890625 0.001953125 0.21240234375 0.009765625 0.21240234375 0.0126953125 0.2099609375 0.013671875 0.21044921875 0.0556640625 0.23095703125 0.140625 0.23095703125 0.14453125 0.23291015625 0.1455078125 0.23291015625 0.1513671875 0.236328125 0.1572265625 0.23779296875 0.16015625 0.2265625 0.2255859375 0.2275390625 0.29296875 0.22216796875 0.294921875 0.22216796875 0.30859375 0.2265625 0.3095703125 0.22509765625 0.3232421875 0.2373046875 0.33984375 0.23486328125 0.345703125 0.23876953125 0.3896484375 0.13671875 0.423828125 0.0 0.416015625
2 0.99951171875 0.0 0.3935546875 0.0 0.392578125 0.0078125 0.3876953125 0.021484375 0.3818359375 0.021484375 0.38232421875 0.033203125 0.3759765625 0.041015625 0.37548828125 0.044921875 0.37548828125 0.046875 0.37548828125 0.0478515625 0.37255859375 0.0478515625 0.37255859375 0.064453125 0.3193359375 0.1455078125 0.31494140625 0.142578125 0.31396484375 0.154296875 0.30419921875 0.166015625 0.29248046875 0.1708984375 0.291015625 0.1591796875 0.28466796875 0.1640625 0.279296875 0.1669921875 0.2802734375 0.171875 0.26220703125 0.2255859375 0.263671875 0.2333984375 0.263671875 0.240234375 0.26171875 0.2470703125 0.26171875 0.392578125 0.44775390625 0.427734375 0.56689453125 0.439453125 0.830078125 0.4482421875 0.99951171875 0.4453125
1 0.80859375 0.4677734375 0.89453125 0.4697265625 0.99951171875 0.47265625 0.99951171875 0.447265625 0.99951171875 0.4443359375 0.99951171875 0.4248046875 0.8251953125 0.4052734375 0.81689453125 0.3974609375 0.80859375 0.392578125 0.75830078125 0.3955078125 0.7021484375 0.3916015625 0.6796875 0.39453125 0.4609375 0.3828125 0.423828125 0.3916015625 0.39404296875 0.39453125 0.37939453125 0.3935546875 0.37744140625 0.3828125 0.33984375 0.3828125 0.33349609375 0.3828125 0.34033203125 0.4375 0.23828125 0.4931640625 0.20654296875 0.533203125 0.275390625 0.537109375 0.34716796875 0.5302734375 0.3984375 0.51171875 0.40380859375 0.509765625 0.4072265625 0.5068359375 0.4072265625 0.4990234375 0.40576171875 0.4931640625 0.40283203125 0.4921875 0.39501953125 0.4892578125 0.388671875 0.48828125 0.38134765625 0.4658203125 0.67431640625 0.46875 0.73291015625 0.4638671875 0.7880859375 0.4677734375
0 0.70166015625 0.4052734375 0.7197265625 0.408203125 0.748046875 0.4140625 0.77294921875 0.419921875 0.78759765625 0.4267578125 0.79833984375 0.4306640625 0.80859375 0.4365234375 0.8173828125 0.44140625 0.82470703125 0.447265625 0.83154296875 0.4501953125 0.8349609375 0.4501953125 0.837890625 0.4501953125 0.84326171875 0.453125 0.8447265625 0.455078125 0.84326171875 0.4609375 0.8369140625 0.466796875 0.83251953125 0.46875 0.4833984375 0.4677734375 0.4921875 0.462890625 0.51904296875 0.451171875 0.52783203125 0.443359375 0.53369140625 0.435546875 0.56640625 0.41796875 0.626953125 0.4306640625 0.6787109375 0.4169921875
1 0.0 0.3994140625 0.0205078125 0.3974609375 0.05126953125 0.39453125 0.08447265625 0.390625 0.1630859375 0.3857421875 0.1796875 0.3916015625 0.201171875 0.392578125 0.2265625 0.3935546875 0.23583984375 0.3896484375 0.23779296875 0.3896484375 0.23779296875 0.3837890625 0.2861328125 0.3857421875 0.2294921875 0.4326171875 0.025390625 0.53125 0.0 0.556640625
4 0.2314453125 0.1455078125 0.232421875 0.1513671875 0.23486328125 0.1552734375 0.23828125 0.162109375 0.251953125 0.2265625 0.25048828125 0.2314453125 0.2490234375 0.2373046875 0.2509765625 0.2392578125 0.2509765625 0.24609375 0.259765625 0.2451171875 0.26171875 0.24609375 0.26513671875 0.248046875 0.26416015625 0.251953125 0.26806640625 0.25390625 0.26953125 0.259765625 0.271484375 0.263671875 0.2744140625 0.2666015625 0.27880859375 0.2724609375 0.27978515625 0.2802734375 0.2822265625 0.283203125 0.2841796875 0.2880859375 0.28076171875 0.2958984375 0.27783203125 0.302734375 0.2763671875 0.3115234375 0.2763671875 0.322265625 0.27783203125 0.3291015625 0.27490234375 0.3310546875 0.27392578125 0.3330078125 0.2705078125 0.3349609375 0.271484375 0.341796875 0.27197265625 0.3427734375 0.26806640625 0.3447265625 0.265625 0.34765625 0.26611328125 0.3505859375 0.26513671875 0.353515625 0.2626953125 0.353515625 0.2607421875 0.3544921875 0.25244140625 0.3798828125 0.24462890625 0.3779296875 0.24169921875 0.3740234375 0.24072265625 0.3818359375 0.23779296875 0.3818359375 0.2275390625 0.384765625 0.22412109375 0.3818359375 0.22265625 0.3720703125 0.2236328125 0.3623046875 0.22216796875 0.3525390625 0.2216796875 0.33984375 0.22216796875 0.3251953125 0.22216796875 0.3115234375 0.22216796875 0.30078125 0.22265625 0.2880859375 0.2255859375 0.28515625 0.22705078125 0.2841796875 0.22705078125 0.2783203125 0.2265625 0.2705078125 0.2255859375 0.26171875 0.2255859375 0.251953125 0.2265625 0.240234375 0.2265625 0.2265625 0.22607421875 0.205078125 0.2265625 0.177734375 0.22802734375 0.1552734375
2 0.27880859375 0.1396484375 0.30810546875 0.1416015625 0.3427734375 0.1416015625 0.3701171875 0.14453125 0.4013671875 0.150390625 0.41845703125 0.15234375 0.43310546875 0.15625 0.423828125 0.1630859375 0.40283203125 0.1669921875 0.38232421875 0.1708984375 0.3564453125 0.1708984375 0.33544921875 0.173828125 0.3056640625 0.17578125 0.28125 0.17578125 0.2744140625 0.1669921875 0.27880859375 0.1396484375
3 0.7734375 0.328125 0.75244140625 0.34765625 0.75146484375 0.349609375 0.751953125 0.3544921875 0.75341796875 0.35546875 0.75341796875 0.3857421875 0.75390625 0.3876953125 0.76123046875 0.380859375 0.76171875 0.380859375 0.76171875 0.3896484375 0.763671875 0.3896484375 0.76318359375 0.3798828125 0.81787109375 0.3349609375 0.81787109375 0.3251953125 0.775390625 0.3310546875
1 0.0 0.814453125 0.1328125 0.6904296875 0.205078125 0.6279296875 0.28466796875 0.5703125 0.322265625 0.548828125 0.37353515625 0.515625 0.27783203125 0.4921875 0.19384765625 0.5205078125 0.0 0.638671875
2 0.0986328125 0.2646484375 0.11669921875 0.2626953125 0.13232421875 0.263671875 0.15380859375 0.265625 0.1533203125 0.3193359375 0.1552734375 0.3291015625 0.15673828125 0.4189453125 0.1240234375 0.419921875 0.11865234375 0.4189453125 0.10009765625 0.419921875 0.09326171875 0.3046875 0.095703125 0.265625
3 0.22802734375 0.5263671875 0.22509765625 0.4189453125 0.244140625 0.3955078125 0.25341796875 0.3935546875 0.26611328125 0.3935546875 0.2705078125 0.3955078125 0.2734375 0.48046875 0.24755859375 0.4931640625
3 0.27880859375 0.4794921875 0.27880859375 0.392578125 0.337890625 0.3935546875 0.3564453125 0.3935546875 0.35693359375 0.4814453125 0.35546875 0.4697265625 0.27978515625 0.46875
3 0.361328125 0.4814453125 0.36181640625 0.45703125 0.36328125 0.41796875 0.36474609375 0.3955078125 0.3916015625 0.4072265625 0.388671875 0.4287109375 0.38720703125 0.490234375 0.38623046875 0.484375 0.36376953125 0.4736328125 0.36279296875 0.4736328125
3 0.3984375 0.37109375 0.3984375 0.419921875 0.42333984375 0.4208984375 0.42529296875 0.41796875 0.4287109375 0.3798828125 0.423828125 0.3701171875
3 0.51025390625 0.357421875 0.51025390625 0.39453125 0.517578125 0.3955078125 0.52490234375 0.396484375 0.529296875 0.3955078125 0.529296875 0.3603515625 0.5283203125 0.357421875
3 0.61669921875 0.392578125 0.61572265625 0.35546875 0.63818359375 0.35546875 0.69091796875 0.359375 0.69775390625 0.359375 0.69677734375 0.41796875 0.67138671875 0.40625
1 0.99951171875 0.8076171875 0.763671875 0.546875 0.91259765625 0.515625 0.99951171875 0.5244140625
