0 0.0 0.3486328125 0.630859375 0.3583984375 0.83447265625 0.3955078125 0.88671875 0.3974609375 0.8759765625 0.537109375 0.92236328125 0.583984375 0.99951171875 0.5517578125 0.99951171875 0.9990234375 0.0 0.9990234375
2 0.0 0.0 0.92919921875 0.0 0.96142578125 0.1904296875 0.9853515625 0.1728515625 0.98779296875 0.1689453125 0.9873046875 0.1826171875 0.990234375 0.185546875 0.990234375 0.1904296875 0.99267578125 0.1923828125 0.99951171875 0.1923828125 0.99951171875 0.390625 0.853515625 0.4609375 0.79541015625 0.453125 0.798828125 0.4453125 0.7890625 0.4453125 0.7744140625 0.435546875 0.6982421875 0.4208984375 0.66064453125 0.4189453125 0.52587890625 0.4287109375 0.34033203125 0.443359375 0.0 0.4921875
1 0.0 0.556640625 0.0634765625 0.5400390625 0.07275390625 0.5390625 0.08447265625 0.53515625 0.10791015625 0.529296875 0.14013671875 0.5244140625 0.15966796875 0.517578125 0.158203125 0.4677734375 0.1005859375 0.4580078125 0.08203125 0.4609375 0.0693359375 0.46484375 0.068359375 0.46484375 0.02880859375 0.4599609375 0.0 0.455078125
1 0.84375 0.46484375 0.78564453125 0.4580078125 0.7451171875 0.4501953125 0.73388671875 0.451171875 0.72314453125 0.455078125 0.72314453125 0.4677734375 0.7265625 0.525390625 0.7275390625 0.5322265625 0.744140625 0.546875 0.77587890625 0.576171875 0.8330078125 0.6435546875 0.9765625 0.794921875 0.99951171875 0.81640625 0.99951171875 0.53515625 0.95068359375 0.51953125 0.9033203125 0.4951171875 0.87109375 0.4794921875 0.85546875 0.470703125
5 0.77880859375 0.4404296875 0.77880859375 0.4287109375 0.78564453125 0.4208984375 0.7998046875 0.4140625 0.80419921875 0.4140625 0.80224609375 0.4384765625 0.8017578125 0.4423828125 0.796875 0.443359375 0.78466796875 0.443359375
5 0.73388671875 0.4375 0.736328125 0.4228515625 0.74267578125 0.4130859375 0.7509765625 0.4111328125 0.7587890625 0.4140625 0.76220703125 0.416015625 0.76513671875 0.423828125 0.763671875 0.4375 0.76220703125 0.4423828125 0.75341796875 0.443359375 0.75244140625 0.4404296875
1 0.61767578125 0.4501953125 0.634765625 0.4482421875 0.67822265625 0.4482421875 0.689453125 0.4462890625 0.72412109375 0.4462890625 0.76708984375 0.443359375 0.79931640625 0.4453125 0.783203125 0.4423828125 0.7587890625 0.4423828125 0.72509765625 0.4404296875 0.69189453125 0.4404296875 0.65966796875 0.4404296875 0.62646484375 0.4404296875 0.615234375 0.4404296875
5 0.69677734375 0.435546875 0.69775390625 0.416015625 0.70703125 0.3984375 0.72021484375 0.400390625 0.72900390625 0.4052734375 0.732421875 0.4189453125 0.72998046875 0.435546875 0.72265625 0.4384765625 0.70556640625 0.4375 0.70068359375 0.4404296875
5 0.66357421875 0.4140625 0.66796875 0.3955078125 0.68310546875 0.3955078125 0.6865234375 0.40625 0.6865234375 0.4228515625 0.685546875 0.43359375 0.6845703125 0.4384765625 0.67919921875 0.4404296875 0.67431640625 0.4404296875
5 0.638671875 0.4208984375 0.64501953125 0.400390625 0.65087890625 0.3955078125 0.6669921875 0.3955078125 0.67333984375 0.400390625 0.67724609375 0.41796875 0.67724609375 0.4404296875 0.65966796875 0.4404296875 0.6396484375 0.4404296875 0.638671875 0.4287109375
5 0.6015625 0.4306640625 0.61376953125 0.408203125 0.6162109375 0.4013671875 0.619140625 0.400390625 0.62744140625 0.3984375 0.6435546875 0.400390625 0.6484375 0.4033203125 0.64013671875 0.4306640625 0.638671875 0.43359375 0.63232421875 0.435546875 0.63134765625 0.4384765625 0.62890625 0.4404296875 0.62744140625 0.4384765625 0.619140625 0.4384765625 0.6103515625 0.4375
5 0.5751953125 0.40625 0.58203125 0.3916015625 0.59521484375 0.390625 0.60009765625 0.390625 0.60546875 0.3935546875 0.6103515625 0.4013671875 0.611328125 0.41796875 0.6103515625 0.435546875 0.60888671875 0.4384765625 0.60400390625 0.4384765625 0.58154296875 0.42578125
5 0.5546875 0.4306640625 0.560546875 0.41015625 0.5693359375 0.396484375 0.57080078125 0.3935546875 0.5830078125 0.3916015625 0.59765625 0.3955078125 0.60400390625 0.4013671875 0.60791015625 0.41796875 0.60791015625 0.4287109375 0.6064453125 0.43359375 0.60546875 0.4384765625 0.60400390625 0.443359375 0.59912109375 0.443359375 0.59912109375 0.4404296875 0.587890625 0.4384765625 0.587890625 0.4404296875 0.57421875 0.4404296875 0.5732421875 0.4384765625
4 0.1904296875 0.33984375 0.19091796875 0.3310546875 0.20068359375 0.248046875 0.20166015625 0.240234375 0.205078125 0.220703125 0.205078125 0.1826171875 0.205078125 0.1630859375 0.2001953125 0.1552734375 0.19677734375 0.150390625 0.19189453125 0.1455078125 0.17919921875 0.140625 0.181640625 0.1318359375 0.18212890625 0.1240234375 0.1708984375 0.119140625 0.1572265625 0.1142578125 0.171875 0.1015625 0.181640625 0.1044921875 0.17822265625 0.09375 0.1748046875 0.0869140625 0.16943359375 0.08203125 0.16552734375 0.076171875 0.166015625 0.0693359375 0.16552734375 0.0625 0.15966796875 0.07421875 0.158203125 0.08203125 0.15478515625 0.0791015625 0.15478515625 0.0673828125 0.15625 0.06640625 0.15576171875 0.0625 0.14990234375 0.0537109375 0.14697265625 0.044921875 0.15380859375 0.0419921875 0.1572265625 0.0439453125 0.158203125 0.0400390625 0.1484375 0.0341796875 0.14501953125 0.0302734375 0.1396484375 0.0302734375 0.13623046875 0.025390625 0.1376953125 0.017578125 0.138671875 0.0048828125 0.14501953125 0.01171875 0.1474609375 0.01171875 0.14990234375 0.0078125 0.1474609375 0.0048828125 0.1474609375 0.0 0.5419921875 0.0 0.54345703125 0.0205078125 0.5419921875 0.0400390625 0.54052734375 0.0498046875 0.54345703125 0.0595703125 0.5458984375 0.0615234375 0.54736328125 0.0625 0.54931640625 0.0673828125 0.54931640625 0.07421875 0.55322265625 0.076171875 0.55419921875 0.08203125 0.556640625 0.0888671875 0.55908203125 0.0869140625 0.56787109375 0.0966796875 0.56787109375 0.109375 0.5693359375 0.1181640625 0.564453125 0.12109375 0.564453125 0.13671875 0.564453125 0.146484375 0.56298828125 0.1484375 0.560546875 0.1513671875 0.55810546875 0.158203125 0.55810546875 0.158203125 0.55712890625 0.1611328125 0.5556640625 0.166015625 0.5546875 0.177734375 0.556640625 0.1708984375 0.5595703125 0.1708984375 0.56298828125 0.17578125 0.564453125 0.177734375 0.5654296875 0.18359375 0.56298828125 0.1875 0.5595703125 0.1884765625 0.55712890625 0.193359375 0.5556640625 0.193359375 0.5546875 0.1953125 0.5546875 0.201171875 0.55810546875 0.201171875 0.56201171875 0.2060546875 0.56298828125 0.2109375 0.560546875 0.2158203125 0.5546875 0.224609375 0.55078125 0.23046875 0.546875 0.232421875 0.5419921875 0.2333984375 0.54443359375 0.2255859375 0.5419921875 0.220703125 0.5419921875 0.2197265625 0.5380859375 0.21484375 0.5380859375 0.212890625 0.5361328125 0.2109375 0.53466796875 0.212890625 0.5322265625 0.22265625 0.52880859375 0.220703125 0.52685546875 0.2275390625 0.53125 0.232421875 0.53125 0.2373046875 0.53369140625 0.240234375 0.53369140625 0.248046875 0.5322265625 0.2529296875 0.52880859375 0.2548828125 0.52734375 0.259765625 0.52490234375 0.26171875 0.52197265625 0.2578125 0.517578125 0.2529296875 0.5126953125 0.251953125 0.509765625 0.2431640625 0.50634765625 0.240234375 0.50390625 0.2353515625 0.50244140625 0.2431640625 0.49755859375 0.2431640625 0.49755859375 0.2568359375 0.5009765625 0.26953125 0.4990234375 0.275390625 0.4912109375 0.28515625 0.486328125 0.2841796875 0.48291015625 0.2822265625 0.4814453125 0.2900390625 0.482421875 0.296875 0.47900390625 0.3017578125 0.4755859375 0.296875 0.47412109375 0.2939453125 0.47021484375 0.2919921875 0.466796875 0.2890625 0.46630859375 0.28515625 0.462890625 0.2939453125 0.462890625 0.3017578125 0.46142578125 0.3095703125 0.458984375 0.3564453125 0.45703125 0.400390625 0.4482421875 0.41015625 0.44921875 0.390625 0.45654296875 0.298828125 0.45654296875 0.2841796875 0.45556640625 0.275390625 0.455078125 0.2724609375 0.45263671875 0.2705078125 0.4501953125 0.26953125 0.44580078125 0.2666015625 0.4443359375 0.2646484375 0.44189453125 0.259765625 0.44091796875 0.2578125 0.43798828125 0.2529296875 0.4365234375 0.2578125 0.43310546875 0.2568359375 0.42919921875 0.2578125 0.4248046875 0.267578125 0.42333984375 0.2744140625 0.412109375 0.279296875 0.41064453125 0.2998046875 0.408203125 0.3125 0.4072265625 0.3291015625 0.40185546875 0.376953125 0.39599609375 0.3818359375 0.39697265625 0.3681640625 0.40234375 0.3076171875 0.4033203125 0.2890625 0.408203125 0.25 0.4072265625 0.248046875 0.40625 0.2451171875 0.40478515625 0.2353515625 0.4033203125 0.2333984375 0.40185546875 0.23046875 0.3994140625 0.22265625 0.40185546875 0.2177734375 0.40380859375 0.2177734375 0.40234375 0.2099609375 0.40234375 0.201171875 0.39697265625 0.203125 0.39013671875 0.2001953125 0.39111328125 0.193359375 0.392578125 0.18359375 0.39501953125 0.1806640625 0.3994140625 0.17578125 0.3994140625 0.1728515625 0.39599609375 0.1611328125 0.39697265625 0.1533203125 0.40185546875 0.1533203125 0.40087890625 0.146484375 0.3994140625 0.140625 0.39501953125 0.13671875 0.388671875 0.1318359375 0.388671875 0.1416015625 0.384765625 0.140625 0.38330078125 0.1416015625 0.3798828125 0.1455078125 0.38134765625 0.1513671875 0.3837890625 0.1552734375 0.384765625 0.16015625 0.38623046875 0.1640625 0.384765625 0.1689453125 0.38134765625 0.17578125 0.37890625 0.1806640625 0.37744140625 0.18359375 0.37353515625 0.1904296875 0.37158203125 0.1884765625 0.3701171875 0.1884765625 0.36669921875 0.1962890625 0.35791015625 0.2578125 0.35302734375 0.2900390625 0.34619140625 0.322265625 0.33935546875 0.3662109375 0.330078125 0.36328125 0.33056640625 0.3515625 0.34033203125 0.3046875 0.34619140625 0.2666015625 0.34912109375 0.2451171875 0.3515625 0.2353515625 0.35400390625 0.1923828125 0.34814453125 0.1904296875 0.34814453125 0.185546875 0.34814453125 0.1826171875 0.3466796875 0.1806640625 0.3427734375 0.1826171875 0.3388671875 0.1826171875 0.3291015625 0.1806640625 0.32275390625 0.1689453125 0.3232421875 0.158203125 0.328125 0.150390625 0.3291015625 0.1435546875 0.32666015625 0.1357421875 0.3251953125 0.12890625 0.32568359375 0.109375 0.3291015625 0.109375 0.330078125 0.1064453125 0.33154296875 0.09375 0.33056640625 0.0859375 0.330078125 0.0791015625 0.3291015625 0.076171875 0.3291015625 0.0712890625 0.32763671875 0.0576171875 0.3251953125 0.064453125 0.31787109375 0.0517578125 0.30810546875 0.0390625 0.3046875 0.0390625 0.30224609375 0.046875 0.30078125 0.0537109375 0.29931640625 0.056640625 0.2958984375 0.0576171875 0.291015625 0.0595703125 0.287109375 0.0595703125 0.2861328125 0.06640625 0.2861328125 0.072265625 0.28466796875 0.0810546875 0.283203125 0.08984375 0.27685546875 0.0859375 0.2734375 0.0771484375 0.26708984375 0.0712890625 0.26025390625 0.0712890625 0.2509765625 0.0712890625 0.24365234375 0.07421875 0.2451171875 0.0859375 0.24169921875 0.091796875 0.23876953125 0.0986328125 0.236328125 0.1015625 0.23388671875 0.1064453125 0.2314453125 0.103515625 0.22998046875 0.111328125 0.2255859375 0.123046875 0.21435546875 0.2060546875 0.2138671875 0.22265625 0.19775390625 0.349609375 0.19287109375 0.33984375
4 0.6884765625 0.4384765625 0.6904296875 0.388671875 0.6865234375 0.38671875 0.67919921875 0.380859375 0.6767578125 0.373046875 0.6767578125 0.3642578125 0.6767578125 0.36328125 0.6767578125 0.3583984375 0.6748046875 0.353515625 0.66796875 0.3466796875 0.66455078125 0.3388671875 0.66064453125 0.326171875 0.6630859375 0.3115234375 0.66552734375 0.3037109375 0.6611328125 0.296875 0.65625 0.294921875 0.65625 0.2890625 0.6533203125 0.28515625 0.65185546875 0.275390625 0.65087890625 0.2705078125 0.6533203125 0.2666015625 0.65478515625 0.26171875 0.65576171875 0.2568359375 0.6572265625 0.2529296875 0.658203125 0.2470703125 0.65625 0.2421875 0.658203125 0.232421875 0.6611328125 0.2294921875 0.6630859375 0.2275390625 0.66357421875 0.220703125 0.666015625 0.2158203125 0.666015625 0.2080078125 0.66943359375 0.203125 0.669921875 0.2177734375 0.67333984375 0.2109375 0.67431640625 0.2060546875 0.67578125 0.1875 0.6767578125 0.1826171875 0.6796875 0.1806640625 0.68212890625 0.1787109375 0.6845703125 0.1826171875 0.6865234375 0.17578125 0.6865234375 0.16796875 0.68701171875 0.16015625 0.6904296875 0.16015625 0.693359375 0.15625 0.69580078125 0.1611328125 0.69677734375 0.17578125 0.6982421875 0.1806640625 0.70068359375 0.17578125 0.70654296875 0.177734375 0.708984375 0.1728515625 0.7119140625 0.1787109375 0.71533203125 0.1728515625 0.7177734375 0.177734375 0.72119140625 0.16796875 0.72412109375 0.16015625 0.72021484375 0.1611328125 0.71923828125 0.15625 0.71923828125 0.1533203125 0.71923828125 0.1455078125 0.72119140625 0.1416015625 0.72119140625 0.140625 0.72412109375 0.1435546875 0.7255859375 0.138671875 0.7275390625 0.138671875 0.72998046875 0.140625 0.72998046875 0.138671875 0.72900390625 0.1337890625 0.72509765625 0.1318359375 0.72119140625 0.126953125 0.71923828125 0.1240234375 0.71630859375 0.123046875 0.71533203125 0.1181640625 0.71630859375 0.1142578125 0.71875 0.111328125 0.72119140625 0.109375 0.72265625 0.1064453125 0.7255859375 0.103515625 0.72509765625 0.0986328125 0.72314453125 0.0947265625 0.72412109375 0.091796875 0.7216796875 0.0869140625 0.7177734375 0.0859375 0.7138671875 0.0869140625 0.7119140625 0.0791015625 0.7119140625 0.0712890625 0.708984375 0.0673828125 0.7119140625 0.0615234375 0.716796875 0.0625 0.71923828125 0.0693359375 0.7216796875 0.0595703125 0.72509765625 0.0615234375 0.7255859375 0.06640625 0.7255859375 0.0673828125 0.72802734375 0.0625 0.72998046875 0.056640625 0.73388671875 0.0546875 0.7353515625 0.0517578125 0.73486328125 0.048828125 0.7353515625 0.048828125 0.73779296875 0.044921875 0.7373046875 0.0400390625 0.7373046875 0.037109375 0.73876953125 0.0341796875 0.74267578125 0.0302734375 0.74365234375 0.0205078125 0.74267578125 0.01953125 0.7451171875 0.0126953125 0.744140625 0.0 0.99951171875 0.0 0.99951171875 0.12109375 0.99951171875 0.119140625 0.99951171875 0.1181640625 0.99755859375 0.119140625 0.9951171875 0.12109375 0.99169921875 0.1240234375 0.98974609375 0.126953125 0.98974609375 0.1337890625 0.9912109375 0.138671875 0.99365234375 0.1435546875 0.99267578125 0.1484375 0.9912109375 0.150390625 0.99267578125 0.1552734375 0.99365234375 0.15625 0.99267578125 0.1630859375 0.9912109375 0.1630859375 0.98876953125 0.1630859375 0.986328125 0.16015625 0.9873046875 0.177734375 0.9912109375 0.1875 0.99658203125 0.1962890625 0.994140625 0.2001953125 0.990234375 0.201171875 0.9853515625 0.1982421875 0.98291015625 0.1953125 0.98046875 0.193359375 0.98291015625 0.2001953125 0.9873046875 0.205078125 0.98779296875 0.2177734375 0.9873046875 0.2353515625 0.9873046875 0.2421875 0.9912109375 0.248046875 0.98974609375 0.2578125 0.990234375 0.2666015625 0.98876953125 0.2705078125 0.9873046875 0.2724609375 0.982421875 0.27734375 0.986328125 0.2822265625 0.98486328125 0.2900390625 0.98779296875 0.2890625 0.990234375 0.2841796875 0.99609375 0.28515625 0.99658203125 0.2890625 0.99951171875 0.298828125 0.99951171875 0.43359375 0.93798828125 0.435546875 0.89599609375 0.4306640625 0.91357421875 0.400390625 0.91064453125 0.3955078125 0.9033203125 0.3916015625 0.89697265625 0.3935546875 0.8935546875 0.390625 0.8896484375 0.3857421875 0.88232421875 0.5390625 0.87109375 0.5302734375 0.8798828125 0.3955078125 0.87646484375 0.3935546875 0.8740234375 0.4951171875 0.86865234375 0.4951171875 0.86669921875 0.4775390625 0.8662109375 0.4462890625 0.869140625 0.38671875 0.86669921875 0.3857421875 0.86669921875 0.42578125 0.865234375 0.462890625 0.86669921875 0.5078125 0.86376953125 0.51171875 0.8525390625 0.5126953125 0.8515625 0.5068359375 0.85400390625 0.4775390625 0.85302734375 0.4658203125 0.857421875 0.4052734375 0.8515625 0.4052734375 0.8505859375 0.453125 0.85009765625 0.470703125 0.84765625 0.4697265625 0.84765625 0.4326171875 0.84619140625 0.4287109375 0.84619140625 0.4697265625 0.8427734375 0.4658203125 0.84375 0.4306640625 0.83447265625 0.4287109375 0.833984375 0.4921875 0.82568359375 0.4873046875 0.82763671875 0.4755859375 0.82421875 0.4755859375 0.82666015625 0.3984375 0.8193359375 0.3935546875 0.81689453125 0.4462890625 0.814453125 0.4677734375 0.8056640625 0.4658203125 0.8095703125 0.435546875 0.8115234375 0.40625 0.8056640625 0.4033203125 0.80322265625 0.408203125 0.80078125 0.408203125 0.7998046875 0.4033203125 0.79736328125 0.400390625 0.796875 0.41796875 0.794921875 0.41796875 0.79443359375 0.416015625 0.79443359375 0.408203125 0.79052734375 0.4033203125 0.7880859375 0.4013671875 0.787109375 0.42578125 0.78564453125 0.427734375 0.78564453125 0.40625 0.78466796875 0.3984375 0.783203125 0.400390625 0.7822265625 0.4013671875 0.78076171875 0.4013671875 0.77978515625 0.4140625 0.77880859375 0.416015625 0.77880859375 0.4033203125 0.77685546875 0.400390625 0.77685546875 0.4140625 0.7724609375 0.4189453125 0.7685546875 0.40625 0.767578125 0.4501953125 0.7646484375 0.451171875 0.76611328125 0.396484375 0.76513671875 0.3935546875 0.76123046875 0.396484375 0.759765625 0.3935546875 0.75830078125 0.38671875 0.75341796875 0.388671875 0.7451171875 0.390625 0.7451171875 0.4404296875 0.74267578125 0.4404296875 0.74267578125 0.3935546875 0.73779296875 0.400390625 0.73486328125 0.3984375 0.73046875 0.3984375 0.72900390625 0.400390625 0.7275390625 0.4384765625 0.72265625 0.4384765625 0.72412109375 0.4013671875 0.72265625 0.3984375 0.71923828125 0.3935546875 0.716796875 0.38671875 0.71142578125 0.388671875 0.708984375 0.38671875 0.7080078125 0.4013671875 0.70654296875 0.400390625 0.70654296875 0.388671875 0.70068359375 0.38671875 0.6982421875 0.3837890625 0.6982421875 0.41015625 0.6982421875 0.4404296875 0.6953125 0.4384765625 0.69677734375 0.38671875 0.6943359375 0.3837890625 0.69189453125 0.3857421875 0.69091796875 0.4404296875
5 0.44189453125 0.41015625 0.455078125 0.3857421875 0.45947265625 0.37890625 0.46923828125 0.3759765625 0.49755859375 0.380859375 0.47900390625 0.4306640625 0.46533203125 0.47265625 0.45703125 0.4697265625 0.45703125 0.4599609375 0.44677734375 0.4580078125
5 0.36865234375 0.3955078125 0.37890625 0.3759765625 0.38232421875 0.37109375 0.38525390625 0.369140625 0.39208984375 0.36328125 0.39697265625 0.361328125 0.40478515625 0.3681640625 0.42333984375 0.369140625 0.4248046875 0.3681640625 0.4404296875 0.37109375 0.4453125 0.3759765625 0.4501953125 0.390625 0.453125 0.4033203125 0.4541015625 0.4052734375 0.4541015625 0.41015625 0.4541015625 0.4140625 0.453125 0.416015625 0.4541015625 0.42578125 0.45556640625 0.4287109375 0.453125 0.451171875 0.45263671875 0.453125 0.45166015625 0.46484375 0.45166015625 0.470703125 0.45068359375 0.4755859375 0.44921875 0.4775390625 0.439453125 0.4775390625 0.439453125 0.4677734375 0.42724609375 0.4697265625 0.4267578125 0.48046875 0.42236328125 0.4853515625 0.41064453125 0.4853515625 0.40625 0.48046875 0.3798828125 0.4755859375
5 0.2734375 0.4111328125 0.28125 0.3857421875 0.29345703125 0.36328125 0.29736328125 0.359375 0.3046875 0.3544921875 0.33642578125 0.353515625 0.35546875 0.3564453125 0.3662109375 0.359375 0.3759765625 0.3681640625 0.38232421875 0.388671875 0.384765625 0.396484375 0.3896484375 0.4033203125 0.39208984375 0.4287109375 0.392578125 0.4404296875 0.39111328125 0.4697265625 0.39013671875 0.482421875 0.38720703125 0.4921875 0.38720703125 0.4951171875 0.3798828125 0.4951171875 0.3759765625 0.4921875 0.37353515625 0.4873046875 0.35009765625 0.4853515625 0.34765625 0.5048828125 0.3427734375 0.5078125 0.33203125 0.5078125 0.33203125 0.4970703125 0.2880859375 0.4931640625
5 0.208984375 0.333984375 0.21533203125 0.3115234375 0.22119140625 0.296875 0.232421875 0.287109375 0.25 0.2841796875 0.26953125 0.287109375 0.28466796875 0.296875 0.28466796875 0.3037109375 0.283203125 0.3037109375 0.27880859375 0.3046875 0.27734375 0.3447265625 0.2685546875 0.3583984375 0.2724609375 0.373046875 0.27685546875 0.3857421875 0.2783203125 0.3916015625 0.287109375 0.400390625 0.291015625 0.41015625 0.291015625 0.435546875 0.2919921875 0.4609375 0.2919921875 0.4677734375 0.291015625 0.498046875 0.29052734375 0.51171875 0.28564453125 0.5205078125 0.28125 0.5244140625 0.27197265625 0.5224609375 0.27099609375 0.51953125 0.26708984375 0.5068359375 0.2587890625 0.5029296875 0.236328125 0.5048828125 0.23486328125 0.52734375 0.2275390625 0.5400390625 0.21875 0.5439453125 0.2001953125 0.5419921875 0.1904296875 0.5322265625 0.17919921875 0.52734375 0.17822265625 0.5205078125 0.14599609375 0.517578125 0.1396484375 0.5166015625 0.1337890625 0.529296875 0.12841796875 0.5390625 0.11865234375 0.5400390625 0.1025390625 0.529296875 0.09814453125 0.5078125 0.0966796875 0.4833984375 0.09912109375 0.4755859375 0.1015625 0.4384765625 0.10791015625 0.4140625 0.115234375 0.400390625 0.1201171875 0.3955078125 0.12353515625 0.396484375 0.1376953125 0.38671875 0.138671875 0.37890625 0.14501953125 0.373046875 0.14599609375 0.3740234375 0.1669921875 0.3388671875 0.18798828125 0.333984375
5 0.5 0.369140625 0.5234375 0.3681640625 0.54443359375 0.37109375 0.5517578125 0.3759765625 0.556640625 0.3955078125 0.55908203125 0.40625 0.5615234375 0.4140625 0.56201171875 0.4326171875 0.564453125 0.4384765625 0.5634765625 0.4609375 0.56298828125 0.4833984375 0.55908203125 0.4921875 0.55322265625 0.4921875 0.5498046875 0.482421875 0.55078125 0.4794921875 0.54443359375 0.48046875 0.54345703125 0.4921875 0.54296875 0.4951171875 0.541015625 0.5 0.52880859375 0.501953125 0.52490234375 0.490234375 0.486328125 0.490234375 0.47900390625 0.48828125 0.47509765625 0.48828125 0.47314453125 0.498046875 0.46923828125 0.5 0.462890625 0.4970703125 0.46044921875 0.48046875 0.4619140625 0.4404296875 0.4638671875 0.4306640625 0.47412109375 0.4130859375 0.4677734375 0.4111328125 0.4677734375 0.408203125 0.46923828125 0.4033203125 0.47412109375 0.3984375 0.48388671875 0.3857421875 0.49365234375 0.37109375
5 0.8876953125 0.4111328125 0.89208984375 0.400390625 0.892578125 0.3984375 0.9208984375 0.3984375 0.9267578125 0.4013671875 0.9248046875 0.451171875 0.919921875 0.4775390625 0.90087890625 0.4794921875 0.89111328125 0.4775390625 0.89111328125 0.4873046875 0.884765625 0.4853515625 0.88720703125 0.435546875
5 0.92822265625 0.4033203125 0.92822265625 0.4375 0.9345703125 0.4228515625 0.931640625 0.408203125 0.9306640625 0.40625
5 0.9365234375 0.41015625 0.9306640625 0.4228515625 0.919921875 0.4482421875 0.91796875 0.4599609375 0.9169921875 0.48828125 0.91845703125 0.498046875 0.92578125 0.4970703125 0.92724609375 0.4873046875 0.93798828125 0.4853515625 0.939453125 0.5 0.9453125 0.5029296875 0.9482421875 0.4931640625 0.96875 0.48828125 0.98291015625 0.41015625 0.98046875 0.3984375 0.97119140625 0.3984375 0.9541015625 0.3984375 0.94921875 0.3984375 0.9384765625 0.4052734375
5 0.99951171875 0.3984375 0.98388671875 0.400390625 0.9775390625 0.4052734375 0.96435546875 0.4326171875 0.96142578125 0.443359375 0.95654296875 0.455078125 0.95263671875 0.47265625 0.95166015625 0.5048828125 0.95556640625 0.5166015625 0.9638671875 0.5166015625 0.966796875 0.501953125 0.96875 0.517578125 0.97119140625 0.5224609375 0.98046875 0.5224609375 0.9814453125 0.5126953125 0.99951171875 0.5126953125
