2 0.3427734375 0.0 0.35546875 0.0 0.35546875 0.0078125 0.37353515625 0.0078125 0.3818359375 0.0263671875 0.38623046875 0.02734375 0.3876953125 0.0341796875 0.3916015625 0.0322265625 0.39404296875 0.0322265625 0.39697265625 0.033203125 0.39697265625 0.0361328125 0.39697265625 0.044921875 0.3994140625 0.048828125 0.484375 0.046875 0.48388671875 0.0302734375 0.48046875 0.02734375 0.48388671875 0.009765625 0.48388671875 0.0 0.99951171875 0.0 0.99951171875 0.484375 0.0 0.669921875 0.0 0.0
0 0.0 0.5859375 0.12548828125 0.5166015625 0.26513671875 0.462890625 0.3349609375 0.423828125 0.37548828125 0.416015625 0.42138671875 0.4140625 0.4423828125 0.41015625 0.453125 0.4091796875 0.49560546875 0.4130859375 0.61181640625 0.4326171875 0.6845703125 0.4716796875 0.85302734375 0.4697265625 0.99951171875 0.548828125 0.99951171875 0.9990234375 0.0 0.9990234375
5 0.43896484375 0.40625 0.43994140625 0.4013671875 0.44091796875 0.3974609375 0.4423828125 0.396484375 0.44775390625 0.3955078125 0.4541015625 0.3955078125 0.45361328125 0.4140625 0.451171875 0.419921875 0.44287109375 0.419921875
5 0.4248046875 0.40234375 0.42822265625 0.400390625 0.43310546875 0.400390625 0.4365234375 0.400390625 0.44189453125 0.4072265625 0.4443359375 0.4140625 0.4443359375 0.4208984375 0.44287109375 0.4208984375 0.44287109375 0.4189453125 0.43701171875 0.4189453125 0.43701171875 0.421875 0.43505859375 0.421875 0.43505859375 0.4189453125 0.4296875 0.4189453125 0.42333984375 0.4091796875
5 0.41064453125 0.4248046875 0.40673828125 0.4248046875 0.40576171875 0.4140625 0.40869140625 0.404296875 0.4140625 0.4033203125 0.41796875 0.4013671875 0.42333984375 0.4013671875 0.42431640625 0.408203125 0.42724609375 0.412109375 0.4296875 0.4140625 0.4296875 0.421875 0.427734375 0.421875 0.41552734375 0.4248046875
1 0.6318359375 0.4765625 0.64404296875 0.486328125 0.65576171875 0.4970703125 0.65966796875 0.4990234375 0.67138671875 0.5009765625 0.724609375 0.5048828125 0.81396484375 0.5068359375 0.892578125 0.5009765625 0.82666015625 0.447265625 0.80517578125 0.447265625 0.80517578125 0.4619140625 0.76904296875 0.451171875 0.76416015625 0.4443359375 0.75048828125 0.4443359375 0.75048828125 0.44921875 0.72509765625 0.4541015625 0.6748046875 0.4453125 0.62353515625 0.4326171875
1 0.8232421875 0.5751953125 0.8173828125 0.5732421875 0.79248046875 0.5810546875 0.77392578125 0.591796875 0.76318359375 0.5986328125 0.7568359375 0.6103515625 0.755859375 0.623046875 0.75439453125 0.650390625 0.759765625 0.662109375 0.77001953125 0.671875 0.7880859375 0.681640625 0.80224609375 0.685546875 0.8154296875 0.6875 0.8359375 0.6884765625
5 0.470703125 0.390625 0.4697265625 0.390625 0.46533203125 0.396484375 0.46337890625 0.4013671875 0.46240234375 0.408203125 0.4599609375 0.4169921875 0.458984375 0.4248046875 0.458984375 0.4306640625 0.45947265625 0.431640625 0.4697265625 0.435546875 0.47607421875 0.4072265625 0.470703125 0.390625
5 0.47119140625 0.3916015625 0.47021484375 0.4052734375 0.46923828125 0.4091796875 0.47021484375 0.41796875 0.47021484375 0.435546875 0.474609375 0.435546875 0.474609375 0.431640625 0.47607421875 0.431640625 0.47607421875 0.4375 0.48291015625 0.4375 0.509765625 0.3876953125 0.50927734375 0.384765625 0.50927734375 0.3759765625 0.5078125 0.3720703125 0.4814453125 0.37109375 0.4736328125 0.3740234375
5 0.490234375 0.390625 0.48486328125 0.40625 0.48291015625 0.4052734375 0.48095703125 0.4052734375 0.4814453125 0.4091796875 0.484375 0.4091796875 0.4833984375 0.4140625 0.48095703125 0.41796875 0.478515625 0.4208984375 0.47802734375 0.4296875 0.478515625 0.4365234375 0.4814453125 0.44140625 0.484375 0.44140625 0.48583984375 0.4384765625 0.48681640625 0.44140625 0.4892578125 0.4423828125 0.4921875 0.44140625 0.49755859375 0.431640625 0.50244140625 0.390625
5 0.50146484375 0.3857421875 0.49951171875 0.390625 0.498046875 0.396484375 0.49365234375 0.396484375 0.49267578125 0.4013671875 0.4921875 0.40625 0.4921875 0.4140625 0.494140625 0.4140625 0.49365234375 0.42578125 0.4931640625 0.435546875 0.49365234375 0.4453125 0.49560546875 0.4453125 0.49560546875 0.4482421875 0.5 0.4482421875 0.5 0.4384765625 0.51220703125 0.4384765625 0.5244140625 0.390625 0.51953125 0.384765625 0.51416015625 0.3828125 0.5078125 0.3837890625
5 0.51318359375 0.392578125 0.50830078125 0.408203125 0.50732421875 0.4072265625 0.50732421875 0.4033203125 0.50439453125 0.40625 0.50439453125 0.4091796875 0.5068359375 0.4091796875 0.5078125 0.41015625 0.5048828125 0.4208984375 0.50439453125 0.4287109375 0.5048828125 0.451171875 0.509765625 0.4521484375 0.51318359375 0.4521484375 0.517578125 0.4326171875 0.52880859375 0.390625 0.52197265625 0.3896484375
5 0.52783203125 0.384765625 0.5244140625 0.3896484375 0.51904296875 0.4072265625 0.51513671875 0.4140625 0.513671875 0.4189453125 0.51318359375 0.4287109375 0.5126953125 0.44140625 0.5126953125 0.453125 0.51416015625 0.455078125 0.51953125 0.455078125 0.52001953125 0.458984375 0.53662109375 0.458984375 0.546875 0.4296875 0.548828125 0.3837890625 0.54638671875 0.384765625 0.5380859375 0.3837890625
5 0.54736328125 0.3935546875 0.54541015625 0.3974609375 0.54248046875 0.408203125 0.54052734375 0.4072265625 0.5390625 0.4072265625 0.53955078125 0.41015625 0.541015625 0.4140625 0.537109375 0.427734375 0.53662109375 0.44140625 0.53662109375 0.451171875 0.53662109375 0.45703125 0.53759765625 0.4638671875 0.54296875 0.4638671875 0.54296875 0.4609375 0.544921875 0.4609375 0.54541015625 0.4638671875 0.5458984375 0.46875 0.5517578125 0.46875 0.5556640625 0.41015625 0.55419921875 0.3896484375 0.552734375 0.3896484375
5 0.564453125 0.3525390625 0.56103515625 0.357421875 0.55859375 0.3701171875 0.5546875 0.388671875 0.552734375 0.388671875 0.55224609375 0.380859375 0.546875 0.380859375 0.54638671875 0.384765625 0.54638671875 0.392578125 0.55322265625 0.39453125 0.5517578125 0.412109375 0.55224609375 0.41796875 0.55126953125 0.423828125 0.54931640625 0.439453125 0.548828125 0.455078125 0.548828125 0.4658203125 0.55126953125 0.4755859375 0.55908203125 0.4765625 0.5595703125 0.46875 0.5634765625 0.46875 0.56396484375 0.4775390625 0.56494140625 0.4853515625 0.57373046875 0.4853515625 0.5751953125 0.4794921875 0.5751953125 0.4716796875 0.6201171875 0.4677734375 0.62060546875 0.4892578125 0.63427734375 0.4873046875 0.63525390625 0.478515625 0.63525390625 0.466796875 0.63720703125 0.4638671875 0.6376953125 0.455078125 0.63671875 0.451171875 0.6376953125 0.421875 0.63623046875 0.392578125 0.5869140625 0.345703125 0.57958984375 0.3466796875 0.5693359375 0.3486328125
1 0.0 0.6162109375 0.009765625 0.6064453125 0.01806640625 0.5986328125 0.03125 0.59375 0.05810546875 0.58203125 0.06640625 0.5791015625 0.0791015625 0.57421875 0.09765625 0.568359375 0.115234375 0.5634765625 0.14794921875 0.552734375 0.17822265625 0.544921875 0.20263671875 0.5390625 0.2392578125 0.52734375 0.2392578125 0.51953125 0.197265625 0.51953125 0.17822265625 0.5166015625 0.2490234375 0.453125 0.1669921875 0.4697265625 0.1455078125 0.4775390625 0.13623046875 0.4794921875 0.107421875 0.4921875 0.09423828125 0.4912109375 0.0 0.5107421875
3 0.8310546875 0.376953125 0.89794921875 0.3720703125 0.904296875 0.3720703125 0.88232421875 0.486328125 0.82958984375 0.5166015625 0.82666015625 0.412109375 0.82763671875 0.3876953125 0.828125 0.3818359375 0.8291015625 0.37890625
5 0.99951171875 0.2548828125 0.978515625 0.265625 0.966796875 0.2744140625 0.95751953125 0.28515625 0.9501953125 0.2978515625 0.9462890625 0.3056640625 0.93310546875 0.318359375 0.92041015625 0.3359375 0.9072265625 0.35546875 0.890625 0.384765625 0.87451171875 0.4140625 0.87060546875 0.421875 0.8671875 0.431640625 0.865234375 0.4287109375 0.85693359375 0.431640625 0.8505859375 0.4404296875 0.84619140625 0.447265625 0.84375 0.453125 0.84375 0.4599609375 0.8447265625 0.466796875 0.84619140625 0.4736328125 0.83984375 0.4794921875 0.8330078125 0.4892578125 0.828125 0.5 0.82275390625 0.5185546875 0.81982421875 0.5361328125 0.8173828125 0.552734375 0.8173828125 0.568359375 0.8193359375 0.5849609375 0.82080078125 0.615234375 0.82275390625 0.640625 0.8212890625 0.6474609375 0.82080078125 0.65234375 0.82177734375 0.6572265625 0.82373046875 0.6630859375 0.82470703125 0.6796875 0.82666015625 0.7041015625 0.82861328125 0.71875 0.83251953125 0.73046875 0.83837890625 0.736328125 0.84716796875 0.73828125 0.85693359375 0.740234375 0.86474609375 0.7412109375 0.8740234375 0.7177734375 0.89453125 0.73046875 0.89794921875 0.73046875 0.97998046875 0.806640625 0.98095703125 0.830078125 0.98388671875 0.853515625 0.99267578125 0.888671875 0.99951171875 0.912109375
4 0.65673828125 0.0 0.65576171875 0.0126953125 0.65673828125 0.0185546875 0.65576171875 0.0224609375 0.65478515625 0.0263671875 0.6552734375 0.0341796875 0.6552734375 0.0380859375 0.65478515625 0.04296875 0.65380859375 0.0478515625 0.6533203125 0.0556640625 0.65234375 0.060546875 0.6513671875 0.064453125 0.65283203125 0.0693359375 0.6513671875 0.072265625 0.6513671875 0.0751953125 0.6533203125 0.0732421875 0.6533203125 0.078125 0.65234375 0.0791015625 0.65283203125 0.0830078125 0.65283203125 0.0869140625 0.65380859375 0.0869140625 0.6533203125 0.091796875 0.6533203125 0.0947265625 0.654296875 0.095703125 0.654296875 0.0986328125 0.65234375 0.0986328125 0.65087890625 0.1025390625 0.65087890625 0.1064453125 0.64990234375 0.109375 0.64990234375 0.1123046875 0.650390625 0.115234375 0.64990234375 0.1181640625 0.650390625 0.1201171875 0.65234375 0.119140625 0.6513671875 0.123046875 0.6513671875 0.1298828125 0.65283203125 0.1337890625 0.65234375 0.1357421875 0.65234375 0.140625 0.65380859375 0.142578125 0.65478515625 0.142578125 0.6533203125 0.14453125 0.65380859375 0.15234375 0.65380859375 0.1630859375 0.65283203125 0.16796875 0.65283203125 0.173828125 0.65283203125 0.177734375 0.65283203125 0.1796875 0.6533203125 0.1826171875 0.65478515625 0.19140625 0.65576171875 0.1982421875 0.65625 0.2109375 0.6572265625 0.2177734375 0.65966796875 0.2197265625 0.65673828125 0.2236328125 0.658203125 0.2265625 0.6591796875 0.2294921875 0.6611328125 0.2294921875 0.6640625 0.2294921875 0.66552734375 0.23046875 0.66650390625 0.2294921875 0.66650390625 0.228515625 0.66552734375 0.2275390625 0.66162109375 0.2265625 0.66162109375 0.224609375 0.666015625 0.21875 0.6640625 0.2177734375 0.662109375 0.2177734375 0.66064453125 0.2158203125 0.66259765625 0.212890625 0.66748046875 0.2099609375 0.67822265625 0.201171875 0.6787109375 0.2041015625 0.6796875 0.205078125 0.6796875 0.2021484375 0.6806640625 0.2001953125 0.68212890625 0.19921875 0.68359375 0.1953125 0.68505859375 0.1953125 0.68408203125 0.1904296875 0.68408203125 0.1884765625 0.6826171875 0.1875 0.6826171875 0.18359375 0.68310546875 0.1826171875 0.6845703125 0.185546875 0.68603515625 0.185546875 0.68359375 0.1787109375 0.68408203125 0.173828125 0.68310546875 0.171875 0.6806640625 0.173828125 0.6796875 0.1748046875 0.6787109375 0.171875 0.6787109375 0.1689453125 0.6806640625 0.1669921875 0.68408203125 0.16015625 0.6806640625 0.162109375 0.68115234375 0.1572265625 0.68017578125 0.1552734375 0.67919921875 0.1513671875 0.68017578125 0.1474609375 0.68212890625 0.14453125 0.68017578125 0.142578125 0.67919921875 0.1396484375 0.6796875 0.1357421875 0.6806640625 0.1318359375 0.68017578125 0.12890625 0.6796875 0.119140625 0.68212890625 0.115234375 0.68359375 0.115234375 0.68359375 0.119140625 0.68359375 0.123046875 0.685546875 0.1220703125 0.68701171875 0.123046875 0.68701171875 0.12890625 0.68798828125 0.1328125 0.689453125 0.134765625 0.69287109375 0.1396484375 0.69775390625 0.1396484375 0.7001953125 0.1435546875 0.70263671875 0.14453125 0.69775390625 0.134765625 0.697265625 0.1318359375 0.69580078125 0.1337890625 0.69482421875 0.1318359375 0.689453125 0.1201171875 0.69189453125 0.1162109375 0.69482421875 0.1171875 0.697265625 0.1181640625 0.69970703125 0.1181640625 0.70068359375 0.1162109375 0.69970703125 0.1142578125 0.697265625 0.1142578125 0.69384765625 0.1083984375 0.6962890625 0.09765625 0.6943359375 0.0712890625 0.6982421875 0.072265625 0.7041015625 0.068359375 0.70458984375 0.0712890625 0.70654296875 0.0712890625 0.70751953125 0.0673828125 0.70654296875 0.060546875 0.705078125 0.0595703125 0.7041015625 0.0556640625 0.70458984375 0.0478515625 0.70751953125 0.037109375 0.708984375 0.03125 0.7080078125 0.0
4 0.51171875 0.2373046875 0.5126953125 0.3115234375 0.51171875 0.314453125 0.51123046875 0.33203125 0.51220703125 0.33203125 0.51220703125 0.3642578125 0.51025390625 0.3671875 0.50732421875 0.365234375 0.50634765625 0.3681640625 0.50634765625 0.37109375 0.50390625 0.37109375 0.50390625 0.3583984375 0.49951171875 0.3603515625 0.49462890625 0.3603515625 0.494140625 0.3525390625 0.49169921875 0.353515625 0.48876953125 0.35546875 0.48876953125 0.3603515625 0.48876953125 0.3642578125 0.48779296875 0.365234375 0.48388671875 0.3623046875 0.48291015625 0.3623046875 0.4814453125 0.365234375 0.482421875 0.3681640625 0.48193359375 0.3701171875 0.48046875 0.3720703125 0.47705078125 0.373046875 0.47607421875 0.3701171875 0.474609375 0.3642578125 0.4716796875 0.3642578125 0.470703125 0.3583984375 0.470703125 0.3525390625 0.470703125 0.3466796875 0.4697265625 0.33984375 0.47216796875 0.3291015625 0.47119140625 0.322265625 0.46923828125 0.3251953125 0.4658203125 0.3232421875 0.46826171875 0.3193359375 0.466796875 0.3173828125 0.4638671875 0.3173828125 0.4658203125 0.3125 0.46923828125 0.3115234375 0.47119140625 0.3134765625 0.47216796875 0.3134765625 0.474609375 0.3193359375 0.4736328125 0.3115234375 0.47412109375 0.30859375 0.47216796875 0.3056640625 0.47119140625 0.3046875 0.47412109375 0.30078125 0.47509765625 0.30078125 0.47607421875 0.3046875 0.4775390625 0.302734375 0.47705078125 0.2998046875 0.474609375 0.296875 0.474609375 0.294921875 0.4765625 0.2939453125 0.47802734375 0.296875 0.47802734375 0.29296875 0.4794921875 0.287109375 0.47802734375 0.28515625 0.47705078125 0.2822265625 0.4775390625 0.2783203125 0.47607421875 0.2734375 0.47607421875 0.271484375 0.47802734375 0.2724609375 0.48046875 0.2724609375 0.48193359375 0.2724609375 0.484375 0.2744140625 0.48486328125 0.2724609375 0.48291015625 0.2705078125 0.48291015625 0.265625 0.4814453125 0.2646484375 0.478515625 0.263671875 0.4775390625 0.259765625 0.47802734375 0.25390625 0.48095703125 0.251953125 0.4814453125 0.2490234375 0.48291015625 0.2412109375 0.484375 0.240234375 0.48583984375 0.2412109375 0.48486328125 0.24609375 0.48486328125 0.248046875 0.48681640625 0.248046875 0.48779296875 0.2421875 0.4892578125 0.236328125 0.4921875 0.234375 0.49609375 0.2353515625 0.50244140625 0.2353515625 0.501953125 0.23828125 0.5048828125 0.23828125 0.50830078125 0.23828125
5 0.3935546875 0.40234375 0.40234375 0.3994140625 0.40576171875 0.3994140625 0.4072265625 0.4072265625 0.41015625 0.4169921875 0.40966796875 0.423828125 0.40869140625 0.4248046875 0.39794921875 0.421875
5 0.37451171875 0.3994140625 0.38623046875 0.3955078125 0.39013671875 0.396484375 0.3974609375 0.40625 0.40087890625 0.4091796875 0.4033203125 0.412109375 0.404296875 0.4150390625 0.404296875 0.423828125 0.40283203125 0.4248046875 0.40087890625 0.427734375 0.39990234375 0.4287109375 0.39794921875 0.4287109375 0.3974609375 0.4267578125 0.38916015625 0.4267578125 0.38818359375 0.4296875 0.37744140625 0.4306640625
5 0.3408203125 0.390625 0.34326171875 0.3876953125 0.3583984375 0.3876953125 0.361328125 0.388671875 0.3623046875 0.3916015625 0.36474609375 0.4052734375 0.36767578125 0.41796875 0.36328125 0.4306640625 0.357421875 0.4267578125
5 0.330078125 0.3955078125 0.33203125 0.3916015625 0.33447265625 0.3896484375 0.35107421875 0.388671875 0.35791015625 0.40625 0.359375 0.4091796875 0.35888671875 0.412109375 0.359375 0.419921875 0.359375 0.435546875 0.35693359375 0.439453125 0.35498046875 0.4404296875 0.3447265625 0.439453125
5 0.31201171875 0.396484375 0.3154296875 0.3935546875 0.3330078125 0.392578125 0.33740234375 0.392578125 0.34033203125 0.3994140625 0.3447265625 0.4150390625 0.3486328125 0.431640625 0.3486328125 0.4404296875 0.34716796875 0.4482421875 0.345703125 0.453125 0.34375 0.4541015625 0.34033203125 0.4541015625 0.34033203125 0.4501953125 0.32666015625 0.44921875
5 0.31494140625 0.3974609375 0.32177734375 0.396484375 0.32470703125 0.396484375 0.32763671875 0.4052734375 0.3310546875 0.4150390625 0.33203125 0.4150390625 0.33251953125 0.412109375 0.333984375 0.41015625 0.33544921875 0.412109375 0.3359375 0.4150390625 0.3349609375 0.4169921875 0.333984375 0.41796875 0.33154296875 0.41796875 0.33349609375 0.4248046875 0.3349609375 0.4365234375 0.33544921875 0.44140625 0.33544921875 0.45703125 0.33251953125 0.458984375 0.33203125 0.4619140625 0.3310546875 0.462890625 0.328125 0.462890625
5 0.28564453125 0.4013671875 0.2900390625 0.3974609375 0.29541015625 0.3955078125 0.30615234375 0.3955078125 0.31494140625 0.396484375 0.31884765625 0.40234375 0.322265625 0.412109375 0.3232421875 0.4189453125 0.32568359375 0.421875 0.32861328125 0.431640625 0.32861328125 0.447265625 0.32861328125 0.4619140625 0.32861328125 0.4658203125 0.32763671875 0.4677734375 0.32568359375 0.4677734375 0.32470703125 0.4716796875 0.3193359375 0.4716796875 0.31787109375 0.4677734375 0.31787109375 0.46484375 0.30029296875 0.46484375
5 0.234375 0.400390625 0.23779296875 0.3955078125 0.24365234375 0.39453125 0.2509765625 0.3935546875 0.26416015625 0.392578125 0.27197265625 0.392578125 0.27880859375 0.392578125 0.28173828125 0.392578125 0.28515625 0.3955078125 0.28955078125 0.40234375 0.2939453125 0.4150390625 0.29541015625 0.41796875 0.2958984375 0.4208984375 0.29736328125 0.4208984375 0.29736328125 0.41796875 0.298828125 0.416015625 0.30126953125 0.416015625 0.3037109375 0.4189453125 0.3037109375 0.421875 0.302734375 0.4248046875 0.29638671875 0.4248046875 0.29638671875 0.427734375 0.3037109375 0.431640625 0.30517578125 0.439453125 0.30615234375 0.451171875 0.30615234375 0.4619140625 0.30615234375 0.4814453125 0.30615234375 0.4892578125 0.298828125 0.4892578125 0.2939453125 0.4990234375 0.28466796875 0.4990234375 0.28369140625 0.4931640625 0.283203125 0.486328125 0.24951171875 0.48828125 0.24951171875 0.49609375 0.2490234375 0.5 0.24072265625 0.5 0.240234375 0.4970703125 0.240234375 0.4892578125 0.23291015625 0.4912109375 0.2314453125 0.5048828125 0.2197265625 0.50390625 0.21875 0.4912109375 0.21923828125 0.44921875 0.21923828125 0.4404296875 0.220703125 0.43359375 0.22265625 0.427734375 0.2275390625 0.4140625
5 0.46875 0.3896484375 0.46484375 0.3896484375 0.45947265625 0.39453125 0.45654296875 0.408203125 0.4560546875 0.4169921875 0.4560546875 0.4208984375 0.455078125 0.4267578125 0.455078125 0.4287109375 0.455078125 0.4296875 0.45166015625 0.4287109375 0.45166015625 0.4208984375 0.451171875 0.416015625 0.451171875 0.41015625 0.45166015625 0.4072265625 0.45263671875 0.404296875 0.45361328125 0.39453125 0.4560546875 0.3896484375 0.46435546875 0.388671875 0.46875 0.3896484375
5 0.4150390625 0.40234375 0.41552734375 0.404296875 0.41748046875 0.408203125 0.4189453125 0.4130859375 0.42041015625 0.4189453125 0.4208984375 0.4228515625 0.427734375 0.421875 0.4296875 0.421875 0.4296875 0.4140625 0.42724609375 0.412109375 0.42431640625 0.408203125 0.42333984375 0.4013671875 0.41796875 0.4013671875 0.4150390625 0.40234375
