0 0.5654296875 0.3935546875 0.5126953125 0.3994140625 0.38818359375 0.4072265625 0.2607421875 0.443359375 0.15966796875 0.4423828125 0.0 0.6162109375 0.0 0.9990234375 0.99951171875 0.9990234375 0.99951171875 0.4921875
1 0.552734375 0.4052734375 0.52294921875 0.41015625 0.466796875 0.41796875 0.5 0.404296875 0.52587890625 0.3935546875 0.5556640625 0.390625
2 0.6025390625 0.0 0.59375 0.3203125 0.75537109375 0.4755859375 0.99951171875 0.439453125 0.99951171875 0.0
4 0.40576171875 0.3798828125 0.3994140625 0.330078125 0.388671875 0.1923828125 0.38818359375 0.17578125 0.390625 0.16796875 0.3935546875 0.166015625 0.3984375 0.16015625 0.39990234375 0.154296875 0.39892578125 0.146484375 0.4013671875 0.1435546875 0.40283203125 0.1357421875 0.39990234375 0.1318359375 0.400390625 0.126953125 0.40234375 0.1240234375 0.4052734375 0.12109375 0.40869140625 0.115234375 0.4111328125 0.1083984375 0.4111328125 0.10546875 0.40478515625 0.1083984375 0.40087890625 0.1044921875 0.39990234375 0.0966796875 0.3984375 0.0908203125 0.3994140625 0.0791015625 0.40283203125 0.068359375 0.40673828125 0.0595703125 0.4091796875 0.0517578125 0.41748046875 0.0556640625 0.42041015625 0.060546875 0.421875 0.056640625 0.4208984375 0.0517578125 0.419921875 0.0478515625 0.41748046875 0.0361328125 0.419921875 0.0322265625 0.42333984375 0.033203125 0.42724609375 0.0380859375 0.427734375 0.0322265625 0.42333984375 0.0224609375 0.42529296875 0.0087890625 0.4267578125 0.0 0.99951171875 0.0 0.99951171875 0.064453125 0.9443359375 0.087890625 0.9345703125 0.091796875 0.92333984375 0.099609375 0.900390625 0.1044921875 0.8876953125 0.123046875 0.880859375 0.1396484375 0.875 0.146484375 0.87060546875 0.142578125 0.865234375 0.1357421875 0.857421875 0.1318359375 0.8505859375 0.134765625 0.84765625 0.140625 0.84326171875 0.1435546875 0.83544921875 0.1533203125 0.83154296875 0.16015625 0.82763671875 0.166015625 0.82177734375 0.171875 0.81884765625 0.1748046875 0.81396484375 0.1748046875 0.81005859375 0.1787109375 0.80712890625 0.1787109375 0.8037109375 0.1767578125 0.79931640625 0.17578125 0.798828125 0.1748046875 0.7978515625 0.2265625 0.79638671875 0.3232421875 0.791015625 0.3994140625 0.78125 0.40234375 0.78369140625 0.3349609375 0.78564453125 0.2578125 0.78466796875 0.224609375 0.78369140625 0.2177734375 0.77734375 0.2158203125 0.7705078125 0.2060546875 0.7666015625 0.1923828125 0.7685546875 0.185546875 0.76708984375 0.1689453125 0.76123046875 0.166015625 0.7548828125 0.154296875 0.74462890625 0.146484375 0.73779296875 0.1396484375 0.7333984375 0.1376953125 0.7294921875 0.1298828125 0.7236328125 0.1103515625 0.72216796875 0.099609375 0.71923828125 0.0947265625 0.70849609375 0.0966796875 0.703125 0.10546875 0.69580078125 0.1103515625 0.68408203125 0.1220703125 0.67822265625 0.1279296875 0.67236328125 0.1337890625 0.66552734375 0.1435546875 0.66015625 0.15234375 0.6513671875 0.162109375 0.6484375 0.169921875 0.64501953125 0.181640625 0.64306640625 0.189453125 0.640625 0.1953125 0.63720703125 0.2001953125 0.63134765625 0.2021484375 0.623046875 0.1982421875 0.61572265625 0.1953125 0.61572265625 0.2412109375 0.58544921875 0.3955078125 0.5400390625 0.3994140625 0.53076171875 0.4013671875 0.5185546875 0.4033203125 0.48583984375 0.4013671875 0.41650390625 0.39453125 0.400390625 0.3916015625
1 0.39306640625 0.41796875 0.40380859375 0.41796875 0.41845703125 0.41015625 0.41845703125 0.419921875 0.361328125 0.431640625 0.34716796875 0.4375 0.326171875 0.44140625 0.314453125 0.4453125 0.30712890625 0.4521484375 0.2802734375 0.4482421875 0.255859375 0.4482421875 0.21630859375 0.451171875 0.21826171875 0.421875 0.36376953125 0.4130859375 0.3681640625 0.4189453125
2 0.46630859375 0.3837890625 0.4658203125 0.353515625 0.49951171875 0.3505859375 0.49951171875 0.35546875 0.490234375 0.3564453125 0.48974609375 0.3876953125 0.470703125 0.390625
2 0.40625 0.388671875 0.40380859375 0.228515625 0.4072265625 0.2275390625 0.408203125 0.2177734375 0.4052734375 0.2158203125 0.404296875 0.1904296875 0.4072265625 0.1767578125 0.39892578125 0.16015625 0.39208984375 0.1591796875 0.37890625 0.1796875 0.375 0.181640625 0.3671875 0.177734375 0.359375 0.169921875 0.35888671875 0.126953125 0.36181640625 0.1162109375 0.36181640625 0.1083984375 0.248046875 0.033203125 0.24560546875 0.0166015625 0.25 0.0087890625 0.25390625 0.0 0.0 0.0 0.0 0.572265625 0.1943359375 0.4736328125 0.19287109375 0.4375 0.2216796875 0.4443359375 0.35009765625 0.423828125 0.39990234375 0.4150390625
1 0.1943359375 0.47265625 0.19384765625 0.462890625 0.2744140625 0.462890625 0.29541015625 0.4619140625 0.310546875 0.4638671875 0.31591796875 0.4658203125 0.31591796875 0.4716796875 0.28564453125 0.48828125 0.224609375 0.5380859375 0.15234375 0.60546875 0.0 0.7216796875 0.0 0.5634765625
1 0.55322265625 0.416015625 0.5390625 0.416015625 0.5322265625 0.419921875 0.529296875 0.4267578125 0.52587890625 0.43359375 0.51953125 0.44140625 0.5166015625 0.4501953125 0.515625 0.455078125 0.52587890625 0.45703125 0.56005859375 0.458984375 0.55810546875 0.4296875
5 0.40576171875 0.3818359375 0.421875 0.3818359375 0.4287109375 0.3828125 0.43701171875 0.4013671875 0.43701171875 0.4091796875 0.4189453125 0.4072265625 0.40625 0.4013671875 0.40234375 0.392578125 0.40234375 0.3876953125
5 0.37451171875 0.4189453125 0.37646484375 0.421875 0.3798828125 0.421875 0.38134765625 0.41796875 0.38671875 0.41796875 0.38720703125 0.419921875 0.38916015625 0.421875 0.39208984375 0.4208984375 0.392578125 0.41796875 0.40234375 0.41796875 0.40380859375 0.421875 0.40625 0.423828125 0.4091796875 0.421875 0.40966796875 0.419921875 0.41455078125 0.419921875 0.42333984375 0.419921875 0.4267578125 0.4130859375 0.4267578125 0.4052734375 0.4228515625 0.3974609375 0.41162109375 0.39453125 0.40625 0.388671875 0.4033203125 0.384765625 0.3974609375 0.3828125 0.3857421875 0.3837890625 0.37744140625 0.3876953125 0.37548828125 0.3916015625 0.373046875 0.3994140625 0.373046875 0.4052734375 0.373046875 0.4140625
5 0.4345703125 0.3876953125 0.435546875 0.3779296875 0.439453125 0.3759765625 0.44873046875 0.3740234375 0.45849609375 0.3720703125 0.462890625 0.3740234375 0.466796875 0.3935546875 0.43994140625 0.4033203125
5 0.48193359375 0.3896484375 0.48583984375 0.37890625 0.4892578125 0.376953125 0.49462890625 0.3759765625 0.50537109375 0.376953125 0.5078125 0.3779296875 0.51123046875 0.384765625 0.5126953125 0.388671875 0.515625 0.388671875 0.515625 0.392578125 0.51513671875 0.39453125 0.515625 0.3994140625 0.515625 0.41015625 0.515625 0.419921875 0.51513671875 0.421875 0.51171875 0.421875 0.51171875 0.4169921875 0.509765625 0.416015625 0.50927734375 0.421875 0.505859375 0.421875 0.50537109375 0.4189453125 0.50244140625 0.41796875 0.49267578125 0.41796875 0.49267578125 0.421875 0.4892578125 0.421875 0.4892578125 0.41796875 0.48193359375 0.41796875 0.48095703125 0.40234375
5 0.453125 0.3857421875 0.45654296875 0.3779296875 0.458984375 0.376953125 0.47119140625 0.376953125 0.47802734375 0.3779296875 0.482421875 0.3857421875 0.484375 0.3955078125 0.48583984375 0.3955078125 0.4873046875 0.39453125 0.48876953125 0.3955078125 0.4892578125 0.3974609375 0.4892578125 0.400390625 0.48828125 0.4013671875 0.48583984375 0.4013671875 0.4873046875 0.4052734375 0.4873046875 0.41015625 0.48681640625 0.4140625 0.486328125 0.421875 0.486328125 0.4384765625 0.48486328125 0.439453125 0.48291015625 0.44140625 0.48095703125 0.4423828125 0.478515625 0.4423828125 0.478515625 0.43359375 0.47802734375 0.4326171875 0.474609375 0.431640625 0.46826171875 0.431640625 0.45654296875 0.4130859375
5 0.42626953125 0.40234375 0.42919921875 0.3876953125 0.4306640625 0.3818359375 0.43310546875 0.3798828125 0.4521484375 0.37890625 0.46240234375 0.37890625 0.4658203125 0.3837890625 0.4697265625 0.400390625 0.47021484375 0.4033203125 0.47216796875 0.40234375 0.47412109375 0.400390625 0.4755859375 0.4013671875 0.4765625 0.404296875 0.4755859375 0.40625 0.47119140625 0.4072265625 0.47216796875 0.4130859375 0.47412109375 0.419921875 0.47412109375 0.4267578125 0.47265625 0.43359375 0.47265625 0.4453125 0.4736328125 0.458984375 0.47216796875 0.4599609375 0.4697265625 0.4599609375 0.4677734375 0.458984375 0.466796875 0.451171875 0.46337890625 0.451171875 0.45947265625 0.44921875 0.435546875 0.451171875 0.4326171875 0.4521484375 0.43115234375 0.4541015625 0.4287109375 0.455078125 0.42822265625 0.4619140625 0.42724609375 0.462890625 0.421875 0.462890625 0.42138671875 0.451171875 0.42138671875 0.4365234375 0.42138671875 0.4267578125 0.42138671875 0.4189453125 0.4228515625 0.4140625 0.423828125 0.408203125 0.423828125 0.40625 0.4208984375 0.4072265625 0.419921875 0.404296875 0.4208984375 0.4013671875 0.42333984375 0.4013671875
5 0.609375 0.2333984375 0.58349609375 0.2509765625 0.57275390625 0.2578125 0.56689453125 0.28515625 0.56005859375 0.3212890625 0.55615234375 0.3544921875 0.5537109375 0.3603515625 0.55224609375 0.3681640625 0.55224609375 0.349609375 0.544921875 0.34765625 0.54345703125 0.376953125 0.544921875 0.37890625 0.55322265625 0.3798828125 0.55224609375 0.396484375 0.55029296875 0.404296875 0.54931640625 0.41796875 0.54833984375 0.4296875 0.548828125 0.4443359375 0.54931640625 0.451171875 0.54833984375 0.4599609375 0.54833984375 0.4814453125 0.5498046875 0.4912109375 0.5517578125 0.498046875 0.55859375 0.5 0.56201171875 0.4970703125 0.56396484375 0.4814453125 0.56689453125 0.478515625 0.5771484375 0.48046875 0.57763671875 0.48828125 0.578125 0.5048828125 0.580078125 0.513671875 0.58544921875 0.5166015625 0.59375 0.5166015625 0.595703125 0.509765625 0.59716796875 0.4951171875 0.60107421875 0.4921875 0.6201171875 0.4921875 0.677734375 0.4404296875 0.7080078125 0.3720703125 0.70751953125 0.353515625 0.70458984375 0.2939453125 0.703125 0.2802734375 0.69970703125 0.2451171875 0.697265625 0.236328125 0.68994140625 0.234375 0.6708984375 0.2294921875 0.63037109375 0.228515625 0.62060546875 0.2294921875 0.6142578125 0.2294921875
5 0.6328125 0.39453125 0.6416015625 0.3740234375 0.6494140625 0.3623046875 0.65673828125 0.3564453125 0.69189453125 0.35546875 0.71630859375 0.357421875 0.73193359375 0.361328125 0.7509765625 0.3701171875 0.75634765625 0.3779296875 0.76025390625 0.39453125 0.7626953125 0.404296875 0.76806640625 0.4150390625 0.77734375 0.4423828125 0.76220703125 0.5556640625 0.7421875 0.5712890625 0.74169921875 0.5400390625 0.73681640625 0.537109375 0.6962890625 0.53125 0.6767578125 0.5283203125 0.67236328125 0.5283203125 0.67138671875 0.546875 0.67041015625 0.560546875 0.6669921875 0.5625 0.64990234375 0.560546875 0.64501953125 0.5576171875 0.64111328125 0.544921875 0.64111328125 0.5322265625 0.6416015625 0.5234375 0.62646484375 0.51953125 0.6259765625 0.51953125 0.62548828125 0.5302734375 0.62353515625 0.5361328125 0.619140625 0.537109375 0.61083984375 0.53515625 0.60888671875 0.5302734375 0.607421875 0.5126953125 0.607421875 0.4931640625 0.60791015625 0.478515625 0.6083984375 0.4677734375 0.609375 0.451171875 0.61181640625 0.439453125 0.61474609375 0.4306640625 0.6201171875 0.42578125 0.62109375 0.421875 0.61962890625 0.41796875 0.61962890625 0.4091796875 0.62109375 0.404296875 0.62451171875 0.4013671875 0.6259765625 0.40234375 0.626953125 0.412109375 0.62939453125 0.4052734375
5 0.81201171875 0.33984375 0.79833984375 0.3583984375 0.78125 0.3916015625 0.7734375 0.4140625 0.771484375 0.4189453125 0.76513671875 0.435546875 0.76123046875 0.4482421875 0.755859375 0.453125 0.74951171875 0.462890625 0.74658203125 0.47265625 0.74609375 0.4853515625 0.744140625 0.4912109375 0.74169921875 0.5087890625 0.7392578125 0.53125 0.73681640625 0.55859375 0.73828125 0.591796875 0.7421875 0.6083984375 0.74609375 0.6240234375 0.75244140625 0.6298828125 0.765625 0.6318359375 0.77490234375 0.630859375 0.77978515625 0.6220703125 0.78173828125 0.6123046875 0.82275390625 0.6357421875 0.82373046875 0.666015625 0.8271484375 0.681640625 0.8330078125 0.6982421875 0.84423828125 0.7060546875 0.85693359375 0.7099609375 0.86865234375 0.7099609375 0.87548828125 0.703125 0.88330078125 0.6806640625 0.88623046875 0.65625 0.98193359375 0.6669921875 0.99951171875 0.6494140625 0.99951171875 0.330078125 0.99462890625 0.3232421875 0.9609375 0.314453125 0.89111328125 0.314453125 0.85986328125 0.31640625 0.83544921875 0.322265625 0.8193359375 0.3310546875
5 0.99951171875 0.4775390625 0.98583984375 0.49609375 0.97509765625 0.5244140625 0.9658203125 0.5703125 0.9638671875 0.6318359375 0.96533203125 0.666015625 0.9697265625 0.7333984375 0.97705078125 0.7705078125 0.986328125 0.794921875 0.9990234375 0.8056640625 0.99951171875 0.8017578125
5 0.19287109375 0.39453125 0.19970703125 0.3935546875 0.2060546875 0.39453125 0.21044921875 0.4052734375 0.21240234375 0.408203125 0.2138671875 0.4072265625 0.21533203125 0.4072265625 0.21630859375 0.41015625 0.21533203125 0.4140625 0.21875 0.4169921875 0.22021484375 0.419921875 0.22119140625 0.4248046875 0.2216796875 0.4296875 0.22119140625 0.43359375 0.22119140625 0.4453125 0.22021484375 0.4521484375 0.21826171875 0.4541015625 0.21533203125 0.4541015625 0.21337890625 0.4521484375 0.212890625 0.4482421875 0.20654296875 0.4482421875 0.20654296875 0.453125 0.205078125 0.455078125 0.20166015625 0.455078125 0.201171875 0.4501953125 0.19384765625 0.44921875
