2 0.0 0.30078125 0.103515625 0.2470703125 0.09619140625 0.0703125 0.0 0.0849609375
2 0.01806640625 0.26953125 0.01904296875 0.2353515625 0.07177734375 0.236328125 0.0888671875 0.2041015625 0.09765625 0.201171875 0.29541015625 0.0 0.7724609375 0.0 0.7724609375 0.041015625 0.79638671875 0.091796875 0.8017578125 0.0751953125 0.80029296875 0.072265625 0.8115234375 0.0322265625 0.81591796875 0.01171875 0.8173828125 0.0 0.99951171875 0.0 0.99951171875 0.4951171875 0.0 0.44140625 0.0 0.2763671875
4 0.0 0.095703125 0.01171875 0.12890625 0.01513671875 0.1513671875 0.01611328125 0.1650390625 0.01806640625 0.1796875 0.0205078125 0.203125 0.02587890625 0.2119140625 0.0322265625 0.216796875 0.03564453125 0.2294921875 0.03173828125 0.248046875 0.03759765625 0.2529296875 0.0400390625 0.2666015625 0.041015625 0.28125 0.041015625 0.306640625 0.04931640625 0.2724609375 0.04931640625 0.2509765625 0.04931640625 0.22265625 0.0517578125 0.208984375 0.05712890625 0.2060546875 0.06787109375 0.189453125 0.0654296875 0.1748046875 0.07080078125 0.1748046875 0.078125 0.1650390625 0.08349609375 0.1640625 0.08984375 0.162109375 0.09619140625 0.154296875 0.09912109375 0.1640625 0.09765625 0.2265625 0.09375 0.2060546875 0.0859375 0.2099609375 0.08349609375 0.2177734375 0.0810546875 0.2265625 0.0791015625 0.2119140625 0.0771484375 0.2109375 0.07275390625 0.212890625 0.06884765625 0.2216796875 0.0615234375 0.2177734375 0.0595703125 0.2275390625 0.05908203125 0.2509765625 0.05859375 0.283203125 0.05859375 0.3076171875 0.083984375 0.3349609375 0.13818359375 0.3330078125 0.3544921875 0.298828125 0.35888671875 0.2939453125 0.36279296875 0.2958984375 0.3671875 0.287109375 0.3642578125 0.2802734375 0.365234375 0.2734375 0.37255859375 0.271484375 0.37890625 0.2685546875 0.384765625 0.263671875 0.388671875 0.2587890625 0.38671875 0.23828125 0.3828125 0.2314453125 0.3818359375 0.224609375 0.3798828125 0.2109375 0.38134765625 0.2021484375 0.3857421875 0.193359375 0.38720703125 0.1787109375 0.38525390625 0.1669921875 0.3857421875 0.154296875 0.3916015625 0.14453125 0.3916015625 0.130859375 0.390625 0.1083984375 0.3876953125 0.0986328125 0.392578125 0.0927734375 0.400390625 0.0859375 0.39794921875 0.0625 0.39306640625 0.052734375 0.38623046875 0.0439453125 0.3798828125 0.0322265625 0.37890625 0.0126953125 0.3828125 0.0087890625 0.39013671875 0.0 0.0 0.0
3 0.3408203125 0.3115234375 0.39892578125 0.3125 0.39892578125 0.41796875 0.33837890625 0.41796875
2 0.00830078125 0.0 0.00634765625 0.240234375 0.0068359375 0.2470703125 0.0390625 0.27734375 0.0380859375 0.2802734375 0.0361328125 0.2802734375 0.03564453125 0.302734375 0.0 0.306640625 0.0 0.0
3 0.7294921875 0.2783203125 0.74951171875 0.283203125 0.7578125 0.283203125 0.775390625 0.2822265625 0.77392578125 0.4375 0.7275390625 0.4375
1 0.1787109375 0.404296875 0.390625 0.41796875 0.5009765625 0.4267578125 0.53515625 0.431640625 0.5791015625 0.4375 0.72705078125 0.439453125 0.79833984375 0.4375 0.81689453125 0.4404296875 0.876953125 0.4560546875 0.89208984375 0.4619140625 0.89697265625 0.462890625 0.99951171875 0.46875 0.99951171875 0.48046875 0.18115234375 0.4375
5 0.35498046875 0.345703125 0.3583984375 0.3466796875 0.3623046875 0.3486328125 0.373046875 0.361328125 0.38623046875 0.3671875 0.3876953125 0.369140625 0.38916015625 0.373046875 0.39013671875 0.3896484375 0.39013671875 0.3916015625 0.390625 0.3955078125 0.39111328125 0.4052734375 0.390625 0.412109375 0.39013671875 0.4140625 0.39013671875 0.4208984375 0.38916015625 0.423828125 0.38671875 0.42578125 0.38134765625 0.427734375 0.37939453125 0.4296875 0.37548828125 0.4296875 0.37109375 0.4296875 0.34521484375 0.3681640625
0 0.0 0.619140625 0.19189453125 0.4951171875 0.32666015625 0.4482421875 0.37158203125 0.4296875 0.4248046875 0.43359375 0.76025390625 0.458984375 0.92919921875 0.4716796875 0.99951171875 0.474609375 0.99951171875 0.9990234375 0.0 0.9990234375
5 0.32373046875 0.3125 0.34619140625 0.3115234375 0.3525390625 0.3203125 0.3564453125 0.328125 0.361328125 0.3525390625 0.36328125 0.361328125 0.36376953125 0.3662109375 0.365234375 0.3662109375 0.365234375 0.35546875 0.3671875 0.35546875 0.37158203125 0.35546875 0.37353515625 0.357421875 0.37451171875 0.3603515625 0.37451171875 0.3671875 0.3740234375 0.3701171875 0.37255859375 0.3720703125 0.3671875 0.3720703125 0.365234375 0.3720703125 0.365234375 0.373046875 0.37109375 0.3837890625 0.37353515625 0.392578125 0.37548828125 0.4052734375 0.375 0.4248046875 0.37451171875 0.4287109375 0.37451171875 0.4306640625 0.37451171875 0.4423828125 0.37353515625 0.4658203125 0.37255859375 0.4765625 0.37060546875 0.478515625 0.369140625 0.478515625 0.3623046875 0.478515625 0.35986328125 0.4775390625 0.359375 0.474609375 0.35888671875 0.46484375 0.35888671875 0.45703125 0.35546875 0.45703125 0.35546875 0.4697265625 0.35546875 0.486328125 0.3544921875 0.4921875 0.3525390625 0.49609375 0.35107421875 0.4970703125 0.3447265625 0.4970703125 0.34326171875 0.49609375 0.3427734375 0.4912109375 0.3427734375 0.4638671875
5 0.615234375 0.361328125 0.599609375 0.3935546875 0.59375 0.3935546875 0.5908203125 0.400390625 0.58837890625 0.4091796875 0.5869140625 0.4189453125 0.5859375 0.427734375 0.58447265625 0.43359375 0.58837890625 0.4677734375 0.59033203125 0.4697265625 0.59130859375 0.4716796875 0.59130859375 0.478515625 0.59423828125 0.490234375 0.595703125 0.4931640625 0.6044921875 0.4951171875 0.60693359375 0.4892578125 0.60791015625 0.48046875 0.6083984375 0.478515625 0.6298828125 0.48046875 0.63134765625 0.484375 0.63916015625 0.4833984375 0.640625 0.4833984375 0.642578125 0.4814453125 0.66162109375 0.4833984375 0.66259765625 0.4921875 0.6650390625 0.5 0.66748046875 0.5009765625 0.67138671875 0.501953125 0.67626953125 0.501953125 0.67822265625 0.4970703125 0.6796875 0.4814453125 0.6796875 0.48046875 0.69384765625 0.4775390625 0.6943359375 0.484375 0.69580078125 0.4912109375 0.69970703125 0.4931640625 0.70361328125 0.4921875 0.70703125 0.4892578125 0.708984375 0.48046875 0.7099609375 0.4716796875 0.7099609375 0.45703125 0.71044921875 0.4521484375 0.71044921875 0.44140625 0.70947265625 0.4306640625 0.70068359375 0.4130859375 0.70361328125 0.412109375 0.70458984375 0.4091796875 0.705078125 0.404296875 0.703125 0.3994140625 0.70068359375 0.400390625 0.6982421875 0.4013671875 0.69677734375 0.4033203125 0.69189453125 0.388671875 0.685546875 0.373046875 0.68017578125 0.369140625 0.67333984375 0.365234375 0.66162109375 0.3623046875 0.64111328125 0.361328125 0.62109375 0.361328125
1 0.99951171875 0.48828125 0.9755859375 0.490234375 0.9326171875 0.4892578125 0.91748046875 0.4921875 0.908203125 0.5029296875 0.8759765625 0.50390625 0.83837890625 0.5146484375 0.8349609375 0.521484375 0.83447265625 0.5380859375 0.845703125 0.5546875 0.86083984375 0.56640625 0.91015625 0.5947265625 0.99951171875 0.64453125
2 0.75634765625 0.236328125 0.765625 0.24609375 0.771484375 0.2587890625 0.775390625 0.2734375 0.77490234375 0.2783203125 0.7607421875 0.296875 0.73046875 0.30859375 0.7294921875 0.2890625 0.7294921875 0.25 0.732421875 0.2421875 0.7421875 0.234375 0.74853515625 0.23046875 0.75390625 0.234375
4 0.75830078125 0.2392578125 0.76123046875 0.25 0.76025390625 0.2548828125 0.7626953125 0.26171875 0.76025390625 0.265625 0.7578125 0.26953125 0.7568359375 0.2734375 0.75341796875 0.2724609375 0.75146484375 0.2744140625 0.75341796875 0.28125 0.755859375 0.306640625 0.75439453125 0.3212890625 0.73583984375 0.3427734375 0.728515625 0.328125 0.728515625 0.3095703125 0.73046875 0.24609375 0.73193359375 0.2431640625 0.73486328125 0.23828125 0.740234375 0.2333984375 0.74560546875 0.23046875 0.75341796875 0.23046875 0.7578125 0.2314453125
5 0.0 0.291015625 0.01220703125 0.2900390625 0.0634765625 0.296875 0.08935546875 0.3056640625 0.1015625 0.3134765625 0.109375 0.32421875 0.13427734375 0.373046875 0.13818359375 0.3828125 0.14501953125 0.3798828125 0.150390625 0.3818359375 0.15625 0.3896484375 0.158203125 0.3955078125 0.1572265625 0.4033203125 0.1552734375 0.4091796875 0.1513671875 0.4130859375 0.1494140625 0.4150390625 0.15478515625 0.4189453125 0.1611328125 0.431640625 0.17041015625 0.4638671875 0.17724609375 0.486328125 0.17919921875 0.501953125 0.1796875 0.52734375 0.1787109375 0.5390625 0.17919921875 0.5478515625 0.18017578125 0.568359375 0.1796875 0.5859375 0.17822265625 0.6064453125 0.1748046875 0.6201171875 0.169921875 0.6298828125 0.1630859375 0.6328125 0.146484375 0.6318359375 0.14306640625 0.6240234375 0.140625 0.6123046875 0.138671875 0.6005859375 0.138671875 0.59765625 0.12744140625 0.6044921875 0.0732421875 0.6376953125 0.07275390625 0.65234375 0.0703125 0.669921875 0.0673828125 0.689453125 0.06396484375 0.7001953125 0.06005859375 0.70703125 0.0537109375 0.716796875 0.04638671875 0.7197265625 0.03369140625 0.7216796875 0.025390625 0.7158203125 0.0205078125 0.705078125 0.01806640625 0.69140625 0.01513671875 0.67578125 0.01416015625 0.662109375 0.01416015625 0.6533203125 0.00634765625 0.6572265625 0.0 0.658203125
3 0.7314453125 0.28125 0.7578125 0.283203125 0.771484375 0.27734375 0.7744140625 0.283203125 0.77490234375 0.326171875 0.7744140625 0.3857421875 0.7734375 0.4326171875 0.74853515625 0.43359375 0.74560546875 0.4384765625 0.7431640625 0.4384765625 0.74169921875 0.43359375 0.7275390625 0.43359375 0.7294921875 0.2822265625
