0 0.0 0.515625 0.2333984375 0.4208984375 0.369140625 0.4189453125 0.4423828125 0.419921875 0.58740234375 0.41796875 0.6962890625 0.421875 0.78369140625 0.423828125 0.79638671875 0.427734375 0.99951171875 0.9326171875 0.99951171875 0.9990234375 0.0 0.9990234375 0.0 0.51171875
2 0.99951171875 0.6171875 0.96044921875 0.5986328125 0.91748046875 0.576171875 0.86669921875 0.5458984375 0.80615234375 0.5 0.7939453125 0.484375 0.79248046875 0.46484375 0.794921875 0.4384765625 0.79296875 0.4296875 0.775390625 0.4267578125 0.73876953125 0.4287109375 0.71044921875 0.42578125 0.64990234375 0.42578125 0.61181640625 0.427734375 0.59619140625 0.4267578125 0.58154296875 0.423828125 0.5615234375 0.4248046875 0.53173828125 0.4248046875 0.49609375 0.42578125 0.43798828125 0.4248046875 0.4013671875 0.42578125 0.36083984375 0.423828125 0.330078125 0.423828125 0.28662109375 0.42578125 0.23974609375 0.4306640625 0.2255859375 0.4306640625 0.22021484375 0.4375 0.22021484375 0.447265625 0.19482421875 0.4541015625 0.11962890625 0.4658203125 0.0732421875 0.478515625 0.0 0.4853515625 0.0 0.048828125 0.23095703125 0.2099609375 0.28125 0.2060546875 0.314453125 0.203125 0.32373046875 0.19140625 0.34375 0.181640625 0.36181640625 0.1767578125 0.3759765625 0.1826171875 0.3876953125 0.19140625 0.38720703125 0.1396484375 0.4150390625 0.1005859375 0.4228515625 0.0859375 0.421875 0.07421875 0.4306640625 0.068359375 0.43798828125 0.0693359375 0.44873046875 0.0546875 0.482421875 0.0556640625 0.54052734375 0.0595703125 0.54296875 0.0546875 0.54248046875 0.0361328125 0.55029296875 0.0322265625 0.5556640625 0.0341796875 0.55615234375 0.0869140625 0.5693359375 0.0947265625 0.578125 0.08984375 0.59130859375 0.076171875 0.5908203125 0.0 0.99951171875 0.0
4 0.0 0.345703125 0.0 0.0 0.234375 0.0 0.24462890625 0.0 0.23779296875 0.0068359375 0.23193359375 0.033203125 0.244140625 0.0341796875 0.2373046875 0.0478515625 0.24169921875 0.0517578125 0.25 0.04296875 0.2509765625 0.0556640625 0.287109375 0.0556640625 0.2705078125 0.095703125 0.27197265625 0.1142578125 0.263671875 0.1240234375 0.28125 0.115234375 0.28515625 0.140625 0.2958984375 0.1591796875 0.294921875 0.224609375 0.27880859375 0.26171875 0.2802734375 0.3115234375 0.2958984375 0.33203125 0.2998046875 0.3818359375 0.29296875 0.3896484375 0.287109375 0.427734375 0.28173828125 0.4033203125 0.28125 0.392578125 0.2607421875 0.388671875 0.25390625 0.3994140625 0.251953125 0.439453125 0.23388671875 0.4306640625 0.22705078125 0.4091796875 0.22607421875 0.384765625 0.21630859375 0.384765625 0.21533203125 0.3603515625 0.2060546875 0.345703125 0.189453125 0.3486328125 0.18701171875 0.3583984375 0.17724609375 0.3525390625 0.1767578125 0.365234375 0.17529296875 0.4150390625 0.173828125 0.4697265625 0.16259765625 0.474609375 0.16650390625 0.3525390625 0.16455078125 0.3427734375 0.16015625 0.4375 0.10595703125 0.4736328125 0.07666015625 0.4814453125 0.0751953125 0.4921875 0.0703125 0.4912109375 0.06787109375 0.48046875 0.02734375 0.4775390625 0.015625 0.3466796875
1 0.92626953125 0.9267578125 0.8974609375 0.8896484375 0.74169921875 0.6396484375 0.708984375 0.5869140625 0.66552734375 0.5185546875 0.6494140625 0.4931640625 0.63671875 0.474609375 0.62353515625 0.4560546875 0.6005859375 0.443359375 0.57763671875 0.439453125 0.546875 0.4365234375 0.51025390625 0.431640625 0.44482421875 0.4296875 0.4404296875 0.427734375 0.4296875 0.427734375 0.408203125 0.4287109375 0.38427734375 0.4306640625 0.35009765625 0.4306640625 0.337890625 0.4306640625 0.3564453125 0.4248046875 0.38232421875 0.4248046875 0.39697265625 0.42578125 0.416015625 0.423828125 0.45654296875 0.423828125 0.4736328125 0.423828125 0.49560546875 0.4248046875 0.60986328125 0.423828125 0.623046875 0.4267578125 0.64453125 0.4267578125 0.69189453125 0.42578125 0.7099609375 0.427734375 0.79345703125 0.427734375 0.794921875 0.4560546875 0.7919921875 0.4677734375 0.79541015625 0.4814453125 0.80517578125 0.4931640625 0.8203125 0.51171875 0.845703125 0.533203125 0.9638671875 0.595703125 0.99951171875 0.6103515625 0.99951171875 0.9990234375 0.99951171875 0.9990234375
1 0.0 0.537109375 0.02197265625 0.5341796875 0.052734375 0.5263671875 0.10009765625 0.5146484375 0.134765625 0.5078125 0.1630859375 0.501953125 0.22265625 0.4892578125 0.25634765625 0.4794921875 0.25390625 0.466796875 0.234375 0.4619140625 0.25927734375 0.451171875 0.263671875 0.4404296875 0.25634765625 0.435546875 0.234375 0.42578125 0.2294921875 0.421875 0.21875 0.4248046875 0.21923828125 0.4375 0.21826171875 0.4453125 0.20263671875 0.4501953125 0.17333984375 0.45703125 0.13818359375 0.462890625 0.11328125 0.4677734375 0.09521484375 0.4697265625 0.05419921875 0.4775390625 0.025390625 0.48046875 0.0 0.4892578125
5 0.26904296875 0.40625 0.27197265625 0.404296875 0.27978515625 0.4033203125 0.29150390625 0.4033203125 0.294921875 0.412109375 0.296875 0.4208984375 0.2978515625 0.4296875 0.29736328125 0.455078125 0.29736328125 0.4619140625 0.2939453125 0.4619140625 0.2939453125 0.4560546875 0.27783203125 0.4560546875 0.26806640625 0.4560546875 0.26806640625 0.4619140625 0.2666015625 0.4638671875 0.26171875 0.4638671875 0.26171875 0.453125 0.26123046875 0.435546875 0.26123046875 0.4287109375 0.26220703125 0.427734375 0.26513671875 0.41796875 0.2666015625 0.4091796875
3 0.0234375 0.3291015625 0.02490234375 0.443359375 0.0263671875 0.4482421875 0.091796875 0.443359375 0.0908203125 0.3349609375
3 0.10595703125 0.34375 0.14990234375 0.3486328125 0.150390625 0.43359375 0.10791015625 0.439453125
3 0.16552734375 0.349609375 0.16748046875 0.4326171875 0.19189453125 0.4306640625 0.19091796875 0.3525390625
3 0.0 0.32421875 0.0078125 0.326171875 0.00830078125 0.4541015625 0.0 0.455078125
