0 0.99951171875 0.5712890625 0.771484375 0.3916015625 0.68896484375 0.3857421875 0.0 0.8505859375 0.0 0.9990234375 0.99951171875 0.9990234375
1 0.64453125 0.4296875 0.6455078125 0.447265625 0.65234375 0.447265625 0.658203125 0.4443359375 0.66015625 0.4375 0.66455078125 0.4140625 0.6533203125 0.4140625 0.6455078125 0.42578125
1 0.7236328125 0.4228515625 0.76025390625 0.4228515625 0.78857421875 0.419921875 0.775390625 0.412109375 0.74365234375 0.4091796875 0.72705078125 0.4150390625 0.7236328125 0.4169921875
2 0.02392578125 0.0 0.41357421875 0.0 0.6572265625 0.0 0.65966796875 0.001953125 0.65966796875 0.015625 0.66357421875 0.0341796875 0.658203125 0.0390625 0.6572265625 0.0859375 0.66259765625 0.087890625 0.66455078125 0.0908203125 0.6650390625 0.0986328125 0.6611328125 0.0986328125 0.65966796875 0.1005859375 0.65966796875 0.109375 0.6611328125 0.1171875 0.662109375 0.1201171875 0.6650390625 0.1201171875 0.6650390625 0.1298828125 0.66650390625 0.1376953125 0.666015625 0.1572265625 0.66357421875 0.16015625 0.66357421875 0.279296875 0.66455078125 0.28515625 0.6650390625 0.28515625 0.66748046875 0.28515625 0.66748046875 0.29296875 0.67919921875 0.294921875 0.68115234375 0.29296875 0.68310546875 0.2900390625 0.68310546875 0.279296875 0.68505859375 0.2744140625 0.6865234375 0.2734375 0.6904296875 0.2705078125 0.69140625 0.2666015625 0.69189453125 0.2587890625 0.7021484375 0.2587890625 0.703125 0.1201171875 0.703125 0.119140625 0.728515625 0.1171875 0.728515625 0.1083984375 0.728515625 0.1015625 0.7607421875 0.1005859375 0.77294921875 0.072265625 0.77490234375 0.0712890625 0.775390625 0.0693359375 0.7822265625 0.052734375 0.78564453125 0.044921875 0.7861328125 0.02734375 0.78759765625 0.02734375 0.78857421875 0.02734375 0.78955078125 0.0400390625 0.7939453125 0.0478515625 0.79541015625 0.0458984375 0.79931640625 0.037109375 0.79931640625 0.029296875 0.8046875 0.029296875 0.8056640625 0.0322265625 0.82275390625 0.03125 0.82470703125 0.015625 0.82470703125 0.0 0.99951171875 0.0 0.99951171875 0.4140625 0.77783203125 0.4169921875 0.7470703125 0.4169921875 0.72705078125 0.412109375 0.6875 0.4091796875 0.66796875 0.4150390625 0.65576171875 0.4208984375 0.58935546875 0.44140625 0.0 0.5830078125 0.0 0.2666015625 0.0 0.0
5 0.72705078125 0.404296875 0.724609375 0.3984375 0.7177734375 0.3984375 0.716796875 0.4013671875 0.71533203125 0.40234375 0.71435546875 0.40234375 0.71435546875 0.404296875 0.7158203125 0.404296875 0.7158203125 0.41796875 0.71533203125 0.4208984375 0.7197265625 0.4208984375 0.7236328125 0.4150390625
4 0.732421875 0.3642578125 0.728515625 0.3642578125 0.72705078125 0.3701171875 0.72607421875 0.3779296875 0.7275390625 0.3779296875 0.728515625 0.380859375 0.7275390625 0.3828125 0.72705078125 0.3857421875 0.72607421875 0.388671875 0.72705078125 0.3916015625 0.72705078125 0.3955078125 0.72705078125 0.3994140625 0.728515625 0.40234375 0.7314453125 0.40625 0.732421875 0.404296875
5 0.7353515625 0.419921875 0.7353515625 0.4072265625 0.73388671875 0.40234375 0.73046875 0.3984375 0.72216796875 0.3994140625 0.7197265625 0.404296875 0.71826171875 0.40625 0.71826171875 0.4072265625 0.71923828125 0.4072265625 0.71923828125 0.419921875 0.71923828125 0.4208984375 0.7236328125 0.4208984375 0.7236328125 0.419921875 0.7314453125 0.419921875 0.732421875 0.419921875 0.732421875 0.4208984375
5 0.68359375 0.4072265625 0.6875 0.396484375 0.68896484375 0.3916015625 0.70458984375 0.3916015625 0.70703125 0.40234375 0.70849609375 0.40234375 0.708984375 0.40234375 0.708984375 0.40625 0.70751953125 0.4072265625 0.70751953125 0.42578125 0.7060546875 0.427734375 0.69970703125 0.4208984375 0.6884765625 0.4091796875
5 0.66796875 0.41015625 0.68505859375 0.3984375 0.69921875 0.3984375 0.70068359375 0.4091796875 0.7021484375 0.4091796875 0.703125 0.4140625 0.703125 0.4287109375 0.7021484375 0.4306640625 0.6982421875 0.4306640625 0.6982421875 0.4248046875 0.68896484375 0.4208984375
5 0.67529296875 0.4228515625 0.68212890625 0.40625 0.6875 0.3984375 0.68994140625 0.3984375 0.6904296875 0.40234375 0.69140625 0.4072265625 0.69287109375 0.4072265625 0.69384765625 0.4091796875 0.69384765625 0.41015625 0.69384765625 0.4140625 0.69384765625 0.4150390625 0.6953125 0.4169921875 0.6953125 0.4384765625 0.69384765625 0.439453125 0.69384765625 0.439453125 0.69189453125 0.44140625 0.6875 0.4287109375
5 0.669921875 0.4208984375 0.66796875 0.396484375 0.6728515625 0.396484375 0.673828125 0.396484375 0.68603515625 0.396484375 0.6865234375 0.396484375 0.6884765625 0.40234375 0.68896484375 0.4072265625 0.6904296875 0.41015625 0.69287109375 0.41015625 0.69384765625 0.412109375 0.69384765625 0.4140625 0.69287109375 0.4150390625 0.6904296875 0.4150390625 0.69189453125 0.41796875 0.69189453125 0.439453125 0.69140625 0.443359375 0.6904296875 0.443359375 0.6865234375 0.44140625 0.68212890625 0.4306640625
5 0.658203125 0.4462890625 0.658203125 0.4228515625 0.6591796875 0.419921875 0.65966796875 0.4169921875 0.6572265625 0.4169921875 0.6572265625 0.4150390625 0.6572265625 0.4140625 0.658203125 0.412109375 0.6611328125 0.412109375 0.66357421875 0.4013671875 0.6650390625 0.3994140625 0.68115234375 0.3984375 0.68310546875 0.4013671875 0.68603515625 0.4072265625 0.6865234375 0.41015625 0.6875 0.41015625 0.68896484375 0.41015625 0.68994140625 0.412109375 0.68896484375 0.4140625 0.6875 0.4140625 0.6884765625 0.419921875 0.68896484375 0.44140625 0.68896484375 0.4443359375 0.6884765625 0.447265625 0.6865234375 0.447265625 0.68505859375 0.447265625 0.6845703125 0.4462890625 0.6845703125 0.443359375 0.68359375 0.443359375 0.6689453125 0.443359375 0.6689453125 0.4443359375
5 0.61572265625 0.4091796875 0.6279296875 0.396484375 0.642578125 0.3984375 0.6474609375 0.4150390625 0.64794921875 0.41796875 0.64990234375 0.4150390625 0.65283203125 0.4150390625 0.654296875 0.41796875 0.6533203125 0.4228515625 0.650390625 0.4248046875 0.6513671875 0.431640625 0.65185546875 0.470703125 0.6513671875 0.47265625 0.650390625 0.4755859375 0.64892578125 0.4765625 0.6435546875 0.4755859375
5 0.59716796875 0.4091796875 0.60546875 0.4013671875 0.6103515625 0.3984375 0.63134765625 0.396484375 0.63427734375 0.4013671875 0.63818359375 0.412109375 0.638671875 0.4169921875 0.642578125 0.4169921875 0.6435546875 0.41796875 0.6435546875 0.4228515625 0.6435546875 0.4228515625 0.64208984375 0.4248046875 0.6435546875 0.4365234375 0.64501953125 0.44140625 0.64599609375 0.478515625 0.64501953125 0.4794921875 0.642578125 0.4794921875 0.640625 0.4794921875 0.638671875 0.4833984375 0.63671875 0.4833984375 0.63134765625 0.4833984375 0.63134765625 0.478515625 0.61572265625 0.4765625 0.61279296875 0.4580078125
5 0.5546875 0.3994140625 0.5732421875 0.40234375 0.57470703125 0.3935546875 0.60791015625 0.3955078125 0.61279296875 0.4072265625 0.61572265625 0.4169921875 0.61962890625 0.4208984375 0.61865234375 0.427734375 0.61865234375 0.4306640625 0.6171875 0.4365234375 0.61865234375 0.44140625 0.6220703125 0.447265625 0.6240234375 0.4501953125 0.62353515625 0.486328125 0.6220703125 0.4912109375 0.6181640625 0.4921875 0.61669921875 0.486328125 0.61279296875 0.486328125 0.61279296875 0.494140625 0.61181640625 0.4951171875 0.6103515625 0.498046875 0.60498046875 0.5 0.60400390625 0.4970703125 0.603515625 0.4892578125 0.58642578125 0.486328125 0.57568359375 0.42578125
5 0.54931640625 0.4228515625 0.56396484375 0.3955078125 0.57958984375 0.3955078125 0.58544921875 0.4013671875 0.5927734375 0.41796875 0.59423828125 0.4287109375 0.599609375 0.431640625 0.59814453125 0.439453125 0.5966796875 0.439453125 0.59716796875 0.4677734375 0.5986328125 0.5048828125 0.595703125 0.5087890625 0.5927734375 0.5078125 0.5908203125 0.5126953125 0.58642578125 0.513671875 0.583984375 0.5107421875 0.58349609375 0.5029296875 0.56005859375 0.4951171875 0.5478515625 0.41796875
5 0.47607421875 0.412109375 0.484375 0.3779296875 0.48828125 0.373046875 0.51416015625 0.369140625 0.54541015625 0.3681640625 0.5546875 0.3681640625 0.56005859375 0.376953125 0.56640625 0.3994140625 0.56884765625 0.41015625 0.5703125 0.4169921875 0.57373046875 0.4208984375 0.5751953125 0.447265625 0.576171875 0.4521484375 0.5771484375 0.45703125 0.578125 0.470703125 0.57861328125 0.5263671875 0.576171875 0.5283203125 0.5673828125 0.5302734375 0.56640625 0.5263671875 0.5654296875 0.5166015625 0.55908203125 0.5224609375 0.5595703125 0.5302734375 0.5595703125 0.5390625 0.55859375 0.544921875 0.5537109375 0.5458984375 0.5498046875 0.544921875 0.54833984375 0.5361328125 0.5478515625 0.52734375 0.5029296875 0.5263671875 0.4814453125 0.4609375 0.474609375 0.4091796875
5 0.3974609375 0.4208984375 0.42431640625 0.3994140625 0.435546875 0.384765625 0.46923828125 0.3798828125 0.49365234375 0.3828125 0.498046875 0.384765625 0.5009765625 0.390625 0.50537109375 0.400390625 0.50927734375 0.4140625 0.513671875 0.4287109375 0.51611328125 0.443359375 0.5224609375 0.46484375 0.5263671875 0.494140625 0.52587890625 0.51953125 0.5263671875 0.5361328125 0.52587890625 0.5517578125 0.52490234375 0.560546875 0.52197265625 0.5634765625 0.513671875 0.564453125 0.51171875 0.5595703125 0.5107421875 0.5439453125 0.50390625 0.55078125 0.50390625 0.556640625 0.50390625 0.5791015625 0.501953125 0.587890625 0.49853515625 0.58984375 0.4931640625 0.58984375 0.48974609375 0.5810546875 0.4892578125 0.572265625 0.4599609375 0.57421875 0.38037109375 0.4794921875 0.39892578125 0.4248046875
5 0.205078125 0.5126953125 0.2216796875 0.4951171875 0.25927734375 0.4208984375 0.2861328125 0.3857421875 0.3134765625 0.373046875 0.35791015625 0.3662109375 0.41064453125 0.3642578125 0.42529296875 0.369140625 0.43310546875 0.3798828125 0.4453125 0.4072265625 0.453125 0.42578125 0.4560546875 0.4443359375 0.45751953125 0.47265625 0.45849609375 0.4814453125 0.46142578125 0.494140625 0.46435546875 0.5 0.466796875 0.515625 0.46923828125 0.5478515625 0.4677734375 0.5615234375 0.4677734375 0.5927734375 0.4658203125 0.6123046875 0.46142578125 0.626953125 0.45751953125 0.6279296875 0.451171875 0.626953125 0.44775390625 0.623046875 0.4443359375 0.6171875 0.44189453125 0.6044921875 0.4375 0.6044921875 0.39990234375 0.6328125 0.39794921875 0.662109375 0.39501953125 0.681640625 0.38330078125 0.685546875 0.37744140625 0.681640625 0.3720703125 0.6748046875 0.36865234375 0.6640625 0.36767578125 0.6591796875 0.2861328125 0.6669921875 0.2314453125 0.6669921875 0.1953125 0.6220703125
5 0.24755859375 0.779296875 0.25390625 0.7529296875 0.26025390625 0.70703125 0.2578125 0.6669921875 0.2607421875 0.630859375 0.2568359375 0.59765625 0.24609375 0.55078125 0.23291015625 0.5048828125 0.22314453125 0.4921875 0.208984375 0.4580078125 0.17724609375 0.376953125 0.16455078125 0.3544921875 0.12109375 0.3408203125 0.07861328125 0.330078125 0.0068359375 0.3349609375 0.0 0.33984375 0.0 0.9541015625 0.0107421875 0.94140625 0.02490234375 0.9013671875 0.0302734375 0.859375 0.1884765625 0.748046875 0.19189453125 0.75 0.19580078125 0.765625 0.20458984375 0.78515625 0.2138671875 0.79296875 0.22607421875 0.7958984375 0.2431640625 0.787109375
4 0.82080078125 0.1572265625 0.8193359375 0.1640625 0.81787109375 0.1640625 0.81689453125 0.16015625 0.8154296875 0.154296875 0.8134765625 0.15625 0.81103515625 0.15234375 0.8095703125 0.1513671875 0.80810546875 0.1513671875 0.8056640625 0.162109375 0.8046875 0.1650390625 0.80322265625 0.162109375 0.80224609375 0.15625 0.8017578125 0.140625 0.798828125 0.162109375 0.7978515625 0.1650390625 0.79541015625 0.16015625 0.794921875 0.1513671875 0.79248046875 0.1484375 0.78857421875 0.1455078125 0.78759765625 0.1494140625 0.787109375 0.154296875 0.78564453125 0.154296875 0.78466796875 0.1513671875 0.7802734375 0.1513671875 0.77685546875 0.1513671875 0.775390625 0.1513671875 0.7724609375 0.16015625 0.76953125 0.1572265625 0.76611328125 0.1572265625 0.763671875 0.15625 0.76220703125 0.1650390625 0.75830078125 0.1669921875 0.7568359375 0.16015625 0.75634765625 0.1591796875 0.7529296875 0.162109375 0.7509765625 0.162109375 0.74853515625 0.1640625 0.74462890625 0.1669921875 0.74462890625 0.17578125 0.7470703125 0.1865234375 0.7509765625 0.193359375 0.75390625 0.2021484375 0.75 0.205078125 0.74755859375 0.197265625 0.74462890625 0.1962890625 0.74169921875 0.1962890625 0.7392578125 0.19921875 0.736328125 0.193359375 0.7314453125 0.1943359375 0.7275390625 0.1943359375 0.72607421875 0.2001953125 0.72705078125 0.2080078125 0.73046875 0.2099609375 0.73291015625 0.21875 0.7392578125 0.2265625 0.73779296875 0.2294921875 0.73388671875 0.228515625 0.732421875 0.2314453125 0.7314453125 0.234375 0.72900390625 0.2373046875 0.728515625 0.244140625 0.72705078125 0.244140625 0.72216796875 0.234375 0.720703125 0.2451171875 0.7236328125 0.251953125 0.720703125 0.2548828125 0.724609375 0.2587890625 0.7216796875 0.2607421875 0.71923828125 0.263671875 0.71142578125 0.263671875 0.705078125 0.263671875 0.70458984375 0.2666015625 0.705078125 0.2705078125 0.71044921875 0.2763671875 0.7138671875 0.27734375 0.71142578125 0.2900390625 0.7138671875 0.29296875 0.7138671875 0.2998046875 0.7177734375 0.302734375 0.7158203125 0.3056640625 0.7138671875 0.3056640625 0.71435546875 0.310546875 0.716796875 0.31640625 0.71826171875 0.322265625 0.71826171875 0.3271484375 0.7197265625 0.3271484375 0.72509765625 0.33203125 0.7314453125 0.3349609375 0.72900390625 0.3359375 0.724609375 0.337890625 0.72314453125 0.3408203125 0.7177734375 0.3408203125 0.716796875 0.345703125 0.724609375 0.34765625 0.728515625 0.3486328125 0.73291015625 0.34375 0.736328125 0.3427734375 0.7421875 0.345703125 0.74365234375 0.3427734375 0.74560546875 0.3486328125 0.7509765625 0.345703125 0.75439453125 0.3408203125 0.75634765625 0.3505859375 0.76171875 0.3544921875 0.77099609375 0.3583984375 0.77490234375 0.3623046875 0.7763671875 0.3564453125 0.7802734375 0.361328125 0.78466796875 0.3642578125 0.78466796875 0.40625 0.78759765625 0.40234375 0.78857421875 0.3857421875 0.78857421875 0.3662109375 0.78955078125 0.361328125 0.794921875 0.34765625 0.796875 0.3515625 0.798828125 0.3505859375 0.8017578125 0.3544921875 0.80615234375 0.353515625 0.81005859375 0.3505859375 0.8125 0.3486328125 0.8203125 0.353515625 0.8203125 0.34765625 0.8203125 0.2919921875 0.82275390625 0.287109375 0.82275390625 0.2822265625 0.8203125 0.2822265625 0.8203125 0.2685546875 0.8203125 0.220703125 0.82080078125 0.2109375 0.82177734375 0.20703125 0.82177734375 0.2041015625 0.82080078125 0.2021484375 0.8203125 0.197265625
5 0.78759765625 0.4013671875 0.7841796875 0.396484375 0.77490234375 0.396484375 0.7724609375 0.404296875 0.771484375 0.40625 0.771484375 0.4091796875 0.76953125 0.4140625 0.76953125 0.4208984375 0.77294921875 0.4248046875 0.779296875 0.4208984375 0.7822265625 0.419921875 0.78466796875 0.4150390625
5 0.7861328125 0.3994140625 0.78173828125 0.3994140625 0.7802734375 0.3994140625 0.77783203125 0.404296875 0.77392578125 0.4091796875 0.77490234375 0.412109375 0.77392578125 0.4150390625 0.77392578125 0.4248046875 0.78076171875 0.42578125 0.78466796875 0.4208984375 0.7861328125 0.41015625
5 0.8056640625 0.404296875 0.80224609375 0.390625 0.80078125 0.388671875 0.80029296875 0.3876953125 0.79931640625 0.3857421875 0.78857421875 0.3857421875 0.787109375 0.3876953125 0.78564453125 0.3955078125 0.78466796875 0.3994140625 0.7841796875 0.4013671875 0.78173828125 0.4013671875 0.78076171875 0.40234375 0.78076171875 0.404296875 0.7822265625 0.40625 0.7841796875 0.4072265625 0.7841796875 0.41796875 0.79248046875 0.4169921875
5 0.8271484375 0.42578125 0.8046875 0.3955078125 0.80029296875 0.3955078125 0.78955078125 0.3955078125 0.787109375 0.40234375 0.78466796875 0.40625 0.78466796875 0.4072265625 0.78466796875 0.419921875 0.78759765625 0.427734375 0.7861328125 0.435546875
5 0.8203125 0.4208984375 0.80078125 0.3955078125 0.794921875 0.3955078125 0.79150390625 0.4091796875 0.7900390625 0.4072265625 0.7900390625 0.412109375 0.78857421875 0.41796875 0.78955078125 0.4228515625 0.79638671875 0.4248046875
5 0.92724609375 0.404296875 0.94970703125 0.3564453125 0.99951171875 0.359375 0.99951171875 0.4365234375 0.9716796875 0.4755859375 0.92578125 0.3984375 0.92822265625 0.41015625
5 0.966796875 0.44140625 0.984375 0.4443359375 0.99951171875 0.3984375 0.99951171875 0.59765625 0.9716796875 0.568359375
5 0.77294921875 0.5849609375 0.77392578125 0.4912109375 0.775390625 0.4765625 0.7802734375 0.46484375 0.78076171875 0.45703125 0.7841796875 0.4501953125 0.78759765625 0.44140625 0.783203125 0.439453125 0.7802734375 0.435546875 0.77001953125 0.431640625 0.76953125 0.4287109375 0.76953125 0.4228515625 0.7724609375 0.4150390625 0.7802734375 0.41015625 0.78857421875 0.41015625 0.78759765625 0.4248046875 0.791015625 0.4248046875 0.80224609375 0.3798828125 0.8134765625 0.3564453125 0.82275390625 0.34765625 0.82568359375 0.345703125 0.88525390625 0.3408203125 0.890625 0.3427734375 0.900390625 0.2685546875 0.89501953125 0.3427734375 0.9453125 0.3515625 0.95751953125 0.3583984375 0.96533203125 0.3662109375 0.97900390625 0.4208984375 0.98681640625 0.4462890625 0.99365234375 0.4609375 0.99755859375 0.5263671875 0.99951171875 0.5458984375 0.99951171875 0.59375 0.99658203125 0.59375 0.99560546875 0.623046875 0.99169921875 0.64453125 0.98583984375 0.65625 0.970703125 0.654296875 0.9638671875 0.650390625 0.9599609375 0.619140625 0.82275390625 0.6064453125 0.82080078125 0.623046875 0.81689453125 0.6376953125 0.8134765625 0.642578125 0.8056640625 0.6416015625 0.79736328125 0.638671875 0.794921875 0.623046875 0.79541015625 0.58203125 0.79296875 0.5810546875 0.79296875 0.587890625 0.791015625 0.591796875 0.78466796875 0.59375 0.77392578125 0.591796875
