2 0.4150390625 0.0 0.42236328125 0.423828125 0.59912109375 0.423828125 0.609375 0.0
2 0.23828125 0.0 0.2451171875 0.4873046875 0.4296875 0.5087890625 0.43701171875 0.44140625 0.43359375 0.380859375 0.43359375 0.3486328125 0.43359375 0.09375 0.43359375 0.0
2 0.54833984375 0.0 0.54736328125 0.0166015625 0.54833984375 0.0205078125 0.55126953125 0.0244140625 0.55126953125 0.076171875 0.55029296875 0.0791015625 0.55126953125 0.08203125 0.5498046875 0.0869140625 0.54931640625 0.123046875 0.55224609375 0.1318359375 0.5517578125 0.177734375 0.55029296875 0.1796875 0.55126953125 0.1865234375 0.548828125 0.19140625 0.548828125 0.21484375 0.548828125 0.2265625 0.55029296875 0.2333984375 0.55029296875 0.2578125 0.5498046875 0.28515625 0.54931640625 0.3134765625 0.5517578125 0.3232421875 0.5546875 0.330078125 0.5634765625 0.3603515625 0.5556640625 0.4833984375 0.72119140625 0.4892578125 0.66748046875 0.0
1 0.40283203125 0.4287109375 0.47021484375 0.419921875 0.50537109375 0.41796875 0.54052734375 0.41015625 0.56005859375 0.4208984375 0.56884765625 0.4375 0.59619140625 0.4384765625 0.62548828125 0.4404296875 0.6318359375 0.4501953125 0.54052734375 0.458984375 0.45361328125 0.45703125 0.2822265625 0.4560546875 0.27978515625 0.4423828125 0.40087890625 0.4443359375
0 0.2822265625 0.455078125 0.310546875 0.455078125 0.359375 0.455078125 0.3935546875 0.453125 0.4638671875 0.453125 0.52783203125 0.451171875 0.56689453125 0.4501953125 0.63525390625 0.4482421875 0.6171875 0.4921875 0.99951171875 0.9384765625 0.99951171875 0.9990234375 0.0 0.9990234375 0.0 0.7900390625 0.30419921875 0.5244140625
5 0.25 0.373046875 0.26953125 0.37890625 0.27587890625 0.37890625 0.28125 0.3798828125 0.2900390625 0.3837890625 0.2900390625 0.388671875 0.2890625 0.388671875 0.29248046875 0.3994140625 0.29931640625 0.4189453125 0.2998046875 0.443359375 0.2939453125 0.4619140625 0.2744140625 0.4677734375 0.26123046875 0.46484375
2 0.62841796875 0.0 0.62744140625 0.044921875 0.62744140625 0.1201171875 0.61669921875 0.138671875 0.61572265625 0.16015625 0.6171875 0.1640625 0.62109375 0.1650390625 0.62158203125 0.1708984375 0.62060546875 0.171875 0.6044921875 0.1982421875 0.60498046875 0.203125 0.603515625 0.2197265625 0.60546875 0.22265625 0.6201171875 0.2197265625 0.623046875 0.2275390625 0.62548828125 0.2314453125 0.6259765625 0.2646484375 0.62548828125 0.3369140625 0.62548828125 0.3701171875 0.62451171875 0.380859375 0.6240234375 0.400390625 0.62451171875 0.4287109375 0.62451171875 0.4716796875 0.6240234375 0.4794921875 0.99951171875 0.83203125 0.99951171875 0.0
1 0.62451171875 0.4609375 0.54931640625 0.46484375 0.53759765625 0.466796875 0.53515625 0.4736328125 0.5439453125 0.484375 0.5771484375 0.5126953125 0.63623046875 0.580078125 0.8369140625 0.8544921875 0.93603515625 0.9990234375 0.99951171875 0.9990234375 0.99951171875 0.6689453125 0.93994140625 0.6337890625 0.9404296875 0.626953125 0.857421875 0.5830078125 0.83154296875 0.5849609375 0.810546875 0.568359375 0.810546875 0.560546875 0.796875 0.546875 0.76416015625 0.5478515625 0.75 0.5380859375 0.703125 0.509765625 0.7021484375 0.4990234375 0.68212890625 0.48828125 0.67138671875 0.4921875 0.666015625 0.490234375 0.66455078125 0.486328125 0.662109375 0.4833984375 0.65234375 0.486328125 0.646484375 0.4833984375 0.646484375 0.4775390625 0.63916015625 0.4765625 0.63134765625 0.478515625 0.62548828125 0.474609375
4 0.439453125 0.3876953125 0.43896484375 0.3818359375 0.439453125 0.3740234375 0.43603515625 0.3701171875 0.43603515625 0.3671875 0.43896484375 0.3662109375 0.44091796875 0.3642578125 0.44189453125 0.361328125 0.44287109375 0.3583984375 0.4443359375 0.357421875 0.4462890625 0.3583984375 0.447265625 0.359375 0.45068359375 0.359375 0.45263671875 0.3564453125 0.4541015625 0.3564453125 0.45703125 0.35546875 0.45947265625 0.3583984375 0.4609375 0.361328125 0.46337890625 0.3642578125 0.46533203125 0.365234375 0.466796875 0.3623046875 0.46826171875 0.361328125 0.470703125 0.3603515625 0.47265625 0.3642578125 0.4765625 0.3681640625 0.4755859375 0.373046875 0.4736328125 0.384765625 0.4697265625 0.41015625 0.46044921875 0.4140625 0.44287109375 0.4150390625
1 0.27783203125 0.47265625 0.31982421875 0.4755859375 0.35986328125 0.4775390625 0.396484375 0.484375 0.41162109375 0.4892578125 0.41748046875 0.49609375 0.4169921875 0.501953125 0.39794921875 0.5400390625 0.35107421875 0.623046875 0.25341796875 0.78125 0.10546875 0.9990234375 0.0 0.9990234375 0.0 0.654296875 0.0 0.626953125 0.15380859375 0.5576171875 0.2197265625 0.525390625 0.275390625 0.4970703125 0.275390625 0.4775390625
5 0.39990234375 0.3828125 0.3955078125 0.3916015625 0.39111328125 0.400390625 0.384765625 0.41015625 0.37939453125 0.41796875 0.3798828125 0.474609375 0.38232421875 0.4765625 0.38671875 0.4736328125 0.38916015625 0.4677734375 0.39990234375 0.4677734375 0.400390625 0.474609375 0.4013671875 0.4775390625 0.4033203125 0.478515625 0.40869140625 0.478515625 0.41015625 0.4755859375 0.41064453125 0.4716796875 0.41259765625 0.4716796875 0.41552734375 0.46875 0.42236328125 0.4677734375 0.4228515625 0.4697265625 0.42431640625 0.474609375 0.4287109375 0.4765625 0.43115234375 0.4755859375 0.43359375 0.4716796875 0.4345703125 0.46875 0.4365234375 0.4677734375 0.43994140625 0.46875 0.44189453125 0.4697265625 0.4443359375 0.4697265625 0.44580078125 0.46875 0.447265625 0.46875 0.4482421875 0.46875 0.4501953125 0.474609375 0.45166015625 0.478515625 0.45654296875 0.478515625 0.45849609375 0.474609375 0.45947265625 0.46875 0.4599609375 0.4638671875 0.4609375 0.4599609375 0.46044921875 0.435546875 0.45947265625 0.4306640625 0.458984375 0.42578125 0.458984375 0.41796875 0.45751953125 0.4140625 0.455078125 0.4091796875 0.44873046875 0.3935546875 0.4453125 0.3857421875 0.4404296875 0.3818359375 0.427734375 0.380859375 0.40478515625 0.3818359375
2 0.26708984375 0.0 0.26806640625 0.0380859375 0.26806640625 0.0849609375 0.2763671875 0.0966796875 0.27587890625 0.1005859375 0.275390625 0.1025390625 0.275390625 0.1826171875 0.27392578125 0.1826171875 0.26904296875 0.1826171875 0.26904296875 0.208984375 0.2666015625 0.208984375 0.26611328125 0.2646484375 0.26708984375 0.458984375 0.27490234375 0.4609375 0.275390625 0.4638671875 0.27587890625 0.4892578125 0.27587890625 0.5 0.27197265625 0.5 0.171875 0.5478515625 0.0 0.6318359375 0.0 0.0
4 0.54248046875 0.35546875 0.54345703125 0.361328125 0.54345703125 0.365234375 0.54296875 0.3681640625 0.5439453125 0.3701171875 0.5458984375 0.3720703125 0.5458984375 0.3740234375 0.54736328125 0.3779296875 0.546875 0.3818359375 0.544921875 0.3818359375 0.544921875 0.3876953125 0.54345703125 0.3896484375 0.5439453125 0.3935546875 0.544921875 0.39453125 0.5439453125 0.3974609375 0.544921875 0.404296875 0.54638671875 0.4033203125 0.5478515625 0.4052734375 0.548828125 0.40234375 0.54931640625 0.4013671875 0.5517578125 0.40625 0.5595703125 0.4033203125 0.55908203125 0.3681640625 0.55615234375 0.361328125 0.55419921875 0.3583984375 0.5537109375 0.35546875 0.55322265625 0.353515625 0.55224609375 0.3525390625 0.5498046875 0.3544921875 0.54736328125 0.353515625 0.5458984375 0.353515625
4 0.3076171875 0.2666015625 0.3056640625 0.275390625 0.30322265625 0.28125 0.2998046875 0.2861328125 0.296875 0.2890625 0.29638671875 0.2978515625 0.29736328125 0.3076171875 0.298828125 0.3095703125 0.30322265625 0.3125 0.3046875 0.318359375 0.30810546875 0.3212890625 0.31103515625 0.3173828125 0.31201171875 0.314453125 0.314453125 0.314453125 0.31787109375 0.3115234375 0.3193359375 0.302734375 0.3193359375 0.296875 0.3173828125 0.2890625 0.31689453125 0.28515625 0.31640625 0.28125 0.3134765625 0.283203125 0.310546875 0.283203125 0.31103515625 0.2783203125 0.31103515625 0.2763671875 0.31103515625 0.2734375 0.31005859375 0.271484375 0.310546875 0.2685546875
