0 0.99951171875 0.765625 0.52490234375 0.3564453125 0.0 0.7236328125 0.0 0.9990234375 0.99951171875 0.9990234375 0.99951171875 0.7705078125
1 0.583984375 0.439453125 0.62255859375 0.44140625 0.625 0.43359375 0.61328125 0.43359375 0.6064453125 0.431640625 0.59814453125 0.4306640625 0.5888671875 0.431640625 0.583984375 0.43359375 0.58349609375 0.435546875
2 0.4443359375 0.0 0.44677734375 0.0185546875 0.44580078125 0.0205078125 0.44580078125 0.044921875 0.44921875 0.0498046875 0.45361328125 0.0537109375 0.455078125 0.056640625 0.45068359375 0.056640625 0.451171875 0.0615234375 0.451171875 0.064453125 0.451171875 0.068359375 0.453125 0.068359375 0.45458984375 0.0712890625 0.455078125 0.068359375 0.45751953125 0.068359375 0.4599609375 0.060546875 0.462890625 0.0556640625 0.466796875 0.0634765625 0.46826171875 0.064453125 0.466796875 0.068359375 0.4677734375 0.0771484375 0.46923828125 0.0859375 0.482421875 0.1015625 0.484375 0.1083984375 0.4853515625 0.1142578125 0.486328125 0.125 0.48779296875 0.1337890625 0.48974609375 0.140625 0.4921875 0.1435546875 0.4921875 0.1455078125 0.49072265625 0.1494140625 0.48974609375 0.154296875 0.48974609375 0.1884765625 0.513671875 0.189453125 0.513671875 0.1962890625 0.5263671875 0.2001953125 0.5263671875 0.2021484375 0.53076171875 0.2001953125 0.53173828125 0.189453125 0.53759765625 0.19140625 0.53759765625 0.1962890625 0.53857421875 0.19921875 0.54296875 0.19921875 0.54296875 0.193359375 0.55078125 0.1943359375 0.55078125 0.1884765625 0.5546875 0.1884765625 0.5556640625 0.189453125 0.5556640625 0.19921875 0.578125 0.2041015625 0.5771484375 0.1513671875 0.578125 0.1484375 0.578125 0.1435546875 0.58203125 0.1435546875 0.58251953125 0.1376953125 0.5849609375 0.1357421875 0.58544921875 0.1298828125 0.59326171875 0.1298828125 0.59326171875 0.1220703125 0.59423828125 0.119140625 0.5947265625 0.1015625 0.61669921875 0.1005859375 0.61669921875 0.0 0.99951171875 0.0 0.99951171875 0.5078125 0.67138671875 0.44140625 0.5908203125 0.4091796875 0.5693359375 0.40625 0.546875 0.3994140625 0.5068359375 0.3994140625 0.45361328125 0.41015625 0.40576171875 0.4287109375 0.0 0.54296875 0.0 0.0 0.44189453125 0.0
5 0.55615234375 0.3935546875 0.5546875 0.3876953125 0.5517578125 0.3837890625 0.55078125 0.3828125 0.5439453125 0.3828125 0.54248046875 0.3857421875 0.541015625 0.388671875 0.5400390625 0.390625 0.5400390625 0.4013671875 0.5400390625 0.404296875 0.5400390625 0.40625 0.54248046875 0.40625 0.54248046875 0.40234375 0.5439453125 0.40234375 0.5439453125 0.40625 0.54541015625 0.40625 0.54638671875 0.404296875 0.548828125 0.404296875 0.55029296875 0.40625 0.55224609375 0.404296875 0.5546875 0.40234375 0.5556640625 0.3984375
1 0.462890625 0.4208984375 0.4521484375 0.431640625 0.43896484375 0.4365234375 0.458984375 0.435546875 0.4658203125 0.4365234375 0.4677734375 0.4384765625 0.46240234375 0.44140625 0.4306640625 0.44140625 0.41064453125 0.4384765625 0.4091796875 0.431640625 0.421875 0.421875 0.4287109375 0.419921875 0.4404296875 0.416015625 0.45849609375 0.41015625
5 0.5771484375 0.3994140625 0.5810546875 0.3837890625 0.57861328125 0.380859375 0.56884765625 0.3828125 0.56689453125 0.3837890625 0.5654296875 0.390625 0.56396484375 0.3935546875 0.56640625 0.3935546875 0.56689453125 0.4013671875 0.57080078125 0.40234375
5 0.57958984375 0.3994140625 0.578125 0.388671875 0.57666015625 0.3857421875 0.56884765625 0.3857421875 0.56640625 0.3916015625 0.56494140625 0.3955078125 0.5634765625 0.396484375 0.56201171875 0.3994140625 0.5615234375 0.40234375 0.560546875 0.404296875 0.560546875 0.41015625 0.56103515625 0.4140625 0.5615234375 0.419921875 0.5634765625 0.419921875 0.5634765625 0.4150390625 0.5654296875 0.4150390625 0.5654296875 0.41796875 0.56787109375 0.41796875 0.56787109375 0.4169921875 0.5732421875 0.4150390625
5 0.5908203125 0.396484375 0.58544921875 0.3857421875 0.58349609375 0.3837890625 0.57568359375 0.3837890625 0.5732421875 0.3935546875 0.57275390625 0.3955078125 0.57080078125 0.3955078125 0.5703125 0.3984375 0.57080078125 0.3994140625 0.57275390625 0.3994140625 0.5693359375 0.404296875 0.5693359375 0.4208984375 0.57080078125 0.4228515625 0.57080078125 0.4248046875 0.57421875 0.42578125 0.57568359375 0.4228515625 0.58544921875 0.4169921875
5 0.5947265625 0.3857421875 0.5888671875 0.3828125 0.58349609375 0.3828125 0.57861328125 0.3935546875 0.576171875 0.3955078125 0.57421875 0.3984375 0.57470703125 0.4013671875 0.576171875 0.40234375 0.57470703125 0.4091796875 0.57470703125 0.4228515625 0.57470703125 0.42578125 0.576171875 0.427734375 0.5771484375 0.4287109375 0.580078125 0.4306640625 0.58349609375 0.4287109375 0.58935546875 0.4072265625 0.5966796875 0.388671875
5 0.607421875 0.3837890625 0.60791015625 0.3798828125 0.60791015625 0.376953125 0.6171875 0.376953125 0.61865234375 0.3828125 0.61962890625 0.388671875 0.61962890625 0.3984375 0.607421875 0.396484375
5 0.607421875 0.3798828125 0.61181640625 0.3828125 0.61328125 0.3876953125 0.6142578125 0.404296875 0.61474609375 0.4150390625 0.61474609375 0.419921875 0.6142578125 0.427734375 0.61328125 0.4306640625 0.61181640625 0.431640625 0.6103515625 0.4306640625 0.603515625 0.4287109375 0.5908203125 0.4287109375 0.58935546875 0.431640625 0.587890625 0.431640625 0.58740234375 0.4306640625 0.58642578125 0.4306640625 0.5849609375 0.431640625 0.58349609375 0.431640625 0.58251953125 0.4306640625 0.58251953125 0.4248046875 0.58349609375 0.4169921875 0.58349609375 0.4091796875 0.583984375 0.40234375 0.58349609375 0.4013671875 0.58251953125 0.3984375 0.58349609375 0.3955078125 0.58642578125 0.3955078125 0.58935546875 0.3837890625 0.59033203125 0.380859375 0.5908203125 0.3798828125
5 0.666015625 0.388671875 0.6650390625 0.373046875 0.6611328125 0.369140625 0.63818359375 0.369140625 0.63427734375 0.373046875 0.62939453125 0.3837890625 0.625 0.4013671875 0.6240234375 0.404296875 0.62255859375 0.404296875 0.62255859375 0.3984375 0.62060546875 0.3984375 0.61865234375 0.3984375 0.6171875 0.3994140625 0.61669921875 0.404296875 0.6171875 0.4072265625 0.6220703125 0.4091796875 0.62255859375 0.412109375 0.61962890625 0.419921875 0.61865234375 0.427734375 0.61962890625 0.46875 0.62109375 0.470703125 0.6259765625 0.470703125 0.62646484375 0.462890625 0.62646484375 0.4580078125 0.62939453125 0.4599609375 0.62939453125 0.4736328125 0.63134765625 0.4765625 0.63330078125 0.4765625 0.64208984375 0.4599609375 0.654296875 0.4150390625
5 0.6875 0.3828125 0.67529296875 0.3701171875 0.65966796875 0.3720703125 0.650390625 0.376953125 0.6396484375 0.41015625 0.63818359375 0.4072265625 0.63525390625 0.4072265625 0.63330078125 0.41015625 0.63330078125 0.412109375 0.63427734375 0.4140625 0.6357421875 0.4169921875 0.63330078125 0.4287109375 0.6318359375 0.44140625 0.6318359375 0.447265625 0.63330078125 0.4521484375 0.63330078125 0.4794921875 0.63525390625 0.484375 0.642578125 0.484375 0.64208984375 0.4765625 0.64599609375 0.478515625 0.64599609375 0.4873046875 0.646484375 0.4921875 0.64990234375 0.4921875 0.65185546875 0.4921875 0.6552734375 0.4892578125 0.65673828125 0.4765625 0.669921875 0.47265625 0.68896484375 0.4072265625
4 0.7177734375 0.3720703125 0.701171875 0.3564453125 0.701171875 0.34765625 0.7060546875 0.3427734375 0.7060546875 0.3408203125 0.70703125 0.337890625 0.70458984375 0.337890625 0.703125 0.33984375 0.70068359375 0.33984375 0.6982421875 0.3349609375 0.701171875 0.3349609375 0.70458984375 0.3349609375 0.705078125 0.3291015625 0.70361328125 0.330078125 0.703125 0.3271484375 0.7060546875 0.322265625 0.70703125 0.3212890625 0.705078125 0.31640625 0.705078125 0.310546875 0.70703125 0.3037109375 0.7099609375 0.3037109375 0.71142578125 0.302734375 0.712890625 0.2958984375 0.71044921875 0.29296875 0.71142578125 0.2900390625 0.7099609375 0.28515625 0.71044921875 0.279296875 0.71240234375 0.27734375 0.712890625 0.2734375 0.7138671875 0.2734375 0.7158203125 0.2734375 0.716796875 0.2685546875 0.7158203125 0.2666015625 0.71533203125 0.2626953125 0.7177734375 0.2587890625 0.7197265625 0.2607421875 0.7216796875 0.2578125 0.7236328125 0.2548828125 0.72607421875 0.248046875 0.72705078125 0.2392578125 0.72998046875 0.2333984375 0.73046875 0.2373046875 0.73291015625 0.244140625 0.734375 0.244140625 0.73779296875 0.244140625 0.73974609375 0.2470703125 0.74462890625 0.2412109375 0.74609375 0.2451171875 0.7509765625 0.2412109375 0.7529296875 0.2412109375 0.75439453125 0.2412109375 0.7568359375 0.244140625 0.75927734375 0.244140625 0.7646484375 0.2412109375 0.767578125 0.2421875 0.77099609375 0.2421875 0.7724609375 0.248046875 0.771484375 0.2607421875 0.77392578125 0.2626953125 0.77490234375 0.2607421875 0.7763671875 0.2578125 0.7802734375 0.2548828125 0.783203125 0.2548828125 0.783203125 0.263671875 0.78173828125 0.2666015625 0.7822265625 0.2744140625 0.7822265625 0.28125 0.78076171875 0.28515625 0.783203125 0.2919921875 0.78466796875 0.345703125 0.74072265625 0.3779296875
5 0.73681640625 0.369140625 0.734375 0.3544921875 0.71923828125 0.3544921875 0.71826171875 0.345703125 0.7158203125 0.353515625 0.68505859375 0.3564453125 0.6796875 0.359375 0.671875 0.380859375 0.66455078125 0.412109375 0.66455078125 0.4072265625 0.66357421875 0.40234375 0.66259765625 0.4013671875 0.65966796875 0.4013671875 0.6552734375 0.404296875 0.654296875 0.4091796875 0.65576171875 0.4169921875 0.66064453125 0.419921875 0.658203125 0.435546875 0.658203125 0.4658203125 0.6572265625 0.4873046875 0.6591796875 0.5029296875 0.6611328125 0.5078125 0.66796875 0.5078125 0.6689453125 0.4970703125 0.67041015625 0.5 0.67041015625 0.5166015625 0.671875 0.521484375 0.6767578125 0.5234375 0.6806640625 0.5234375 0.68310546875 0.5087890625 0.68359375 0.494140625 0.716796875 0.4951171875 0.7421875 0.3994140625
5 0.87255859375 0.3837890625 0.86181640625 0.3486328125 0.84716796875 0.3427734375 0.8310546875 0.337890625 0.76611328125 0.3359375 0.74365234375 0.33984375 0.734375 0.3505859375 0.7158203125 0.396484375 0.7138671875 0.4013671875 0.71142578125 0.3955078125 0.708984375 0.3916015625 0.70703125 0.3916015625 0.703125 0.3994140625 0.703125 0.41015625 0.705078125 0.419921875 0.69775390625 0.439453125 0.69677734375 0.455078125 0.69580078125 0.46484375 0.69580078125 0.4833984375 0.69580078125 0.529296875 0.69775390625 0.5458984375 0.70068359375 0.55078125 0.71533203125 0.552734375 0.716796875 0.5458984375 0.71923828125 0.53125 0.734375 0.5400390625 0.7353515625 0.56640625 0.73828125 0.58203125 0.74462890625 0.5859375 0.75439453125 0.58984375 0.76220703125 0.580078125 0.79296875 0.505859375 0.83740234375 0.4208984375
5 0.99951171875 0.390625 0.98486328125 0.3720703125 0.9775390625 0.365234375 0.97021484375 0.361328125 0.908203125 0.3505859375 0.8603515625 0.353515625 0.82958984375 0.3623046875 0.8173828125 0.376953125 0.7958984375 0.4375 0.79541015625 0.431640625 0.7939453125 0.4140625 0.7861328125 0.41796875 0.7802734375 0.4287109375 0.7802734375 0.4384765625 0.78466796875 0.4453125 0.78564453125 0.4521484375 0.77490234375 0.462890625 0.7646484375 0.486328125 0.7607421875 0.521484375 0.7578125 0.5458984375 0.75830078125 0.5830078125 0.7626953125 0.6123046875 0.767578125 0.625 0.77392578125 0.6279296875 0.7802734375 0.626953125 0.783203125 0.6083984375 0.81103515625 0.638671875 0.81396484375 0.669921875 0.8203125 0.69140625 0.82568359375 0.7001953125 0.8369140625 0.7021484375 0.84375 0.6875 0.84619140625 0.6572265625 0.853515625 0.662109375 0.865234375 0.6650390625 0.8828125 0.673828125 0.89794921875 0.67578125 0.92626953125 0.6796875 0.99951171875 0.673828125
4 0.50390625 0.40625 0.50390625 0.4013671875 0.50439453125 0.3994140625 0.50537109375 0.396484375 0.5078125 0.3955078125 0.5078125 0.3935546875 0.50830078125 0.3916015625 0.51025390625 0.390625 0.51220703125 0.390625 0.513671875 0.390625 0.5146484375 0.3935546875 0.51611328125 0.3955078125 0.51611328125 0.3994140625 0.515625 0.40234375 0.5107421875 0.40625 0.5068359375 0.40625
5 0.47998046875 0.3916015625 0.48388671875 0.3876953125 0.49169921875 0.3876953125 0.4931640625 0.388671875 0.49462890625 0.3955078125 0.49560546875 0.396484375 0.49609375 0.3984375 0.49609375 0.4208984375 0.49560546875 0.4208984375 0.49072265625 0.412109375
5 0.4736328125 0.390625 0.4814453125 0.388671875 0.48388671875 0.3876953125 0.48974609375 0.3876953125 0.49072265625 0.388671875 0.4921875 0.3955078125 0.4931640625 0.3994140625 0.49365234375 0.4013671875 0.49462890625 0.4091796875 0.49560546875 0.4208984375 0.49365234375 0.4208984375 0.49169921875 0.4208984375 0.4892578125 0.4169921875 0.48291015625 0.40625
5 0.4677734375 0.3935546875 0.47216796875 0.388671875 0.474609375 0.3876953125 0.47607421875 0.3857421875 0.486328125 0.3876953125 0.48828125 0.3984375 0.48828125 0.3994140625 0.4892578125 0.3994140625 0.48974609375 0.3994140625 0.49072265625 0.4013671875 0.49169921875 0.404296875 0.49169921875 0.4228515625 0.4892578125 0.4248046875 0.48828125 0.4248046875 0.48681640625 0.4248046875 0.486328125 0.4248046875 0.4853515625 0.4208984375 0.48291015625 0.419921875 0.47509765625 0.396484375
5 0.46826171875 0.404296875 0.47314453125 0.3935546875 0.47607421875 0.390625 0.47900390625 0.390625 0.48046875 0.3935546875 0.48388671875 0.3994140625 0.4853515625 0.3994140625 0.486328125 0.3994140625 0.486328125 0.4013671875 0.484375 0.40234375 0.48388671875 0.40234375 0.4853515625 0.4072265625 0.486328125 0.4248046875 0.4853515625 0.4248046875 0.484375 0.4248046875 0.48388671875 0.42578125 0.48291015625 0.42578125 0.4775390625 0.4140625
5 0.4638671875 0.3984375 0.470703125 0.390625 0.4736328125 0.390625 0.47607421875 0.388671875 0.47900390625 0.3955078125 0.48046875 0.3984375 0.4814453125 0.4013671875 0.482421875 0.40625 0.48291015625 0.41015625 0.48291015625 0.427734375 0.482421875 0.4287109375 0.4814453125 0.4287109375 0.48046875 0.4306640625 0.48046875 0.431640625 0.47900390625 0.4306640625 0.4775390625 0.4208984375 0.46826171875 0.41015625
5 0.44677734375 0.435546875 0.44677734375 0.419921875 0.44677734375 0.4150390625 0.44775390625 0.412109375 0.44775390625 0.4091796875 0.44775390625 0.4072265625 0.44775390625 0.40625 0.44775390625 0.404296875 0.4482421875 0.40234375 0.44970703125 0.4013671875 0.45458984375 0.3857421875 0.4560546875 0.3828125 0.4716796875 0.380859375 0.4736328125 0.3828125 0.47607421875 0.3876953125 0.478515625 0.3984375 0.47998046875 0.396484375 0.4814453125 0.3984375 0.4814453125 0.40234375 0.478515625 0.40234375 0.47998046875 0.4091796875 0.48046875 0.4140625 0.47998046875 0.4306640625 0.47705078125 0.431640625 0.4736328125 0.435546875 0.4716796875 0.435546875 0.4716796875 0.43359375 0.4521484375 0.43359375 0.451171875 0.435546875 0.44921875 0.4365234375
5 0.39453125 0.3916015625 0.4091796875 0.388671875 0.4150390625 0.388671875 0.42138671875 0.4169921875 0.4228515625 0.43359375 0.4228515625 0.46484375 0.4189453125 0.4658203125 0.4189453125 0.4599609375 0.40283203125 0.4462890625
4 0.37890625 0.3984375 0.3818359375 0.3671875 0.38330078125 0.3544921875 0.38427734375 0.3515625 0.38525390625 0.34765625 0.38427734375 0.3408203125 0.38330078125 0.33203125 0.3818359375 0.3271484375 0.3828125 0.318359375 0.3818359375 0.310546875 0.3828125 0.30078125 0.3818359375 0.29296875 0.38134765625 0.28515625 0.3779296875 0.2763671875 0.3759765625 0.27734375 0.3740234375 0.2685546875 0.37255859375 0.2587890625 0.37109375 0.251953125 0.37060546875 0.2470703125 0.36669921875 0.244140625 0.36572265625 0.2294921875 0.36279296875 0.228515625 0.36328125 0.22265625 0.36328125 0.2099609375 0.361328125 0.2001953125 0.35888671875 0.205078125 0.359375 0.22265625 0.357421875 0.228515625 0.35498046875 0.220703125 0.35498046875 0.212890625 0.3525390625 0.20703125 0.35107421875 0.2099609375 0.3486328125 0.2041015625 0.34814453125 0.2080078125 0.34423828125 0.2109375 0.34326171875 0.2158203125 0.34326171875 0.220703125 0.34423828125 0.2236328125 0.3447265625 0.2255859375 0.345703125 0.2294921875 0.3408203125 0.236328125 0.33935546875 0.2333984375 0.33544921875 0.2294921875 0.33349609375 0.2314453125 0.33203125 0.236328125 0.32958984375 0.2333984375 0.3271484375 0.234375 0.326171875 0.234375 0.326171875 0.2373046875 0.32861328125 0.25 0.3271484375 0.251953125 0.32568359375 0.2529296875 0.3232421875 0.248046875 0.32080078125 0.25 0.3193359375 0.2529296875 0.32275390625 0.263671875 0.32275390625 0.2685546875 0.32080078125 0.271484375 0.3232421875 0.2763671875 0.3232421875 0.2822265625 0.3232421875 0.287109375 0.32421875 0.2919921875 0.32080078125 0.2919921875 0.32080078125 0.30078125 0.3203125 0.302734375 0.31884765625 0.294921875 0.3154296875 0.294921875 0.31640625 0.3037109375 0.3154296875 0.30859375 0.31396484375 0.310546875 0.3154296875 0.3212890625 0.3154296875 0.3251953125 0.31640625 0.3271484375 0.31689453125 0.396484375 0.341796875 0.3955078125
5 0.35498046875 0.388671875 0.359375 0.3701171875 0.3740234375 0.3662109375 0.39892578125 0.3671875 0.404296875 0.369140625 0.4091796875 0.3828125 0.41357421875 0.40234375 0.416015625 0.435546875 0.416015625 0.46484375 0.4150390625 0.47265625 0.41357421875 0.4755859375 0.40966796875 0.4736328125 0.4091796875 0.4609375 0.40673828125 0.462890625 0.40576171875 0.4755859375 0.404296875 0.478515625 0.39794921875 0.4794921875 0.39794921875 0.47265625 0.37939453125 0.47265625 0.3740234375 0.439453125
5 0.3115234375 0.4140625 0.32421875 0.3828125 0.330078125 0.3779296875 0.349609375 0.373046875 0.3681640625 0.3720703125 0.37646484375 0.3720703125 0.38330078125 0.4013671875 0.38525390625 0.3994140625 0.38720703125 0.3994140625 0.3896484375 0.4013671875 0.390625 0.40625 0.390625 0.412109375 0.3896484375 0.4169921875 0.3857421875 0.4169921875 0.3896484375 0.42578125 0.390625 0.45703125 0.39208984375 0.462890625 0.39208984375 0.4892578125 0.390625 0.4912109375 0.38525390625 0.4912109375 0.38525390625 0.494140625 0.38427734375 0.4970703125 0.3818359375 0.5 0.37890625 0.5 0.37744140625 0.4873046875 0.35888671875 0.486328125 0.3017578125 0.4580078125
5 0.28466796875 0.41796875 0.291015625 0.390625 0.294921875 0.3857421875 0.3271484375 0.3828125 0.34033203125 0.3837890625 0.3447265625 0.3916015625 0.3525390625 0.4169921875 0.35546875 0.42578125 0.357421875 0.4365234375 0.359375 0.439453125 0.3603515625 0.44921875 0.36181640625 0.4677734375 0.36181640625 0.478515625 0.36279296875 0.4970703125 0.361328125 0.505859375 0.3603515625 0.5087890625 0.357421875 0.5126953125 0.35107421875 0.5126953125 0.35107421875 0.5048828125 0.34326171875 0.5048828125 0.34326171875 0.5166015625 0.3408203125 0.5234375 0.33544921875 0.5244140625 0.33203125 0.5234375 0.32958984375 0.5166015625 0.32861328125 0.5087890625 0.3115234375 0.5107421875 0.29541015625 0.4287109375
5 0.19970703125 0.40234375 0.22119140625 0.400390625 0.22607421875 0.3935546875 0.24658203125 0.388671875 0.2802734375 0.3857421875 0.29248046875 0.3876953125 0.2958984375 0.3896484375 0.30126953125 0.400390625 0.3095703125 0.431640625 0.31298828125 0.44921875 0.31640625 0.474609375 0.31689453125 0.4912109375 0.31689453125 0.52734375 0.3154296875 0.537109375 0.3115234375 0.5400390625 0.3056640625 0.5380859375 0.30517578125 0.5341796875 0.30419921875 0.5244140625 0.29150390625 0.52734375 0.29150390625 0.5400390625 0.291015625 0.552734375 0.28857421875 0.55859375 0.283203125 0.55859375 0.27685546875 0.5537109375 0.27392578125 0.54296875 0.2490234375 0.5478515625 0.21240234375 0.501953125
5 0.03759765625 0.447265625 0.08642578125 0.4091796875 0.09423828125 0.396484375 0.11767578125 0.3876953125 0.142578125 0.3798828125 0.171875 0.376953125 0.19287109375 0.376953125 0.2099609375 0.3798828125 0.21923828125 0.3876953125 0.2314453125 0.41015625 0.2392578125 0.4287109375 0.24365234375 0.443359375 0.24560546875 0.4384765625 0.2490234375 0.4365234375 0.2578125 0.439453125 0.25927734375 0.4443359375 0.25830078125 0.451171875 0.2568359375 0.455078125 0.26025390625 0.4609375 0.2607421875 0.4677734375 0.25830078125 0.4765625 0.26318359375 0.4921875 0.26318359375 0.5185546875 0.263671875 0.56640625 0.2626953125 0.5751953125 0.2607421875 0.5771484375 0.25439453125 0.5791015625 0.24853515625 0.5791015625 0.24609375 0.576171875 0.24560546875 0.56640625 0.24560546875 0.556640625 0.2236328125 0.572265625 0.2236328125 0.5908203125 0.22314453125 0.6044921875 0.2216796875 0.6103515625 0.2177734375 0.6162109375 0.212890625 0.6162109375 0.20458984375 0.6142578125 0.20068359375 0.6005859375 0.1982421875 0.580078125 0.12744140625 0.5947265625 0.107421875 0.55078125 0.07275390625 0.435546875
5 0.13330078125 0.5908203125 0.1357421875 0.5693359375 0.13330078125 0.5234375 0.13134765625 0.501953125 0.12744140625 0.4814453125 0.11669921875 0.4580078125 0.10107421875 0.4208984375 0.091796875 0.4013671875 0.07861328125 0.388671875 0.06884765625 0.3837890625 0.03564453125 0.3798828125 0.0 0.380859375 0.0 0.6943359375 0.0068359375 0.693359375 0.00927734375 0.7158203125 0.013671875 0.7314453125 0.02294921875 0.736328125 0.03564453125 0.7265625 0.041015625 0.712890625 0.04833984375 0.669921875 0.1015625 0.62890625 0.1044921875 0.646484375 0.10791015625 0.6591796875 0.11474609375 0.6630859375 0.12841796875 0.6552734375 0.1318359375 0.6416015625 0.13427734375 0.6220703125 0.13427734375 0.603515625
