2 0.46533203125 0.0 0.48388671875 0.4833984375 0.79345703125 0.4775390625 0.7802734375 0.0
2 0.73193359375 0.0 0.73046875 0.076171875 0.72802734375 0.2548828125 0.72607421875 0.4013671875 0.73486328125 0.533203125 0.99951171875 0.537109375 0.99951171875 0.5244140625 0.99951171875 0.0
2 0.51171875 0.0 0.51123046875 0.1875 0.51025390625 0.373046875 0.505859375 0.546875 0.37255859375 0.58984375 0.0 0.5791015625 0.0 0.0
1 0.6650390625 0.41796875 0.63623046875 0.42578125 0.58740234375 0.4404296875 0.5419921875 0.4443359375 0.4736328125 0.451171875 0.4619140625 0.4609375 0.458984375 0.46484375 0.4462890625 0.46875 0.42041015625 0.48046875 0.4072265625 0.486328125 0.3935546875 0.4833984375 0.28515625 0.4794921875 0.28076171875 0.4833984375 0.27197265625 0.48828125 0.25341796875 0.48828125 0.2490234375 0.48828125 0.24609375 0.484375 0.24560546875 0.4775390625 0.2080078125 0.4755859375 0.18603515625 0.4716796875 0.158203125 0.47265625 0.1474609375 0.4814453125 0.14306640625 0.48828125 0.119140625 0.4853515625 0.1181640625 0.4736328125 0.0009765625 0.46875 0.0 0.509765625 0.0 0.5146484375 0.31884765625 0.5146484375 0.60888671875 0.515625 0.99951171875 0.513671875 0.99951171875 0.46484375 0.94677734375 0.462890625 0.93359375 0.46875 0.8935546875 0.466796875 0.85693359375 0.46484375 0.81396484375 0.455078125 0.80419921875 0.4541015625
4 0.501953125 0.365234375 0.498046875 0.359375 0.5 0.3466796875 0.5078125 0.3447265625 0.517578125 0.3466796875 0.52197265625 0.3505859375 0.5224609375 0.3310546875 0.52734375 0.3291015625 0.52978515625 0.3310546875 0.5341796875 0.3349609375 0.54296875 0.3291015625 0.56103515625 0.34375 0.56689453125 0.337890625 0.572265625 0.33984375 0.576171875 0.33984375 0.57861328125 0.345703125 0.57861328125 0.349609375 0.5791015625 0.357421875 0.578125 0.369140625 0.57568359375 0.3974609375 0.56396484375 0.421875 0.51904296875 0.435546875 0.50732421875 0.4150390625 0.50244140625 0.3837890625
4 0.73388671875 0.2958984375 0.7314453125 0.298828125 0.7265625 0.3046875 0.72119140625 0.30859375 0.71875 0.3134765625 0.7109375 0.3125 0.701171875 0.318359375 0.697265625 0.3251953125 0.69677734375 0.330078125 0.69775390625 0.3369140625 0.697265625 0.341796875 0.6953125 0.3447265625 0.6953125 0.3505859375 0.69775390625 0.353515625 0.69775390625 0.357421875 0.6953125 0.3623046875 0.6943359375 0.369140625 0.6953125 0.37109375 0.6962890625 0.376953125 0.69580078125 0.3828125 0.69189453125 0.3974609375 0.69482421875 0.41015625 0.69482421875 0.419921875 0.69140625 0.447265625 0.69775390625 0.44921875 0.7138671875 0.447265625 0.72998046875 0.435546875 0.74755859375 0.3837890625 0.74169921875 0.3125 0.7392578125 0.310546875 0.73779296875 0.3046875 0.73779296875 0.30078125 0.73681640625 0.30078125 0.73486328125 0.298828125
2 0.947265625 0.2421875 0.9462890625 0.330078125 0.9443359375 0.44140625 0.978515625 0.4501953125 0.9814453125 0.439453125 0.982421875 0.42578125 0.98291015625 0.33203125 0.98291015625 0.25390625 0.9833984375 0.2392578125
0 0.99951171875 0.578125 0.978515625 0.576171875 0.88525390625 0.578125 0.3193359375 0.5712890625 0.109375 0.5712890625 0.0205078125 0.56640625 0.01123046875 0.56640625 0.0 0.55859375 0.0 0.9990234375 0.99951171875 0.9990234375
1 0.00341796875 0.9990234375 0.03515625 0.91015625 0.0546875 0.8251953125 0.05859375 0.787109375 0.048828125 0.7607421875 0.02734375 0.7314453125 0.0 0.7138671875 0.0 0.9990234375
1 0.99951171875 0.634765625 0.779296875 0.634765625 0.74658203125 0.634765625 0.72216796875 0.638671875 0.720703125 0.6416015625 0.99951171875 0.978515625
