0 0.0 0.6552734375 0.291015625 0.490234375 0.56787109375 0.3505859375 0.62646484375 0.3486328125 0.90478515625 0.443359375 0.99951171875 0.5166015625 0.99951171875 0.9990234375 0.0 0.9990234375
2 0.55224609375 0.0 0.55322265625 0.0107421875 0.5556640625 0.025390625 0.548828125 0.0322265625 0.54736328125 0.0185546875 0.54052734375 0.01953125 0.54052734375 0.02734375 0.53955078125 0.0341796875 0.53955078125 0.0498046875 0.54833984375 0.0498046875 0.54833984375 0.0712890625 0.5390625 0.0712890625 0.5380859375 0.1005859375 0.54736328125 0.1005859375 0.55224609375 0.115234375 0.5537109375 0.1181640625 0.55615234375 0.1142578125 0.56103515625 0.119140625 0.56591796875 0.1279296875 0.56640625 0.1318359375 0.56689453125 0.1494140625 0.5732421875 0.158203125 0.57568359375 0.158203125 0.57666015625 0.1650390625 0.58544921875 0.1806640625 0.5869140625 0.181640625 0.58740234375 0.189453125 0.5927734375 0.1943359375 0.59912109375 0.19140625 0.60009765625 0.1953125 0.60205078125 0.2001953125 0.603515625 0.2021484375 0.61181640625 0.236328125 0.626953125 0.23046875 0.62890625 0.1494140625 0.63623046875 0.1474609375 0.63916015625 0.1220703125 0.64208984375 0.119140625 0.64404296875 0.119140625 0.6435546875 0.0478515625 0.6416015625 0.04296875 0.64404296875 0.021484375 0.646484375 0.0224609375 0.6494140625 0.0146484375 0.64892578125 0.0 0.99951171875 0.0 0.99951171875 0.9990234375 0.0 0.9990234375 0.00048828125 0.9287109375 0.0 0.0
0 0.00146484375 0.7685546875 0.44287109375 0.4130859375 0.5244140625 0.3603515625 0.5654296875 0.34765625 0.5712890625 0.349609375 0.58349609375 0.326171875 0.60986328125 0.3291015625 0.63671875 0.3427734375 0.66748046875 0.3779296875 0.82373046875 0.451171875 0.99951171875 0.5703125 0.99951171875 0.9990234375 0.0 0.9990234375
1 0.57275390625 0.3466796875 0.57373046875 0.3486328125 0.5791015625 0.3447265625 0.58251953125 0.3359375 0.58544921875 0.330078125 0.58837890625 0.3291015625 0.638671875 0.3310546875 0.640625 0.3291015625 0.64453125 0.326171875 0.63330078125 0.326171875 0.625 0.3251953125 0.58984375 0.3251953125 0.583984375 0.3251953125 0.580078125 0.3251953125 0.5791015625 0.3291015625 0.57763671875 0.3310546875 0.57470703125 0.3359375 0.5712890625 0.33984375 0.5712890625 0.34375
1 0.62109375 0.349609375 0.6181640625 0.3291015625 0.61865234375 0.3232421875 0.62548828125 0.3232421875 0.63525390625 0.3232421875 0.64208984375 0.3359375 0.638671875 0.34375
1 0.6513671875 0.4140625 0.64697265625 0.412109375 0.638671875 0.4052734375 0.63232421875 0.4013671875 0.6298828125 0.392578125 0.62744140625 0.376953125 0.626953125 0.37109375 0.63671875 0.3642578125 0.64306640625 0.3720703125 0.64501953125 0.373046875 0.6513671875 0.373046875 0.66455078125 0.4013671875 0.65625 0.4130859375
1 0.0 0.9287109375 0.11083984375 0.810546875 0.2919921875 0.6259765625 0.3759765625 0.5380859375 0.4296875 0.4814453125 0.4716796875 0.427734375 0.5107421875 0.384765625 0.474609375 0.37890625 0.4130859375 0.41015625 0.38671875 0.419921875 0.32861328125 0.4365234375 0.2998046875 0.453125 0.291015625 0.451171875 0.197265625 0.490234375 0.142578125 0.5244140625 0.0 0.5966796875 0.0 0.9248046875
4 0.63330078125 0.3232421875 0.63427734375 0.3095703125 0.63232421875 0.30859375 0.6318359375 0.30859375 0.63134765625 0.30859375 0.63134765625 0.30859375 0.63037109375 0.3095703125 0.62939453125 0.310546875 0.62939453125 0.310546875 0.62939453125 0.310546875 0.62890625 0.3095703125 0.62744140625 0.306640625 0.62744140625 0.306640625 0.62744140625 0.3056640625 0.62744140625 0.3046875 0.62744140625 0.30078125 0.62890625 0.30078125 0.62890625 0.30078125 0.63037109375 0.298828125 0.63134765625 0.2978515625 0.6318359375 0.2978515625 0.63232421875 0.2978515625 0.63623046875 0.2998046875 0.63720703125 0.302734375 0.63720703125 0.306640625 0.63720703125 0.3076171875 0.63671875 0.3076171875 0.63671875 0.30859375 0.6357421875 0.3095703125 0.63525390625 0.3095703125 0.634765625 0.318359375 0.634765625 0.3203125 0.634765625 0.322265625
5 0.607421875 0.3212890625 0.61279296875 0.3125 0.62548828125 0.3134765625 0.62646484375 0.31640625 0.62744140625 0.318359375 0.6328125 0.318359375 0.63427734375 0.3212890625 0.634765625 0.32421875 0.63330078125 0.3251953125 0.6298828125 0.326171875 0.62548828125 0.326171875 0.6123046875 0.3251953125 0.607421875 0.328125 0.6044921875 0.326171875 0.6044921875 0.3232421875
5 0.607421875 0.32421875 0.6083984375 0.3203125 0.60888671875 0.318359375 0.609375 0.3173828125 0.61083984375 0.3173828125 0.611328125 0.318359375 0.61181640625 0.3203125 0.61181640625 0.322265625 0.6123046875 0.32421875 0.61376953125 0.32421875 0.615234375 0.33203125 0.61376953125 0.3359375 0.61279296875 0.3369140625 0.60986328125 0.3369140625 0.60693359375 0.3369140625 0.60595703125 0.3349609375 0.60546875 0.333984375 0.60546875 0.33203125 0.60546875 0.3291015625 0.6064453125 0.328125 0.60693359375 0.326171875
5 0.58740234375 0.3349609375 0.5927734375 0.3349609375 0.59423828125 0.3349609375 0.59521484375 0.3349609375 0.59619140625 0.3349609375 0.59765625 0.3349609375 0.59912109375 0.3349609375 0.6025390625 0.3349609375 0.607421875 0.3369140625 0.609375 0.3427734375 0.61181640625 0.35546875 0.6123046875 0.3564453125 0.61376953125 0.3564453125 0.61474609375 0.3583984375 0.61474609375 0.3603515625 0.61376953125 0.361328125 0.61279296875 0.3623046875 0.61279296875 0.3837890625 0.61279296875 0.3955078125 0.6123046875 0.400390625 0.60986328125 0.4013671875 0.60791015625 0.400390625 0.607421875 0.3974609375 0.60693359375 0.3935546875 0.58203125 0.392578125 0.58203125 0.3955078125 0.5810546875 0.3974609375 0.5791015625 0.3994140625 0.578125 0.3974609375 0.57763671875 0.39453125 0.57763671875 0.3720703125 0.57861328125 0.359375 0.57666015625 0.359375 0.57568359375 0.357421875 0.57568359375 0.35546875 0.57568359375 0.3544921875 0.5771484375 0.353515625 0.5791015625 0.3544921875 0.57958984375 0.35546875 0.583984375 0.33984375 0.5849609375 0.3359375
5 0.619140625 0.349609375 0.62255859375 0.341796875 0.6240234375 0.3408203125 0.63671875 0.337890625 0.638671875 0.3408203125 0.6416015625 0.3486328125 0.642578125 0.34765625 0.64404296875 0.3486328125 0.6435546875 0.3525390625 0.64306640625 0.3544921875 0.6435546875 0.3662109375 0.6435546875 0.376953125 0.64208984375 0.37890625 0.64111328125 0.3798828125 0.64013671875 0.37890625 0.63916015625 0.3759765625 0.63916015625 0.3740234375 0.62353515625 0.376953125 0.623046875 0.376953125 0.623046875 0.37890625 0.62255859375 0.380859375 0.62060546875 0.380859375 0.6201171875 0.3798828125 0.61962890625 0.37890625 0.61865234375 0.37890625 0.61865234375 0.3798828125 0.61767578125 0.3740234375 0.61767578125 0.361328125 0.6181640625 0.35546875 0.6171875 0.35546875 0.61669921875 0.3544921875 0.6171875 0.3525390625 0.61767578125 0.3525390625 0.6181640625 0.3525390625
4 0.64697265625 0.3955078125 0.6474609375 0.3876953125 0.6484375 0.3828125 0.64794921875 0.37890625 0.64794921875 0.376953125 0.64794921875 0.3740234375 0.64794921875 0.3720703125 0.64794921875 0.3681640625 0.6484375 0.3642578125 0.64794921875 0.3623046875 0.6474609375 0.3603515625 0.64697265625 0.3583984375 0.64697265625 0.35546875 0.6455078125 0.3486328125 0.64501953125 0.34765625 0.64453125 0.3447265625 0.64453125 0.3427734375 0.64501953125 0.33984375 0.64501953125 0.33984375 0.646484375 0.3369140625 0.64697265625 0.3349609375 0.6474609375 0.3330078125 0.64794921875 0.33203125 0.64990234375 0.3330078125 0.65234375 0.3349609375 0.65478515625 0.3330078125 0.65380859375 0.330078125 0.65625 0.330078125 0.6591796875 0.3291015625 0.65966796875 0.3291015625 0.66015625 0.328125 0.66015625 0.328125 0.6611328125 0.326171875 0.6630859375 0.3251953125 0.6640625 0.3251953125 0.6640625 0.330078125 0.6640625 0.3310546875 0.66650390625 0.3330078125 0.66748046875 0.33203125 0.66845703125 0.330078125 0.669921875 0.328125 0.67138671875 0.326171875 0.67333984375 0.328125 0.67431640625 0.326171875 0.67529296875 0.32421875 0.677734375 0.32421875 0.67919921875 0.32421875 0.6806640625 0.328125 0.68310546875 0.3291015625 0.6845703125 0.330078125 0.685546875 0.3330078125 0.68603515625 0.3359375 0.68603515625 0.33984375 0.6884765625 0.3408203125 0.6904296875 0.341796875 0.69189453125 0.341796875 0.6923828125 0.345703125 0.68994140625 0.34765625 0.68896484375 0.34765625 0.6865234375 0.3486328125 0.6845703125 0.3525390625 0.68359375 0.35546875 0.6806640625 0.361328125 0.677734375 0.3662109375 0.68017578125 0.3701171875 0.6787109375 0.376953125 0.677734375 0.3818359375 0.67529296875 0.384765625 0.67431640625 0.388671875 0.673828125 0.3955078125 0.673828125 0.396484375 0.67333984375 0.3974609375 0.671875 0.4033203125 0.671875 0.4072265625 0.67138671875 0.4091796875 0.6708984375 0.4169921875 0.6689453125 0.419921875 0.666015625 0.4189453125 0.6630859375 0.4189453125 0.662109375 0.4169921875 0.6591796875 0.4150390625 0.6572265625 0.4140625 0.65576171875 0.4130859375 0.65234375 0.408203125 0.64990234375 0.4072265625 0.6494140625 0.40625 0.6474609375 0.4033203125 0.64697265625 0.4033203125
4 0.58984375 0.3232421875 0.58984375 0.314453125 0.5888671875 0.31640625 0.587890625 0.314453125 0.5869140625 0.314453125 0.5859375 0.3134765625 0.5859375 0.3125 0.58447265625 0.3115234375 0.58447265625 0.3115234375 0.583984375 0.3115234375 0.583984375 0.3115234375 0.583984375 0.310546875 0.583984375 0.310546875 0.5849609375 0.30859375 0.58544921875 0.3076171875 0.58544921875 0.306640625 0.5859375 0.3056640625 0.5869140625 0.3046875 0.58740234375 0.3046875 0.58837890625 0.302734375 0.58935546875 0.3017578125 0.59033203125 0.302734375 0.5908203125 0.302734375 0.5927734375 0.302734375 0.59375 0.3046875 0.59423828125 0.3046875 0.59521484375 0.302734375 0.59521484375 0.3046875 0.5986328125 0.3076171875 0.59912109375 0.30859375 0.59912109375 0.3095703125 0.59912109375 0.310546875 0.5986328125 0.3115234375 0.5986328125 0.3134765625 0.59765625 0.3134765625 0.59716796875 0.314453125 0.59716796875 0.326171875 0.5966796875 0.326171875 0.5966796875 0.318359375 0.5966796875 0.31640625 0.59619140625 0.314453125 0.59619140625 0.314453125 0.595703125 0.314453125 0.59521484375 0.314453125 0.5947265625 0.31640625 0.59423828125 0.314453125 0.59375 0.3134765625 0.59375 0.3125 0.59326171875 0.3125 0.59326171875 0.3134765625 0.591796875 0.314453125 0.59130859375 0.314453125 0.5908203125 0.314453125 0.59033203125 0.31640625 0.59033203125 0.3193359375 0.59033203125 0.3212890625 0.59033203125 0.322265625 0.59033203125 0.328125 0.58984375 0.328125
5 0.77978515625 0.412109375 0.79345703125 0.388671875 0.8076171875 0.3662109375 0.82275390625 0.34765625 0.8359375 0.3408203125 0.89404296875 0.33984375 0.96923828125 0.353515625 0.9921875 0.3662109375 0.99951171875 0.3740234375 0.99951171875 0.6474609375 0.98779296875 0.634765625 0.9541015625 0.6298828125 0.89453125 0.6201171875 0.8876953125 0.6201171875 0.85791015625 0.619140625 0.85693359375 0.6328125 0.85498046875 0.6455078125 0.849609375 0.6572265625 0.841796875 0.662109375 0.83349609375 0.6591796875 0.826171875 0.650390625 0.8212890625 0.6318359375 0.8193359375 0.6103515625 0.81787109375 0.595703125 0.7744140625 0.5712890625 0.771484375 0.5859375 0.765625 0.5927734375 0.76123046875 0.5927734375 0.7548828125 0.58984375 0.75048828125 0.58203125 0.7490234375 0.5625 0.74951171875 0.544921875 0.74658203125 0.5380859375 0.74951171875 0.474609375 0.75634765625 0.4521484375 0.767578125 0.435546875 0.765625 0.4306640625 0.76123046875 0.423828125 0.7607421875 0.4091796875 0.763671875 0.4033203125 0.77294921875 0.4013671875 0.77587890625 0.41015625
5 0.583984375 0.337890625 0.5869140625 0.3349609375 0.591796875 0.333984375 0.603515625 0.3349609375 0.607421875 0.3369140625 0.609375 0.341796875 0.61181640625 0.3564453125 0.6142578125 0.357421875 0.61474609375 0.359375 0.6142578125 0.361328125 0.61328125 0.3623046875 0.61279296875 0.3623046875 0.61328125 0.369140625 0.61279296875 0.388671875 0.61279296875 0.3935546875 0.61279296875 0.396484375 0.6123046875 0.400390625 0.60986328125 0.4013671875 0.6083984375 0.400390625 0.607421875 0.3974609375 0.607421875 0.3935546875 0.58203125 0.392578125 0.58203125 0.3955078125 0.5810546875 0.3994140625 0.5791015625 0.3994140625 0.578125 0.3994140625 0.57763671875 0.3955078125 0.578125 0.3828125 0.57763671875 0.37109375 0.57861328125 0.3603515625 0.57861328125 0.359375 0.576171875 0.3583984375 0.57568359375 0.3564453125 0.57666015625 0.3544921875 0.578125 0.3544921875 0.57958984375 0.3564453125 0.58154296875 0.34765625
5 0.560546875 0.337890625 0.5703125 0.337890625 0.5732421875 0.3408203125 0.57568359375 0.3486328125 0.576171875 0.3583984375 0.57568359375 0.3603515625 0.576171875 0.3642578125 0.576171875 0.3681640625 0.5751953125 0.369140625 0.5732421875 0.369140625 0.57275390625 0.3662109375 0.572265625 0.365234375 0.56298828125 0.357421875 0.560546875 0.34765625
5 0.552734375 0.345703125 0.54833984375 0.3359375 0.55859375 0.3349609375 0.56005859375 0.3359375 0.560546875 0.3408203125 0.56201171875 0.3447265625 0.5634765625 0.34765625 0.5654296875 0.34765625 0.5654296875 0.3525390625 0.56396484375 0.353515625 0.5654296875 0.3583984375 0.56591796875 0.3642578125 0.5654296875 0.3759765625 0.56494140625 0.37890625 0.56396484375 0.37890625 0.56298828125 0.3798828125 0.55908203125 0.3720703125 0.55615234375 0.3564453125
5 0.54150390625 0.3427734375 0.54931640625 0.33984375 0.55615234375 0.341796875 0.55810546875 0.34375 0.55908203125 0.3525390625 0.56005859375 0.3525390625 0.5615234375 0.353515625 0.5615234375 0.35546875 0.560546875 0.3583984375 0.5615234375 0.361328125 0.56298828125 0.3681640625 0.56298828125 0.373046875 0.56298828125 0.37890625 0.56201171875 0.3798828125 0.56103515625 0.37890625 0.56103515625 0.3759765625 0.5595703125 0.3759765625 0.5595703125 0.3798828125 0.55810546875 0.3818359375 0.55615234375 0.380859375 0.5537109375 0.376953125 0.5537109375 0.376953125 0.548828125 0.3623046875 0.54248046875 0.3466796875
5 0.53955078125 0.341796875 0.54150390625 0.3359375 0.54248046875 0.3349609375 0.5478515625 0.3349609375 0.55029296875 0.34765625 0.55224609375 0.3505859375 0.55419921875 0.3505859375 0.5556640625 0.3525390625 0.55517578125 0.3544921875 0.5546875 0.35546875 0.5546875 0.3662109375 0.55517578125 0.3740234375 0.5556640625 0.3798828125 0.55517578125 0.3828125 0.55419921875 0.384765625 0.5537109375 0.384765625 0.55224609375 0.3857421875 0.55029296875 0.3876953125 0.548828125 0.384765625 0.54833984375 0.380859375 0.541015625 0.3642578125
4 0.52294921875 0.357421875 0.5263671875 0.3505859375 0.52978515625 0.349609375 0.53076171875 0.34765625 0.53125 0.3466796875 0.53173828125 0.345703125 0.53369140625 0.34375 0.53369140625 0.3427734375 0.53173828125 0.3359375 0.53125 0.3330078125 0.53125 0.330078125 0.53125 0.3291015625 0.53125 0.328125 0.53076171875 0.326171875 0.5302734375 0.3251953125 0.529296875 0.3251953125 0.5283203125 0.3251953125 0.5283203125 0.3251953125 0.52734375 0.3251953125 0.52197265625 0.3212890625 0.52197265625 0.3212890625 0.5205078125 0.3134765625 0.5205078125 0.30859375 0.5224609375 0.3046875 0.52001953125 0.2978515625 0.51904296875 0.2958984375 0.51904296875 0.294921875 0.51953125 0.2900390625 0.52197265625 0.287109375 0.52294921875 0.2861328125 0.5234375 0.2861328125 0.52392578125 0.28515625 0.5244140625 0.2841796875 0.52392578125 0.2783203125 0.52294921875 0.2763671875 0.52197265625 0.2744140625 0.52197265625 0.2744140625 0.5224609375 0.2724609375 0.5234375 0.271484375 0.52392578125 0.2705078125 0.52490234375 0.2685546875 0.525390625 0.2666015625 0.52587890625 0.265625 0.52734375 0.2646484375 0.52783203125 0.263671875 0.529296875 0.263671875 0.5302734375 0.263671875 0.53125 0.263671875 0.5341796875 0.263671875 0.53466796875 0.263671875 0.53564453125 0.2646484375 0.53662109375 0.2646484375 0.5380859375 0.265625 0.54052734375 0.26953125 0.541015625 0.271484375 0.54150390625 0.2724609375 0.54345703125 0.2734375 0.544921875 0.2734375 0.54541015625 0.2744140625 0.54638671875 0.27734375 0.54638671875 0.28125 0.54638671875 0.2841796875 0.544921875 0.2880859375 0.544921875 0.2900390625 0.5478515625 0.291015625 0.54833984375 0.29296875 0.548828125 0.296875 0.548828125 0.298828125 0.548828125 0.3017578125 0.5478515625 0.3056640625 0.5478515625 0.306640625 0.546875 0.3095703125 0.54638671875 0.3115234375 0.5458984375 0.314453125 0.5458984375 0.31640625 0.544921875 0.318359375 0.5439453125 0.3212890625 0.54296875 0.3232421875 0.54248046875 0.3251953125 0.54248046875 0.326171875 0.54150390625 0.330078125 0.541015625 0.3330078125 0.541015625 0.333984375 0.54248046875 0.3369140625 0.54345703125 0.337890625 0.544921875 0.33984375 0.54541015625 0.33984375 0.54541015625 0.3408203125 0.54541015625 0.341796875 0.54541015625 0.34375 0.5458984375 0.3447265625 0.5458984375 0.345703125 0.546875 0.3466796875 0.546875 0.3466796875 0.54736328125 0.3486328125 0.54736328125 0.3505859375 0.5478515625 0.353515625 0.548828125 0.35546875 0.54931640625 0.357421875 0.5498046875 0.3583984375 0.5498046875 0.359375 0.5498046875 0.361328125 0.5498046875 0.365234375 0.55029296875 0.3671875 0.5498046875 0.3681640625 0.5498046875 0.369140625 0.548828125 0.3701171875 0.54638671875 0.3701171875 0.54638671875 0.3701171875 0.5458984375 0.37109375 0.544921875 0.3740234375 0.5439453125 0.3759765625 0.54345703125 0.376953125 0.54296875 0.3779296875 0.5419921875 0.37890625 0.54052734375 0.3798828125 0.5390625 0.3818359375 0.5390625 0.384765625 0.5380859375 0.3876953125 0.53759765625 0.3896484375 0.53759765625 0.3935546875 0.5380859375 0.3955078125 0.5390625 0.3994140625 0.53955078125 0.4013671875 0.5390625 0.4033203125 0.537109375 0.4033203125 0.537109375 0.4033203125 0.53662109375 0.4033203125 0.5361328125 0.40234375 0.53125 0.3974609375 0.53076171875 0.3974609375 0.5283203125 0.3828125 0.529296875 0.3798828125 0.53076171875 0.376953125 0.53173828125 0.373046875 0.5322265625 0.3701171875 0.533203125 0.3671875 0.53173828125 0.3623046875 0.5302734375 0.361328125 0.52978515625 0.361328125 0.5283203125 0.359375 0.5263671875 0.3583984375
5 0.4951171875 0.328125 0.513671875 0.328125 0.51708984375 0.326171875 0.51904296875 0.3291015625 0.5224609375 0.3349609375 0.52490234375 0.353515625 0.5283203125 0.3525390625 0.53076171875 0.3544921875 0.53125 0.359375 0.5302734375 0.361328125 0.52978515625 0.3642578125 0.5302734375 0.3740234375 0.53125 0.3994140625 0.53173828125 0.412109375 0.53076171875 0.4189453125 0.5302734375 0.4189453125 0.529296875 0.4248046875 0.52587890625 0.4267578125 0.52294921875 0.4248046875 0.52197265625 0.416015625 0.51953125 0.4150390625 0.482421875 0.400390625 0.47607421875 0.380859375 0.47607421875 0.369140625 0.48046875 0.3369140625 0.482421875 0.330078125 0.48828125 0.328125
