2 0.0 0.0 0.99951171875 0.0 0.99951171875 0.4150390625 0.0 0.46875
4 0.48974609375 0.326171875 0.4873046875 0.33203125 0.484375 0.3349609375 0.48291015625 0.3369140625 0.482421875 0.3427734375 0.48681640625 0.3447265625 0.4921875 0.3447265625 0.49609375 0.3427734375 0.498046875 0.3369140625 0.49560546875 0.3310546875 0.4931640625 0.328125
1 0.0 0.6416015625 0.23681640625 0.509765625 0.22509765625 0.4453125 0.0 0.4638671875 0.0 0.6455078125
4 0.453125 0.3310546875 0.45703125 0.330078125 0.45751953125 0.333984375 0.4580078125 0.3349609375 0.45947265625 0.333984375 0.4609375 0.3330078125 0.46337890625 0.3330078125 0.46435546875 0.3330078125 0.46484375 0.328125 0.466796875 0.326171875 0.46923828125 0.3310546875 0.47216796875 0.3310546875 0.4736328125 0.33203125 0.4736328125 0.3349609375 0.474609375 0.337890625 0.47607421875 0.345703125 0.4716796875 0.353515625 0.46484375 0.3544921875 0.45703125 0.3525390625 0.453125 0.3466796875
4 0.513671875 0.3173828125 0.51171875 0.3203125 0.50927734375 0.3212890625 0.5078125 0.322265625 0.50830078125 0.32421875 0.50732421875 0.3251953125 0.505859375 0.326171875 0.505859375 0.328125 0.5048828125 0.330078125 0.50341796875 0.330078125 0.50390625 0.33203125 0.50390625 0.3359375 0.501953125 0.33984375 0.5 0.3427734375 0.49951171875 0.345703125 0.5009765625 0.349609375 0.5107421875 0.3564453125 0.515625 0.35546875 0.52392578125 0.3505859375 0.52587890625 0.3427734375 0.525390625 0.3359375 0.52490234375 0.3330078125 0.52294921875 0.3349609375 0.521484375 0.3349609375 0.5205078125 0.3330078125 0.51953125 0.33203125 0.51953125 0.3291015625 0.51904296875 0.322265625 0.517578125 0.3212890625 0.5166015625 0.3232421875 0.51513671875 0.3232421875
0 0.99951171875 0.9990234375 0.99951171875 0.640625 0.83740234375 0.552734375 0.73828125 0.5009765625 0.62451171875 0.462890625 0.61767578125 0.4375 0.458984375 0.4384765625 0.294921875 0.44140625 0.25927734375 0.4482421875 0.32470703125 0.4375 0.4130859375 0.43359375 0.4990234375 0.4375 0.62841796875 0.43359375 0.640625 0.4375 0.85888671875 0.439453125 0.9052734375 0.431640625 0.90869140625 0.4169921875 0.87744140625 0.4072265625 0.8671875 0.408203125 0.8486328125 0.41015625 0.80810546875 0.416015625 0.75341796875 0.416015625 0.60791015625 0.4150390625 0.48388671875 0.4130859375 0.34521484375 0.4091796875 0.22119140625 0.421875 0.06884765625 0.41796875 0.0712890625 0.4501953125 0.03173828125 0.4560546875 0.0 0.458984375 0.0 0.474609375 0.076171875 0.466796875 0.08740234375 0.466796875 0.10888671875 0.4677734375 0.12548828125 0.4658203125 0.13720703125 0.46875 0.1943359375 0.46484375 0.20263671875 0.4697265625 0.22119140625 0.4765625 0.2333984375 0.4912109375 0.2265625 0.5009765625 0.203125 0.513671875 0.0 0.6103515625 0.0 0.9990234375
4 0.701171875 0.109375 0.6982421875 0.107421875 0.697265625 0.1083984375 0.69482421875 0.107421875 0.69287109375 0.1083984375 0.6923828125 0.111328125 0.69091796875 0.1103515625 0.68896484375 0.111328125 0.6884765625 0.119140625 0.68701171875 0.123046875 0.68701171875 0.12890625 0.69140625 0.12890625 0.697265625 0.126953125 0.701171875 0.1259765625
3 0.74609375 0.3662109375 0.833984375 0.3671875 0.88623046875 0.3681640625 0.91162109375 0.369140625 0.99951171875 0.3681640625 0.99951171875 0.4169921875 0.837890625 0.4150390625 0.7451171875 0.4169921875
1 0.99951171875 0.640625 0.7158203125 0.4931640625 0.8369140625 0.455078125 0.884765625 0.4404296875 0.90625 0.435546875 0.9091796875 0.462890625 0.951171875 0.48046875 0.99951171875 0.4892578125
3 0.169921875 0.3662109375 0.19140625 0.365234375 0.19873046875 0.3642578125 0.20458984375 0.3798828125 0.20361328125 0.421875 0.19970703125 0.421875 0.197265625 0.3896484375 0.17041015625 0.390625
4 0.81201171875 0.3046875 0.8046875 0.3125 0.80322265625 0.3134765625 0.8017578125 0.318359375 0.80029296875 0.3232421875 0.79833984375 0.3291015625 0.79833984375 0.3330078125 0.798828125 0.337890625 0.80126953125 0.33984375 0.80615234375 0.3408203125 0.8173828125 0.3408203125 0.8203125 0.3408203125 0.82177734375 0.3369140625 0.82275390625 0.3310546875 0.82275390625 0.322265625 0.82275390625 0.318359375 0.822265625 0.314453125 0.8212890625 0.3125 0.82080078125 0.310546875 0.81982421875 0.3095703125 0.8193359375 0.3076171875 0.81689453125 0.306640625
2 0.1611328125 0.4208984375 0.11181640625 0.4189453125 0.11181640625 0.4052734375 0.1123046875 0.3818359375 0.11181640625 0.357421875 0.1123046875 0.3427734375 0.11376953125 0.328125 0.11767578125 0.322265625 0.123046875 0.3203125 0.140625 0.3212890625 0.158203125 0.322265625 0.169921875 0.3232421875 0.177734375 0.328125 0.18115234375 0.3330078125 0.18359375 0.4189453125
4 0.0 0.4619140625 0.00537109375 0.4609375 0.013671875 0.458984375 0.0205078125 0.45703125 0.03125 0.4560546875 0.0419921875 0.4541015625 0.04833984375 0.4541015625 0.05224609375 0.447265625 0.05517578125 0.427734375 0.0498046875 0.359375 0.04541015625 0.349609375 0.0419921875 0.341796875 0.04052734375 0.333984375 0.03662109375 0.3349609375 0.0341796875 0.3203125 0.02734375 0.3203125 0.02392578125 0.330078125 0.0166015625 0.3193359375 0.01171875 0.3046875 0.005859375 0.31640625 0.005859375 0.328125 0.00244140625 0.3330078125 0.0 0.3349609375
4 0.93603515625 0.390625 0.9384765625 0.3818359375 0.94287109375 0.373046875 0.951171875 0.3681640625 0.95849609375 0.3642578125 0.96337890625 0.35546875 0.97265625 0.3447265625 0.9775390625 0.3330078125 0.98291015625 0.32421875 0.978515625 0.3095703125 0.98828125 0.2998046875 0.99755859375 0.3017578125 0.99951171875 0.30078125 0.99951171875 0.490234375 0.9326171875 0.4755859375
1 0.244140625 0.44921875 0.26904296875 0.44140625 0.29052734375 0.4375 0.32373046875 0.43359375 0.361328125 0.431640625 0.4130859375 0.431640625 0.47412109375 0.4326171875 0.50732421875 0.43359375 0.560546875 0.43359375 0.63623046875 0.4326171875 0.82373046875 0.435546875 0.87841796875 0.43359375 0.9140625 0.4296875 0.91845703125 0.4404296875 0.90673828125 0.44140625 0.87353515625 0.4423828125 0.80810546875 0.4443359375 0.73974609375 0.4453125 0.6025390625 0.447265625 0.52392578125 0.4453125 0.4345703125 0.447265625 0.349609375 0.447265625 0.28955078125 0.4482421875
4 0.8037109375 0.4765625 0.82177734375 0.4765625 0.81982421875 0.4423828125 0.81884765625 0.4140625 0.81787109375 0.384765625 0.81787109375 0.3349609375 0.81787109375 0.2880859375 0.81982421875 0.2509765625 0.8232421875 0.1884765625 0.82470703125 0.1591796875 0.82861328125 0.1572265625 0.83251953125 0.1474609375 0.83935546875 0.146484375 0.8466796875 0.1455078125 0.853515625 0.14453125 0.86328125 0.1455078125 0.86962890625 0.1455078125 0.8798828125 0.15234375 0.88427734375 0.14453125 0.88720703125 0.1279296875 0.88720703125 0.115234375 0.88427734375 0.107421875 0.88232421875 0.0869140625 0.89306640625 0.0830078125 0.90380859375 0.0810546875 0.96630859375 0.0751953125 0.98388671875 0.06640625 0.99951171875 0.0712890625 0.99951171875 0.0 0.759765625 0.0 0.76416015625 0.025390625 0.76904296875 0.0400390625 0.77197265625 0.0576171875 0.77197265625 0.0712890625 0.771484375 0.0849609375 0.77734375 0.09765625 0.7841796875 0.103515625 0.78662109375 0.1142578125 0.78759765625 0.1318359375 0.7900390625 0.146484375 0.79296875 0.1552734375 0.79833984375 0.1640625 0.8056640625 0.158203125 0.8095703125 0.15625 0.80859375 0.1982421875 0.8056640625 0.2236328125 0.8046875 0.251953125 0.80517578125 0.28125 0.8046875 0.3466796875 0.80419921875 0.419921875 0.802734375 0.44921875
4 0.9189453125 0.2880859375 0.916015625 0.291015625 0.9140625 0.29296875 0.912109375 0.2958984375 0.90966796875 0.2978515625 0.90869140625 0.30078125 0.9072265625 0.3017578125 0.90576171875 0.3017578125 0.904296875 0.3046875 0.90234375 0.3046875 0.9033203125 0.3076171875 0.9052734375 0.3095703125 0.90625 0.310546875 0.90673828125 0.3125 0.90625 0.318359375 0.908203125 0.3203125 0.9091796875 0.3203125 0.91015625 0.32421875 0.91162109375 0.330078125 0.912109375 0.3310546875 0.91259765625 0.3349609375 0.9189453125 0.3359375 0.92236328125 0.3359375 0.92333984375 0.3349609375 0.93017578125 0.3349609375 0.93603515625 0.3359375 0.935546875 0.33984375 0.93603515625 0.341796875 0.9384765625 0.341796875 0.9404296875 0.337890625 0.94140625 0.3359375 0.9443359375 0.3369140625 0.94580078125 0.33984375 0.9482421875 0.3408203125 0.9501953125 0.3369140625 0.94970703125 0.3349609375 0.95166015625 0.3330078125 0.9521484375 0.326171875 0.95263671875 0.322265625 0.9521484375 0.3203125 0.951171875 0.318359375 0.9482421875 0.318359375 0.9453125 0.3193359375 0.94189453125 0.322265625 0.93701171875 0.322265625 0.93603515625 0.3212890625 0.93505859375 0.3173828125 0.93505859375 0.3095703125 0.9345703125 0.3056640625 0.93310546875 0.2998046875 0.93115234375 0.2978515625 0.9296875 0.294921875 0.927734375 0.2939453125 0.92724609375 0.2900390625 0.9267578125 0.2890625 0.9248046875 0.2890625 0.92333984375 0.29296875 0.9228515625 0.2939453125 0.92138671875 0.291015625 0.92138671875 0.287109375 0.9208984375 0.2861328125
4 0.64794921875 0.44921875 0.66162109375 0.4501953125 0.6806640625 0.451171875 0.71044921875 0.451171875 0.73779296875 0.4501953125 0.74951171875 0.443359375 0.75390625 0.4384765625 0.75439453125 0.421875 0.7509765625 0.4091796875 0.748046875 0.3994140625 0.74755859375 0.388671875 0.751953125 0.3828125 0.75341796875 0.3671875 0.75341796875 0.3544921875 0.74951171875 0.33984375 0.7431640625 0.3203125 0.73779296875 0.3115234375 0.72705078125 0.31640625 0.71533203125 0.3212890625 0.70947265625 0.328125 0.70751953125 0.3193359375 0.705078125 0.314453125 0.69677734375 0.318359375 0.69482421875 0.322265625 0.69189453125 0.31640625 0.68896484375 0.314453125 0.68408203125 0.3193359375 0.67724609375 0.330078125 0.67333984375 0.3369140625 0.666015625 0.341796875 0.6611328125 0.341796875 0.6611328125 0.3505859375 0.66162109375 0.3671875 0.65478515625 0.3759765625 0.65087890625 0.3828125 0.65234375 0.39453125 0.65478515625 0.4033203125 0.65673828125 0.40625 0.65234375 0.412109375 0.6484375 0.41796875 0.6455078125 0.4296875 0.64697265625 0.4384765625
3 0.99951171875 0.388671875 0.9765625 0.390625 0.97607421875 0.3876953125 0.97021484375 0.388671875 0.9697265625 0.392578125 0.9404296875 0.392578125 0.9296875 0.392578125 0.927734375 0.3916015625 0.9287109375 0.3798828125 0.92333984375 0.380859375 0.91064453125 0.3828125 0.9091796875 0.3759765625 0.89697265625 0.376953125 0.90478515625 0.4609375 0.95068359375 0.46875 0.96923828125 0.4736328125 0.9697265625 0.4794921875 0.97509765625 0.4814453125 0.97509765625 0.474609375 0.99951171875 0.4794921875
3 0.21435546875 0.400390625 0.21337890625 0.3642578125 0.24755859375 0.3623046875 0.3046875 0.3681640625 0.35107421875 0.3701171875 0.40869140625 0.3779296875 0.4140625 0.3798828125 0.41455078125 0.41015625 0.39990234375 0.41015625 0.32275390625 0.41015625 0.25341796875 0.4072265625 0.25341796875 0.3994140625
4 0.05029296875 0.4892578125 0.07373046875 0.48828125 0.07177734375 0.458984375 0.07080078125 0.419921875 0.07080078125 0.388671875 0.05517578125 0.1416015625 0.06005859375 0.1533203125 0.07177734375 0.15625 0.080078125 0.1640625 0.0859375 0.1669921875 0.08837890625 0.158203125 0.09521484375 0.15625 0.10009765625 0.154296875 0.10546875 0.1416015625 0.115234375 0.140625 0.12060546875 0.1474609375 0.12548828125 0.1416015625 0.126953125 0.12890625 0.13623046875 0.130859375 0.1328125 0.119140625 0.1181640625 0.1103515625 0.11181640625 0.0908203125 0.1142578125 0.078125 0.13134765625 0.0947265625 0.1357421875 0.0849609375 0.1494140625 0.0947265625 0.15869140625 0.0859375 0.1630859375 0.0615234375 0.1650390625 0.0478515625 0.17822265625 0.0517578125 0.1826171875 0.0458984375 0.1953125 0.0517578125 0.2099609375 0.046875 0.220703125 0.04296875 0.22998046875 0.0302734375 0.228515625 0.0126953125 0.224609375 0.0 0.0 0.0 0.0 0.1142578125 0.0068359375 0.1142578125 0.01708984375 0.111328125 0.0244140625 0.1220703125 0.03125 0.1357421875 0.0361328125 0.1376953125 0.0439453125 0.2763671875 0.048828125 0.3203125 0.0478515625 0.3408203125 0.04833984375 0.3505859375 0.04833984375 0.384765625 0.0478515625 0.4150390625 0.04833984375 0.4384765625 0.048828125 0.455078125 0.048828125 0.466796875 0.0498046875 0.48046875
3 0.54345703125 0.43359375 0.54345703125 0.3671875 0.5673828125 0.3671875 0.6240234375 0.3671875 0.63818359375 0.3662109375 0.64453125 0.3662109375 0.64404296875 0.43359375 0.64111328125 0.43359375 0.64111328125 0.4150390625 0.546875 0.4150390625 0.546875 0.43359375
