2 0.0009765625 0.099609375 0.02734375 0.134765625 0.0546875 0.1767578125 0.0537109375 0.228515625 0.05810546875 0.234375 0.05859375 0.2431640625 0.0546875 0.248046875 0.05419921875 0.2666015625 0.07177734375 0.2734375 0.07373046875 0.2607421875 0.07373046875 0.2529296875 0.0791015625 0.2529296875 0.0810546875 0.24609375 0.076171875 0.2314453125 0.07958984375 0.224609375 0.07958984375 0.2138671875 0.11767578125 0.166015625 0.162109375 0.1201171875 0.1689453125 0.0869140625 0.1806640625 0.05859375 0.17041015625 0.0 0.99951171875 0.0 0.99951171875 0.9990234375 0.0 0.9990234375
0 0.30126953125 0.4423828125 0.4111328125 0.40625 0.54931640625 0.431640625 0.65380859375 0.41796875 0.7822265625 0.4453125 0.90673828125 0.4970703125 0.94482421875 0.5986328125 0.8564453125 0.6572265625 0.36181640625 0.6884765625 0.21630859375 0.59765625 0.2607421875 0.509765625
0 0.0517578125 0.556640625 0.0 0.5625 0.0 0.9990234375 0.99951171875 0.9990234375 0.99951171875 0.5634765625
1 0.0 0.4169921875 0.05224609375 0.41796875 0.115234375 0.4169921875 0.328125 0.4169921875 0.3505859375 0.42578125 0.361328125 0.4775390625 0.3583984375 0.4951171875 0.35205078125 0.5029296875 0.341796875 0.5068359375 0.33935546875 0.5166015625 0.32861328125 0.525390625 0.2451171875 0.5869140625 0.0 0.59375
1 0.61474609375 0.435546875 0.6044921875 0.4404296875 0.60205078125 0.439453125 0.60107421875 0.423828125 0.6064453125 0.4189453125 0.63427734375 0.423828125 0.65283203125 0.4169921875 0.73828125 0.412109375 0.83984375 0.416015625 0.99951171875 0.4560546875 0.99951171875 0.576171875 0.91259765625 0.5791015625 0.90234375 0.5517578125 0.8857421875 0.5302734375 0.8544921875 0.5166015625 0.82177734375 0.5087890625 0.76806640625 0.4833984375 0.70654296875 0.462890625 0.69091796875 0.4560546875 0.68505859375 0.4443359375 0.646484375 0.439453125
3 0.341796875 0.484375 0.3427734375 0.4765625 0.34033203125 0.474609375 0.34033203125 0.4609375 0.34521484375 0.453125 0.34521484375 0.44140625 0.34521484375 0.4287109375 0.33154296875 0.4267578125 0.33203125 0.373046875 0.34375 0.373046875 0.35986328125 0.376953125 0.36279296875 0.37890625 0.36279296875 0.3828125 0.3623046875 0.4306640625 0.365234375 0.4375 0.36669921875 0.439453125 0.3671875 0.44921875 0.365234375 0.4541015625 0.35595703125 0.4697265625 0.35595703125 0.484375
4 0.0 0.236328125 0.00537109375 0.22265625 0.009765625 0.2177734375 0.01416015625 0.216796875 0.01513671875 0.216796875 0.01806640625 0.2177734375 0.02392578125 0.2216796875 0.033203125 0.216796875 0.03369140625 0.2158203125 0.03564453125 0.2119140625 0.037109375 0.212890625 0.04345703125 0.2158203125 0.0458984375 0.21875 0.046875 0.2236328125 0.04833984375 0.2265625 0.05029296875 0.2265625 0.0517578125 0.2275390625 0.05224609375 0.23046875 0.05224609375 0.234375 0.05224609375 0.2373046875 0.0537109375 0.24609375 0.0546875 0.248046875 0.0556640625 0.2529296875 0.05908203125 0.251953125 0.06298828125 0.2548828125 0.06494140625 0.2578125 0.06494140625 0.2587890625 0.064453125 0.2587890625 0.06494140625 0.2607421875 0.06591796875 0.26171875 0.0673828125 0.2626953125 0.07080078125 0.265625 0.07177734375 0.2685546875 0.0732421875 0.2705078125 0.0751953125 0.2734375 0.076171875 0.275390625 0.07763671875 0.275390625 0.0791015625 0.27734375 0.0830078125 0.28125 0.0869140625 0.2890625 0.0888671875 0.29296875 0.09130859375 0.2998046875 0.0927734375 0.3017578125 0.0927734375 0.302734375 0.0908203125 0.3056640625 0.08837890625 0.3046875 0.08740234375 0.302734375 0.0849609375 0.3056640625 0.08447265625 0.3076171875 0.091796875 0.314453125 0.091796875 0.314453125 0.08984375 0.3212890625 0.08837890625 0.3251953125 0.087890625 0.3291015625 0.087890625 0.3330078125 0.08740234375 0.3369140625 0.0869140625 0.3427734375 0.08544921875 0.3466796875 0.0791015625 0.3544921875 0.07763671875 0.35546875 0.076171875 0.359375 0.07373046875 0.365234375 0.0712890625 0.3720703125 0.06884765625 0.3759765625 0.06640625 0.37890625 0.0634765625 0.3818359375 0.06201171875 0.3828125 0.05615234375 0.3935546875 0.0478515625 0.392578125 0.04345703125 0.3916015625 0.04345703125 0.390625 0.04345703125 0.3896484375 0.02734375 0.4013671875 0.02001953125 0.3994140625 0.01171875 0.3955078125 0.00732421875 0.396484375 0.00732421875 0.396484375 0.0 0.39453125
5 0.05859375 0.412109375 0.05859375 0.4052734375 0.0615234375 0.4033203125 0.0673828125 0.3974609375 0.06982421875 0.396484375 0.08203125 0.3974609375 0.08251953125 0.404296875 0.08251953125 0.4140625 0.08203125 0.416015625 0.08203125 0.41796875 0.0810546875 0.419921875 0.07958984375 0.419921875 0.0791015625 0.41796875 0.078125 0.416015625 0.06591796875 0.416015625 0.064453125 0.41796875 0.0634765625 0.41796875 0.06298828125 0.4169921875 0.06298828125 0.4150390625 0.060546875 0.4150390625
3 0.1640625 0.390625 0.2275390625 0.3896484375 0.23486328125 0.3896484375 0.23583984375 0.453125 0.24169921875 0.4541015625 0.23974609375 0.4560546875 0.2392578125 0.46484375 0.169921875 0.4677734375 0.16259765625 0.4326171875 0.16748046875 0.4052734375
3 0.48095703125 0.3720703125 0.49755859375 0.3720703125 0.5576171875 0.373046875 0.61279296875 0.37109375 0.61181640625 0.4501953125 0.61962890625 0.4541015625 0.61962890625 0.4677734375 0.60546875 0.4677734375 0.57763671875 0.4599609375 0.56396484375 0.4541015625 0.54736328125 0.447265625 0.53125 0.44140625 0.49072265625 0.4365234375 0.4814453125 0.4365234375 0.4814453125 0.427734375
3 0.646484375 0.365234375 0.65576171875 0.357421875 0.689453125 0.3251953125 0.70458984375 0.30859375 0.72021484375 0.3076171875 0.72607421875 0.2626953125 0.71875 0.2578125 0.708984375 0.2587890625 0.6962890625 0.2607421875 0.68701171875 0.2587890625 0.54150390625 0.2734375 0.51416015625 0.2744140625 0.51513671875 0.23828125 0.57568359375 0.2314453125 0.720703125 0.21484375 0.72607421875 0.2216796875 0.74267578125 0.21875 0.74560546875 0.21875 0.7607421875 0.23046875 0.73583984375 0.341796875 0.68505859375 0.3857421875 0.6494140625 0.3876953125
4 0.76806640625 0.3857421875 0.77294921875 0.380859375 0.775390625 0.3662109375 0.77734375 0.3603515625 0.7783203125 0.357421875 0.7783203125 0.35546875 0.78076171875 0.353515625 0.78173828125 0.3583984375 0.783203125 0.3583984375 0.78515625 0.3583984375 0.7861328125 0.357421875 0.78759765625 0.3544921875 0.7890625 0.353515625 0.79052734375 0.3544921875 0.79052734375 0.35546875 0.79052734375 0.3544921875 0.7919921875 0.353515625 0.79296875 0.353515625 0.794921875 0.353515625 0.79638671875 0.35546875 0.79736328125 0.3564453125 0.79736328125 0.357421875 0.79736328125 0.3603515625 0.7978515625 0.3623046875 0.796875 0.37109375 0.79541015625 0.380859375 0.7939453125 0.3837890625 0.79248046875 0.388671875 0.79150390625 0.3916015625 0.78759765625 0.39453125 0.7841796875 0.3955078125 0.78076171875 0.3994140625 0.77783203125 0.4013671875 0.7763671875 0.40234375 0.77392578125 0.40234375 0.7734375 0.4033203125 0.7724609375 0.4033203125 0.7705078125 0.40234375 0.7685546875 0.400390625 0.767578125 0.396484375
5 0.6318359375 0.3935546875 0.6357421875 0.380859375 0.638671875 0.37109375 0.6435546875 0.365234375 0.65234375 0.365234375 0.6796875 0.365234375 0.68408203125 0.3701171875 0.69091796875 0.392578125 0.69482421875 0.4169921875 0.6962890625 0.4375 0.6953125 0.4453125 0.6953125 0.453125 0.69482421875 0.4638671875 0.69287109375 0.4677734375 0.689453125 0.4677734375 0.6865234375 0.466796875 0.685546875 0.4619140625 0.685546875 0.45703125 0.68017578125 0.45703125 0.6796875 0.4599609375 0.67822265625 0.4619140625 0.67626953125 0.4619140625 0.6728515625 0.4609375 0.67236328125 0.4560546875 0.64990234375 0.455078125 0.6484375 0.45703125 0.64501953125 0.45703125 0.64501953125 0.462890625 0.64404296875 0.4658203125 0.642578125 0.4677734375 0.64013671875 0.4677734375 0.63818359375 0.4658203125 0.63720703125 0.4638671875 0.63671875 0.453125 0.63427734375 0.453125 0.63330078125 0.4560546875 0.6328125 0.4599609375 0.63134765625 0.4619140625 0.62939453125 0.4619140625 0.626953125 0.4609375 0.6259765625 0.4560546875 0.62548828125 0.4482421875 0.6259765625 0.4375 0.6259765625 0.423828125 0.6259765625 0.41796875 0.62841796875 0.4140625 0.62939453125 0.4072265625 0.630859375 0.404296875 0.626953125 0.4033203125 0.6259765625 0.400390625 0.62646484375 0.3974609375 0.626953125 0.3955078125 0.62890625 0.39453125 0.62939453125 0.3935546875
