2 0.20263671875 0.0 0.21044921875 0.009765625 0.21484375 0.0869140625 0.2119140625 0.095703125 0.21484375 0.1298828125 0.21630859375 0.1298828125 0.21630859375 0.15234375 0.212890625 0.1572265625 0.21337890625 0.1650390625 0.21826171875 0.171875 0.220703125 0.19921875 0.2177734375 0.2041015625 0.21826171875 0.212890625 0.2216796875 0.2177734375 0.22412109375 0.2490234375 0.2255859375 0.2548828125 0.22607421875 0.275390625 0.2275390625 0.27734375 0.24560546875 0.27734375 0.24658203125 0.2705078125 0.25048828125 0.2646484375 0.2509765625 0.25390625 0.25634765625 0.2490234375 0.2578125 0.236328125 0.26220703125 0.2314453125 0.26611328125 0.2216796875 0.26953125 0.2158203125 0.2744140625 0.2158203125 0.27392578125 0.2041015625 0.271484375 0.19921875 0.27197265625 0.1943359375 0.2802734375 0.1796875 0.28369140625 0.1689453125 0.3076171875 0.107421875 0.31591796875 0.10546875 0.3193359375 0.1005859375 0.322265625 0.099609375 0.32177734375 0.0791015625 0.3232421875 0.072265625 0.33251953125 0.0712890625 0.3515625 0.0302734375 0.35302734375 0.0 0.99951171875 0.0 0.99951171875 0.9990234375 0.0 0.9990234375 0.0 0.0
0 0.22705078125 0.3671875 0.22998046875 0.3681640625 0.2314453125 0.369140625 0.240234375 0.3681640625 0.25244140625 0.3720703125 0.275390625 0.39453125 0.35302734375 0.4267578125 0.42333984375 0.4560546875 0.43603515625 0.4482421875 0.466796875 0.4541015625 0.5166015625 0.4716796875 0.64404296875 0.4814453125 0.76513671875 0.4609375 0.78076171875 0.5205078125 0.89111328125 0.509765625 0.97412109375 0.4541015625 0.98681640625 0.408203125 0.99951171875 0.404296875 0.99951171875 0.9990234375 0.0 0.9990234375 0.0 0.53125 0.1533203125 0.5302734375 0.22119140625 0.5107421875 0.22412109375 0.4306640625 0.2255859375 0.400390625 0.22509765625 0.3837890625
1 0.22509765625 0.404296875 0.2333984375 0.4248046875 0.2490234375 0.4931640625 0.24951171875 0.5 0.248046875 0.5107421875 0.24169921875 0.5205078125 0.22509765625 0.5263671875 0.18896484375 0.53125 0.02880859375 0.55859375 0.0 0.5625 0.0 0.5224609375 0.01806640625 0.51953125 0.033203125 0.51953125 0.15673828125 0.515625 0.15966796875 0.515625 0.1943359375 0.4716796875 0.19580078125 0.46875 0.20166015625 0.46875 0.2021484375 0.453125 0.21240234375 0.43359375 0.21630859375 0.43359375 0.2177734375 0.4296875 0.2177734375 0.4169921875 0.21875 0.4150390625 0.220703125 0.4130859375
1 0.40087890625 0.486328125 0.40673828125 0.4970703125 0.4140625 0.5 0.421875 0.5087890625 0.41552734375 0.5166015625 0.4091796875 0.5205078125 0.4033203125 0.5205078125 0.36865234375 0.5322265625 0.3486328125 0.5380859375 0.314453125 0.5458984375 0.27294921875 0.552734375 0.25537109375 0.55859375 0.24072265625 0.5625 0.20654296875 0.5693359375 0.1962890625 0.5732421875 0.19140625 0.5751953125 0.18896484375 0.5830078125 0.18896484375 0.587890625 0.1953125 0.595703125 0.21240234375 0.603515625 0.248046875 0.611328125 0.2822265625 0.6181640625 0.3935546875 0.6318359375 0.51806640625 0.6337890625 0.642578125 0.6357421875 0.73828125 0.630859375 0.8046875 0.6201171875 0.82373046875 0.615234375 0.82958984375 0.611328125 0.96044921875 0.515625 0.99951171875 0.4814453125 0.99951171875 0.4306640625 0.9814453125 0.4267578125 0.9736328125 0.4296875 0.96875 0.4296875 0.9443359375 0.4384765625 0.939453125 0.44140625 0.9306640625 0.4453125 0.8994140625 0.4599609375 0.8857421875 0.458984375 0.88037109375 0.4599609375 0.8388671875 0.4794921875 0.82080078125 0.4873046875 0.80029296875 0.4931640625 0.7265625 0.5009765625 0.6318359375 0.5048828125 0.5478515625 0.4921875 0.50732421875 0.4677734375 0.4873046875 0.4677734375 0.4658203125 0.46875 0.4482421875 0.4697265625 0.44091796875 0.4677734375 0.4052734375 0.4599609375 0.39990234375 0.4658203125
4 0.2236328125 0.31640625 0.2314453125 0.3125 0.23291015625 0.31640625 0.23291015625 0.3203125 0.23828125 0.3251953125 0.23974609375 0.3310546875 0.23974609375 0.3447265625 0.23876953125 0.34765625 0.23388671875 0.3486328125 0.2333984375 0.349609375 0.23291015625 0.3505859375 0.23291015625 0.35546875 0.2333984375 0.3642578125 0.232421875 0.3623046875 0.2314453125 0.353515625 0.23095703125 0.3505859375 0.228515625 0.3486328125 0.22705078125 0.3466796875 0.22607421875 0.345703125 0.224609375 0.34375 0.22265625 0.3369140625 0.2216796875 0.328125 0.22119140625 0.3212890625
5 0.22509765625 0.3623046875 0.228515625 0.3623046875 0.2314453125 0.3671875 0.23193359375 0.37109375 0.23193359375 0.37890625 0.22802734375 0.3779296875 0.224609375 0.3740234375 0.22412109375 0.3701171875 0.2236328125 0.3681640625
5 0.23095703125 0.392578125 0.23779296875 0.392578125 0.24169921875 0.3935546875 0.244140625 0.3974609375 0.2451171875 0.4033203125 0.24560546875 0.4150390625 0.24560546875 0.4208984375 0.2431640625 0.423828125 0.24169921875 0.419921875 0.24169921875 0.41796875 0.23046875 0.41796875 0.228515625 0.4091796875 0.22705078125 0.40234375 0.22802734375 0.3974609375
5 0.27197265625 0.3837890625 0.26904296875 0.3916015625 0.26806640625 0.3994140625 0.2685546875 0.408203125 0.27001953125 0.41015625 0.27294921875 0.412109375 0.279296875 0.412109375 0.28564453125 0.39453125 0.28466796875 0.390625 0.28173828125 0.3837890625 0.279296875 0.3837890625 0.2744140625 0.3837890625
5 0.27783203125 0.3916015625 0.28173828125 0.3896484375 0.2861328125 0.3896484375 0.2890625 0.3916015625 0.28955078125 0.3974609375 0.29052734375 0.416015625 0.28466796875 0.4169921875 0.2763671875 0.4169921875 0.27392578125 0.416015625 0.2734375 0.412109375 0.2734375 0.4052734375 0.27490234375 0.400390625 0.27587890625 0.396484375
5 0.30029296875 0.3994140625 0.29736328125 0.40625 0.29541015625 0.4130859375 0.29541015625 0.419921875 0.29541015625 0.427734375 0.2958984375 0.431640625 0.29833984375 0.43359375 0.29931640625 0.43359375 0.30029296875 0.435546875 0.31396484375 0.4169921875 0.31396484375 0.39453125 0.30908203125 0.3935546875 0.3037109375 0.392578125
5 0.31494140625 0.384765625 0.31298828125 0.3876953125 0.31005859375 0.390625 0.30859375 0.4013671875 0.30859375 0.40625 0.30859375 0.41796875 0.30810546875 0.431640625 0.30859375 0.4384765625 0.3095703125 0.4404296875 0.31103515625 0.4423828125 0.3134765625 0.44140625 0.32080078125 0.4248046875
4 0.5693359375 0.015625 0.54833984375 0.0302734375 0.5478515625 0.0322265625 0.54345703125 0.0390625 0.53466796875 0.03515625 0.53662109375 0.052734375 0.5322265625 0.06640625 0.52294921875 0.0751953125 0.51416015625 0.0595703125 0.5078125 0.06640625 0.50537109375 0.1123046875 0.5068359375 0.1591796875 0.5224609375 0.1943359375 0.5322265625 0.21875 0.54150390625 0.22265625 0.54736328125 0.23828125 0.54736328125 0.2490234375 0.56103515625 0.2490234375 0.56591796875 0.2578125 0.57568359375 0.2607421875 0.58154296875 0.2685546875 0.5986328125 0.2841796875 0.59912109375 0.2861328125 0.60107421875 0.2978515625 0.6015625 0.310546875 0.60205078125 0.3935546875 0.6025390625 0.455078125 0.60302734375 0.515625 0.6025390625 0.541015625 0.6123046875 0.541015625 0.6123046875 0.4931640625 0.61181640625 0.439453125 0.611328125 0.4052734375 0.61083984375 0.3671875 0.60986328125 0.3447265625 0.609375 0.326171875 0.60888671875 0.31640625 0.60791015625 0.2939453125 0.609375 0.2802734375 0.615234375 0.26171875 0.626953125 0.2431640625 0.63134765625 0.25390625 0.634765625 0.25 0.63134765625 0.23828125 0.6376953125 0.2353515625 0.64697265625 0.234375 0.64990234375 0.21875 0.6552734375 0.21875 0.66748046875 0.21484375 0.67138671875 0.203125 0.68017578125 0.1923828125 0.69189453125 0.1904296875 0.708984375 0.181640625 0.7080078125 0.15625 0.697265625 0.1435546875 0.7021484375 0.126953125 0.70703125 0.1142578125 0.69970703125 0.0927734375 0.69970703125 0.072265625 0.69775390625 0.056640625 0.6748046875 0.044921875 0.662109375 0.033203125 0.650390625 0.0263671875 0.63623046875 0.01171875 0.59716796875 0.0107421875
5 0.99951171875 0.3720703125 0.98583984375 0.3720703125 0.97998046875 0.3837890625 0.97802734375 0.39453125 0.9765625 0.396484375 0.97412109375 0.40234375 0.9736328125 0.408203125 0.97265625 0.44140625 0.97412109375 0.447265625 0.97607421875 0.4482421875 0.978515625 0.4482421875 0.97998046875 0.4443359375 0.98046875 0.443359375 0.98388671875 0.443359375 0.98388671875 0.447265625 0.984375 0.44921875 0.9873046875 0.4501953125 0.9951171875 0.4501953125 0.99560546875 0.453125 0.998046875 0.4541015625 0.99951171875 0.4541015625
