2 0.0 0.0 0.455078125 0.0 0.47998046875 0.1376953125 0.48583984375 0.197265625 0.5068359375 0.2841796875 0.5244140625 0.30078125 0.53076171875 0.298828125 0.544921875 0.298828125 0.5791015625 0.208984375 0.560546875 0.12890625 0.56005859375 0.119140625 0.5634765625 0.099609375 0.560546875 0.0947265625 0.57080078125 0.041015625 0.572265625 0.0400390625 0.5751953125 0.0283203125 0.580078125 0.0283203125 0.58349609375 0.01171875 0.58349609375 0.0 0.99951171875 0.0 0.99951171875 0.9990234375 0.29345703125 0.3798828125 0.408203125 0.9990234375 0.0 0.9990234375
0 0.0 0.6708984375 0.35546875 0.4189453125 0.384765625 0.41015625 0.4326171875 0.388671875 0.44775390625 0.380859375 0.47216796875 0.3828125 0.49267578125 0.3828125 0.52783203125 0.3798828125 0.54150390625 0.37890625 0.5576171875 0.396484375 0.57861328125 0.4169921875 0.6572265625 0.4677734375 0.763671875 0.521484375 0.8798828125 0.5859375 0.9765625 0.66796875 0.99951171875 0.7314453125 0.99951171875 0.9990234375 0.0 0.9990234375
1 0.5703125 0.423828125 0.5654296875 0.4140625 0.564453125 0.41015625 0.56005859375 0.408203125 0.55810546875 0.4033203125 0.55615234375 0.3955078125 0.55322265625 0.3935546875 0.53955078125 0.3896484375 0.5322265625 0.3896484375 0.52880859375 0.3974609375 0.53173828125 0.41796875 0.54931640625 0.4375 0.56005859375 0.4365234375
4 0.50048828125 0.1767578125 0.505859375 0.173828125 0.51123046875 0.1806640625 0.51220703125 0.1875 0.50927734375 0.19140625 0.51123046875 0.1923828125 0.513671875 0.1875 0.5166015625 0.1943359375 0.517578125 0.205078125 0.52197265625 0.2021484375 0.52880859375 0.20703125 0.53369140625 0.2216796875 0.5361328125 0.2607421875 0.53369140625 0.2685546875 0.52783203125 0.2646484375 0.52734375 0.26953125 0.5302734375 0.28515625 0.53466796875 0.2861328125 0.53125 0.2900390625 0.5302734375 0.296875 0.53076171875 0.310546875 0.52880859375 0.318359375 0.52587890625 0.3232421875 0.525390625 0.328125 0.52392578125 0.32421875 0.5224609375 0.3212890625 0.5205078125 0.32421875 0.51953125 0.3330078125 0.51953125 0.3447265625 0.521484375 0.341796875 0.5224609375 0.3349609375 0.525390625 0.330078125 0.53076171875 0.333984375 0.5322265625 0.3349609375 0.53564453125 0.3310546875 0.5400390625 0.326171875 0.5439453125 0.330078125 0.5478515625 0.3330078125 0.55126953125 0.3291015625 0.55419921875 0.3212890625 0.5556640625 0.328125 0.55859375 0.3427734375 0.5546875 0.365234375 0.52783203125 0.3779296875 0.51025390625 0.3896484375 0.5048828125 0.3896484375 0.486328125 0.3896484375 0.4833984375 0.390625 0.4833984375 0.388671875 0.4814453125 0.3896484375 0.47802734375 0.3828125 0.47705078125 0.3837890625 0.47216796875 0.3837890625 0.470703125 0.3837890625 0.4716796875 0.3828125 0.4658203125 0.3876953125 0.4599609375 0.380859375 0.44970703125 0.3818359375 0.4462890625 0.3759765625 0.43994140625 0.380859375 0.4345703125 0.380859375 0.42724609375 0.3740234375 0.4296875 0.3583984375 0.43212890625 0.3359375 0.43603515625 0.306640625 0.45361328125 0.2373046875 0.48486328125 0.197265625 0.48583984375 0.169921875
1 0.43212890625 0.3857421875 0.45263671875 0.384765625 0.45166015625 0.3916015625 0.44873046875 0.39453125 0.4423828125 0.3974609375 0.435546875 0.40234375 0.43017578125 0.4052734375 0.42431640625 0.4091796875 0.42236328125 0.3896484375 0.42822265625 0.3837890625 0.42919921875 0.3876953125
1 0.0 0.5986328125 0.27392578125 0.4765625 0.3115234375 0.4306640625 0.4111328125 0.423828125 0.427734375 0.427734375 0.4384765625 0.435546875 0.4560546875 0.4404296875 0.4638671875 0.4443359375 0.46484375 0.44921875 0.46484375 0.4599609375 0.4365234375 0.498046875 0.35546875 0.6044921875 0.201171875 0.81640625 0.15673828125 0.876953125 0.07666015625 0.978515625 0.05810546875 0.9990234375 0.0 0.9990234375
4 0.35546875 0.3642578125 0.35888671875 0.35546875 0.36181640625 0.3544921875 0.36572265625 0.357421875 0.36962890625 0.357421875 0.37060546875 0.361328125 0.37109375 0.3701171875 0.373046875 0.3837890625 0.36279296875 0.3896484375 0.353515625 0.3828125
4 0.30908203125 0.353515625 0.3154296875 0.3427734375 0.31982421875 0.3369140625 0.32470703125 0.3349609375 0.330078125 0.337890625 0.33740234375 0.341796875 0.34326171875 0.3466796875 0.34521484375 0.349609375 0.34619140625 0.35546875 0.3466796875 0.361328125 0.34716796875 0.37890625 0.33447265625 0.388671875 0.31005859375 0.380859375
4 0.138671875 0.326171875 0.14013671875 0.3125 0.14306640625 0.2978515625 0.1513671875 0.291015625 0.16455078125 0.2890625 0.17041015625 0.28515625 0.17431640625 0.287109375 0.18115234375 0.287109375 0.19140625 0.291015625 0.20068359375 0.3173828125 0.1953125 0.349609375 0.1787109375 0.3642578125 0.14892578125 0.3623046875 0.14013671875 0.345703125
4 0.0 0.2294921875 0.0107421875 0.2353515625 0.0185546875 0.234375 0.0302734375 0.2421875 0.04150390625 0.2451171875 0.04638671875 0.248046875 0.0576171875 0.263671875 0.06494140625 0.287109375 0.0693359375 0.3193359375 0.05908203125 0.3408203125 0.03466796875 0.3486328125 0.0 0.337890625
4 0.0 0.306640625 0.01611328125 0.306640625 0.04345703125 0.3134765625 0.09912109375 0.32421875 0.11181640625 0.3291015625 0.1728515625 0.3369140625 0.1962890625 0.330078125 0.2109375 0.3310546875 0.21630859375 0.33984375 0.2177734375 0.3369140625 0.228515625 0.3369140625 0.23828125 0.337890625 0.25 0.337890625 0.26904296875 0.349609375 0.28369140625 0.3505859375 0.291015625 0.353515625 0.310546875 0.361328125 0.31640625 0.3662109375 0.32568359375 0.3662109375 0.34326171875 0.3662109375 0.35107421875 0.365234375 0.3564453125 0.3662109375 0.361328125 0.3681640625 0.37060546875 0.3681640625 0.373046875 0.3759765625 0.380859375 0.3759765625 0.38671875 0.3759765625 0.3876953125 0.3916015625 0.38037109375 0.41796875 0.37646484375 0.423828125 0.3642578125 0.4267578125 0.349609375 0.4287109375 0.33935546875 0.4296875 0.33203125 0.4326171875 0.3251953125 0.4326171875 0.31982421875 0.4287109375 0.31201171875 0.427734375 0.2939453125 0.4306640625 0.2861328125 0.4365234375 0.26318359375 0.447265625 0.23583984375 0.447265625 0.21044921875 0.45703125 0.1669921875 0.46484375 0.107421875 0.4775390625 0.04052734375 0.48828125 0.0 0.4970703125
4 0.392578125 0.3759765625 0.39306640625 0.3564453125 0.39306640625 0.330078125 0.3935546875 0.31640625 0.3955078125 0.3076171875 0.396484375 0.298828125 0.3955078125 0.28515625 0.3935546875 0.283203125 0.39013671875 0.28515625 0.38330078125 0.2841796875 0.38134765625 0.2734375 0.37890625 0.2724609375 0.373046875 0.271484375 0.369140625 0.2646484375 0.36572265625 0.26171875 0.36083984375 0.259765625 0.3671875 0.25390625 0.36279296875 0.2490234375 0.361328125 0.2412109375 0.3564453125 0.23828125 0.35302734375 0.2314453125 0.3486328125 0.2158203125 0.3505859375 0.2109375 0.35546875 0.208984375 0.35498046875 0.19921875 0.3505859375 0.1982421875 0.34716796875 0.1943359375 0.33984375 0.1923828125 0.34326171875 0.18359375 0.3486328125 0.1767578125 0.3525390625 0.169921875 0.35546875 0.15234375 0.34765625 0.1220703125 0.3515625 0.0947265625 0.359375 0.06640625 0.38134765625 0.0458984375 0.40283203125 0.0 0.4716796875 0.0 0.4814453125 0.015625 0.48583984375 0.02734375 0.484375 0.0439453125 0.4892578125 0.0556640625 0.490234375 0.068359375 0.4892578125 0.0712890625 0.48974609375 0.0830078125 0.48974609375 0.095703125 0.49609375 0.0927734375 0.49755859375 0.1064453125 0.4990234375 0.1220703125 0.498046875 0.1416015625 0.49609375 0.1494140625 0.4921875 0.154296875 0.4951171875 0.16015625 0.498046875 0.1708984375 0.49853515625 0.1953125 0.49658203125 0.2109375 0.494140625 0.234375 0.4892578125 0.2431640625 0.48291015625 0.2529296875 0.47998046875 0.2578125 0.48095703125 0.2666015625 0.47705078125 0.2841796875 0.470703125 0.2861328125 0.47021484375 0.2900390625 0.4697265625 0.2998046875 0.46337890625 0.3115234375 0.458984375 0.3076171875 0.45703125 0.2998046875 0.45263671875 0.30078125 0.4462890625 0.310546875 0.44287109375 0.314453125 0.4384765625 0.31640625 0.4345703125 0.3232421875 0.43505859375 0.3349609375 0.43310546875 0.353515625 0.4306640625 0.3779296875 0.43017578125 0.4013671875 0.42822265625 0.431640625 0.41650390625 0.4287109375 0.40869140625 0.43359375 0.39990234375 0.4140625 0.3935546875 0.3955078125
4 0.4384765625 0.0 0.43212890625 0.02734375 0.42626953125 0.0341796875 0.419921875 0.0439453125 0.416015625 0.060546875 0.412109375 0.068359375 0.3994140625 0.08203125 0.3857421875 0.09765625 0.37158203125 0.111328125 0.3642578125 0.1240234375 0.3583984375 0.126953125 0.34765625 0.142578125 0.349609375 0.1455078125 0.3486328125 0.1640625 0.3447265625 0.177734375 0.33984375 0.1748046875 0.3359375 0.1669921875 0.33251953125 0.1669921875 0.32568359375 0.169921875 0.32080078125 0.17578125 0.31884765625 0.1806640625 0.31884765625 0.1943359375 0.31884765625 0.212890625 0.31884765625 0.251953125 0.31640625 0.318359375 0.31591796875 0.341796875 0.314453125 0.4033203125 0.31396484375 0.4306640625 0.31396484375 0.4521484375 0.3154296875 0.466796875 0.31201171875 0.4716796875 0.298828125 0.4736328125 0.2841796875 0.46875 0.2734375 0.46484375 0.2783203125 0.455078125 0.2822265625 0.4482421875 0.28515625 0.4384765625 0.2880859375 0.4169921875 0.29052734375 0.39453125 0.291015625 0.3671875 0.2919921875 0.328125 0.29248046875 0.306640625 0.29638671875 0.21484375 0.29736328125 0.2021484375 0.29833984375 0.1904296875 0.296875 0.1748046875 0.29248046875 0.1689453125 0.2880859375 0.1669921875 0.28369140625 0.1669921875 0.2783203125 0.162109375 0.27734375 0.169921875 0.2734375 0.24609375 0.27294921875 0.2763671875 0.2724609375 0.3095703125 0.2734375 0.3193359375 0.2705078125 0.3310546875 0.2705078125 0.3525390625 0.26904296875 0.3916015625 0.267578125 0.4189453125 0.26708984375 0.4560546875 0.26953125 0.47265625 0.2734375 0.478515625 0.2724609375 0.486328125 0.25390625 0.486328125 0.24267578125 0.486328125 0.23779296875 0.4765625 0.23095703125 0.4833984375 0.22509765625 0.4794921875 0.23046875 0.462890625 0.23583984375 0.4423828125 0.23974609375 0.400390625 0.2421875 0.3544921875 0.24365234375 0.3330078125 0.24267578125 0.3203125 0.24365234375 0.3056640625 0.24560546875 0.2998046875 0.24755859375 0.2734375 0.24853515625 0.2431640625 0.25 0.2021484375 0.25146484375 0.16796875 0.24853515625 0.1640625 0.244140625 0.1650390625 0.23876953125 0.1640625 0.23486328125 0.16015625 0.2314453125 0.1552734375 0.22802734375 0.15625 0.2294921875 0.169921875 0.2294921875 0.1787109375 0.22705078125 0.1875 0.22265625 0.19921875 0.22119140625 0.228515625 0.2236328125 0.2431640625 0.22216796875 0.251953125 0.2197265625 0.263671875 0.2177734375 0.28515625 0.21826171875 0.314453125 0.21630859375 0.34765625 0.2158203125 0.3759765625 0.21337890625 0.4150390625 0.21240234375 0.443359375 0.21044921875 0.4521484375 0.20947265625 0.478515625 0.21337890625 0.4931640625 0.21630859375 0.4951171875 0.2158203125 0.5048828125 0.2060546875 0.5048828125 0.18798828125 0.5048828125 0.1708984375 0.4990234375 0.16552734375 0.5009765625 0.15478515625 0.4970703125 0.16162109375 0.48046875 0.16650390625 0.46484375 0.1708984375 0.4453125 0.173828125 0.4150390625 0.1767578125 0.3916015625 0.1796875 0.365234375 0.18212890625 0.3291015625 0.18359375 0.294921875 0.18505859375 0.2802734375 0.189453125 0.2197265625 0.19091796875 0.18359375 0.1904296875 0.16796875 0.18994140625 0.16015625 0.1904296875 0.1455078125 0.19140625 0.1123046875 0.18896484375 0.0947265625 0.18505859375 0.083984375 0.1806640625 0.0712890625 0.17431640625 0.0703125 0.16796875 0.0634765625 0.16796875 0.0546875 0.1611328125 0.044921875 0.1572265625 0.0458984375 0.15234375 0.0517578125 0.14697265625 0.052734375 0.14208984375 0.0576171875 0.14013671875 0.068359375 0.1328125 0.068359375 0.12646484375 0.0712890625 0.1259765625 0.0791015625 0.125 0.09765625 0.11865234375 0.12109375 0.11669921875 0.138671875 0.1142578125 0.1884765625 0.11474609375 0.208984375 0.1123046875 0.2802734375 0.10986328125 0.3544921875 0.10986328125 0.3974609375 0.10888671875 0.4130859375 0.10693359375 0.4287109375 0.107421875 0.4443359375 0.10595703125 0.4931640625 0.10595703125 0.5087890625 0.11328125 0.5283203125 0.11767578125 0.5283203125 0.11083984375 0.5400390625 0.0986328125 0.54296875 0.08740234375 0.5458984375 0.0673828125 0.5439453125 0.048828125 0.54296875 0.03662109375 0.5458984375 0.0302734375 0.5380859375 0.0224609375 0.5224609375 0.0322265625 0.5048828125 0.037109375 0.4921875 0.04345703125 0.4609375 0.05224609375 0.3798828125 0.0556640625 0.3291015625 0.06201171875 0.2470703125 0.06640625 0.177734375 0.06787109375 0.123046875 0.0673828125 0.111328125 0.072265625 0.0751953125 0.07275390625 0.046875 0.0732421875 0.0087890625 0.07275390625 0.0
4 0.53515625 0.158203125 0.54296875 0.1435546875 0.546875 0.1279296875 0.55615234375 0.1357421875 0.55908203125 0.1171875 0.56689453125 0.1044921875 0.572265625 0.1044921875 0.57666015625 0.0986328125 0.58349609375 0.0947265625 0.58935546875 0.0986328125 0.58935546875 0.0908203125 0.59619140625 0.0703125 0.603515625 0.0751953125 0.61279296875 0.08984375 0.619140625 0.0947265625 0.62353515625 0.099609375 0.6298828125 0.08984375 0.63818359375 0.0849609375 0.64111328125 0.0947265625 0.63671875 0.12109375 0.6484375 0.126953125 0.642578125 0.14453125 0.65087890625 0.1591796875 0.654296875 0.1650390625 0.64892578125 0.1806640625 0.64404296875 0.193359375 0.6552734375 0.197265625 0.66455078125 0.1953125 0.669921875 0.208984375 0.66015625 0.212890625 0.66162109375 0.2197265625 0.67041015625 0.22265625 0.6748046875 0.2294921875 0.66552734375 0.2421875 0.6611328125 0.2568359375 0.65234375 0.2568359375 0.6513671875 0.26171875 0.65673828125 0.275390625 0.65625 0.2890625 0.64208984375 0.302734375 0.62939453125 0.3173828125 0.61962890625 0.32421875 0.6142578125 0.326171875 0.607421875 0.3330078125 0.607421875 0.416015625 0.60302734375 0.4169921875 0.6044921875 0.404296875 0.6025390625 0.328125 0.60009765625 0.32421875 0.5947265625 0.326171875 0.5908203125 0.3251953125 0.5888671875 0.314453125 0.5869140625 0.314453125 0.58349609375 0.3125 0.580078125 0.3046875 0.5771484375 0.3046875 0.57666015625 0.30859375 0.5732421875 0.3115234375 0.57080078125 0.3125 0.56787109375 0.30859375 0.56494140625 0.3095703125 0.56201171875 0.3046875 0.5595703125 0.302734375 0.55712890625 0.2978515625 0.55615234375 0.3056640625 0.55419921875 0.3095703125 0.5517578125 0.31640625 0.548828125 0.3212890625 0.54638671875 0.3173828125 0.54248046875 0.3125 0.54052734375 0.30078125 0.5390625 0.291015625 0.53662109375 0.28515625 0.53662109375 0.2802734375 0.53955078125 0.27734375 0.5400390625 0.2724609375 0.53759765625 0.265625 0.53466796875 0.2685546875 0.5302734375 0.263671875 0.52783203125 0.2646484375 0.52490234375 0.2568359375 0.5283203125 0.248046875 0.52197265625 0.23828125 0.52392578125 0.2255859375 0.52783203125 0.2158203125 0.53125 0.20703125 0.5302734375 0.19921875 0.52734375 0.2001953125 0.52587890625 0.1884765625 0.52392578125 0.181640625 0.5244140625 0.1767578125 0.52587890625 0.1708984375 0.52880859375 0.1767578125 0.53076171875 0.181640625 0.533203125 0.1767578125 0.53369140625 0.16796875 0.5322265625 0.1650390625 0.52978515625 0.1630859375 0.53125 0.1572265625
4 0.6865234375 0.2001953125 0.6953125 0.193359375 0.7080078125 0.189453125 0.72412109375 0.173828125 0.73388671875 0.16796875 0.74365234375 0.154296875 0.75439453125 0.138671875 0.7724609375 0.1318359375 0.78125 0.130859375 0.7861328125 0.1337890625 0.79541015625 0.126953125 0.80224609375 0.119140625 0.80810546875 0.1083984375 0.8115234375 0.091796875 0.81591796875 0.083984375 0.8232421875 0.087890625 0.8330078125 0.0859375 0.83447265625 0.078125 0.837890625 0.076171875 0.84130859375 0.078125 0.84326171875 0.07421875 0.84375 0.0615234375 0.841796875 0.048828125 0.84375 0.04296875 0.84912109375 0.0322265625 0.8564453125 0.025390625 0.86279296875 0.0283203125 0.8642578125 0.03515625 0.87060546875 0.033203125 0.87353515625 0.025390625 0.880859375 0.0205078125 0.8857421875 0.0185546875 0.8916015625 0.015625 0.90625 0.0 0.9443359375 0.0 0.95068359375 0.0205078125 0.958984375 0.0166015625 0.96533203125 0.01953125 0.97705078125 0.0185546875 0.98388671875 0.0185546875 0.99755859375 0.0185546875 0.99951171875 0.01953125 0.99951171875 0.3193359375 0.9677734375 0.28515625 0.96044921875 0.2880859375 0.95654296875 0.29296875 0.9541015625 0.31640625 0.95458984375 0.34375 0.95458984375 0.3798828125 0.927734375 0.376953125 0.91796875 0.28125 0.89404296875 0.298828125 0.89111328125 0.3046875 0.888671875 0.31640625 0.888671875 0.326171875 0.88818359375 0.35546875 0.884765625 0.3798828125 0.87451171875 0.32421875 0.87451171875 0.310546875 0.87109375 0.30859375 0.86669921875 0.3095703125 0.86474609375 0.314453125 0.8623046875 0.3203125 0.85791015625 0.322265625 0.85546875 0.3408203125 0.84765625 0.3232421875 0.845703125 0.3203125 0.84375 0.318359375 0.8427734375 0.3203125 0.8427734375 0.3330078125 0.83251953125 0.3369140625 0.8310546875 0.3212890625 0.8310546875 0.310546875 0.830078125 0.3017578125 0.8271484375 0.3017578125 0.82275390625 0.3046875 0.8212890625 0.3095703125 0.81982421875 0.3134765625 0.81689453125 0.3212890625 0.81005859375 0.333984375 0.74853515625 0.3466796875 0.7548828125 0.328125 0.75244140625 0.3212890625 0.74951171875 0.3203125 0.74755859375 0.3193359375 0.74755859375 0.3349609375 0.7451171875 0.337890625 0.74365234375 0.3330078125 0.74365234375 0.314453125 0.7392578125 0.3125 0.73779296875 0.3134765625 0.73486328125 0.3173828125 0.73095703125 0.3173828125 0.7294921875 0.3125 0.732421875 0.3076171875 0.73193359375 0.30078125 0.72607421875 0.2958984375 0.72021484375 0.2978515625 0.716796875 0.302734375 0.70947265625 0.30078125 0.70263671875 0.296875 0.69677734375 0.296875 0.6943359375 0.29296875 0.68896484375 0.2890625 0.68115234375 0.28515625
4 0.58984375 0.0146484375 0.58544921875 0.037109375 0.57958984375 0.0322265625 0.57568359375 0.0390625 0.578125 0.0478515625 0.5830078125 0.0546875 0.583984375 0.05859375 0.578125 0.0625 0.572265625 0.0634765625 0.57177734375 0.0703125 0.580078125 0.076171875 0.5869140625 0.0810546875 0.5888671875 0.0859375 0.59765625 0.0927734375 0.62451171875 0.111328125 0.63525390625 0.1513671875 0.64892578125 0.1572265625 0.65673828125 0.1572265625 0.6650390625 0.16796875 0.67333984375 0.1650390625 0.67919921875 0.166015625 0.6826171875 0.1630859375 0.68212890625 0.1923828125 0.6787109375 0.23828125 0.6767578125 0.2568359375 0.67529296875 0.2783203125 0.6748046875 0.2998046875 0.67431640625 0.322265625 0.6728515625 0.3525390625 0.671875 0.376953125 0.671875 0.3974609375 0.6826171875 0.384765625 0.68212890625 0.37109375 0.6826171875 0.3525390625 0.68408203125 0.34375 0.68408203125 0.326171875 0.68505859375 0.3056640625 0.68603515625 0.28515625 0.6865234375 0.2724609375 0.689453125 0.26171875 0.689453125 0.248046875 0.6904296875 0.224609375 0.69140625 0.201171875 0.69287109375 0.1904296875 0.697265625 0.185546875 0.701171875 0.185546875 0.708984375 0.1826171875 0.71044921875 0.181640625 0.71875 0.1865234375 0.72998046875 0.16796875 0.74462890625 0.158203125 0.74951171875 0.158203125 0.75732421875 0.15234375 0.75537109375 0.1298828125 0.7548828125 0.119140625 0.755859375 0.103515625 0.755859375 0.0947265625 0.75927734375 0.083984375 0.7626953125 0.07421875 0.7705078125 0.0673828125 0.77783203125 0.078125 0.787109375 0.0791015625 0.791015625 0.0869140625 0.79296875 0.0732421875 0.79248046875 0.056640625 0.787109375 0.0439453125 0.7939453125 0.041015625 0.8076171875 0.0400390625 0.81591796875 0.044921875 0.81787109375 0.0556640625 0.82275390625 0.0615234375 0.82568359375 0.0615234375 0.8330078125 0.068359375 0.83544921875 0.0556640625 0.83154296875 0.0439453125 0.83154296875 0.033203125 0.83203125 0.0068359375 0.83203125 0.0 0.59130859375 0.0
5 0.45703125 0.376953125 0.46240234375 0.3779296875 0.46435546875 0.3818359375 0.46484375 0.3896484375 0.46484375 0.3994140625 0.4638671875 0.3994140625 0.462890625 0.3955078125 0.45361328125 0.3955078125 0.45361328125 0.3974609375 0.45263671875 0.3994140625 0.451171875 0.3974609375 0.451171875 0.388671875 0.45166015625 0.3828125 0.453125 0.3779296875 0.4541015625 0.376953125
1 0.8359375 0.5576171875 0.82763671875 0.599609375 0.8466796875 0.611328125 0.8857421875 0.638671875 0.88671875 0.5966796875 0.88818359375 0.5830078125 0.869140625 0.5869140625
5 0.57373046875 0.384765625 0.58740234375 0.3828125 0.60205078125 0.3828125 0.60498046875 0.3828125 0.60791015625 0.388671875 0.609375 0.3955078125 0.60205078125 0.443359375 0.59375 0.46484375 0.5927734375 0.4619140625 0.591796875 0.458984375 0.59033203125 0.4599609375 0.58349609375 0.4609375 0.5791015625 0.4599609375 0.578125 0.462890625 0.57470703125 0.4619140625 0.57373046875 0.4638671875 0.57275390625 0.46484375 0.56689453125 0.4638671875 0.56640625 0.46484375 0.56298828125 0.46484375 0.56201171875 0.4619140625 0.56201171875 0.4541015625 0.56201171875 0.4423828125 0.56201171875 0.43359375 0.5634765625 0.4248046875 0.56396484375 0.41796875 0.56201171875 0.416015625 0.5615234375 0.4150390625 0.5615234375 0.4130859375 0.56298828125 0.41015625 0.5654296875 0.4091796875 0.56640625 0.4130859375 0.56982421875 0.396484375 0.57080078125 0.390625
5 0.6083984375 0.3916015625 0.6044921875 0.4013671875 0.60205078125 0.4091796875 0.59912109375 0.4189453125 0.59765625 0.4169921875 0.59375 0.416015625 0.58984375 0.41796875 0.5888671875 0.423828125 0.58935546875 0.42578125 0.59423828125 0.4267578125 0.59765625 0.4287109375 0.5947265625 0.4404296875 0.5927734375 0.4443359375 0.5927734375 0.453125 0.591796875 0.4619140625 0.5927734375 0.49609375 0.5947265625 0.4990234375 0.59912109375 0.4990234375 0.6005859375 0.4990234375 0.60107421875 0.4970703125 0.6015625 0.4873046875 0.6025390625 0.48828125 0.6025390625 0.5009765625 0.6044921875 0.501953125 0.60791015625 0.5029296875 0.61083984375 0.501953125 0.6123046875 0.5 0.6123046875 0.4912109375 0.6123046875 0.4892578125 0.61474609375 0.4912109375 0.619140625 0.4912109375 0.62353515625 0.4921875 0.62744140625 0.4912109375 0.6298828125 0.490234375 0.6318359375 0.48828125 0.6630859375 0.384765625 0.65869140625 0.3876953125 0.6533203125 0.3857421875 0.63623046875 0.384765625 0.61865234375 0.3857421875 0.61279296875 0.3876953125 0.61083984375 0.388671875
5 0.6552734375 0.3935546875 0.64697265625 0.419921875 0.64453125 0.4306640625 0.64208984375 0.4384765625 0.64111328125 0.431640625 0.63818359375 0.4287109375 0.6328125 0.4287109375 0.63037109375 0.43359375 0.63037109375 0.4404296875 0.6328125 0.443359375 0.63818359375 0.4443359375 0.64013671875 0.447265625 0.63818359375 0.453125 0.634765625 0.4609375 0.6318359375 0.47265625 0.6318359375 0.478515625 0.63134765625 0.4921875 0.63232421875 0.5078125 0.63232421875 0.5185546875 0.6328125 0.541015625 0.63427734375 0.548828125 0.63671875 0.5498046875 0.64013671875 0.55078125 0.6435546875 0.55078125 0.64501953125 0.548828125 0.646484375 0.5400390625 0.646484375 0.5322265625 0.65087890625 0.5341796875 0.65087890625 0.5361328125 0.65087890625 0.5458984375 0.65087890625 0.5576171875 0.65234375 0.564453125 0.65478515625 0.572265625 0.65869140625 0.572265625 0.66064453125 0.572265625 0.666015625 0.5693359375 0.6845703125 0.5244140625 0.724609375 0.3818359375 0.71240234375 0.3759765625 0.69482421875 0.3759765625 0.6787109375 0.376953125 0.6708984375 0.3779296875 0.6650390625 0.3798828125 0.65869140625 0.3857421875
5 0.75537109375 0.330078125 0.73828125 0.3349609375 0.7275390625 0.341796875 0.720703125 0.3505859375 0.71484375 0.3671875 0.7109375 0.37890625 0.70654296875 0.3916015625 0.701171875 0.4091796875 0.6982421875 0.4208984375 0.6982421875 0.4189453125 0.69873046875 0.40625 0.6982421875 0.400390625 0.69580078125 0.396484375 0.69091796875 0.3955078125 0.68408203125 0.3994140625 0.68115234375 0.4052734375 0.6806640625 0.412109375 0.68212890625 0.4208984375 0.68603515625 0.42578125 0.6923828125 0.4267578125 0.68994140625 0.4326171875 0.6845703125 0.4404296875 0.67919921875 0.443359375 0.67529296875 0.4521484375 0.671875 0.466796875 0.669921875 0.48046875 0.6689453125 0.49609375 0.66796875 0.5107421875 0.66552734375 0.5185546875 0.66259765625 0.53515625 0.66162109375 0.5546875 0.6640625 0.5732421875 0.6669921875 0.587890625 0.67236328125 0.603515625 0.68017578125 0.607421875 0.68896484375 0.609375 0.697265625 0.6083984375 0.70263671875 0.6025390625 0.70654296875 0.5927734375 0.7080078125 0.5869140625 0.70947265625 0.576171875 0.73583984375 0.5859375 0.736328125 0.5966796875 0.73681640625 0.6083984375 0.73779296875 0.623046875 0.73876953125 0.630859375 0.74072265625 0.634765625 0.74365234375 0.6357421875 0.775390625 0.6357421875 0.77880859375 0.634765625 0.78125 0.6318359375 0.78369140625 0.62109375 0.78515625 0.607421875 0.78662109375 0.6005859375 0.796875 0.5966796875 0.80615234375 0.5986328125 0.8173828125 0.6044921875 0.828125 0.6005859375 0.83203125 0.591796875 0.9169921875 0.5859375 0.95751953125 0.498046875 0.9306640625 0.41796875 0.91455078125 0.3955078125 0.89990234375 0.3740234375 0.89501953125 0.3623046875 0.88720703125 0.3427734375 0.8818359375 0.330078125 0.87109375 0.322265625 0.82666015625 0.3212890625 0.7880859375 0.3212890625 0.75830078125 0.328125
4 0.9189453125 0.0 0.91748046875 0.0283203125 0.9189453125 0.0791015625 0.919921875 0.1396484375 0.91845703125 0.21875 0.91748046875 0.3125 0.9169921875 0.37109375 0.916015625 0.42578125 0.9150390625 0.44921875 0.91552734375 0.48046875 0.96435546875 0.48828125 0.9443359375 0.353515625 0.94580078125 0.310546875 0.94580078125 0.205078125 0.9482421875 0.1650390625 0.94580078125 0.1279296875 0.94580078125 0.1044921875 0.94873046875 0.0576171875 0.94873046875 0.0361328125 0.94873046875 0.0244140625 0.94580078125 0.0
5 0.99951171875 0.21484375 0.9833984375 0.2509765625 0.962890625 0.3134765625 0.953125 0.345703125 0.94384765625 0.361328125 0.9384765625 0.3837890625 0.93603515625 0.4033203125 0.921875 0.4375 0.91162109375 0.4755859375 0.90576171875 0.50390625 0.896484375 0.5205078125 0.88818359375 0.54296875 0.8857421875 0.5693359375 0.8828125 0.6025390625 0.8798828125 0.6435546875 0.87841796875 0.6689453125 0.8818359375 0.6796875 0.8828125 0.7412109375 0.88525390625 0.7822265625 0.888671875 0.8408203125 0.8955078125 0.8828125 0.90673828125 0.90625 0.92236328125 0.9189453125 0.93896484375 0.921875 0.951171875 0.9189453125 0.96240234375 0.900390625 0.966796875 0.8720703125 0.97119140625 0.8564453125 0.9873046875 0.8720703125 0.99951171875 0.8828125 0.99951171875 0.2099609375
