0 0.03662109375 0.9990234375 0.48583984375 0.447265625 0.5166015625 0.4091796875 0.57177734375 0.408203125 0.615234375 0.40625 0.66845703125 0.421875 0.763671875 0.484375 0.92919921875 0.509765625 0.99951171875 0.5556640625 0.99951171875 0.9990234375
1 0.0 0.5703125 0.03369140625 0.5595703125 0.08203125 0.544921875 0.21923828125 0.5009765625 0.25830078125 0.4892578125 0.291015625 0.478515625 0.37646484375 0.453125 0.40869140625 0.443359375 0.42431640625 0.439453125 0.44140625 0.4375 0.45458984375 0.435546875 0.45751953125 0.4306640625 0.4580078125 0.427734375 0.453125 0.4267578125 0.4443359375 0.4267578125 0.43408203125 0.4267578125 0.42041015625 0.4248046875 0.40087890625 0.423828125 0.373046875 0.41796875 0.07470703125 0.40625 0.0 0.4609375
2 0.44482421875 0.0 0.4453125 0.015625 0.44970703125 0.0517578125 0.45263671875 0.0908203125 0.44970703125 0.1376953125 0.455078125 0.1513671875 0.45947265625 0.154296875 0.46240234375 0.1552734375 0.46337890625 0.16015625 0.46484375 0.1748046875 0.46875 0.1767578125 0.470703125 0.181640625 0.46875 0.1875 0.46923828125 0.2197265625 0.4716796875 0.2236328125 0.478515625 0.2236328125 0.47119140625 0.2333984375 0.470703125 0.251953125 0.4775390625 0.2529296875 0.4814453125 0.4140625 0.4267578125 0.4296875 0.32568359375 0.4423828125 0.205078125 0.4716796875 0.08837890625 0.4990234375 0.037109375 0.509765625 0.01513671875 0.5126953125 0.0 0.525390625 0.0 0.0
0 0.43310546875 0.4150390625 0.43798828125 0.4150390625 0.44189453125 0.4150390625 0.4453125 0.4150390625 0.4521484375 0.4150390625 0.45849609375 0.4150390625 0.46435546875 0.416015625 0.4794921875 0.416015625 0.4833984375 0.416015625 0.48876953125 0.4189453125 0.49267578125 0.4208984375 0.4921875 0.4267578125 0.48974609375 0.4287109375 0.478515625 0.431640625 0.46923828125 0.4326171875 0.46337890625 0.4306640625 0.46044921875 0.4326171875 0.45654296875 0.4306640625 0.45068359375 0.42578125 0.44384765625 0.4267578125 0.435546875 0.427734375 0.43359375 0.4267578125
1 0.4921875 0.396484375 0.50146484375 0.4013671875 0.50390625 0.4013671875 0.50244140625 0.4140625 0.5009765625 0.4189453125 0.49658203125 0.423828125 0.48974609375 0.4189453125 0.48486328125 0.4169921875 0.484375 0.41015625
1 0.685546875 0.5048828125 0.6357421875 0.5068359375 0.6259765625 0.4931640625 0.626953125 0.484375 0.62939453125 0.4833984375 0.64501953125 0.48046875 0.64794921875 0.48046875 0.64990234375 0.484375 0.654296875 0.4833984375 0.6552734375 0.4814453125 0.67822265625 0.48046875 0.6845703125 0.48046875 0.68994140625 0.4814453125 0.69189453125 0.4873046875 0.69091796875 0.4970703125 0.689453125 0.501953125
2 0.58544921875 0.1103515625 0.58740234375 0.0 0.99951171875 0.0 0.99951171875 0.4814453125 0.68505859375 0.4404296875 0.62060546875 0.3759765625 0.60791015625 0.4033203125 0.59375 0.41015625 0.59423828125 0.384765625 0.56201171875 0.3798828125 0.54541015625 0.3779296875 0.5576171875 0.1884765625 0.55810546875 0.173828125 0.56103515625 0.173828125 0.56201171875 0.1630859375 0.56494140625 0.1640625 0.56494140625 0.158203125 0.5703125 0.15234375 0.580078125 0.1259765625
2 0.45849609375 0.19921875 0.46826171875 0.2119140625 0.46875 0.2197265625 0.470703125 0.22265625 0.4755859375 0.2236328125 0.4794921875 0.2255859375 0.470703125 0.2314453125 0.470703125 0.2529296875 0.47705078125 0.2529296875 0.48193359375 0.248046875 0.48486328125 0.2392578125 0.48486328125 0.23046875 0.48828125 0.2294921875 0.48828125 0.2255859375 0.484375 0.2216796875 0.4921875 0.2177734375 0.49609375 0.2197265625 0.49072265625 0.2265625 0.494140625 0.228515625 0.498046875 0.2294921875 0.501953125 0.23046875 0.50439453125 0.2294921875 0.5068359375 0.2265625 0.51025390625 0.22265625 0.51123046875 0.216796875 0.50439453125 0.21875 0.50439453125 0.21484375 0.51318359375 0.2099609375 0.51513671875 0.2138671875 0.51708984375 0.2119140625 0.51806640625 0.2041015625 0.529296875 0.2021484375 0.53515625 0.2060546875 0.5419921875 0.2177734375 0.5478515625 0.23046875 0.55615234375 0.251953125 0.5791015625 0.275390625 0.57958984375 0.2861328125 0.5849609375 0.296875 0.58740234375 0.3173828125 0.58740234375 0.32421875 0.5888671875 0.349609375 0.5869140625 0.396484375 0.5791015625 0.408203125 0.55712890625 0.3935546875 0.53662109375 0.3955078125 0.53125 0.3740234375 0.52392578125 0.3759765625 0.51513671875 0.376953125 0.50732421875 0.400390625 0.50244140625 0.400390625 0.4931640625 0.3974609375 0.47021484375 0.396484375 0.4501953125 0.4091796875 0.43408203125 0.4150390625 0.427734375 0.4150390625 0.42724609375 0.3203125
1 0.59423828125 0.4521484375 0.5849609375 0.4521484375 0.58203125 0.4482421875 0.58251953125 0.4423828125 0.5869140625 0.44140625 0.60009765625 0.44140625
5 0.5537109375 0.3857421875 0.55908203125 0.3857421875 0.56005859375 0.3837890625 0.5615234375 0.3818359375 0.564453125 0.380859375 0.5673828125 0.3837890625 0.5673828125 0.384765625 0.57568359375 0.384765625 0.578125 0.3857421875 0.580078125 0.3876953125 0.58203125 0.3896484375 0.58251953125 0.3916015625 0.58349609375 0.3935546875 0.583984375 0.396484375 0.58447265625 0.40234375 0.58447265625 0.4130859375 0.5849609375 0.421875 0.5849609375 0.4306640625 0.5849609375 0.435546875 0.583984375 0.4375 0.5830078125 0.4384765625 0.5810546875 0.4384765625 0.57861328125 0.439453125 0.57666015625 0.439453125 0.57568359375 0.4375 0.57568359375 0.435546875 0.57568359375 0.431640625 0.56201171875 0.431640625 0.5576171875 0.431640625 0.55126953125 0.427734375 0.5498046875 0.416015625 0.5498046875 0.4072265625 0.5498046875 0.4013671875 0.55126953125 0.3974609375 0.55224609375 0.392578125
5 0.5302734375 0.3916015625 0.5341796875 0.390625 0.537109375 0.390625 0.5390625 0.3916015625 0.54052734375 0.392578125 0.5419921875 0.392578125 0.546875 0.392578125 0.55322265625 0.3935546875 0.55517578125 0.39453125 0.55712890625 0.3974609375 0.55810546875 0.4033203125 0.55859375 0.40625 0.5595703125 0.4130859375 0.56103515625 0.412109375 0.5634765625 0.4130859375 0.5634765625 0.416015625 0.56298828125 0.41796875 0.5615234375 0.4189453125 0.56201171875 0.431640625 0.56201171875 0.44140625 0.56201171875 0.4453125 0.56201171875 0.451171875 0.56201171875 0.4541015625 0.56201171875 0.458984375 0.5615234375 0.4609375 0.5595703125 0.4619140625 0.55615234375 0.4599609375 0.55615234375 0.453125 0.52734375 0.453125 0.5263671875 0.453125 0.5263671875 0.458984375 0.525390625 0.4609375 0.52294921875 0.4609375 0.521484375 0.4609375 0.51953125 0.4599609375 0.51904296875 0.45703125 0.51904296875 0.4501953125 0.51904296875 0.44140625 0.51904296875 0.4296875 0.51953125 0.423828125 0.52001953125 0.41796875 0.5185546875 0.41796875 0.51806640625 0.4150390625 0.5185546875 0.4130859375 0.521484375 0.4130859375 0.5224609375 0.41015625 0.5234375 0.4013671875 0.52490234375 0.3974609375 0.5263671875 0.3935546875 0.52783203125 0.392578125
5 0.59423828125 0.4150390625 0.5947265625 0.4091796875 0.59521484375 0.4052734375 0.59619140625 0.404296875 0.6015625 0.3994140625 0.6015625 0.3955078125 0.6025390625 0.3935546875 0.6044921875 0.392578125 0.60546875 0.392578125 0.61083984375 0.392578125 0.61328125 0.39453125 0.61279296875 0.40234375 0.61181640625 0.4052734375 0.60888671875 0.41015625 0.60693359375 0.4130859375 0.60595703125 0.4140625 0.603515625 0.4150390625 0.6025390625 0.416015625 0.60107421875 0.4169921875 0.5966796875 0.4189453125 0.59619140625 0.4169921875 0.595703125 0.4150390625 0.59521484375 0.4140625
5 0.59423828125 0.4541015625 0.59423828125 0.447265625 0.59423828125 0.435546875 0.59423828125 0.4248046875 0.59619140625 0.41796875 0.5986328125 0.4091796875 0.6015625 0.4013671875 0.607421875 0.39453125 0.61279296875 0.392578125 0.61474609375 0.396484375 0.61669921875 0.4130859375 0.6083984375 0.42578125 0.60546875 0.41015625 0.60302734375 0.4404296875 0.60107421875 0.44921875 0.60009765625 0.4560546875 0.5966796875 0.45703125
5 0.60009765625 0.455078125 0.6005859375 0.451171875 0.6005859375 0.4375 0.6005859375 0.4296875 0.60009765625 0.419921875 0.6015625 0.4150390625 0.6025390625 0.41015625 0.603515625 0.40625 0.6025390625 0.4033203125 0.6015625 0.3994140625 0.60205078125 0.39453125 0.60302734375 0.3935546875 0.6044921875 0.392578125 0.60546875 0.392578125 0.60595703125 0.392578125 0.60888671875 0.376953125 0.61279296875 0.3720703125 0.61767578125 0.3701171875 0.64453125 0.3701171875 0.64697265625 0.3740234375 0.64697265625 0.3740234375 0.6474609375 0.3828125 0.6474609375 0.3876953125 0.6357421875 0.396484375 0.6298828125 0.4169921875 0.626953125 0.421875 0.62744140625 0.453125 0.61865234375 0.4599609375 0.61328125 0.4599609375 0.61181640625 0.4619140625 0.60986328125 0.4658203125 0.60693359375 0.466796875 0.6064453125 0.4658203125 0.60546875 0.46484375 0.603515625 0.462890625 0.6025390625 0.4609375 0.60107421875 0.4609375 0.6005859375 0.458984375
5 0.62158203125 0.412109375 0.62548828125 0.412109375 0.62744140625 0.3994140625 0.63037109375 0.3876953125 0.64697265625 0.3857421875 0.6533203125 0.3857421875 0.64013671875 0.455078125 0.63623046875 0.458984375 0.6357421875 0.4638671875 0.63037109375 0.46484375 0.6298828125 0.47265625 0.62890625 0.4765625 0.62548828125 0.4765625 0.6240234375 0.474609375 0.623046875 0.47265625 0.62109375 0.47265625 0.6201171875 0.4677734375 0.6201171875 0.4638671875 0.6201171875 0.45703125 0.61962890625 0.44921875 0.62060546875 0.443359375 0.6201171875 0.4375 0.62060546875 0.43359375 0.62158203125 0.431640625 0.62255859375 0.427734375 0.623046875 0.423828125 0.62255859375 0.419921875 0.6201171875 0.419921875 0.61962890625 0.4169921875 0.61962890625 0.4140625
5 0.64990234375 0.3798828125 0.6533203125 0.3759765625 0.666015625 0.3740234375 0.68603515625 0.373046875 0.69384765625 0.373046875 0.7001953125 0.3759765625 0.703125 0.3828125 0.705078125 0.3916015625 0.70751953125 0.4033203125 0.7041015625 0.4423828125 0.6904296875 0.4638671875 0.68310546875 0.47265625 0.67333984375 0.47265625 0.6640625 0.4736328125 0.65576171875 0.4755859375 0.65478515625 0.4833984375 0.65283203125 0.4853515625 0.64990234375 0.4853515625 0.64794921875 0.484375 0.6455078125 0.4814453125 0.64501953125 0.478515625 0.64404296875 0.478515625 0.6416015625 0.4814453125 0.63916015625 0.4814453125 0.63720703125 0.4814453125 0.63623046875 0.4794921875 0.6357421875 0.4736328125 0.6357421875 0.4677734375 0.6357421875 0.4609375 0.63525390625 0.453125 0.634765625 0.447265625 0.63427734375 0.4384765625 0.634765625 0.4326171875 0.63720703125 0.4248046875 0.63916015625 0.4189453125 0.63671875 0.41796875 0.63330078125 0.4169921875 0.63330078125 0.412109375 0.634765625 0.4091796875 0.63671875 0.408203125 0.638671875 0.4091796875 0.64013671875 0.4140625 0.640625 0.4140625 0.64111328125 0.408203125 0.642578125 0.4013671875 0.64453125 0.39453125 0.64697265625 0.3876953125
4 0.68505859375 0.4892578125 0.69189453125 0.48828125 0.6923828125 0.431640625 0.68994140625 0.291015625 0.6904296875 0.2841796875 0.6943359375 0.2890625 0.6982421875 0.2900390625 0.7021484375 0.2841796875 0.70751953125 0.27734375 0.70263671875 0.2724609375 0.69873046875 0.26171875 0.69482421875 0.26171875 0.69091796875 0.2568359375 0.69384765625 0.2509765625 0.6982421875 0.2509765625 0.7001953125 0.2470703125 0.6962890625 0.2314453125 0.701171875 0.228515625 0.7041015625 0.2275390625 0.71435546875 0.2294921875 0.71875 0.2294921875 0.72119140625 0.2431640625 0.7265625 0.2509765625 0.732421875 0.26171875 0.736328125 0.2578125 0.73388671875 0.2421875 0.73388671875 0.2314453125 0.740234375 0.2236328125 0.74169921875 0.2119140625 0.73388671875 0.19921875 0.7275390625 0.203125 0.72607421875 0.208984375 0.71630859375 0.203125 0.71044921875 0.1943359375 0.712890625 0.1884765625 0.71337890625 0.1796875 0.70703125 0.1748046875 0.71826171875 0.1591796875 0.72607421875 0.158203125 0.73388671875 0.1572265625 0.7421875 0.1572265625 0.75 0.162109375 0.76025390625 0.1552734375 0.76171875 0.150390625 0.75244140625 0.1337890625 0.75439453125 0.1240234375 0.7568359375 0.115234375 0.7509765625 0.109375 0.74462890625 0.1181640625 0.7421875 0.12109375 0.72802734375 0.0986328125 0.7265625 0.08984375 0.72998046875 0.0859375 0.73193359375 0.0751953125 0.72607421875 0.056640625 0.73779296875 0.0439453125 0.74951171875 0.02734375 0.75634765625 0.033203125 0.76318359375 0.0439453125 0.7763671875 0.05078125 0.77978515625 0.0390625 0.783203125 0.0341796875 0.7880859375 0.033203125 0.7919921875 0.0224609375 0.79345703125 0.0 0.5791015625 0.0 0.57958984375 0.0166015625 0.583984375 0.021484375 0.5830078125 0.03125 0.58544921875 0.0390625 0.5908203125 0.0458984375 0.58935546875 0.05078125 0.5791015625 0.0576171875 0.57666015625 0.0615234375 0.57275390625 0.0615234375 0.56982421875 0.0595703125 0.5634765625 0.0615234375 0.5615234375 0.0693359375 0.56787109375 0.07421875 0.5703125 0.0791015625 0.5771484375 0.080078125 0.5791015625 0.078125 0.5791015625 0.083984375 0.58837890625 0.0859375 0.5908203125 0.083984375 0.6005859375 0.0830078125 0.6015625 0.0859375 0.5947265625 0.0869140625 0.59326171875 0.0947265625 0.5859375 0.0947265625 0.580078125 0.09375 0.57958984375 0.0986328125 0.58154296875 0.1064453125 0.58251953125 0.1103515625 0.578125 0.1142578125 0.572265625 0.119140625 0.578125 0.1220703125 0.57958984375 0.123046875 0.572265625 0.146484375 0.56884765625 0.1533203125 0.56396484375 0.158203125 0.56396484375 0.1640625 0.5615234375 0.166015625 0.56103515625 0.171875 0.55810546875 0.1748046875 0.55712890625 0.1884765625 0.5498046875 0.193359375 0.5498046875 0.2021484375 0.537109375 0.2041015625 0.53173828125 0.203125 0.53173828125 0.2119140625 0.53564453125 0.2216796875 0.54150390625 0.2294921875 0.54833984375 0.23046875 0.55322265625 0.23828125 0.55908203125 0.248046875 0.56591796875 0.25 0.56884765625 0.2509765625 0.56591796875 0.2587890625 0.56640625 0.2685546875 0.56884765625 0.26953125 0.576171875 0.263671875 0.57958984375 0.2607421875 0.57958984375 0.2646484375 0.580078125 0.2763671875 0.58251953125 0.28125 0.5810546875 0.2880859375 0.57666015625 0.298828125 0.57763671875 0.3115234375 0.58349609375 0.3125 0.58837890625 0.3134765625 0.59375 0.31640625 0.59912109375 0.3134765625 0.59716796875 0.3251953125 0.59716796875 0.3349609375 0.60791015625 0.3359375 0.60986328125 0.3310546875 0.611328125 0.3408203125 0.61181640625 0.3671875 0.61328125 0.3740234375 0.6181640625 0.3740234375 0.6181640625 0.359375 0.61669921875 0.3408203125 0.6201171875 0.3359375 0.6259765625 0.3359375 0.630859375 0.33203125 0.63232421875 0.3251953125 0.62841796875 0.3212890625 0.62744140625 0.3125 0.6328125 0.306640625 0.63623046875 0.30078125 0.6357421875 0.291015625 0.6328125 0.28125 0.63623046875 0.2734375 0.64013671875 0.2734375 0.64501953125 0.2763671875 0.6484375 0.283203125 0.6513671875 0.2939453125 0.65478515625 0.302734375 0.66064453125 0.2998046875 0.66259765625 0.2890625 0.66796875 0.2841796875 0.671875 0.2783203125 0.6767578125 0.28515625 0.68017578125 0.29296875 0.68359375 0.314453125 0.68505859375 0.3740234375
5 0.69287109375 0.455078125 0.6962890625 0.447265625 0.69873046875 0.4404296875 0.70068359375 0.4384765625 0.6982421875 0.43359375 0.697265625 0.427734375 0.69873046875 0.423828125 0.70166015625 0.4189453125 0.70458984375 0.416015625 0.7060546875 0.4169921875 0.70654296875 0.4208984375 0.70654296875 0.4267578125 0.71044921875 0.412109375 0.7197265625 0.3896484375 0.7275390625 0.3779296875 0.73291015625 0.3740234375 0.79345703125 0.3701171875 0.80859375 0.3720703125 0.8203125 0.376953125 0.82763671875 0.3837890625 0.8369140625 0.40625 0.84423828125 0.427734375 0.84912109375 0.4375 0.8525390625 0.4677734375 0.853515625 0.5126953125 0.85009765625 0.5224609375 0.84521484375 0.5380859375 0.84326171875 0.5703125 0.83837890625 0.572265625 0.8330078125 0.5703125 0.830078125 0.564453125 0.8291015625 0.55859375 0.828125 0.552734375 0.82763671875 0.548828125 0.82666015625 0.541015625 0.8251953125 0.537109375 0.76806640625 0.5380859375 0.7666015625 0.544921875 0.763671875 0.5458984375 0.76220703125 0.5458984375 0.76123046875 0.5439453125 0.76025390625 0.541015625 0.7578125 0.5439453125 0.75634765625 0.5458984375 0.75439453125 0.5458984375 0.75390625 0.5439453125 0.75244140625 0.54296875 0.75146484375 0.5390625 0.7431640625 0.5390625 0.7421875 0.544921875 0.73974609375 0.546875 0.73779296875 0.55859375 0.73681640625 0.564453125 0.73583984375 0.5693359375 0.7333984375 0.5712890625 0.728515625 0.5712890625 0.7255859375 0.5703125 0.72265625 0.5693359375 0.72119140625 0.564453125 0.720703125 0.5576171875 0.72021484375 0.55078125 0.72021484375 0.541015625 0.71337890625 0.537109375 0.7119140625 0.54296875 0.708984375 0.546875 0.703125 0.548828125 0.6953125 0.5478515625 0.6923828125 0.544921875 0.6884765625 0.53515625 0.685546875 0.521484375 0.68505859375 0.5078125 0.685546875 0.4931640625 0.689453125 0.4794921875 0.68994140625 0.474609375 0.68994140625 0.466796875 0.69140625 0.4609375
5 0.8466796875 0.5146484375 0.8515625 0.4658203125 0.86279296875 0.4404296875 0.85107421875 0.439453125 0.845703125 0.4267578125 0.84619140625 0.4072265625 0.8505859375 0.3994140625 0.86669921875 0.3994140625 0.87158203125 0.40625 0.873046875 0.419921875 0.87451171875 0.419921875 0.88818359375 0.35546875 0.9052734375 0.3017578125 0.92333984375 0.259765625 0.94189453125 0.240234375 0.97509765625 0.2177734375 0.99951171875 0.20703125 0.99951171875 0.693359375 0.99365234375 0.693359375 0.9921875 0.7216796875 0.98974609375 0.7490234375 0.98486328125 0.77734375 0.978515625 0.7822265625 0.9697265625 0.7802734375 0.9619140625 0.771484375 0.955078125 0.7548828125 0.95166015625 0.734375 0.94873046875 0.703125 0.94970703125 0.67578125 0.89013671875 0.638671875 0.884765625 0.6357421875 0.88330078125 0.640625 0.880859375 0.6591796875 0.876953125 0.6708984375 0.87109375 0.67578125 0.86083984375 0.671875 0.853515625 0.6669921875 0.85009765625 0.6513671875 0.8466796875 0.6142578125 0.8466796875 0.599609375 0.84423828125 0.56640625 0.8447265625 0.5458984375 0.84521484375 0.53515625
