0 0.0 0.599609375 0.2333984375 0.5263671875 0.99951171875 0.537109375 0.99951171875 0.9990234375 0.0 0.9990234375 0.0 0.646484375
1 0.20703125 0.404296875 0.220703125 0.34375 0.43994140625 0.3505859375 0.5478515625 0.4814453125 0.4501953125 0.5146484375 0.1435546875 0.5029296875 0.1904296875 0.4140625
2 0.376953125 0.0 0.99951171875 0.0 0.99951171875 0.4609375 0.70849609375 0.40625 0.60498046875 0.353515625 0.41796875 0.384765625 0.33349609375 0.3828125 0.15673828125 0.388671875 0.0 0.39453125 0.0 0.16015625 0.39794921875 0.1640625
1 0.869140625 0.48046875 0.900390625 0.5146484375 0.98681640625 0.5029296875 0.99951171875 0.4970703125 0.99951171875 0.455078125 0.95458984375 0.4501953125 0.91455078125 0.4384765625 0.83837890625 0.423828125 0.81396484375 0.41015625 0.787109375 0.396484375 0.70751953125 0.4013671875 0.689453125 0.3857421875 0.67529296875 0.3857421875 0.6708984375 0.404296875 0.67138671875 0.4091796875 0.73193359375 0.427734375 0.84619140625 0.4716796875
4 0.146484375 0.193359375 0.14453125 0.2021484375 0.154296875 0.205078125 0.154296875 0.212890625 0.1513671875 0.21875 0.154296875 0.2255859375 0.16259765625 0.228515625 0.16552734375 0.2353515625 0.1767578125 0.2509765625 0.1884765625 0.2724609375 0.1884765625 0.2802734375 0.18115234375 0.28125 0.1826171875 0.29296875 0.17919921875 0.3056640625 0.1806640625 0.31640625 0.1787109375 0.3212890625 0.1748046875 0.3212890625 0.1708984375 0.326171875 0.16455078125 0.341796875 0.15380859375 0.3427734375 0.13720703125 0.3603515625 0.12646484375 0.3544921875 0.11328125 0.3447265625 0.1064453125 0.33203125 0.10009765625 0.3095703125 0.10009765625 0.28515625 0.1044921875 0.2763671875 0.109375 0.2744140625 0.109375 0.2666015625 0.1083984375 0.263671875 0.10791015625 0.23828125 0.10791015625 0.2109375 0.10791015625 0.1943359375
4 0.09765625 0.3349609375 0.10009765625 0.3349609375 0.1044921875 0.333984375 0.107421875 0.3349609375 0.1123046875 0.337890625 0.1123046875 0.3447265625 0.11328125 0.349609375 0.11328125 0.359375 0.11279296875 0.369140625 0.1123046875 0.376953125 0.11279296875 0.3828125 0.11279296875 0.3857421875 0.099609375 0.388671875 0.0947265625 0.3701171875 0.09423828125 0.3544921875 0.0947265625 0.341796875
1 0.07568359375 0.384765625 0.10595703125 0.3876953125 0.115234375 0.380859375 0.14501953125 0.3798828125 0.14306640625 0.3955078125 0.0 0.453125 0.0 0.3876953125 0.05517578125 0.3857421875 0.0556640625 0.384765625
1 0.0 0.5625 0.0615234375 0.5615234375 0.134765625 0.56640625 0.1513671875 0.5712890625 0.17626953125 0.578125 0.20166015625 0.5849609375 0.2041015625 0.6103515625 0.19287109375 0.626953125 0.18408203125 0.638671875 0.17041015625 0.646484375 0.15625 0.6552734375 0.10791015625 0.6748046875 0.0 0.7001953125
2 0.15966796875 0.3447265625 0.1748046875 0.3447265625 0.17529296875 0.3837890625 0.15673828125 0.3828125 0.15576171875 0.3447265625
0 0.6689453125 0.40625 0.673828125 0.4140625 0.701171875 0.419921875 0.720703125 0.4248046875 0.74658203125 0.431640625 0.767578125 0.4384765625 0.7890625 0.4453125 0.8193359375 0.4599609375 0.83349609375 0.46875 0.853515625 0.4765625 0.86474609375 0.48046875 0.87890625 0.4931640625 0.88330078125 0.5029296875 0.88330078125 0.5087890625 0.88134765625 0.5126953125 0.41552734375 0.5048828125 0.38916015625 0.50390625 0.40625 0.48828125 0.43359375 0.462890625 0.4501953125 0.458984375 0.4501953125 0.458984375 0.47509765625 0.423828125 0.56298828125 0.4208984375 0.587890625 0.4208984375 0.6328125 0.419921875 0.6630859375 0.4169921875
3 0.0 0.39453125 0.1142578125 0.3974609375 0.11474609375 0.568359375 0.11083984375 0.568359375 0.109375 0.5458984375 0.0 0.544921875
3 0.27978515625 0.365234375 0.28515625 0.365234375 0.30224609375 0.3623046875 0.30126953125 0.4267578125 0.29296875 0.42578125 0.279296875 0.4248046875 0.27880859375 0.4169921875 0.28076171875 0.4169921875
3 0.4267578125 0.3486328125 0.43505859375 0.3486328125 0.44384765625 0.3505859375 0.4521484375 0.3525390625 0.45263671875 0.3525390625 0.453125 0.37109375 0.45263671875 0.404296875 0.45703125 0.408203125 0.45703125 0.416015625 0.451171875 0.4404296875 0.44091796875 0.4404296875 0.44091796875 0.43359375 0.4404296875 0.43359375 0.4404296875 0.423828125 0.4423828125 0.4150390625 0.42236328125 0.412109375 0.42333984375 0.3935546875 0.4267578125 0.37109375
3 0.1171875 0.5673828125 0.11865234375 0.5615234375 0.1201171875 0.5283203125 0.12353515625 0.4365234375 0.1259765625 0.4326171875 0.126953125 0.40625 0.12548828125 0.4013671875 0.1259765625 0.3974609375 0.14208984375 0.4052734375 0.17431640625 0.423828125 0.17333984375 0.4267578125 0.17138671875 0.486328125 0.1669921875 0.5869140625 0.17041015625 0.595703125 0.17041015625 0.5966796875 0.162109375 0.59765625 0.15625 0.59765625 0.158203125 0.59375 0.16015625 0.5859375 0.16064453125 0.5751953125 0.12646484375 0.552734375 0.12646484375 0.5634765625 0.126953125 0.5693359375
3 0.748046875 0.3095703125 0.708984375 0.3447265625 0.70849609375 0.34765625 0.70849609375 0.3505859375 0.70947265625 0.3544921875 0.70947265625 0.384765625 0.70947265625 0.3876953125 0.71044921875 0.3876953125 0.71044921875 0.3837890625 0.720703125 0.376953125 0.720703125 0.3916015625 0.72216796875 0.3916015625 0.72216796875 0.3818359375 0.7880859375 0.330078125 0.7880859375 0.3173828125 0.74853515625 0.3212890625
3 0.55517578125 0.3525390625 0.56689453125 0.3525390625 0.60888671875 0.353515625 0.65966796875 0.353515625 0.6650390625 0.3544921875 0.6630859375 0.421875 0.64794921875 0.416015625 0.607421875 0.404296875 0.59375 0.4013671875 0.58203125 0.3994140625 0.56298828125 0.396484375 0.5556640625 0.396484375
