0 0.0 0.41796875 0.47900390625 0.3984375 0.99951171875 0.3486328125 0.99951171875 0.9990234375 0.0 0.9990234375
2 0.99951171875 0.0 0.94873046875 0.0 0.94873046875 0.0205078125 0.9482421875 0.0244140625 0.94287109375 0.0244140625 0.93896484375 0.0283203125 0.9384765625 0.033203125 0.9384765625 0.0517578125 0.93310546875 0.0517578125 0.91650390625 0.0517578125 0.91650390625 0.0478515625 0.92041015625 0.0478515625 0.92041015625 0.0419921875 0.91650390625 0.0419921875 0.91650390625 0.0244140625 0.9140625 0.0244140625 0.9140625 0.0517578125 0.83203125 0.0517578125 0.83154296875 0.044921875 0.83056640625 0.0439453125 0.83056640625 0.037109375 0.828125 0.0322265625 0.82177734375 0.033203125 0.818359375 0.0439453125 0.818359375 0.052734375 0.78759765625 0.052734375 0.7763671875 0.08203125 0.77099609375 0.0380859375 0.76904296875 0.0234375 0.76904296875 0.017578125 0.7705078125 0.01171875 0.7705078125 0.0 0.7626953125 0.0 0.7626953125 0.0166015625 0.76416015625 0.021484375 0.7626953125 0.0380859375 0.7587890625 0.08203125 0.75390625 0.0908203125 0.75048828125 0.0849609375 0.75 0.0 0.64794921875 0.0 0.6474609375 0.0126953125 0.63525390625 0.044921875 0.634765625 0.0244140625 0.62158203125 0.02734375 0.61279296875 0.0341796875 0.61279296875 0.0478515625 0.609375 0.0478515625 0.60693359375 0.0439453125 0.60302734375 0.0498046875 0.60107421875 0.0498046875 0.60107421875 0.041015625 0.60302734375 0.0400390625 0.60302734375 0.0341796875 0.60205078125 0.0341796875 0.6005859375 0.0341796875 0.6005859375 0.025390625 0.59765625 0.02734375 0.59814453125 0.0537109375 0.5947265625 0.0546875 0.5703125 0.0517578125 0.5654296875 0.048828125 0.5615234375 0.0498046875 0.5576171875 0.052734375 0.5556640625 0.0615234375 0.5556640625 0.08203125 0.53125 0.0791015625 0.51220703125 0.1591796875 0.37841796875 0.177734375 0.37109375 0.177734375 0.36865234375 0.1689453125 0.37060546875 0.1630859375 0.33837890625 0.1181640625 0.33203125 0.109375 0.328125 0.1064453125 0.32763671875 0.1025390625 0.32861328125 0.0947265625 0.318359375 0.09375 0.31591796875 0.09765625 0.3173828125 0.1015625 0.3173828125 0.10546875 0.24462890625 0.0947265625 0.19091796875 0.0458984375 0.16845703125 0.0439453125 0.16455078125 0.0419921875 0.16455078125 0.033203125 0.0 0.0 0.0 0.48828125 0.240234375 0.4677734375 0.54248046875 0.43359375 0.60009765625 0.4423828125 0.60302734375 0.4453125 0.7021484375 0.4375 0.78857421875 0.4296875 0.8486328125 0.431640625 0.962890625 0.4072265625 0.99951171875 0.38671875
3 0.6865234375 0.392578125 0.68701171875 0.4150390625 0.68408203125 0.431640625 0.66796875 0.435546875 0.626953125 0.4462890625 0.59619140625 0.4501953125 0.57177734375 0.4501953125 0.5341796875 0.4482421875 0.47998046875 0.44140625 0.47900390625 0.3984375 0.48193359375 0.3974609375 0.5224609375 0.3935546875 0.681640625 0.392578125
5 0.509765625 0.4208984375 0.51611328125 0.4140625 0.52880859375 0.41015625 0.53955078125 0.4130859375 0.54443359375 0.4150390625 0.5478515625 0.4208984375 0.5478515625 0.4296875 0.5478515625 0.4375 0.54443359375 0.44140625 0.5390625 0.4501953125 0.513671875 0.447265625
5 0.4892578125 0.4208984375 0.50146484375 0.4169921875 0.5146484375 0.41796875 0.51708984375 0.421875 0.52197265625 0.435546875 0.52099609375 0.44140625 0.5146484375 0.4453125 0.498046875 0.4384765625
5 0.41357421875 0.4169921875 0.41650390625 0.4169921875 0.42626953125 0.396484375 0.43408203125 0.388671875 0.47998046875 0.3837890625 0.48193359375 0.388671875 0.4853515625 0.4248046875 0.45947265625 0.44140625 0.41357421875 0.421875
5 0.4638671875 0.4306640625 0.4775390625 0.41796875 0.490234375 0.4169921875 0.49169921875 0.4140625 0.5 0.4140625 0.5068359375 0.4228515625 0.509765625 0.43359375 0.51025390625 0.4423828125 0.51025390625 0.455078125 0.49462890625 0.4580078125 0.46875 0.4599609375
1 0.99951171875 0.7158203125 0.951171875 0.6708984375 0.869140625 0.6015625 0.8564453125 0.58984375 0.83837890625 0.568359375 0.83056640625 0.5654296875 0.818359375 0.5498046875 0.80908203125 0.533203125 0.8046875 0.513671875 0.8056640625 0.5 0.80712890625 0.4921875 0.80810546875 0.48828125 0.81103515625 0.4833984375 0.8203125 0.4755859375 0.8359375 0.4658203125 0.8544921875 0.4580078125 0.87353515625 0.4521484375 0.90234375 0.4453125 0.93310546875 0.439453125 0.93505859375 0.42578125 0.94482421875 0.41796875 0.94677734375 0.431640625 0.9404296875 0.4462890625 0.99951171875 0.4755859375
1 0.0 0.568359375 0.16259765625 0.541015625 0.27197265625 0.5234375 0.33154296875 0.515625 0.44287109375 0.4990234375 0.49609375 0.4921875 0.58984375 0.4794921875 0.658203125 0.4619140625 0.697265625 0.4521484375 0.70068359375 0.4375 0.365234375 0.470703125 0.23583984375 0.4921875 0.0 0.5166015625
5 0.4345703125 0.4228515625 0.44287109375 0.4189453125 0.4658203125 0.4189453125 0.4697265625 0.42578125 0.47119140625 0.4306640625 0.47314453125 0.431640625 0.47265625 0.4375 0.47412109375 0.4482421875 0.47314453125 0.4580078125 0.46923828125 0.4599609375 0.466796875 0.4619140625 0.46484375 0.4658203125 0.45849609375 0.4658203125 0.45703125 0.4638671875 0.43798828125 0.4658203125 0.431640625 0.4560546875
4 0.99951171875 0.4375 0.97998046875 0.4375 0.97509765625 0.42578125 0.9697265625 0.4208984375 0.966796875 0.4091796875 0.970703125 0.396484375 0.96875 0.38671875 0.970703125 0.376953125 0.96875 0.3740234375 0.96875 0.365234375 0.970703125 0.359375 0.96923828125 0.34375 0.97509765625 0.3427734375 0.98291015625 0.3349609375 0.986328125 0.3310546875 0.99560546875 0.328125 0.99951171875 0.3271484375
4 0.99951171875 0.0 0.99951171875 0.306640625 0.998046875 0.3046875 0.99609375 0.3076171875 0.99609375 0.3193359375 0.9873046875 0.32421875 0.98291015625 0.3310546875 0.97802734375 0.33203125 0.97607421875 0.3349609375 0.97509765625 0.3388671875 0.97119140625 0.3359375 0.96875 0.3388671875 0.96337890625 0.3388671875 0.95947265625 0.3388671875 0.95947265625 0.3271484375 0.96923828125 0.306640625 0.9677734375 0.2939453125 0.96875 0.291015625 0.96875 0.263671875 0.96240234375 0.177734375 0.95458984375 0.16796875 0.94921875 0.154296875 0.9453125 0.1484375 0.9423828125 0.1357421875 0.94189453125 0.1259765625 0.94482421875 0.1142578125 0.94921875 0.11328125 0.94873046875 0.09765625 0.95849609375 0.0927734375 0.97509765625 0.0830078125 0.97607421875 0.0654296875 0.97900390625 0.064453125 0.9736328125 0.052734375 0.97705078125 0.0380859375 0.97998046875 0.0361328125 0.97998046875 0.0341796875 0.9755859375 0.03125 0.97314453125 0.025390625 0.97412109375 0.0
4 0.20703125 0.0 0.2158203125 0.015625 0.21875 0.0244140625 0.2158203125 0.03125 0.2197265625 0.0380859375 0.21923828125 0.0458984375 0.22412109375 0.06640625 0.23095703125 0.0751953125 0.23388671875 0.0810546875 0.23828125 0.07421875 0.24658203125 0.0791015625 0.25244140625 0.0908203125 0.2568359375 0.0859375 0.26171875 0.0791015625 0.2666015625 0.0830078125 0.27392578125 0.0927734375 0.27685546875 0.1015625 0.2763671875 0.1103515625 0.2802734375 0.1259765625 0.2802734375 0.146484375 0.287109375 0.16015625 0.2861328125 0.1728515625 0.28076171875 0.1796875 0.27197265625 0.177734375 0.2626953125 0.1650390625 0.2578125 0.1767578125 0.259765625 0.185546875 0.25830078125 0.1923828125 0.259765625 0.2041015625 0.26220703125 0.208984375 0.2607421875 0.220703125 0.2626953125 0.232421875 0.26416015625 0.2490234375 0.26171875 0.25390625 0.26171875 0.263671875 0.251953125 0.2626953125 0.2431640625 0.25390625 0.23193359375 0.2490234375 0.2314453125 0.2509765625 0.22900390625 0.2509765625 0.2255859375 0.2451171875 0.22119140625 0.2470703125 0.2158203125 0.2490234375 0.2138671875 0.2431640625 0.20849609375 0.24609375 0.205078125 0.234375 0.20849609375 0.2216796875 0.20849609375 0.2138671875 0.2021484375 0.2099609375 0.19873046875 0.2119140625 0.19677734375 0.2158203125 0.193359375 0.2177734375 0.19091796875 0.21875 0.19091796875 0.2333984375 0.1962890625 0.2412109375 0.1982421875 0.23828125 0.20263671875 0.2412109375 0.20556640625 0.2470703125 0.20556640625 0.2548828125 0.205078125 0.2734375 0.203125 0.2744140625 0.20458984375 0.2841796875 0.20849609375 0.2880859375 0.205078125 0.2998046875 0.19677734375 0.3017578125 0.2001953125 0.3154296875 0.201171875 0.3193359375 0.20068359375 0.3330078125 0.20263671875 0.349609375 0.20458984375 0.35546875 0.20263671875 0.359375 0.19189453125 0.353515625 0.1826171875 0.34375 0.177734375 0.3515625 0.17822265625 0.357421875 0.17578125 0.365234375 0.169921875 0.3642578125 0.16796875 0.3447265625 0.1591796875 0.3349609375 0.158203125 0.3203125 0.15576171875 0.318359375 0.154296875 0.3115234375 0.1494140625 0.3125 0.1455078125 0.306640625 0.140625 0.2998046875 0.14111328125 0.3125 0.14306640625 0.3232421875 0.14111328125 0.3525390625 0.13720703125 0.35546875 0.13720703125 0.36328125 0.134765625 0.36328125 0.1337890625 0.35546875 0.12890625 0.3515625 0.12744140625 0.3486328125 0.1171875 0.3447265625 0.115234375 0.33984375 0.11279296875 0.3359375 0.1142578125 0.35546875 0.1142578125 0.361328125 0.109375 0.3642578125 0.10595703125 0.36328125 0.10205078125 0.3486328125 0.0986328125 0.3486328125 0.095703125 0.35546875 0.0908203125 0.359375 0.08642578125 0.353515625 0.0859375 0.345703125 0.07568359375 0.3603515625 0.07373046875 0.365234375 0.07373046875 0.373046875 0.07421875 0.3818359375 0.0751953125 0.3935546875 0.07763671875 0.4052734375 0.07763671875 0.4140625 0.0771484375 0.41796875 0.07763671875 0.44140625 0.078125 0.4541015625 0.05908203125 0.462890625 0.06396484375 0.4541015625 0.06494140625 0.435546875 0.06298828125 0.4072265625 0.05810546875 0.400390625 0.0595703125 0.3935546875 0.0576171875 0.388671875 0.056640625 0.3662109375 0.046875 0.36328125 0.04345703125 0.353515625 0.04150390625 0.34375 0.03662109375 0.34375 0.0361328125 0.3427734375 0.03271484375 0.33984375 0.02734375 0.3369140625 0.02685546875 0.3291015625 0.03076171875 0.3203125 0.0361328125 0.314453125 0.04296875 0.314453125 0.04541015625 0.2998046875 0.04443359375 0.2861328125 0.03466796875 0.2841796875 0.02685546875 0.283203125 0.0263671875 0.275390625 0.033203125 0.2734375 0.0302734375 0.2626953125 0.02392578125 0.263671875 0.0205078125 0.2548828125 0.02197265625 0.2451171875 0.0244140625 0.2412109375 0.0205078125 0.2294921875 0.0244140625 0.22265625 0.0263671875 0.220703125 0.02099609375 0.216796875 0.0087890625 0.2177734375 0.0087890625 0.2255859375 0.00537109375 0.228515625 0.00439453125 0.2431640625 0.00341796875 0.2421875 0.00341796875 0.2607421875 0.0078125 0.265625 0.0107421875 0.275390625 0.0107421875 0.2900390625 0.00390625 0.3017578125 0.0 0.3017578125 0.0 0.0
5 0.3876953125 0.4306640625 0.3955078125 0.4169921875 0.43701171875 0.4150390625 0.43994140625 0.4306640625 0.44091796875 0.431640625 0.4423828125 0.4423828125 0.443359375 0.4482421875 0.44287109375 0.4580078125 0.4384765625 0.4599609375 0.43603515625 0.4638671875 0.4345703125 0.46875 0.4306640625 0.470703125 0.42626953125 0.46875 0.4248046875 0.466796875 0.421875 0.4677734375 0.404296875 0.4677734375
5 0.38037109375 0.427734375 0.40185546875 0.4267578125 0.4033203125 0.431640625 0.4052734375 0.4375 0.4072265625 0.443359375 0.40625 0.4658203125 0.4033203125 0.4716796875 0.380859375 0.4716796875 0.37548828125 0.4384765625
4 0.59765625 0.435546875 0.60400390625 0.421875 0.6103515625 0.4052734375 0.6162109375 0.396484375 0.61279296875 0.3896484375 0.61328125 0.369140625 0.611328125 0.353515625 0.61328125 0.3515625 0.6123046875 0.3232421875 0.60791015625 0.30859375 0.60205078125 0.3017578125 0.60009765625 0.2919921875 0.5947265625 0.2861328125 0.58984375 0.2841796875 0.58984375 0.279296875 0.5908203125 0.2705078125 0.5888671875 0.26171875 0.58154296875 0.2587890625 0.57763671875 0.265625 0.5732421875 0.2607421875 0.56005859375 0.2587890625 0.55517578125 0.2578125 0.55322265625 0.24609375 0.54052734375 0.23046875 0.53662109375 0.2255859375 0.5361328125 0.2158203125 0.53125 0.212890625 0.52880859375 0.2021484375 0.52587890625 0.201171875 0.52099609375 0.2099609375 0.5166015625 0.212890625 0.51416015625 0.2119140625 0.51220703125 0.2001953125 0.51806640625 0.1982421875 0.52197265625 0.1884765625 0.51904296875 0.1650390625 0.5185546875 0.1572265625 0.513671875 0.15625 0.50634765625 0.16015625 0.49853515625 0.171875 0.49658203125 0.1640625 0.494140625 0.1611328125 0.49169921875 0.1552734375 0.4892578125 0.15234375 0.49169921875 0.14453125 0.48828125 0.1435546875 0.484375 0.146484375 0.4814453125 0.1435546875 0.4775390625 0.142578125 0.46875 0.1484375 0.470703125 0.15234375 0.466796875 0.1572265625 0.4638671875 0.1650390625 0.4609375 0.1640625 0.458984375 0.16015625 0.45751953125 0.1513671875 0.455078125 0.15234375 0.455078125 0.1591796875 0.4501953125 0.154296875 0.4462890625 0.1435546875 0.4404296875 0.142578125 0.43603515625 0.140625 0.4384765625 0.130859375 0.4365234375 0.126953125 0.43212890625 0.1279296875 0.431640625 0.1357421875 0.4248046875 0.1357421875 0.41650390625 0.13671875 0.41162109375 0.142578125 0.40625 0.140625 0.40380859375 0.142578125 0.40234375 0.1474609375 0.39990234375 0.15234375 0.40087890625 0.1630859375 0.39599609375 0.1572265625 0.3916015625 0.16015625 0.38916015625 0.16796875 0.38330078125 0.1650390625 0.37451171875 0.1728515625 0.37255859375 0.177734375 0.369140625 0.181640625 0.36962890625 0.197265625 0.3662109375 0.197265625 0.361328125 0.2021484375 0.36279296875 0.2119140625 0.361328125 0.2138671875 0.35400390625 0.2177734375 0.35107421875 0.220703125 0.35302734375 0.232421875 0.34619140625 0.236328125 0.34619140625 0.2412109375 0.35107421875 0.2578125 0.35498046875 0.2607421875 0.35400390625 0.2822265625 0.3544921875 0.287109375 0.3525390625 0.294921875 0.3525390625 0.2998046875 0.35595703125 0.3046875 0.3525390625 0.3125 0.34912109375 0.310546875 0.33984375 0.310546875 0.33837890625 0.3251953125 0.33642578125 0.33203125 0.33642578125 0.345703125 0.33642578125 0.35546875 0.34033203125 0.357421875 0.3408203125 0.3642578125 0.34619140625 0.3662109375 0.3486328125 0.3642578125 0.3525390625 0.3662109375 0.3505859375 0.3720703125 0.35205078125 0.3798828125 0.3544921875 0.38671875 0.3583984375 0.38671875 0.36083984375 0.3779296875 0.36279296875 0.3701171875 0.36328125 0.365234375 0.3681640625 0.365234375 0.37060546875 0.369140625 0.375 0.365234375 0.37646484375 0.4140625 0.37890625 0.41015625 0.37744140625 0.36328125 0.37890625 0.361328125 0.380859375 0.361328125 0.380859375 0.3935546875 0.3837890625 0.3935546875 0.3837890625 0.39453125 0.3876953125 0.39453125 0.3857421875 0.38671875 0.3857421875 0.384765625 0.38916015625 0.3798828125 0.39208984375 0.3798828125 0.3955078125 0.3857421875 0.3974609375 0.3837890625 0.40771484375 0.3837890625 0.40771484375 0.400390625 0.40966796875 0.400390625 0.4111328125 0.3984375 0.427734375 0.3984375 0.42822265625 0.40234375 0.427734375 0.4052734375 0.427734375 0.41796875 0.4306640625 0.41796875 0.4306640625 0.4013671875 0.43017578125 0.392578125 0.43017578125 0.3837890625 0.43310546875 0.3740234375 0.43505859375 0.3935546875 0.4384765625 0.3896484375 0.4404296875 0.380859375 0.43896484375 0.3681640625 0.44091796875 0.361328125 0.44921875 0.36328125 0.455078125 0.3681640625 0.46044921875 0.3701171875 0.4638671875 0.3662109375 0.46533203125 0.3642578125 0.46923828125 0.3662109375 0.4736328125 0.3701171875 0.47802734375 0.3681640625 0.48095703125 0.3759765625 0.4814453125 0.380859375 0.47998046875 0.388671875 0.4814453125 0.390625 0.48388671875 0.384765625 0.48779296875 0.3701171875 0.48974609375 0.3662109375 0.49609375 0.3662109375 0.49951171875 0.3681640625 0.50244140625 0.3720703125 0.50830078125 0.3720703125 0.509765625 0.365234375 0.5126953125 0.3662109375 0.5126953125 0.373046875 0.513671875 0.3818359375 0.5185546875 0.384765625 0.5205078125 0.396484375 0.52685546875 0.400390625 0.533203125 0.4111328125 0.54150390625 0.4189453125 0.54736328125 0.4306640625 0.546875 0.4375 0.5537109375 0.451171875 0.5615234375 0.4521484375 0.56298828125 0.455078125 0.57421875 0.455078125 0.5751953125 0.4501953125 0.58837890625 0.4453125
5 0.0 0.43359375 0.01220703125 0.431640625 0.02294921875 0.43359375 0.02490234375 0.439453125 0.0283203125 0.4658203125 0.0 0.462890625
5 0.06494140625 0.4501953125 0.0517578125 0.458984375 0.03662109375 0.4716796875 0.033203125 0.4912109375 0.0712890625 0.4755859375 0.068359375 0.4560546875
5 0.0 0.4453125 0.0 0.513671875 0.00341796875 0.513671875 0.00390625 0.517578125 0.01025390625 0.517578125 0.04248046875 0.482421875 0.04248046875 0.470703125 0.03515625 0.466796875 0.01806640625 0.451171875 0.0107421875 0.4462890625
4 0.625 0.4482421875 0.6416015625 0.447265625 0.65234375 0.443359375 0.66796875 0.443359375 0.67626953125 0.443359375 0.6865234375 0.439453125 0.68896484375 0.4384765625 0.6982421875 0.4375 0.6953125 0.43359375 0.693359375 0.427734375 0.693359375 0.41796875 0.6826171875 0.41796875 0.67626953125 0.431640625 0.67236328125 0.42578125 0.66796875 0.4248046875 0.66455078125 0.4306640625 0.66357421875 0.431640625 0.66162109375 0.427734375 0.6611328125 0.4150390625 0.6591796875 0.4130859375 0.64990234375 0.4140625 0.64599609375 0.41796875 0.64697265625 0.43359375 0.6455078125 0.43359375 0.6435546875 0.4296875 0.64111328125 0.42578125 0.63720703125 0.4130859375 0.63330078125 0.4052734375 0.62841796875 0.4091796875 0.625 0.4228515625 0.625 0.43359375 0.623046875 0.4384765625
4 0.66845703125 0.447265625 0.66845703125 0.384765625 0.6728515625 0.3798828125 0.673828125 0.3701171875 0.67578125 0.3603515625 0.6806640625 0.3447265625 0.68408203125 0.3349609375 0.6826171875 0.3310546875 0.68408203125 0.32421875 0.6806640625 0.32421875 0.68212890625 0.3125 0.68017578125 0.3076171875 0.681640625 0.294921875 0.67578125 0.2880859375 0.673828125 0.2900390625 0.67236328125 0.2841796875 0.671875 0.26171875 0.66552734375 0.2626953125 0.66015625 0.275390625 0.66259765625 0.291015625 0.6591796875 0.2880859375 0.65771484375 0.2919921875 0.65625 0.2998046875 0.6572265625 0.30859375 0.65771484375 0.314453125 0.654296875 0.3154296875 0.65185546875 0.310546875 0.6494140625 0.3076171875 0.6474609375 0.30859375 0.6474609375 0.3154296875 0.64990234375 0.3193359375 0.65185546875 0.3291015625 0.65380859375 0.3349609375 0.65087890625 0.3369140625 0.6513671875 0.3486328125 0.65234375 0.35546875 0.65625 0.361328125 0.6552734375 0.369140625 0.6572265625 0.3759765625 0.6611328125 0.384765625 0.66357421875 0.388671875 0.666015625 0.38671875 0.666015625 0.4482421875
4 0.68896484375 0.400390625 0.693359375 0.396484375 0.7001953125 0.3837890625 0.701171875 0.3779296875 0.7001953125 0.3701171875 0.697265625 0.3662109375 0.693359375 0.357421875 0.6923828125 0.3447265625 0.693359375 0.3349609375 0.6982421875 0.3291015625 0.70458984375 0.3349609375 0.70654296875 0.3330078125 0.70263671875 0.328125 0.703125 0.3203125 0.70361328125 0.3154296875 0.7001953125 0.314453125 0.69921875 0.3046875 0.70263671875 0.2978515625 0.70263671875 0.2919921875 0.70068359375 0.287109375 0.70068359375 0.279296875 0.70458984375 0.2744140625 0.708984375 0.2744140625 0.7158203125 0.287109375 0.71533203125 0.2958984375 0.716796875 0.3037109375 0.7177734375 0.3076171875 0.720703125 0.310546875 0.72265625 0.30859375 0.72265625 0.3037109375 0.72412109375 0.3017578125 0.72900390625 0.302734375 0.73193359375 0.30859375 0.7333984375 0.3154296875 0.7353515625 0.3232421875 0.73583984375 0.3330078125 0.7353515625 0.3427734375 0.7373046875 0.34765625 0.7373046875 0.361328125 0.7353515625 0.365234375 0.73193359375 0.365234375 0.72998046875 0.369140625 0.72998046875 0.3779296875 0.7294921875 0.390625 0.70458984375 0.4150390625 0.6904296875 0.41796875
5 0.744140625 0.3857421875 0.7216796875 0.38671875 0.71484375 0.38671875 0.70654296875 0.392578125 0.70458984375 0.3935546875 0.70458984375 0.3974609375 0.7021484375 0.4150390625 0.6982421875 0.421875 0.6962890625 0.43359375 0.6953125 0.4423828125 0.6953125 0.4638671875 0.69677734375 0.4716796875 0.69921875 0.474609375 0.705078125 0.47265625 0.70556640625 0.4638671875 0.71142578125 0.4638671875 0.71337890625 0.4619140625 0.7138671875 0.470703125 0.7158203125 0.4716796875 0.72119140625 0.4716796875 0.7216796875 0.46875 0.7216796875 0.462890625 0.7294921875 0.462890625 0.7314453125 0.4638671875 0.736328125 0.462890625 0.740234375 0.4638671875 0.7421875 0.4638671875 0.7421875 0.470703125 0.744140625 0.4716796875 0.75 0.4716796875 0.75146484375 0.46875 0.751953125 0.4619140625 0.75634765625 0.4619140625 0.7568359375 0.4658203125 0.75830078125 0.466796875 0.76416015625 0.466796875 0.765625 0.4638671875 0.7666015625 0.4541015625 0.7666015625 0.439453125 0.765625 0.4306640625 0.765625 0.4208984375 0.7646484375 0.41796875 0.7646484375 0.4130859375 0.7626953125 0.4072265625 0.7587890625 0.4091796875 0.75830078125 0.4111328125 0.755859375 0.40234375 0.75390625 0.396484375 0.75 0.3896484375
5 0.81201171875 0.3935546875 0.806640625 0.3837890625 0.78662109375 0.3837890625 0.77685546875 0.384765625 0.77294921875 0.3857421875 0.7705078125 0.390625 0.76611328125 0.41015625 0.76416015625 0.4189453125 0.763671875 0.431640625 0.765625 0.4541015625 0.76708984375 0.455078125 0.7724609375 0.455078125 0.77294921875 0.447265625 0.7822265625 0.4462890625 0.7822265625 0.4541015625 0.7841796875 0.455078125 0.78857421875 0.455078125 0.7890625 0.447265625 0.79248046875 0.4462890625
5 0.9716796875 0.380859375 0.96044921875 0.384765625 0.955078125 0.3896484375 0.95361328125 0.3935546875 0.9482421875 0.3984375 0.947265625 0.4208984375 0.953125 0.4208984375 0.95458984375 0.41796875 0.96240234375 0.41796875 0.9638671875 0.4208984375 0.96728515625 0.4208984375 0.9677734375 0.4140625 0.96728515625 0.4072265625 0.97119140625 0.3984375 0.97265625 0.3974609375 0.97119140625 0.392578125 0.97119140625 0.38671875
5 0.9326171875 0.3857421875 0.9443359375 0.3857421875 0.94873046875 0.390625 0.951171875 0.400390625 0.9521484375 0.41015625 0.951171875 0.4140625 0.95068359375 0.4150390625 0.95068359375 0.4189453125 0.94921875 0.421875 0.9453125 0.4228515625 0.9443359375 0.4208984375 0.93310546875 0.4208984375
5 0.9267578125 0.3779296875 0.92041015625 0.373046875 0.89697265625 0.3740234375 0.8896484375 0.3740234375 0.88525390625 0.3798828125 0.9052734375 0.443359375 0.93505859375 0.44140625
5 0.85498046875 0.38671875 0.8623046875 0.3818359375 0.8662109375 0.3798828125 0.87744140625 0.3779296875 0.890625 0.3779296875 0.89794921875 0.390625 0.90185546875 0.4013671875 0.904296875 0.400390625 0.9052734375 0.4013671875 0.9052734375 0.40625 0.9052734375 0.41015625 0.908203125 0.4228515625 0.908203125 0.43359375 0.90771484375 0.443359375 0.90576171875 0.4453125 0.9013671875 0.4462890625 0.8916015625 0.4501953125 0.8876953125 0.4501953125 0.88525390625 0.451171875 0.88037109375 0.451171875
5 0.826171875 0.38671875 0.8359375 0.3837890625 0.8408203125 0.3818359375 0.84765625 0.3818359375 0.8583984375 0.3818359375 0.8642578125 0.384765625 0.86962890625 0.392578125 0.88037109375 0.4208984375 0.8828125 0.427734375 0.8828125 0.4501953125 0.880859375 0.451171875 0.876953125 0.4521484375 0.87158203125 0.4541015625 0.865234375 0.455078125 0.8642578125 0.4560546875 0.86083984375 0.4580078125 0.85791015625 0.4580078125
3 0.93408203125 0.3974609375 0.947265625 0.400390625 0.9501953125 0.40625 0.9501953125 0.4248046875 0.947265625 0.4306640625 0.9365234375 0.4306640625 0.9345703125 0.4306640625 0.9326171875 0.41015625
5 0.81591796875 0.384765625 0.8017578125 0.388671875 0.79931640625 0.3935546875 0.79638671875 0.40234375 0.79150390625 0.4169921875 0.79052734375 0.4296875 0.78955078125 0.4375 0.78955078125 0.447265625 0.79052734375 0.462890625 0.791015625 0.4677734375 0.79248046875 0.470703125 0.7978515625 0.470703125 0.79931640625 0.46875 0.7998046875 0.4599609375 0.7998046875 0.4560546875 0.8095703125 0.4580078125 0.81005859375 0.4677734375 0.81494140625 0.46875 0.8173828125 0.466796875 0.81787109375 0.458984375 0.828125 0.458984375 0.82861328125 0.4638671875 0.83056640625 0.4677734375 0.833984375 0.466796875 0.84033203125 0.4658203125 0.8427734375 0.462890625 0.8427734375 0.4599609375 0.8544921875 0.4580078125 0.85595703125 0.458984375 0.859375 0.4580078125 0.8603515625 0.4384765625 0.85888671875 0.4267578125 0.85498046875 0.4130859375 0.85205078125 0.4052734375 0.84375 0.3896484375 0.83837890625 0.38671875 0.828125 0.384765625
3 0.99951171875 0.4453125 0.99951171875 0.4951171875 0.95849609375 0.47265625 0.9462890625 0.4658203125 0.943359375 0.4580078125 0.94287109375 0.4501953125 0.94287109375 0.4306640625 0.94287109375 0.4267578125 0.94677734375 0.427734375 0.94921875 0.4267578125 0.953125 0.421875 0.95947265625 0.4208984375 0.96728515625 0.4208984375 0.96728515625 0.4375
5 0.25146484375 0.44140625 0.25634765625 0.435546875 0.2666015625 0.4267578125 0.2802734375 0.4228515625 0.29736328125 0.4248046875 0.30908203125 0.4296875 0.3046875 0.44140625 0.2607421875 0.4482421875
5 0.28955078125 0.43359375 0.29296875 0.4267578125 0.3046875 0.4169921875 0.30810546875 0.4150390625 0.33447265625 0.4140625 0.37841796875 0.4130859375 0.3857421875 0.4130859375 0.3876953125 0.4169921875 0.38720703125 0.42578125 0.37744140625 0.455078125 0.36279296875 0.46875 0.33203125 0.470703125 0.3193359375 0.474609375 0.31396484375 0.474609375
5 0.25537109375 0.4501953125 0.26708984375 0.4375 0.2744140625 0.431640625 0.2841796875 0.4296875 0.30712890625 0.4306640625 0.31005859375 0.43359375 0.3134765625 0.4423828125 0.3154296875 0.4482421875 0.31591796875 0.4560546875 0.31787109375 0.4619140625 0.31787109375 0.46875 0.31689453125 0.474609375 0.31396484375 0.4765625 0.30810546875 0.474609375 0.29443359375 0.482421875 0.26416015625 0.4794921875
5 0.21923828125 0.4462890625 0.2255859375 0.4375 0.25634765625 0.435546875 0.27197265625 0.4482421875 0.283203125 0.4501953125 0.28955078125 0.4560546875 0.294921875 0.4619140625 0.29638671875 0.4677734375 0.29638671875 0.47265625 0.29345703125 0.4794921875 0.279296875 0.4833984375 0.25830078125 0.4833984375 0.24365234375 0.4716796875
5 0.18994140625 0.4482421875 0.197265625 0.4384765625 0.2294921875 0.4375 0.2412109375 0.4462890625 0.25341796875 0.4501953125 0.25390625 0.46875 0.25244140625 0.478515625 0.2392578125 0.484375 0.23974609375 0.4912109375 0.23779296875 0.4970703125 0.22607421875 0.4970703125 0.22509765625 0.4951171875 0.22314453125 0.4951171875 0.2138671875 0.49609375 0.2138671875 0.4951171875 0.197265625 0.4951171875 0.1962890625 0.4990234375 0.193359375 0.5009765625 0.1904296875 0.5029296875 0.18603515625 0.5009765625 0.1826171875 0.4873046875
5 0.15771484375 0.4306640625 0.166015625 0.431640625 0.193359375 0.4345703125 0.2021484375 0.4482421875 0.20556640625 0.4677734375 0.20849609375 0.482421875 0.20703125 0.486328125 0.20263671875 0.4873046875 0.20068359375 0.4873046875 0.1982421875 0.4931640625 0.1962890625 0.4970703125 0.19287109375 0.5029296875 0.1884765625 0.50390625 0.1865234375 0.5029296875 0.18408203125 0.5048828125 0.1796875 0.5048828125
3 0.52001953125 0.4501953125 0.4609375 0.455078125 0.408203125 0.4619140625 0.3857421875 0.4638671875 0.34375 0.4716796875 0.3232421875 0.47265625 0.30908203125 0.474609375 0.28857421875 0.4755859375 0.26611328125 0.4794921875 0.25 0.48046875 0.24462890625 0.4833984375 0.2138671875 0.486328125 0.17578125 0.4892578125 0.1806640625 0.5048828125 0.240234375 0.4970703125 0.455078125 0.46875 0.498046875 0.462890625 0.5205078125 0.4619140625
4 0.2412109375 0.5 0.3056640625 0.4892578125 0.33203125 0.48828125 0.33984375 0.4892578125 0.376953125 0.486328125 0.39404296875 0.482421875 0.39599609375 0.48046875 0.408203125 0.4794921875 0.41015625 0.474609375 0.40576171875 0.4677734375 0.40234375 0.4619140625 0.3994140625 0.455078125 0.39208984375 0.4521484375 0.36865234375 0.451171875 0.3671875 0.455078125 0.3583984375 0.455078125 0.3544921875 0.4619140625 0.3525390625 0.4638671875 0.34765625 0.4599609375 0.3466796875 0.447265625 0.34375 0.4453125 0.3427734375 0.435546875 0.3388671875 0.4375 0.3388671875 0.44140625 0.33642578125 0.439453125 0.33447265625 0.4375 0.33251953125 0.439453125 0.33203125 0.4423828125 0.33154296875 0.4521484375 0.33154296875 0.4765625 0.3212890625 0.474609375 0.31396484375 0.474609375 0.31298828125 0.470703125 0.3095703125 0.466796875 0.2998046875 0.466796875 0.29638671875 0.4716796875 0.29541015625 0.4765625 0.29443359375 0.4765625 0.29345703125 0.4677734375 0.291015625 0.4638671875 0.28125 0.462890625 0.2763671875 0.4619140625 0.27099609375 0.4619140625 0.26904296875 0.455078125 0.26416015625 0.4560546875 0.26220703125 0.462890625 0.263671875 0.4658203125 0.25830078125 0.4658203125 0.25244140625 0.4599609375 0.248046875 0.4580078125 0.24658203125 0.455078125 0.24462890625 0.458984375 0.24609375 0.466796875 0.24755859375 0.474609375 0.24560546875 0.4794921875 0.2412109375 0.48046875 0.2373046875 0.4873046875 0.23828125 0.4931640625 0.2392578125 0.49609375
5 0.1337890625 0.4208984375 0.11083984375 0.42578125 0.09033203125 0.43359375 0.07861328125 0.4423828125 0.06494140625 0.455078125 0.0537109375 0.46875 0.041015625 0.4794921875 0.02734375 0.484375 0.01708984375 0.4912109375 0.009765625 0.4990234375 0.009765625 0.5029296875 0.005859375 0.51171875 0.00634765625 0.517578125 0.0068359375 0.5380859375 0.0087890625 0.5439453125 0.02099609375 0.5478515625 0.02197265625 0.5498046875 0.02587890625 0.548828125 0.02734375 0.548828125 0.0283203125 0.5537109375 0.0302734375 0.5576171875 0.037109375 0.55859375 0.04638671875 0.5576171875 0.06201171875 0.556640625 0.0673828125 0.5517578125 0.068359375 0.541015625 0.07421875 0.5380859375 0.07958984375 0.5380859375 0.08203125 0.541015625 0.09228515625 0.5400390625 0.0947265625 0.5361328125 0.10205078125 0.5361328125 0.10400390625 0.5361328125 0.109375 0.5361328125 0.1162109375 0.5341796875 0.125 0.5341796875 0.126953125 0.537109375 0.12890625 0.5439453125 0.1318359375 0.544921875 0.14501953125 0.5439453125 0.1474609375 0.541015625 0.14892578125 0.5400390625 0.15234375 0.5419921875 0.16259765625 0.541015625 0.16552734375 0.5361328125 0.16650390625 0.533203125 0.16943359375 0.525390625 0.169921875 0.51953125 0.171875 0.51953125 0.171875 0.515625 0.18017578125 0.513671875 0.1826171875 0.50390625 0.18017578125 0.474609375 0.1767578125 0.4560546875 0.16943359375 0.4375 0.162109375 0.4248046875 0.1533203125 0.4208984375
4 0.4912109375 0.4658203125 0.52685546875 0.462890625 0.5478515625 0.4599609375 0.54345703125 0.4462890625 0.54150390625 0.44140625 0.537109375 0.435546875 0.52392578125 0.435546875 0.51220703125 0.44140625 0.50830078125 0.4462890625 0.5078125 0.4482421875 0.50439453125 0.4462890625 0.50146484375 0.443359375 0.49658203125 0.443359375 0.494140625 0.4482421875 0.49169921875 0.455078125 0.48974609375 0.4599609375 0.4892578125 0.4638671875
