0 0.0 0.4248046875 0.3564453125 0.359375 0.58447265625 0.3154296875 0.99951171875 0.443359375 0.99951171875 0.9990234375 0.0 0.9990234375
1 0.5888671875 0.41015625 0.6416015625 0.435546875 0.71142578125 0.466796875 0.76171875 0.484375 0.78125 0.4892578125 0.82568359375 0.4921875 0.90185546875 0.4912109375 0.99951171875 0.48828125 0.99951171875 0.4345703125 0.8857421875 0.4091796875 0.6455078125 0.3603515625 0.58837890625 0.384765625 0.583984375 0.41015625
1 0.126953125 0.4912109375 0.18310546875 0.4833984375 0.24853515625 0.4765625 0.2841796875 0.47265625 0.28466796875 0.46875 0.2841796875 0.466796875 0.21875 0.4638671875 0.14599609375 0.4658203125 0.12646484375 0.4833984375
2 0.1005859375 0.439453125 0.13720703125 0.435546875 0.2236328125 0.431640625 0.32421875 0.4208984375 0.43798828125 0.4130859375 0.4384765625 0.2412109375 0.43505859375 0.1650390625 0.43896484375 0.16015625 0.4345703125 0.1513671875 0.4287109375 0.1337890625 0.42578125 0.1259765625 0.4228515625 0.107421875 0.41845703125 0.095703125 0.41552734375 0.099609375 0.41162109375 0.1142578125 0.4111328125 0.1240234375 0.408203125 0.1201171875 0.40771484375 0.1025390625 0.4091796875 0.099609375 0.4091796875 0.0849609375 0.4013671875 0.060546875 0.39794921875 0.0537109375 0.3974609375 0.0400390625 0.3955078125 0.0341796875 0.39111328125 0.0439453125 0.3896484375 0.0478515625 0.3876953125 0.0478515625 0.38720703125 0.0439453125 0.38671875 0.02734375 0.37939453125 0.02734375 0.37255859375 0.0087890625 0.36865234375 0.00390625 0.35888671875 0.00390625 0.35888671875 0.0 0.0 0.0 0.0 0.3935546875
5 0.1904296875 0.41015625 0.18310546875 0.4013671875 0.154296875 0.4013671875 0.14697265625 0.4052734375 0.1416015625 0.4140625 0.1328125 0.4150390625 0.12646484375 0.421875 0.12451171875 0.4296875 0.12451171875 0.4375 0.13037109375 0.4423828125 0.1376953125 0.447265625 0.16357421875 0.443359375 0.1787109375 0.4423828125 0.18212890625 0.443359375 0.1845703125 0.44140625 0.18603515625 0.4375 0.19287109375 0.431640625 0.19287109375 0.4208984375
2 0.99951171875 0.0 0.99951171875 0.447265625 0.97412109375 0.4501953125 0.9443359375 0.451171875 0.93408203125 0.451171875 0.89599609375 0.443359375 0.87890625 0.443359375 0.86474609375 0.447265625 0.72998046875 0.41796875 0.595703125 0.39453125 0.58984375 0.294921875 0.61669921875 0.1064453125 0.6162109375 0.033203125 0.62158203125 0.013671875 0.62158203125 0.0
5 0.20361328125 0.4111328125 0.2109375 0.4091796875 0.21484375 0.4052734375 0.2353515625 0.3984375 0.24951171875 0.400390625 0.25341796875 0.40234375 0.255859375 0.4130859375 0.25439453125 0.4345703125 0.23779296875 0.44140625 0.2109375 0.44140625 0.20263671875 0.44140625 0.20068359375 0.42578125 0.201171875 0.4140625
5 0.64111328125 0.3779296875 0.62353515625 0.396484375 0.62255859375 0.404296875 0.62353515625 0.4150390625 0.62890625 0.4169921875 0.6328125 0.41796875 0.64892578125 0.40234375 0.66455078125 0.3857421875 0.66162109375 0.373046875 0.64697265625 0.3759765625
5 0.64111328125 0.3896484375 0.63525390625 0.400390625 0.63525390625 0.4150390625 0.64208984375 0.41796875 0.65771484375 0.4228515625 0.6826171875 0.4248046875 0.6962890625 0.38671875 0.69677734375 0.380859375 0.6943359375 0.3662109375 0.68994140625 0.3642578125 0.67041015625 0.3662109375 0.658203125 0.373046875 0.64990234375 0.3740234375 0.6416015625 0.384765625
5 0.68603515625 0.3779296875 0.70458984375 0.376953125 0.71923828125 0.3798828125 0.7353515625 0.390625 0.75146484375 0.3984375 0.75634765625 0.41015625 0.7568359375 0.42578125 0.75146484375 0.427734375 0.74755859375 0.427734375 0.74365234375 0.4345703125 0.7373046875 0.4345703125 0.71875 0.4306640625 0.6953125 0.43359375 0.68798828125 0.43359375 0.67626953125 0.4267578125 0.6748046875 0.4228515625 0.6748046875 0.4091796875 0.6767578125 0.39453125 0.6787109375 0.392578125
4 0.0 0.0 0.19921875 0.0 0.20556640625 0.01171875 0.201171875 0.0205078125 0.1982421875 0.025390625 0.20458984375 0.0400390625 0.21728515625 0.0615234375 0.22412109375 0.078125 0.22900390625 0.095703125 0.22607421875 0.1064453125 0.23193359375 0.1064453125 0.23828125 0.1025390625 0.24609375 0.09765625 0.25 0.103515625 0.25146484375 0.115234375 0.2568359375 0.1201171875 0.2626953125 0.126953125 0.26806640625 0.126953125 0.27099609375 0.1357421875 0.27294921875 0.154296875 0.2763671875 0.16796875 0.28759765625 0.16796875 0.296875 0.1708984375 0.30078125 0.1796875 0.3046875 0.1845703125 0.31103515625 0.208984375 0.31298828125 0.205078125 0.31201171875 0.1923828125 0.318359375 0.1689453125 0.32177734375 0.1708984375 0.32373046875 0.1572265625 0.33056640625 0.15625 0.33349609375 0.150390625 0.33544921875 0.130859375 0.33642578125 0.1298828125 0.33837890625 0.1201171875 0.345703125 0.1181640625 0.34912109375 0.1181640625 0.34912109375 0.1064453125 0.35595703125 0.10546875 0.3603515625 0.1025390625 0.3681640625 0.103515625 0.376953125 0.109375 0.38037109375 0.1240234375 0.39111328125 0.146484375 0.39892578125 0.1630859375 0.40087890625 0.177734375 0.40771484375 0.1884765625 0.42626953125 0.2119140625 0.43408203125 0.228515625 0.4423828125 0.236328125 0.451171875 0.2568359375 0.45654296875 0.25390625 0.45703125 0.2490234375 0.4638671875 0.2421875 0.47265625 0.2412109375 0.48291015625 0.23828125 0.486328125 0.2412109375 0.4921875 0.232421875 0.501953125 0.2333984375 0.50634765625 0.2421875 0.51171875 0.25 0.5126953125 0.236328125 0.5224609375 0.2265625 0.53125 0.23046875 0.54052734375 0.232421875 0.54931640625 0.23828125 0.54931640625 0.2578125 0.5546875 0.25 0.55908203125 0.2412109375 0.5595703125 0.23828125 0.5634765625 0.228515625 0.5673828125 0.22265625 0.57373046875 0.2138671875 0.5771484375 0.2119140625 0.57861328125 0.2119140625 0.580078125 0.2001953125 0.58740234375 0.1923828125 0.58984375 0.1806640625 0.5908203125 0.1748046875 0.595703125 0.1650390625 0.59423828125 0.1591796875 0.5947265625 0.14453125 0.60009765625 0.1396484375 0.60302734375 0.126953125 0.6064453125 0.11328125 0.61328125 0.095703125 0.6171875 0.0927734375 0.6181640625 0.0791015625 0.62548828125 0.0654296875 0.6318359375 0.0537109375 0.63916015625 0.041015625 0.6455078125 0.0 0.83154296875 0.0 0.83837890625 0.025390625 0.83544921875 0.0361328125 0.828125 0.0478515625 0.8359375 0.044921875 0.84033203125 0.0478515625 0.84033203125 0.0546875 0.83837890625 0.064453125 0.82568359375 0.0732421875 0.826171875 0.0810546875 0.83203125 0.0810546875 0.841796875 0.0810546875 0.8447265625 0.0869140625 0.85595703125 0.0986328125 0.8544921875 0.1103515625 0.85693359375 0.123046875 0.8544921875 0.1259765625 0.85693359375 0.130859375 0.86474609375 0.1259765625 0.869140625 0.1279296875 0.869140625 0.15234375 0.86328125 0.16015625 0.865234375 0.1689453125 0.86474609375 0.1767578125 0.86083984375 0.181640625 0.869140625 0.1953125 0.87109375 0.193359375 0.87451171875 0.1982421875 0.875 0.21875 0.87158203125 0.232421875 0.86669921875 0.23828125 0.87060546875 0.2470703125 0.861328125 0.2578125 0.86279296875 0.263671875 0.87890625 0.2626953125 0.88916015625 0.26171875 0.88525390625 0.2841796875 0.87744140625 0.2919921875 0.8857421875 0.2978515625 0.884765625 0.306640625 0.8623046875 0.3232421875 0.85107421875 0.322265625 0.83154296875 0.322265625 0.828125 0.3154296875 0.80810546875 0.3271484375 0.80322265625 0.3251953125 0.7998046875 0.328125 0.79736328125 0.3203125 0.79443359375 0.3232421875 0.77880859375 0.3330078125 0.77197265625 0.3310546875 0.7685546875 0.3271484375 0.76806640625 0.349609375 0.76708984375 0.35546875 0.76904296875 0.3642578125 0.76708984375 0.3662109375 0.76708984375 0.3759765625 0.77099609375 0.3798828125 0.77099609375 0.3857421875 0.77001953125 0.390625 0.7685546875 0.390625 0.76708984375 0.390625 0.76806640625 0.447265625 0.7607421875 0.4482421875 0.7607421875 0.3310546875 0.75390625 0.322265625 0.740234375 0.3271484375 0.7294921875 0.3310546875 0.72802734375 0.34375 0.72900390625 0.357421875 0.72998046875 0.3681640625 0.72900390625 0.3701171875 0.73095703125 0.4384765625 0.72412109375 0.44140625 0.72265625 0.345703125 0.71923828125 0.3427734375 0.716796875 0.3369140625 0.70556640625 0.3408203125 0.7001953125 0.3369140625 0.69921875 0.345703125 0.70068359375 0.3662109375 0.7021484375 0.3740234375 0.70068359375 0.3779296875 0.70361328125 0.4267578125 0.69921875 0.4267578125 0.6953125 0.3310546875 0.68994140625 0.328125 0.6865234375 0.3271484375 0.6845703125 0.3291015625 0.6884765625 0.4228515625 0.6904296875 0.4345703125 0.68017578125 0.4384765625 0.6787109375 0.33984375 0.67578125 0.3330078125 0.6728515625 0.32421875 0.67236328125 0.3251953125 0.67431640625 0.390625 0.67578125 0.431640625 0.66455078125 0.4345703125 0.66259765625 0.4267578125 0.66357421875 0.3720703125 0.662109375 0.3330078125 0.662109375 0.306640625 0.65966796875 0.2978515625 0.65087890625 0.2998046875 0.6533203125 0.3310546875 0.65380859375 0.34375 0.6572265625 0.388671875 0.6572265625 0.4248046875 0.64990234375 0.4248046875 0.64990234375 0.361328125 0.6455078125 0.302734375 0.63671875 0.314453125 0.63525390625 0.318359375 0.6376953125 0.3984375 0.6357421875 0.40234375 0.6357421875 0.41015625 0.6376953125 0.4169921875 0.6376953125 0.4208984375 0.6328125 0.4189453125 0.63330078125 0.4072265625 0.630859375 0.3291015625 0.62890625 0.318359375 0.62646484375 0.318359375 0.62646484375 0.3271484375 0.62890625 0.357421875 0.630859375 0.392578125 0.62548828125 0.396484375 0.625 0.3935546875 0.623046875 0.353515625 0.62158203125 0.36328125 0.62353515625 0.404296875 0.62451171875 0.4150390625 0.6171875 0.4150390625 0.60595703125 0.4150390625 0.56396484375 0.404296875 0.5537109375 0.388671875 0.49462890625 0.3984375 0.47705078125 0.40234375 0.46533203125 0.40625 0.4345703125 0.40234375 0.41943359375 0.404296875 0.42138671875 0.3486328125 0.419921875 0.3369140625 0.416015625 0.33203125 0.40576171875 0.3359375 0.3896484375 0.349609375 0.35498046875 0.35546875 0.34765625 0.3193359375 0.3427734375 0.3115234375 0.33251953125 0.314453125 0.33056640625 0.322265625 0.31982421875 0.33203125 0.30712890625 0.3330078125 0.30322265625 0.3408203125 0.3046875 0.3642578125 0.30810546875 0.3974609375 0.3134765625 0.41015625 0.2998046875 0.4267578125 0.29736328125 0.3896484375 0.294921875 0.353515625 0.29052734375 0.33984375 0.25439453125 0.32421875 0.24560546875 0.3203125 0.24560546875 0.3310546875 0.248046875 0.3349609375 0.24658203125 0.3427734375 0.24609375 0.3681640625 0.248046875 0.3720703125 0.248046875 0.3818359375 0.24951171875 0.3857421875 0.248046875 0.390625 0.24658203125 0.396484375 0.248046875 0.4208984375 0.248046875 0.4423828125 0.2421875 0.4453125 0.23974609375 0.349609375 0.2392578125 0.3310546875 0.23828125 0.3232421875 0.22998046875 0.314453125 0.23193359375 0.2958984375 0.2197265625 0.294921875 0.2158203125 0.306640625 0.21142578125 0.322265625 0.212890625 0.33203125 0.21337890625 0.34375 0.20947265625 0.3330078125 0.20703125 0.3349609375 0.20458984375 0.3408203125 0.2021484375 0.384765625 0.19873046875 0.4423828125 0.1923828125 0.4423828125 0.1953125 0.3779296875 0.197265625 0.357421875 0.19287109375 0.3369140625 0.18603515625 0.3359375 0.171875 0.3408203125 0.1611328125 0.3271484375 0.15087890625 0.3291015625 0.154296875 0.3603515625 0.1552734375 0.4453125 0.14794921875 0.4453125 0.14794921875 0.3857421875 0.14306640625 0.328125 0.140625 0.3193359375 0.13525390625 0.32421875 0.13525390625 0.3837890625 0.1376953125 0.4638671875 0.12646484375 0.462890625 0.12646484375 0.447265625 0.12744140625 0.4345703125 0.12646484375 0.4267578125 0.126953125 0.4189453125 0.12548828125 0.34375 0.12353515625 0.3232421875 0.1171875 0.3271484375 0.10693359375 0.3359375 0.1025390625 0.3271484375 0.09814453125 0.3232421875 0.0927734375 0.310546875 0.0888671875 0.3017578125 0.07958984375 0.328125 0.0673828125 0.33203125 0.056640625 0.32421875 0.056640625 0.3486328125 0.05517578125 0.3857421875 0.04736328125 0.384765625 0.04541015625 0.2880859375 0.03857421875 0.2607421875 0.0263671875 0.2822265625 0.015625 0.2978515625 0.0 0.3447265625
4 0.28662109375 0.404296875 0.29052734375 0.4013671875 0.29248046875 0.400390625 0.2958984375 0.40234375 0.29638671875 0.41015625 0.30322265625 0.412109375 0.302734375 0.416015625 0.2998046875 0.41796875 0.29931640625 0.4189453125 0.29833984375 0.4248046875 0.29736328125 0.427734375 0.28955078125 0.427734375 0.2861328125 0.42578125
5 0.0 0.3779296875 0.0146484375 0.3740234375 0.04150390625 0.3720703125 0.05126953125 0.3798828125 0.0673828125 0.388671875 0.08447265625 0.40234375 0.09423828125 0.4052734375 0.10888671875 0.4130859375 0.11279296875 0.4208984375 0.11279296875 0.443359375 0.11279296875 0.4501953125 0.1083984375 0.4521484375 0.095703125 0.4580078125 0.091796875 0.4658203125 0.0771484375 0.466796875 0.0732421875 0.4619140625 0.052734375 0.4619140625 0.009765625 0.466796875 0.00634765625 0.474609375 0.0 0.4765625
5 0.43896484375 0.384765625 0.427734375 0.384765625 0.42431640625 0.39453125 0.4228515625 0.4013671875 0.41796875 0.4052734375 0.4228515625 0.431640625 0.4287109375 0.431640625 0.43017578125 0.4296875 0.43701171875 0.4296875 0.44287109375 0.392578125
5 0.44189453125 0.380859375 0.46240234375 0.380859375 0.46533203125 0.3837890625 0.46923828125 0.3984375 0.47265625 0.3984375 0.4736328125 0.4013671875 0.47314453125 0.404296875 0.47119140625 0.404296875 0.47265625 0.421875 0.4716796875 0.4453125 0.466796875 0.4462890625 0.46484375 0.4462890625 0.4638671875 0.439453125 0.4609375 0.439453125 0.4609375 0.4423828125 0.45849609375 0.443359375 0.45703125 0.4423828125 0.45703125 0.44140625 0.44287109375 0.4423828125 0.44189453125 0.4423828125 0.44091796875 0.447265625 0.4365234375 0.447265625 0.43505859375 0.4482421875 0.431640625 0.4482421875 0.4306640625 0.44140625 0.4306640625 0.4169921875 0.43212890625 0.4091796875 0.43212890625 0.40625 0.4287109375 0.4052734375 0.4296875 0.400390625 0.431640625 0.3984375 0.4345703125 0.3984375 0.43798828125 0.384765625 0.4384765625 0.3818359375
5 0.33837890625 0.3447265625 0.37060546875 0.34375 0.3857421875 0.34375 0.388671875 0.3427734375 0.39990234375 0.34375 0.4052734375 0.3486328125 0.412109375 0.3779296875 0.41748046875 0.3798828125 0.421875 0.38671875 0.42236328125 0.3935546875 0.42138671875 0.3974609375 0.4248046875 0.427734375 0.42578125 0.4375 0.4248046875 0.4462890625 0.42626953125 0.4892578125 0.4248046875 0.5078125 0.41845703125 0.5087890625 0.41357421875 0.5107421875 0.41162109375 0.5205078125 0.40771484375 0.5234375 0.3955078125 0.5244140625 0.3935546875 0.521484375 0.39208984375 0.5126953125 0.39208984375 0.50390625 0.380859375 0.50390625 0.369140625 0.50390625 0.3671875 0.5029296875 0.34619140625 0.5029296875 0.34423828125 0.51171875 0.33544921875 0.5126953125 0.33056640625 0.51171875 0.32861328125 0.5068359375 0.3232421875 0.5087890625 0.3203125 0.529296875 0.3046875 0.529296875 0.30126953125 0.5205078125 0.2978515625 0.478515625 0.29736328125 0.4638671875 0.29931640625 0.42578125 0.30322265625 0.4130859375 0.30908203125 0.40234375 0.30517578125 0.4013671875 0.30517578125 0.392578125 0.31103515625 0.3837890625 0.31591796875 0.3837890625 0.31787109375 0.384765625 0.32763671875 0.35546875 0.33251953125 0.3447265625
