2 0.0 0.2197265625 0.50830078125 0.283203125 0.50244140625 0.4482421875 0.0 0.4326171875
2 0.48388671875 0.2197265625 0.48974609375 0.2197265625 0.49609375 0.208984375 0.49658203125 0.203125 0.4931640625 0.2021484375 0.50048828125 0.181640625 0.5009765625 0.1787109375 0.50048828125 0.1767578125 0.5 0.1767578125 0.5 0.1708984375 0.5009765625 0.1689453125 0.50341796875 0.16796875 0.50341796875 0.1640625 0.5048828125 0.162109375 0.50537109375 0.154296875 0.513671875 0.1533203125 0.51416015625 0.150390625 0.5263671875 0.138671875 0.53173828125 0.1328125 0.5322265625 0.1259765625 0.53662109375 0.1259765625 0.53662109375 0.1181640625 0.5380859375 0.1123046875 0.54248046875 0.111328125 0.54736328125 0.111328125 0.5478515625 0.091796875 0.54931640625 0.0849609375 0.5537109375 0.0849609375 0.55419921875 0.078125 0.5556640625 0.0703125 0.56103515625 0.0703125 0.564453125 0.0703125 0.56494140625 0.0615234375 0.56591796875 0.0546875 0.5673828125 0.0546875 0.57275390625 0.0546875 0.57275390625 0.0546875 0.57861328125 0.0390625 0.57958984375 0.0244140625 0.58447265625 0.0234375 0.58544921875 0.0 0.99951171875 0.0 0.99951171875 0.5458984375 0.49365234375 0.4697265625 0.47998046875 0.4541015625 0.478515625 0.3671875 0.48046875 0.3642578125 0.4794921875 0.328125 0.4794921875 0.265625
4 0.455078125 0.0 0.4501953125 0.0146484375 0.4462890625 0.0224609375 0.45263671875 0.0283203125 0.453125 0.04296875 0.4609375 0.044921875 0.462890625 0.0498046875 0.466796875 0.052734375 0.46630859375 0.0615234375 0.4697265625 0.05859375 0.47119140625 0.0595703125 0.47119140625 0.064453125 0.47021484375 0.0712890625 0.47216796875 0.0751953125 0.47119140625 0.080078125 0.47216796875 0.0830078125 0.47509765625 0.0849609375 0.4755859375 0.08984375 0.47509765625 0.09375 0.4755859375 0.0986328125 0.47607421875 0.1064453125 0.47802734375 0.111328125 0.4814453125 0.111328125 0.48388671875 0.1123046875 0.48779296875 0.12109375 0.48779296875 0.1279296875 0.486328125 0.140625 0.48681640625 0.15234375 0.4873046875 0.158203125 0.4892578125 0.1650390625 0.4921875 0.1689453125 0.4931640625 0.173828125 0.49462890625 0.181640625 0.494140625 0.1923828125 0.4921875 0.197265625 0.49169921875 0.1875 0.490234375 0.1865234375 0.48974609375 0.1953125 0.48876953125 0.201171875 0.4833984375 0.1982421875 0.482421875 0.2041015625 0.486328125 0.212890625 0.48828125 0.2158203125 0.4921875 0.21875 0.4931640625 0.22265625 0.494140625 0.2294921875 0.4931640625 0.2392578125 0.48828125 0.2509765625 0.48828125 0.2568359375 0.4931640625 0.26171875 0.4921875 0.26953125 0.48828125 0.2734375 0.484375 0.2763671875 0.4833984375 0.283203125 0.4814453125 0.29296875 0.48193359375 0.302734375 0.47119140625 0.3173828125 0.46533203125 0.3583984375 0.31884765625 0.404296875 0.2802734375 0.33984375 0.25732421875 0.3505859375 0.25390625 0.33984375 0.2548828125 0.3212890625 0.2392578125 0.3212890625 0.232421875 0.3232421875 0.2265625 0.310546875 0.22607421875 0.3046875 0.21630859375 0.291015625 0.197265625 0.2294921875 0.0 0.16796875 0.0 0.0048828125 0.01025390625 0.0078125 0.0224609375 0.0185546875 0.029296875 0.013671875 0.02587890625 0.00390625 0.01708984375 0.0
1 0.650390625 0.4697265625 0.65478515625 0.4619140625 0.6669921875 0.4619140625 0.70703125 0.46875 0.7421875 0.4765625 0.74755859375 0.4765625 0.85693359375 0.4873046875 0.9169921875 0.4931640625 0.99951171875 0.49609375 0.99951171875 0.5498046875 0.6884765625 0.5244140625 0.67529296875 0.509765625
3 0.81005859375 0.419921875 0.814453125 0.4189453125 0.86279296875 0.419921875 0.87939453125 0.4208984375 0.884765625 0.4248046875 0.88525390625 0.4306640625 0.8876953125 0.4306640625 0.8876953125 0.43359375 0.88525390625 0.43359375 0.8857421875 0.4541015625 0.88671875 0.4619140625 0.8876953125 0.466796875 0.88623046875 0.4677734375 0.88525390625 0.4736328125 0.87890625 0.4736328125 0.87841796875 0.4873046875 0.88037109375 0.490234375 0.8740234375 0.490234375 0.87548828125 0.486328125 0.8759765625 0.4736328125 0.8173828125 0.4697265625 0.81689453125 0.4814453125 0.8203125 0.4853515625 0.81201171875 0.4853515625 0.81298828125 0.4833984375 0.81494140625 0.4833984375 0.8154296875 0.4697265625 0.81396484375 0.4677734375 0.80810546875 0.4658203125 0.80615234375 0.4619140625 0.80615234375 0.4599609375 0.80810546875 0.4384765625 0.80615234375 0.43359375 0.8056640625 0.427734375 0.80712890625 0.42578125 0.80908203125 0.42578125
3 0.05859375 0.35546875 0.13623046875 0.3330078125 0.14697265625 0.349609375 0.14501953125 0.4736328125 0.06005859375 0.4765625
3 0.2451171875 0.3544921875 0.31787109375 0.3642578125 0.314453125 0.462890625 0.24462890625 0.45703125
3 0.15087890625 0.3623046875 0.23486328125 0.361328125 0.23779296875 0.4697265625 0.1533203125 0.4677734375
3 0.32275390625 0.3564453125 0.37353515625 0.359375 0.37841796875 0.3720703125 0.37646484375 0.46484375 0.3232421875 0.4716796875
3 0.0 0.4765625 0.0 0.3671875 0.04736328125 0.365234375 0.048828125 0.4716796875 0.0 0.47265625
4 0.0 0.333984375 0.00439453125 0.33203125 0.01123046875 0.330078125 0.0166015625 0.328125 0.021484375 0.3291015625 0.02294921875 0.3408203125 0.0224609375 0.3466796875 0.01708984375 0.3525390625 0.01513671875 0.3564453125 0.0166015625 0.3623046875 0.0224609375 0.3642578125 0.0302734375 0.3603515625 0.03759765625 0.3662109375 0.04345703125 0.3603515625 0.04345703125 0.3466796875 0.04833984375 0.3408203125 0.0537109375 0.3447265625 0.0693359375 0.357421875 0.09912109375 0.3759765625 0.1064453125 0.4052734375 0.1064453125 0.4326171875 0.10693359375 0.4873046875 0.10498046875 0.49609375 0.11083984375 0.5 0.115234375 0.4931640625 0.11279296875 0.4208984375 0.11328125 0.392578125 0.11376953125 0.3818359375 0.12060546875 0.3828125 0.12548828125 0.384765625 0.13037109375 0.380859375 0.1318359375 0.3720703125 0.1298828125 0.353515625 0.13232421875 0.361328125 0.13330078125 0.373046875 0.1357421875 0.380859375 0.13818359375 0.3720703125 0.14208984375 0.3701171875 0.14697265625 0.3671875 0.150390625 0.3759765625 0.15478515625 0.3798828125 0.15673828125 0.3701171875 0.16015625 0.3662109375 0.16455078125 0.359375 0.1689453125 0.357421875 0.17138671875 0.365234375 0.173828125 0.3759765625 0.18212890625 0.3857421875 0.18994140625 0.3818359375 0.19873046875 0.3740234375 0.2041015625 0.3759765625 0.2099609375 0.37109375 0.2109375 0.3603515625 0.21826171875 0.3623046875 0.212890625 0.3564453125 0.20654296875 0.3544921875 0.20068359375 0.345703125 0.201171875 0.333984375 0.20458984375 0.3330078125 0.2119140625 0.3359375 0.21337890625 0.33203125 0.208984375 0.3232421875 0.20361328125 0.318359375 0.2001953125 0.3095703125 0.2060546875 0.306640625 0.20849609375 0.298828125 0.2060546875 0.294921875 0.2197265625 0.291015625 0.22265625 0.27734375 0.23046875 0.2548828125 0.21875 0.21484375 0.20458984375 0.1826171875 0.1845703125 0.181640625 0.1650390625 0.158203125 0.17822265625 0.12109375 0.16748046875 0.0908203125 0.138671875 0.0703125 0.10595703125 0.080078125 0.0498046875 0.0693359375 0.01318359375 0.09375 0.01318359375 0.1240234375 0.0 0.1650390625 0.0 0.275390625
5 0.4658203125 0.404296875 0.47119140625 0.404296875 0.474609375 0.40625 0.47802734375 0.408203125 0.47607421875 0.443359375 0.47216796875 0.4443359375 0.46923828125 0.4423828125 0.4677734375 0.4423828125 0.4677734375 0.44140625
1 0.0 0.4931640625 0.138671875 0.4892578125 0.25146484375 0.4794921875 0.373046875 0.46484375 0.38818359375 0.4599609375 0.4306640625 0.4599609375 0.4580078125 0.4541015625 0.466796875 0.4541015625 0.466796875 0.439453125 0.47021484375 0.439453125 0.4951171875 0.4501953125 0.52880859375 0.4853515625 0.505859375 0.513671875 0.45166015625 0.5244140625 0.0 0.53125
3 0.38818359375 0.353515625 0.42236328125 0.357421875 0.42431640625 0.3720703125 0.40673828125 0.40234375 0.38818359375 0.3837890625
3 0.43310546875 0.357421875 0.451171875 0.359375 0.451171875 0.43359375 0.45068359375 0.4384765625 0.43359375 0.4384765625
5 0.47802734375 0.408203125 0.4755859375 0.4091796875 0.4716796875 0.4189453125 0.47021484375 0.427734375 0.4697265625 0.4375 0.47021484375 0.443359375 0.47021484375 0.4443359375 0.474609375 0.44921875 0.47705078125 0.4501953125 0.4794921875 0.4501953125 0.48046875 0.447265625 0.48583984375 0.443359375 0.4814453125 0.41015625
5 0.478515625 0.3798828125 0.47802734375 0.3955078125 0.48046875 0.4306640625 0.48095703125 0.4443359375 0.48193359375 0.455078125 0.48486328125 0.4560546875 0.490234375 0.455078125 0.49365234375 0.45703125 0.494140625 0.4638671875 0.50048828125 0.46875 0.50537109375 0.4677734375 0.56103515625 0.421875 0.55029296875 0.3662109375 0.5478515625 0.3544921875 0.529296875 0.35546875 0.50927734375 0.361328125 0.50244140625 0.3642578125 0.4990234375 0.3671875 0.49755859375 0.3701171875 0.49658203125 0.3740234375 0.49609375 0.3955078125 0.49658203125 0.40234375 0.49169921875 0.3896484375 0.48876953125 0.3828125 0.48388671875 0.380859375
4 0.34423828125 0.4873046875 0.34716796875 0.4873046875 0.3515625 0.4873046875 0.35302734375 0.4853515625 0.35498046875 0.4765625 0.35205078125 0.3876953125 0.357421875 0.3876953125 0.35546875 0.376953125 0.36083984375 0.37890625 0.36669921875 0.384765625 0.37255859375 0.390625 0.37109375 0.3779296875 0.365234375 0.3642578125 0.3671875 0.357421875 0.37353515625 0.3662109375 0.37939453125 0.3671875 0.38525390625 0.3623046875 0.380859375 0.35546875 0.37548828125 0.3525390625 0.373046875 0.3447265625 0.37451171875 0.3359375 0.37939453125 0.3349609375 0.3828125 0.3408203125 0.390625 0.3310546875 0.39794921875 0.3203125 0.39404296875 0.2822265625 0.41015625 0.26171875 0.40869140625 0.236328125 0.4140625 0.18359375 0.3955078125 0.150390625 0.36669921875 0.1328125 0.359375 0.09765625 0.32958984375 0.0693359375 0.32080078125 0.064453125 0.28564453125 0.0869140625 0.2392578125 0.1142578125 0.22412109375 0.1552734375 0.224609375 0.177734375 0.208984375 0.21484375 0.2138671875 0.240234375 0.208984375 0.24609375 0.20849609375 0.2578125 0.216796875 0.2724609375 0.2158203125 0.2841796875 0.22021484375 0.294921875 0.23486328125 0.3095703125 0.259765625 0.3203125 0.2861328125 0.3564453125 0.3046875 0.380859375 0.310546875 0.3759765625 0.31494140625 0.3642578125 0.31884765625 0.3740234375 0.32275390625 0.37890625 0.32470703125 0.37890625 0.32958984375 0.373046875 0.3359375 0.3701171875 0.3427734375 0.3603515625 0.34375 0.4765625
0 0.0 0.541015625 0.03564453125 0.54296875 0.0390625 0.5322265625 0.03955078125 0.5224609375 0.22021484375 0.5185546875 0.49609375 0.5048828125 0.50634765625 0.4921875 0.56494140625 0.45703125 0.6630859375 0.47265625 0.6865234375 0.4765625 0.70166015625 0.48046875 0.7041015625 0.4833984375 0.7001953125 0.498046875 0.69775390625 0.5078125 0.7001953125 0.515625 0.705078125 0.5244140625 0.7783203125 0.53125 0.970703125 0.5458984375 0.99951171875 0.5458984375 0.99951171875 0.9990234375 0.0 0.9990234375
1 0.18994140625 0.7744140625 0.0 0.9990234375 0.0 0.7646484375
1 0.8701171875 0.5966796875 0.99951171875 0.6748046875 0.99951171875 0.568359375 0.9150390625 0.5703125 0.88720703125 0.5693359375 0.875 0.57421875 0.86962890625 0.58984375
5 0.505859375 0.451171875 0.50390625 0.45703125 0.50390625 0.4736328125 0.50390625 0.4833984375 0.50244140625 0.48828125 0.50439453125 0.498046875 0.50537109375 0.5107421875 0.50830078125 0.5107421875 0.51025390625 0.5166015625 0.51123046875 0.525390625 0.51416015625 0.5263671875 0.51953125 0.5263671875 0.52001953125 0.521484375 0.52197265625 0.51171875 0.56494140625 0.5107421875 0.56494140625 0.5205078125 0.5693359375 0.5224609375 0.5703125 0.53125 0.57470703125 0.5361328125 0.58154296875 0.5361328125 0.5849609375 0.5322265625 0.58837890625 0.5234375 0.58837890625 0.5078125 0.61328125 0.5068359375 0.61669921875 0.5068359375 0.62548828125 0.5048828125 0.626953125 0.5166015625 0.62939453125 0.52734375 0.6328125 0.53125 0.63818359375 0.533203125 0.6435546875 0.52734375 0.6455078125 0.5185546875 0.64697265625 0.5078125 0.64697265625 0.5009765625 0.65380859375 0.5 0.66064453125 0.4970703125 0.6630859375 0.4892578125 0.66455078125 0.4697265625 0.6630859375 0.4619140625 0.6611328125 0.4541015625 0.66015625 0.416015625 0.65673828125 0.388671875 0.65283203125 0.3642578125 0.6484375 0.3583984375 0.63916015625 0.3525390625 0.61572265625 0.35546875 0.5869140625 0.3583984375 0.56884765625 0.3623046875 0.55517578125 0.3671875 0.53955078125 0.3818359375 0.533203125 0.400390625 0.5234375 0.427734375 0.52294921875 0.4248046875 0.5205078125 0.4248046875 0.5185546875 0.42578125 0.5166015625 0.4267578125 0.515625 0.4306640625 0.515625 0.435546875 0.51513671875 0.4384765625 0.5107421875 0.4423828125 0.50830078125 0.4453125
