4 0.23974609375 0.337890625 0.24609375 0.3310546875 0.25244140625 0.3310546875 0.25634765625 0.3369140625 0.26318359375 0.3310546875 0.26513671875 0.3232421875 0.267578125 0.33203125 0.27197265625 0.3310546875 0.275390625 0.32421875 0.279296875 0.3251953125 0.28271484375 0.330078125 0.28857421875 0.3291015625 0.2958984375 0.3359375 0.30322265625 0.32421875 0.3095703125 0.3291015625 0.31298828125 0.3291015625 0.32470703125 0.3359375 0.3291015625 0.3642578125 0.24169921875 0.373046875
2 0.24462890625 0.3828125 0.2529296875 0.365234375 0.2578125 0.35546875 0.2626953125 0.3486328125 0.26953125 0.3515625 0.2783203125 0.36328125 0.28271484375 0.3564453125 0.2919921875 0.3525390625 0.318359375 0.3505859375 0.33056640625 0.36328125 0.34619140625 0.494140625 0.23193359375 0.490234375
2 -0.00048828125 0.0009765625 0.1337890625 0.0 0.1611328125 0.0830078125 0.15625 0.0859375 0.15478515625 0.091796875 0.154296875 0.10546875 0.1572265625 0.1044921875 0.17041015625 0.1240234375 0.169921875 0.130859375 0.1767578125 0.1455078125 0.1875 0.1455078125 0.18701171875 0.1279296875 0.1962890625 0.1259765625 0.19873046875 0.134765625 0.2001953125 0.1748046875 0.2021484375 0.1806640625 0.2021484375 0.193359375 0.21240234375 0.22265625 0.22802734375 0.2236328125 0.228515625 0.234375 0.2353515625 0.2587890625 0.23681640625 0.306640625 0.2421875 0.30859375 0.24462890625 0.3564453125 0.25439453125 0.484375 0.0 0.5703125
2 0.3505859375 0.2216796875 0.35693359375 0.1943359375 0.36474609375 0.185546875 0.39013671875 0.083984375 0.38916015625 0.0673828125 0.392578125 0.0576171875 0.39111328125 0.02734375 0.39453125 0.017578125 0.3984375 0.0146484375 0.39794921875 0.0 0.6416015625 0.0 0.9990234375 0.0 0.99853515625 0.638671875 0.326171875 0.4365234375 0.32763671875 0.421875 0.32568359375 0.3359375 0.32177734375 0.3349609375 0.32177734375 0.3291015625 0.3251953125 0.31640625 0.32421875 0.3046875 0.3310546875 0.2783203125 0.3388671875 0.2451171875 0.353515625 0.2236328125
0 -0.0009765625 0.5703125 0.107421875 0.513671875 0.25830078125 0.4765625 0.3076171875 0.4716796875 0.318359375 0.470703125 0.34619140625 0.462890625 0.41259765625 0.4912109375 0.54052734375 0.5244140625 0.9990234375 0.6904296875 0.99853515625 0.998046875 -0.0009765625 0.99609375
5 0.25732421875 0.4677734375 0.259765625 0.4609375 0.26904296875 0.458984375 0.2724609375 0.466796875 0.2734375 0.4755859375 0.25830078125 0.4775390625 0.25537109375 0.4775390625
4 0.31982421875 0.3818359375 0.31884765625 0.3935546875 0.31494140625 0.4072265625 0.3095703125 0.412109375 0.30322265625 0.41796875 0.29638671875 0.423828125 0.29443359375 0.4384765625 0.29296875 0.443359375 0.29541015625 0.4560546875 0.298828125 0.466796875 0.3046875 0.4658203125 0.32763671875 0.421875 0.32666015625 0.37109375 0.32421875 0.375 0.32177734375 0.3779296875
5 0.326171875 0.474609375 0.32177734375 0.4736328125 0.3212890625 0.4755859375 0.318359375 0.4755859375 0.31787109375 0.458984375 0.31982421875 0.4462890625 0.32275390625 0.4375 0.3271484375 0.4365234375
4 0.36376953125 0.390625 0.36181640625 0.298828125 0.3603515625 0.30078125 0.35791015625 0.3056640625 0.35546875 0.3154296875 0.35302734375 0.3232421875 0.349609375 0.32421875 0.34716796875 0.326171875 0.3505859375 0.3349609375 0.349609375 0.3427734375 0.353515625 0.3525390625 0.35791015625 0.361328125 0.35986328125 0.3681640625 0.35400390625 0.3759765625 0.3466796875 0.3857421875 0.33935546875 0.396484375 0.341796875 0.400390625 0.3447265625 0.4072265625 0.34716796875 0.4111328125 0.3486328125 0.4072265625 0.35107421875 0.4072265625 0.35595703125 0.4052734375 0.35986328125 0.404296875
5 0.34912109375 0.474609375 0.3369140625 0.474609375 0.33642578125 0.478515625 0.33203125 0.478515625 0.33203125 0.4599609375 0.3349609375 0.4453125 0.34326171875 0.4404296875 0.3486328125 0.44140625
1 0.42138671875 0.5048828125 0.47216796875 0.5224609375 0.533203125 0.546875 0.62255859375 0.5947265625 0.72607421875 0.658203125 0.81201171875 0.7099609375 0.8798828125 0.7490234375 0.900390625 0.759765625 0.92041015625 0.763671875 0.99853515625 0.8046875 0.99853515625 0.5732421875 0.87158203125 0.548828125 0.80029296875 0.5380859375 0.7421875 0.529296875 0.71435546875 0.525390625 0.69677734375 0.5234375 0.66357421875 0.515625 0.61328125 0.5029296875 0.5732421875 0.4931640625 0.494140625 0.4833984375 0.43505859375 0.470703125 0.4208984375 0.4658203125
5 0.3544921875 0.4267578125 0.3525390625 0.4306640625 0.3515625 0.4404296875 0.353515625 0.447265625 0.35400390625 0.4560546875 0.35302734375 0.4716796875 0.353515625 0.4833984375 0.35400390625 0.49609375 0.35986328125 0.4990234375 0.365234375 0.3857421875 0.35693359375 0.39453125 0.35546875 0.41796875
5 0.37646484375 0.3583984375 0.39404296875 0.3564453125 0.4130859375 0.3564453125 0.4150390625 0.3623046875 0.4208984375 0.361328125 0.42529296875 0.3642578125 0.4267578125 0.3759765625 0.43115234375 0.4736328125 0.42333984375 0.4736328125 0.42333984375 0.4912109375 0.42236328125 0.5078125 0.41064453125 0.5087890625 0.41064453125 0.498046875 0.40869140625 0.5029296875 0.404296875 0.5029296875 0.4033203125 0.4990234375 0.38330078125 0.5009765625 0.38330078125 0.50390625 0.3779296875 0.5048828125 0.3759765625 0.5029296875 0.37451171875 0.5078125 0.37255859375 0.5107421875 0.36962890625 0.5107421875 0.3681640625 0.5107421875 0.36572265625 0.5078125 0.36572265625 0.4970703125 0.36474609375 0.4970703125 0.36474609375 0.5 0.3642578125 0.50390625 0.36279296875 0.5048828125 0.36083984375 0.50390625 0.35888671875 0.498046875 0.3583984375 0.48828125 0.35791015625 0.4814453125 0.35791015625 0.4609375 0.35888671875 0.455078125 0.359375 0.45703125 0.359375 0.443359375 0.359375 0.431640625 0.3603515625 0.4130859375 0.36328125 0.3857421875 0.3642578125 0.376953125
5 0.09716796875 0.45703125 0.09033203125 0.45703125 0.08349609375 0.4599609375 0.0751953125 0.4794921875 0.0732421875 0.48828125 0.0693359375 0.484375 0.06689453125 0.486328125 0.06591796875 0.48828125 0.0673828125 0.4931640625 0.06982421875 0.49609375 0.06640625 0.50390625 0.0693359375 0.556640625 0.07568359375 0.556640625 0.07666015625 0.5478515625 0.08642578125 0.546875 0.087890625 0.552734375 0.0927734375 0.552734375 0.0947265625 0.544921875 0.1015625 0.54296875 0.10107421875 0.498046875
5 0.01123046875 0.4453125 0.041015625 0.44140625 0.04296875 0.4375 0.048828125 0.4375 0.0546875 0.44140625 0.05908203125 0.453125 0.06201171875 0.4658203125 0.064453125 0.48046875 0.06494140625 0.4853515625 0.06982421875 0.509765625 0.07177734375 0.5234375 0.072265625 0.5390625 0.0732421875 0.55859375 0.0732421875 0.5712890625 0.07177734375 0.5771484375 0.0634765625 0.580078125 0.06103515625 0.56640625 0.056640625 0.564453125 0.04931640625 0.5693359375 0.05029296875 0.58203125 0.04931640625 0.58984375 0.04541015625 0.5927734375 0.04150390625 0.59375 0.0380859375 0.591796875 0.0361328125 0.580078125 0.00537109375 0.587890625 -0.0009765625 0.4873046875 -0.0009765625 0.44921875
5 0.0078125 0.61328125 0.00830078125 0.587890625 0.0078125 0.5693359375 0.0087890625 0.5537109375 0.00634765625 0.525390625 0.00439453125 0.501953125 -0.00048828125 0.4814453125 -0.00048828125 0.6240234375 0.00537109375 0.6201171875
