4 0.400390625 0.0595703125 0.4150390625 0.05859375 0.42724609375 0.048828125 0.45751953125 0.0595703125 0.48046875 0.060546875 0.4990234375 0.0791015625 0.4873046875 0.111328125 0.4404296875 0.1123046875 0.3974609375 0.1005859375 0.3359375 0.0712890625 0.13916015625 0.0322265625 0.1103515625 0.05859375 0.09130859375 0.0673828125 0.0625 0.0537109375 0.03076171875 0.03125 -0.00048828125 0.0126953125 0.0 0.0 0.28759765625 0.0 0.29296875 0.0166015625 0.30078125 0.0166015625 0.30908203125 0.00390625 0.33984375 0.0078125 0.341796875 0.0302734375 0.35400390625 0.037109375 0.36474609375 0.0244140625 0.3701171875 0.0380859375 0.37548828125 0.0517578125 0.390625 0.0458984375
2 0.4296875 0.08984375 0.4296875 0.0751953125 0.41650390625 0.0693359375 0.39990234375 0.0634765625 0.38671875 0.06640625 0.35546875 0.046875 0.2373046875 0.03515625 0.12548828125 0.01171875 0.119140625 0.0029296875 0.1064453125 0.00390625 0.107421875 0.01953125 0.0634765625 0.017578125 0.05322265625 0.0146484375 0.03515625 0.0078125 0.03564453125 0.0 -0.00048828125 0.0009765625 0.0 0.4375 0.07958984375 0.435546875 0.13916015625 0.416015625 0.158203125 0.41796875 0.2548828125 0.4267578125 0.361328125 0.4267578125 0.4208984375 0.4345703125 0.46630859375 0.42578125 0.48046875 0.1005859375 0.44482421875 0.095703125
0 0.44970703125 0.4150390625 0.4228515625 0.412109375 0.34716796875 0.416015625 0.26171875 0.4150390625 0.1669921875 0.41796875 0.13134765625 0.416015625 0.02880859375 0.4345703125 -0.0009765625 0.4365234375 -0.0009765625 0.9970703125 0.998046875 0.998046875 0.998046875 0.626953125 0.69482421875 0.5419921875 0.4443359375 0.458984375
4 0.435546875 0.2802734375 0.42138671875 0.27734375 0.4130859375 0.2744140625 0.408203125 0.27734375 0.4033203125 0.2802734375 0.39697265625 0.2880859375 0.3955078125 0.3056640625 0.38818359375 0.3388671875 0.390625 0.3701171875 0.39453125 0.39453125 0.39794921875 0.4169921875 0.4169921875 0.421875 0.43408203125 0.4208984375 0.44287109375 0.421875 0.4443359375 0.4130859375 0.44189453125 0.4033203125 0.44580078125 0.3779296875 0.45068359375 0.3525390625 0.45068359375 0.337890625 0.4482421875 0.314453125 0.4453125 0.29296875
4 0.32177734375 0.33203125 0.31396484375 0.3154296875 0.30078125 0.302734375 0.29248046875 0.3134765625 0.28369140625 0.30859375 0.28125 0.30078125 0.2783203125 0.294921875 0.275390625 0.291015625 0.2724609375 0.2880859375 0.2646484375 0.287109375 0.26123046875 0.287109375 0.2568359375 0.2880859375 0.23828125 0.2841796875 0.22021484375 0.2724609375 0.21142578125 0.2724609375 0.2041015625 0.283203125 0.19775390625 0.291015625 0.18896484375 0.302734375 0.189453125 0.3232421875 0.205078125 0.3271484375 0.1982421875 0.3427734375 0.18603515625 0.3466796875 0.17431640625 0.3642578125 0.177734375 0.384765625 0.1884765625 0.4013671875 0.21875 0.3984375 0.23828125 0.4091796875 0.26708984375 0.4072265625 0.29833984375 0.4072265625 0.3134765625 0.4072265625 0.3173828125 0.390625 0.32080078125 0.3671875 0.31396484375 0.3486328125
3 0.375 0.400390625 0.33642578125 0.3984375 0.26416015625 0.3955078125 0.23974609375 0.3955078125 0.16845703125 0.3955078125 0.15185546875 0.3935546875 0.08056640625 0.39453125 0.087890625 0.4345703125 0.1572265625 0.4267578125 0.1787109375 0.4248046875 0.23974609375 0.4228515625 0.26806640625 0.423828125 0.3369140625 0.4228515625 0.376953125 0.4248046875
5 0.39208984375 0.388671875 0.376953125 0.388671875 0.373046875 0.396484375 0.365234375 0.408203125 0.365234375 0.416015625 0.36669921875 0.419921875 0.36767578125 0.4208984375 0.3681640625 0.423828125 0.36865234375 0.4248046875 0.36962890625 0.42578125 0.37109375 0.42578125 0.37255859375 0.423828125 0.384765625 0.4228515625 0.3916015625 0.388671875
5 0.30712890625 0.3837890625 0.283203125 0.3828125 0.2763671875 0.396484375 0.2724609375 0.40234375 0.26953125 0.4072265625 0.26904296875 0.4248046875 0.26953125 0.4306640625 0.2705078125 0.4326171875 0.2734375 0.43359375 0.27490234375 0.4326171875 0.275390625 0.4296875 0.2861328125 0.4296875 0.287109375 0.4326171875 0.28955078125 0.43359375 0.291015625 0.4326171875 0.29150390625 0.4287109375 0.29345703125 0.4287109375 0.294921875 0.4326171875 0.2958984375 0.435546875 0.29833984375 0.435546875 0.2998046875 0.431640625 0.2998046875 0.427734375 0.30859375 0.427734375 0.3095703125 0.431640625 0.31103515625 0.43359375 0.3134765625 0.435546875 0.3154296875 0.4326171875 0.31591796875 0.423828125 0.31591796875 0.396484375 0.31298828125 0.388671875
5 0.4140625 0.384765625 0.38671875 0.384765625 0.3828125 0.3984375 0.37841796875 0.419921875 0.37841796875 0.4404296875 0.3798828125 0.4541015625 0.380859375 0.45703125 0.3828125 0.458984375 0.38525390625 0.45703125 0.3857421875 0.44921875 0.38671875 0.44921875 0.3876953125 0.455078125 0.38916015625 0.4560546875 0.3916015625 0.455078125 0.392578125 0.44921875 0.412109375 0.4501953125 0.41259765625 0.455078125 0.4130859375 0.458984375 0.41552734375 0.4599609375 0.41748046875 0.4599609375 0.419921875 0.4560546875 0.419921875 0.44921875 0.419921875 0.4501953125 0.42041015625 0.45703125 0.421875 0.458984375 0.423828125 0.4560546875 0.423828125 0.4482421875 0.4248046875 0.431640625 0.4248046875 0.421875 0.423828125 0.4130859375 0.427734375 0.4091796875 0.42724609375 0.4052734375 0.42236328125 0.4033203125
5 0.23193359375 0.388671875 0.22705078125 0.376953125 0.19970703125 0.3759765625 0.19140625 0.3759765625 0.18505859375 0.3876953125 0.19970703125 0.392578125 0.2109375 0.40234375 0.21826171875 0.4169921875 0.22314453125 0.4306640625 0.224609375 0.43359375 0.22705078125 0.4326171875 0.23046875 0.4326171875 0.232421875 0.4287109375 0.23291015625 0.4189453125 0.23291015625 0.408203125
5 0.21630859375 0.44140625 0.2080078125 0.4423828125 0.20751953125 0.447265625 0.2060546875 0.44921875 0.203125 0.4501953125 0.201171875 0.44921875 0.19970703125 0.447265625 0.1982421875 0.4423828125 0.19091796875 0.4423828125 0.19091796875 0.4453125 0.189453125 0.4482421875 0.18701171875 0.4482421875 0.185546875 0.447265625 0.18505859375 0.443359375 0.17333984375 0.443359375 0.171875 0.44921875 0.169921875 0.4501953125 0.1669921875 0.44921875 0.1650390625 0.4443359375 0.16455078125 0.4365234375 0.1650390625 0.4189453125 0.17138671875 0.40625 0.17578125 0.3984375 0.1826171875 0.384765625 0.2119140625 0.3828125 0.2197265625 0.390625 0.22607421875 0.4091796875 0.2265625 0.42578125 0.2255859375 0.435546875 0.2255859375 0.44140625 0.22509765625 0.4453125 0.22216796875 0.4482421875 0.21923828125 0.4482421875 0.2177734375 0.4453125
5 0.146484375 0.380859375 0.1416015625 0.373046875 0.111328125 0.3740234375 0.1064453125 0.3740234375 0.09814453125 0.3896484375 0.0947265625 0.39453125 0.087890625 0.4111328125 0.09619140625 0.4404296875 0.09765625 0.4423828125 0.11328125 0.4404296875 0.11328125 0.443359375 0.11572265625 0.4453125 0.1181640625 0.4453125 0.1201171875 0.4423828125 0.12109375 0.439453125 0.125 0.4404296875 0.12646484375 0.4453125 0.1298828125 0.447265625 0.1328125 0.4453125 0.134765625 0.4404296875 0.1357421875 0.4365234375 0.14453125 0.435546875 0.146484375 0.44140625 0.1494140625 0.4443359375 0.15283203125 0.443359375 0.154296875 0.439453125 0.15478515625 0.43359375 0.15478515625 0.427734375 0.15478515625 0.41796875 0.15380859375 0.4072265625 0.15283203125 0.39453125 0.1484375 0.390625
4 0.02197265625 0.1259765625 0.01904296875 0.099609375 0.0166015625 0.0595703125 0.00048828125 0.0380859375 0.0009765625 0.279296875 0.0224609375 0.267578125 0.02978515625 0.2880859375 0.03564453125 0.2861328125 0.03369140625 0.2509765625 0.03564453125 0.228515625 0.044921875 0.2392578125 0.05078125 0.22265625 0.05322265625 0.2060546875 0.064453125 0.1982421875 0.06640625 0.1630859375 0.05517578125 0.1494140625 0.05224609375 0.1318359375 0.04150390625 0.1328125 0.03271484375 0.119140625
5 0.02880859375 0.380859375 0.0166015625 0.3798828125 0.00537109375 0.3837890625 -0.0009765625 0.3916015625 0.0 0.45703125 0.0205078125 0.458984375 0.05078125 0.41015625 0.04638671875 0.400390625 0.04638671875 0.3916015625 0.04248046875 0.3818359375
5 0.07275390625 0.384765625 0.06005859375 0.3876953125 0.037109375 0.3876953125 0.02587890625 0.4072265625 0.0205078125 0.4248046875 0.0146484375 0.421875 0.01025390625 0.4296875 0.0107421875 0.4384765625 0.0166015625 0.4404296875 0.009765625 0.451171875 0.0078125 0.5009765625 0.01025390625 0.5126953125 0.013671875 0.5166015625 0.01806640625 0.5166015625 0.021484375 0.509765625 0.0234375 0.4970703125 0.07568359375 0.4970703125 0.0771484375 0.509765625 0.0810546875 0.5126953125 0.08447265625 0.51171875 0.08837890625 0.5068359375 0.08837890625 0.4970703125 0.0888671875 0.4892578125 0.09033203125 0.48828125 0.0908203125 0.498046875 0.09326171875 0.5 0.095703125 0.5 0.09912109375 0.498046875 0.1005859375 0.4921875 0.10107421875 0.4833984375 0.1025390625 0.4501953125 0.10009765625 0.4267578125 0.091796875 0.40625 0.08251953125 0.3896484375
4 0.46826171875 0.001953125 0.458984375 0.0654296875 0.44580078125 0.1328125 0.46044921875 0.1806640625 0.66357421875 0.458984375 0.70703125 0.451171875 0.7587890625 0.4599609375 0.78173828125 0.4951171875 0.81298828125 0.5322265625 0.8466796875 0.5380859375 0.8837890625 0.5419921875 0.923828125 0.53515625 0.9521484375 0.5087890625 0.97216796875 0.4716796875 0.99853515625 0.447265625 0.998046875 0.0
1 0.67919921875 0.5234375 0.78466796875 0.52734375 0.8818359375 0.541015625 0.99853515625 0.5517578125 0.99609375 0.654296875 0.6337890625 0.5458984375
