0 0.0 0.59765625 0.2548828125 0.572265625 0.4111328125 0.517578125 0.513671875 0.478515625 0.6171875 0.4365234375 0.64306640625 0.4287109375 0.654296875 0.4052734375 0.6767578125 0.404296875 0.6796875 0.4306640625 0.69482421875 0.4326171875 0.7744140625 0.4697265625 0.84912109375 0.5068359375 0.9501953125 0.5419921875 0.99853515625 0.54296875 0.99755859375 0.9970703125 0.61083984375 0.9990234375 0.33251953125 0.998046875 -0.0009765625 0.99609375
1 0.78271484375 0.4462890625 0.822265625 0.4453125 0.99853515625 0.4814453125 0.99755859375 0.5859375 0.9609375 0.580078125 0.90283203125 0.572265625 0.85546875 0.5576171875 0.83203125 0.544921875 0.7939453125 0.513671875 0.7861328125 0.5029296875 0.77978515625 0.4716796875
2 0.69091796875 0.265625 0.69384765625 0.25 0.69482421875 0.234375 0.69482421875 0.2265625 0.708984375 0.1962890625 0.71826171875 0.1767578125 0.716796875 0.1396484375 0.72607421875 0.087890625 0.71875 0.0791015625 0.7294921875 0.0 0.998046875 0.0 0.99755859375 0.50390625 0.95947265625 0.5048828125 0.84521484375 0.470703125 0.841796875 0.474609375 0.791015625 0.45703125 0.697265625 0.4130859375 0.6953125 0.3359375 0.69384765625 0.302734375
1 0.0 0.5859375 -0.0009765625 0.5595703125 0.4775390625 0.470703125 0.46728515625 0.5126953125 0.40771484375 0.541015625 0.3740234375 0.5556640625 0.34326171875 0.5703125 0.29150390625 0.587890625 0.2314453125 0.599609375 0.158203125 0.60546875 0.0107421875 0.6171875 -0.0009765625 0.6162109375
2 0.0 0.0 0.5390625 0.0009765625 0.55810546875 0.064453125 0.552734375 0.083984375 0.55322265625 0.09765625 0.56494140625 0.109375 0.58056640625 0.1611328125 0.5751953125 0.1650390625 0.5751953125 0.1904296875 0.5830078125 0.2021484375 0.58984375 0.201171875 0.59130859375 0.216796875 0.60595703125 0.2197265625 0.61083984375 0.2578125 0.6201171875 0.2685546875 0.6240234375 0.2666015625 0.62646484375 0.275390625 0.63623046875 0.2919921875 0.63818359375 0.2978515625 0.654296875 0.2958984375 0.67578125 0.3232421875 0.67578125 0.3759765625 0.6748046875 0.4052734375 0.658203125 0.4130859375 0.638671875 0.4287109375 0.55810546875 0.4501953125 0.39306640625 0.5078125 0.20751953125 0.564453125 0.0849609375 0.5791015625 -0.0009765625 0.5791015625 -0.0009765625 0.1455078125 -0.00048828125 0.046875
4 0.64599609375 0.3984375 0.64599609375 0.38671875 0.64599609375 0.376953125 0.64453125 0.365234375 0.64697265625 0.3603515625 0.6494140625 0.3662109375 0.65185546875 0.369140625 0.65576171875 0.3720703125 0.65966796875 0.3779296875 0.65771484375 0.388671875 0.658203125 0.4052734375 0.65576171875 0.4111328125 0.6552734375 0.4130859375 0.65478515625 0.4189453125 0.65234375 0.4208984375 0.64892578125 0.419921875 0.6484375 0.4130859375 0.646484375 0.40625 0.64599609375 0.40625
4 0.67919921875 0.40234375 0.673828125 0.400390625 0.6708984375 0.39453125 0.67041015625 0.3818359375 0.67041015625 0.373046875 0.67138671875 0.3701171875 0.67236328125 0.36328125 0.67333984375 0.3623046875 0.67529296875 0.3623046875 0.67578125 0.365234375 0.68115234375 0.36328125 0.6806640625 0.384765625
5 0.662109375 0.4345703125 0.66357421875 0.427734375 0.66748046875 0.427734375 0.66943359375 0.43359375 0.66845703125 0.4365234375
5 0.619140625 0.41796875 0.62255859375 0.412109375 0.6318359375 0.4130859375 0.6337890625 0.423828125 0.63427734375 0.4375 0.62060546875 0.4384765625
5 0.59130859375 0.41015625 0.59521484375 0.4052734375 0.6044921875 0.4033203125 0.60791015625 0.4140625 0.60986328125 0.4189453125 0.6083984375 0.423828125 0.609375 0.4521484375 0.6044921875 0.45703125 0.6025390625 0.453125 0.595703125 0.44921875 0.59326171875 0.4267578125 0.59326171875 0.421875
5 0.56640625 0.4189453125 0.56787109375 0.4033203125 0.58251953125 0.3994140625 0.59521484375 0.3994140625 0.5986328125 0.4150390625 0.6005859375 0.44140625 0.60009765625 0.458984375 0.59228515625 0.462890625 0.59033203125 0.4599609375 0.5869140625 0.4599609375 0.58154296875 0.4404296875 0.57958984375 0.4287109375
5 0.5595703125 0.427734375 0.5634765625 0.4189453125 0.57080078125 0.4169921875 0.5810546875 0.4169921875 0.58642578125 0.4248046875 0.58935546875 0.43359375 0.59033203125 0.462890625 0.58447265625 0.4677734375 0.58154296875 0.462890625 0.57373046875 0.4560546875 0.5634765625 0.43359375
5 0.5537109375 0.4248046875 0.55712890625 0.4189453125 0.572265625 0.41796875 0.57763671875 0.4296875 0.580078125 0.431640625 0.57958984375 0.4384765625 0.58154296875 0.466796875 0.5771484375 0.4755859375 0.57080078125 0.474609375 0.568359375 0.4677734375 0.5625 0.470703125 0.55517578125 0.470703125 0.55615234375 0.4501953125 0.5546875 0.4365234375
4 0.44189453125 0.4248046875 0.439453125 0.4091796875 0.443359375 0.4033203125 0.4443359375 0.3984375 0.443359375 0.390625 0.4453125 0.388671875 0.45166015625 0.3896484375 0.4599609375 0.388671875 0.46142578125 0.396484375 0.4619140625 0.40234375 0.46337890625 0.4189453125 0.462890625 0.4287109375 0.4501953125 0.4404296875 0.4482421875 0.4365234375 0.4453125 0.4345703125
5 0.47119140625 0.5322265625 0.46826171875 0.5224609375 0.4638671875 0.494140625 0.4619140625 0.470703125 0.4619140625 0.458984375 0.46435546875 0.447265625 0.466796875 0.4345703125 0.46240234375 0.4287109375 0.46240234375 0.419921875 0.46923828125 0.4189453125 0.4716796875 0.4091796875 0.4755859375 0.3916015625 0.47900390625 0.3837890625 0.484375 0.3818359375 0.4853515625 0.3779296875 0.4873046875 0.369140625 0.51953125 0.36328125 0.52978515625 0.3623046875 0.5322265625 0.37109375 0.5341796875 0.3740234375 0.54833984375 0.376953125 0.55322265625 0.3896484375 0.55712890625 0.4189453125 0.56005859375 0.4580078125 0.56201171875 0.478515625 0.56298828125 0.5009765625 0.560546875 0.5068359375 0.5595703125 0.51171875 0.5556640625 0.513671875 0.55224609375 0.5126953125 0.55029296875 0.5078125 0.5498046875 0.501953125 0.54541015625 0.5068359375 0.544921875 0.5166015625 0.5439453125 0.5244140625 0.5400390625 0.525390625 0.53564453125 0.5244140625 0.53369140625 0.5185546875 0.533203125 0.5107421875 0.50830078125 0.5146484375 0.48095703125 0.5185546875 0.48046875 0.5224609375 0.4794921875 0.5302734375 0.47705078125 0.533203125 0.474609375 0.5341796875
4 0.37744140625 0.466796875 0.37451171875 0.4169921875 0.38037109375 0.412109375 0.3935546875 0.396484375 0.39501953125 0.390625 0.4013671875 0.3916015625 0.404296875 0.388671875 0.4111328125 0.38671875 0.41748046875 0.3896484375 0.4228515625 0.3955078125 0.42578125 0.3916015625 0.42822265625 0.40234375 0.4267578125 0.4130859375 0.42578125 0.423828125 0.4248046875 0.43359375 0.4267578125 0.4375 0.4296875 0.44140625 0.4306640625 0.4453125 0.43212890625 0.4521484375 0.43212890625 0.4609375 0.431640625 0.4755859375 0.4296875 0.482421875 0.42529296875 0.4853515625 0.4013671875 0.5048828125 0.384765625 0.5068359375
5 0.68408203125 0.4072265625 0.6923828125 0.404296875 0.6953125 0.4189453125 0.6884765625 0.4462890625 0.6845703125 0.4462890625 0.68212890625 0.4404296875 0.68115234375 0.435546875 0.681640625 0.4189453125 0.68212890625 0.416015625
5 0.705078125 0.4169921875 0.70751953125 0.41015625 0.7119140625 0.3974609375 0.7177734375 0.392578125 0.74462890625 0.3955078125 0.75244140625 0.40234375 0.70703125 0.4853515625 0.701171875 0.482421875 0.69970703125 0.4755859375 0.69970703125 0.4599609375 0.69921875 0.4404296875 0.69970703125 0.4345703125 0.7001953125 0.4306640625 0.70263671875 0.42578125
5 0.71337890625 0.423828125 0.71875 0.4111328125 0.7216796875 0.4033203125 0.7509765625 0.3984375 0.765625 0.396484375 0.7744140625 0.3994140625 0.78515625 0.42578125 0.79248046875 0.455078125 0.79541015625 0.4736328125 0.79443359375 0.5009765625 0.7939453125 0.521484375 0.79296875 0.525390625 0.79052734375 0.5283203125 0.7861328125 0.5283203125 0.78466796875 0.525390625 0.783203125 0.51953125 0.78173828125 0.5126953125 0.7783203125 0.5126953125 0.77587890625 0.5185546875 0.77294921875 0.51953125 0.76904296875 0.5166015625 0.76806640625 0.5107421875 0.75732421875 0.5107421875 0.74072265625 0.5107421875 0.72705078125 0.5107421875 0.72509765625 0.5263671875 0.71923828125 0.5302734375 0.71533203125 0.5283203125 0.71240234375 0.525390625 0.71142578125 0.5185546875 0.705078125 0.517578125 0.7041015625 0.509765625 0.70263671875 0.4912109375 0.70166015625 0.4716796875 0.70263671875 0.45703125 0.7060546875 0.4482421875 0.70849609375 0.44140625 0.70263671875 0.4404296875 0.7001953125 0.4375 0.7001953125 0.4296875 0.70556640625 0.4287109375 0.70947265625 0.4287109375 0.7099609375 0.43359375 0.71044921875 0.431640625 0.7109375 0.4306640625
