2 0.8125 0.2939453125 0.79345703125 0.2890625 0.7900390625 0.267578125 0.78125 0.2626953125 0.77392578125 0.255859375 0.7705078125 0.255859375 0.76806640625 0.2421875 0.74072265625 0.23046875 0.7275390625 0.236328125 0.716796875 0.236328125 0.70556640625 0.236328125 0.68701171875 0.236328125 0.67431640625 0.234375 0.662109375 0.2275390625 0.6513671875 0.2265625 0.6435546875 0.2177734375 0.63818359375 0.208984375 0.626953125 0.19921875 0.61328125 0.1982421875 0.61083984375 0.2109375 0.595703125 0.2119140625 0.59521484375 0.2041015625 0.59326171875 0.16796875 0.59716796875 0.1611328125 0.59326171875 0.1484375 0.5830078125 0.12890625 0.5634765625 0.12890625 0.564453125 0.111328125 0.55908203125 0.107421875 0.53564453125 0.1025390625 0.4501953125 0.1298828125 0.43994140625 0.154296875 0.4248046875 0.154296875 0.42041015625 0.142578125 0.3896484375 0.1376953125 0.3896484375 0.0048828125 0.0 0.0 0.0 0.3515625 0.2607421875 0.4462890625 0.373046875 0.419921875 0.54541015625 0.4287109375 0.806640625 0.40625 0.83447265625 0.3984375 0.92236328125 0.439453125 0.99853515625 0.48046875 0.998046875 0.0009765625 0.9326171875 0.00390625 0.91796875 0.017578125 0.9013671875 0.0537109375 0.88232421875 0.0654296875 0.87841796875 0.09765625 0.87255859375 0.123046875 0.8642578125 0.126953125 0.85791015625 0.140625 0.84814453125 0.1650390625 0.8369140625 0.1708984375 0.8359375 0.1943359375 0.8369140625 0.2109375 0.830078125 0.220703125 0.8349609375 0.236328125 0.8271484375 0.248046875 0.82763671875 0.2958984375
0 0.80517578125 0.361328125 0.78369140625 0.369140625 0.73095703125 0.376953125 0.36865234375 0.4130859375 0.3388671875 0.4091796875 0.16455078125 0.3779296875 0.11572265625 0.3662109375 0.0615234375 0.3486328125 0.0 0.3330078125 0.0 0.4013671875 0.05224609375 0.419921875 0.08837890625 0.427734375 0.04052734375 0.4501953125 0.0 0.470703125 0.0 0.99609375 0.998046875 0.99609375 0.99853515625 0.4423828125 0.8759765625 0.4072265625 0.82177734375 0.392578125 0.8154296875 0.376953125 0.8115234375 0.3583984375
4 0.82763671875 0.30078125 0.8095703125 0.3037109375 0.8046875 0.30078125 0.80419921875 0.2744140625 0.80078125 0.2587890625 0.787109375 0.2646484375 0.775390625 0.2763671875 0.7744140625 0.310546875 0.7744140625 0.3671875 0.78662109375 0.3779296875 0.79541015625 0.3603515625 0.80859375 0.365234375 0.8232421875 0.37109375 0.83203125 0.369140625 0.830078125 0.3076171875
4 0.791015625 0.333984375 0.7890625 0.3046875 0.7880859375 0.28515625 0.78271484375 0.2744140625 0.77587890625 0.26953125 0.7705078125 0.2705078125 0.765625 0.2705078125 0.759765625 0.271484375 0.7578125 0.2744140625 0.74609375 0.2978515625 0.73828125 0.275390625 0.72900390625 0.265625 0.7216796875 0.2744140625 0.70654296875 0.26171875 0.68896484375 0.2548828125 0.67529296875 0.2607421875 0.6611328125 0.2734375 0.68603515625 0.400390625 0.70751953125 0.3896484375 0.72802734375 0.3837890625 0.74169921875 0.3720703125 0.75927734375 0.3701171875 0.771484375 0.3671875 0.775390625 0.3720703125 0.783203125 0.3740234375 0.7890625 0.3671875
5 0.7509765625 0.37890625 0.7431640625 0.375 0.74072265625 0.3837890625 0.7421875 0.392578125 0.748046875 0.392578125 0.751953125 0.390625 0.751953125 0.384765625
4 0.8271484375 0.3818359375 0.83056640625 0.3701171875 0.8310546875 0.357421875 0.82666015625 0.341796875 0.82177734375 0.333984375 0.81494140625 0.3359375 0.81005859375 0.3369140625 0.80517578125 0.353515625 0.8056640625 0.3759765625 0.80908203125 0.3916015625 0.81396484375 0.3935546875 0.81982421875 0.392578125
5 0.80712890625 0.408203125 0.8017578125 0.4150390625 0.80322265625 0.423828125 0.80322265625 0.4521484375 0.80322265625 0.4697265625 0.80810546875 0.4736328125 0.8154296875 0.4697265625 0.8408203125 0.4248046875 0.853515625 0.4111328125 0.84912109375 0.3876953125 0.828125 0.390625 0.8173828125 0.3916015625 0.8115234375 0.3994140625 0.8095703125 0.404296875
5 0.91259765625 0.3779296875 0.904296875 0.3798828125 0.892578125 0.384765625 0.884765625 0.3994140625 0.87939453125 0.4013671875 0.87646484375 0.408203125 0.87109375 0.47265625 0.8740234375 0.51953125 0.88427734375 0.517578125 0.88623046875 0.4990234375 0.8916015625 0.4990234375 0.8935546875 0.515625 0.89892578125 0.5185546875 0.90380859375 0.5185546875 0.90673828125 0.5146484375 0.9072265625 0.5029296875 0.9384765625 0.501953125 0.939453125 0.5087890625 0.9443359375 0.5107421875 0.9482421875 0.5107421875 0.95068359375 0.5048828125 0.95068359375 0.5 0.96435546875 0.5 0.96728515625 0.451171875 0.97265625 0.421875 0.97412109375 0.3984375 0.96826171875 0.38671875 0.95166015625 0.3779296875
5 0.99169921875 0.314453125 0.9716796875 0.3681640625 0.95849609375 0.3740234375 0.95849609375 0.39453125 0.97021484375 0.4052734375 0.96337890625 0.427734375 0.9580078125 0.4892578125 0.9609375 0.5537109375 0.96533203125 0.5751953125 0.97412109375 0.5830078125 0.99853515625 0.5927734375 0.998046875 0.30859375
4 0.60009765625 0.2314453125 0.57861328125 0.2080078125 0.57568359375 0.189453125 0.57177734375 0.17578125 0.564453125 0.158203125 0.55419921875 0.142578125 0.5458984375 0.1259765625 0.5419921875 0.1123046875 0.53662109375 0.1005859375 0.53173828125 0.09375 0.5263671875 0.09375 0.5185546875 0.1005859375 0.51123046875 0.091796875 0.49462890625 0.0908203125 0.48046875 0.0888671875 0.466796875 0.087890625 0.45703125 0.083984375 0.44287109375 0.109375 0.43359375 0.12109375 0.4404296875 0.1435546875 0.435546875 0.16015625 0.431640625 0.177734375 0.4287109375 0.1923828125 0.42822265625 0.2119140625 0.43115234375 0.2236328125 0.44091796875 0.2275390625 0.45361328125 0.22265625 0.46484375 0.2333984375 0.4775390625 0.236328125 0.55810546875 0.2333984375
4 0.189453125 0.36328125 0.19287109375 0.31640625 0.18798828125 0.291015625 0.1708984375 0.2958984375 0.16943359375 0.322265625 0.154296875 0.33984375 0.10986328125 0.337890625 0.12939453125 0.294921875 0.11083984375 0.263671875 0.1103515625 0.158203125 0.10791015625 0.1259765625 0.1005859375 0.072265625 0.0810546875 0.0517578125 0.05224609375 0.0576171875 0.03564453125 0.037109375 0.0 0.0 0.0 0.3466796875 0.05615234375 0.359375 0.07861328125 0.3720703125 0.146484375 0.3798828125
3 0.35205078125 0.3828125 0.3232421875 0.384765625 0.22802734375 0.3681640625 0.2041015625 0.3642578125 0.16943359375 0.3583984375 0.09326171875 0.345703125 0.04541015625 0.3388671875 0.0 0.3369140625 0.0009765625 0.3564453125 0.12841796875 0.37890625 0.18115234375 0.392578125 0.35400390625 0.4130859375 0.35791015625 0.4130859375 0.35888671875 0.38671875
4 0.08642578125 0.3212890625 0.09912109375 0.22265625 0.1142578125 0.1884765625 0.1103515625 0.1533203125 0.11083984375 0.1162109375 0.1435546875 0.0078125 0.1552734375 0.0244140625 0.17529296875 0.052734375 0.201171875 0.0986328125 0.21923828125 0.09375 0.2158203125 0.0634765625 0.2275390625 0.02734375 0.23779296875 0.0 0.0 0.001953125 0.00048828125 0.04296875 0.02099609375 0.064453125 0.02978515625 0.1064453125 0.04443359375 0.13671875 0.03955078125 0.166015625 0.05419921875 0.181640625 0.07275390625 0.2109375 0.06982421875 0.2919921875 0.06103515625 0.4306640625 0.09033203125 0.4326171875 0.08935546875 0.3720703125
3 0.05810546875 0.294921875 0.03125 0.291015625 0.00048828125 0.287109375 0.00146484375 0.451171875 0.04541015625 0.4306640625 0.11767578125 0.423828125 0.11376953125 0.306640625 0.076171875 0.298828125
4 0.0615234375 0.5068359375 0.0087890625 0.517578125 0.0 0.5185546875 0.0 0.3857421875 0.03515625 0.388671875 0.0615234375 0.39453125 0.0791015625 0.3955078125 0.09716796875 0.400390625 0.115234375 0.404296875 0.123046875 0.412109375 0.12939453125 0.4326171875 0.12939453125 0.4619140625 0.11376953125 0.482421875
5 0.13720703125 0.4091796875 0.13134765625 0.4208984375 0.12646484375 0.41796875 0.11962890625 0.4228515625 0.11865234375 0.4326171875 0.12255859375 0.4375 0.111328125 0.4501953125 0.09814453125 0.4677734375 0.103515625 0.568359375 0.21240234375 0.52734375 0.263671875 0.4970703125 0.26904296875 0.4931640625 0.267578125 0.4560546875 0.26416015625 0.4326171875 0.24462890625 0.3994140625 0.23193359375 0.3798828125 0.20751953125 0.3798828125 0.1767578125 0.3798828125 0.16162109375 0.380859375 0.14501953125 0.3955078125
5 0.728515625 0.7802734375 0.73046875 0.736328125 0.73095703125 0.6826171875 0.7236328125 0.6142578125 0.7197265625 0.5576171875 0.7138671875 0.4794921875 0.69189453125 0.3359375 0.66943359375 0.2607421875 0.6533203125 0.23828125 0.56494140625 0.2197265625 0.5341796875 0.21875 0.53125 0.2001953125 0.5244140625 0.1005859375 0.52880859375 0.2001953125 0.52587890625 0.2177734375 0.45703125 0.2265625 0.4140625 0.236328125 0.40087890625 0.248046875 0.38818359375 0.265625 0.37744140625 0.2978515625 0.3681640625 0.33203125 0.35595703125 0.384765625 0.35107421875 0.4169921875 0.34375 0.4638671875 0.33740234375 0.52734375 0.3271484375 0.6845703125 0.3271484375 0.7900390625 0.3291015625 0.912109375 0.3310546875 0.9208984375 0.333984375 0.9365234375 0.3369140625 0.947265625 0.34033203125 0.953125 0.3564453125 0.9541015625 0.3671875 0.9541015625 0.37548828125 0.951171875 0.38037109375 0.9404296875 0.3818359375 0.91015625 0.38330078125 0.8740234375 0.548828125 0.8798828125 0.62451171875 0.87890625 0.6728515625 0.876953125 0.673828125 0.9404296875 0.6796875 0.953125 0.6943359375 0.9560546875 0.70947265625 0.958984375 0.72216796875 0.9541015625 0.7255859375 0.943359375
0 0.15380859375 0.9921875 0.31689453125 0.9599609375 0.35205078125 0.9541015625 0.392578125 0.9482421875 0.45166015625 0.9384765625 0.51953125 0.9326171875 0.5498046875 0.9287109375 0.59912109375 0.9287109375 0.65673828125 0.935546875 0.6806640625 0.9384765625 0.69970703125 0.9404296875 0.73193359375 0.947265625 0.7822265625 0.9599609375 0.8623046875 0.96875 0.923828125 0.9833984375 0.99951171875 0.9990234375
