2 0.63330078125 0.001953125 0.63525390625 0.2138671875 0.31884765625 0.208984375 0.0 0.240234375 -0.00048828125 0.0009765625 0.39404296875 0.0
4 0.6181640625 0.166015625 0.61083984375 0.1572265625 0.61083984375 0.1494140625 0.61083984375 0.138671875 0.60986328125 0.1318359375 0.60498046875 0.12890625 0.60205078125 0.1279296875 0.5966796875 0.126953125 0.595703125 0.1181640625 0.6005859375 0.1171875 0.6103515625 0.1142578125 0.611328125 0.109375 0.611328125 0.1064453125 0.61669921875 0.095703125 0.61962890625 0.0859375 0.6181640625 0.0791015625 0.61865234375 0.0732421875 0.61962890625 0.0634765625 0.626953125 0.0595703125 0.626953125 0.05078125 0.62548828125 0.0400390625 0.6259765625 0.029296875 0.62890625 0.0224609375 0.63134765625 0.013671875 0.63330078125 0.0078125 0.63427734375 0.0 0.64697265625 0.0 0.64453125 0.0078125 0.6455078125 0.009765625 0.6484375 0.0126953125 0.6474609375 0.0224609375 0.64697265625 0.0263671875 0.64794921875 0.02734375 0.6552734375 0.025390625 0.6572265625 0.03125 0.6591796875 0.0361328125 0.6630859375 0.03125 0.66650390625 0.0244140625 0.6650390625 0.0166015625 0.6650390625 0.0 0.70947265625 0.0 0.7119140625 0.00390625 0.71533203125 0.0146484375 0.720703125 0.0283203125 0.71875 0.0361328125 0.72412109375 0.033203125 0.728515625 0.0361328125 0.7314453125 0.0439453125 0.734375 0.0478515625 0.73779296875 0.0537109375 0.74072265625 0.0625 0.74072265625 0.0703125 0.744140625 0.078125 0.7470703125 0.0869140625 0.75927734375 0.1005859375 0.74755859375 0.1416015625 0.72802734375 0.1396484375 0.703125 0.1455078125 0.666015625 0.150390625 0.6376953125 0.16015625 0.6220703125 0.1689453125
2 0.80322265625 0.02734375 0.8017578125 0.0517578125 0.8037109375 0.0595703125 0.8017578125 0.072265625 0.80224609375 0.080078125 0.80029296875 0.14453125 0.853515625 0.16796875 0.85546875 0.0224609375
0 0.1455078125 0.2275390625 0.30859375 0.2158203125 0.46435546875 0.2060546875 0.6474609375 0.208984375 0.72265625 0.2109375 0.7705078125 0.2109375 0.87939453125 0.19921875 0.865234375 0.521484375 0.87744140625 0.71484375 0.99853515625 0.8544921875 0.99755859375 0.9970703125 0.578125 0.99609375 0.32421875 0.998046875 0.0 0.994140625 0.0 0.2236328125
5 0.708984375 0.1923828125 0.7109375 0.1806640625 0.7158203125 0.177734375 0.7236328125 0.1767578125 0.7294921875 0.18359375 0.732421875 0.1923828125 0.73046875 0.2109375 0.71923828125 0.2109375
4 0.74609375 0.0703125 0.7451171875 0.0625 0.7421875 0.05859375 0.7421875 0.05078125 0.7451171875 0.0458984375 0.7490234375 0.0439453125 0.751953125 0.046875 0.7548828125 0.044921875 0.75732421875 0.033203125 0.783203125 0.0322265625 0.78466796875 0.0380859375 0.78125 0.044921875 0.78466796875 0.048828125 0.787109375 0.0517578125 0.7890625 0.056640625 0.78857421875 0.060546875 0.7841796875 0.0654296875 0.7861328125 0.0703125 0.78955078125 0.0712890625 0.79150390625 0.0751953125 0.79541015625 0.0810546875 0.802734375 0.080078125 0.80859375 0.0849609375 0.814453125 0.08984375 0.82080078125 0.1025390625 0.82275390625 0.107421875 0.822265625 0.1181640625 0.81640625 0.123046875 0.80859375 0.1279296875 0.81396484375 0.1328125 0.82275390625 0.1337890625 0.82763671875 0.134765625 0.8291015625 0.1357421875 0.83935546875 0.130859375 0.8505859375 0.2490234375 0.7724609375 0.244140625 0.76513671875 0.228515625 0.7431640625 0.23046875 0.7333984375 0.2275390625 0.72900390625 0.22265625 0.72802734375 0.21484375 0.72802734375 0.2021484375 0.73095703125 0.1904296875 0.73486328125 0.1865234375 0.74365234375 0.1640625 0.74560546875 0.16015625 0.74755859375 0.154296875 0.7451171875 0.1435546875 0.7451171875 0.1318359375 0.74658203125 0.1181640625 0.74658203125 0.1142578125 0.74658203125 0.111328125 0.74658203125 0.0986328125 0.74951171875 0.0927734375 0.75146484375 0.0908203125 0.7451171875 0.08984375 0.7451171875 0.0859375 0.7431640625 0.0791015625
5 0.67138671875 0.1884765625 0.6767578125 0.1826171875 0.6826171875 0.1826171875 0.6884765625 0.1884765625 0.693359375 0.197265625 0.693359375 0.2109375 0.68212890625 0.21484375 0.6748046875 0.21484375
5 0.6474609375 0.1796875 0.65966796875 0.177734375 0.67578125 0.1806640625 0.6767578125 0.2177734375 0.67626953125 0.2314453125 0.66015625 0.23828125 0.65185546875 0.2333984375
1 0.74072265625 0.2529296875 0.7626953125 0.25 0.849609375 0.2841796875 0.8642578125 0.3330078125 0.81103515625 0.330078125 0.77099609375 0.3291015625 0.75244140625 0.3056640625 0.73974609375 0.265625
5 0.5283203125 0.193359375 0.5322265625 0.1806640625 0.544921875 0.1767578125 0.55322265625 0.1767578125 0.556640625 0.18359375 0.55810546875 0.1982421875 0.54296875 0.2216796875 0.52685546875 0.21875
5 0.50830078125 0.216796875 0.50830078125 0.2099609375 0.5107421875 0.20703125 0.509765625 0.2041015625 0.5107421875 0.19921875 0.51318359375 0.19921875 0.51611328125 0.1923828125 0.52392578125 0.1904296875 0.53076171875 0.1904296875 0.53662109375 0.2021484375 0.5263671875 0.2275390625 0.51904296875 0.2275390625 0.5185546875 0.224609375 0.51416015625 0.22265625 0.51318359375 0.2265625 0.51171875 0.2265625 0.51025390625 0.2265625 0.509765625 0.224609375
5 0.40283203125 0.2216796875 0.40185546875 0.212890625 0.40185546875 0.2080078125 0.40869140625 0.203125 0.41357421875 0.193359375 0.4208984375 0.1875 0.42822265625 0.1845703125 0.4453125 0.185546875 0.447265625 0.2109375 0.42919921875 0.22265625 0.40869140625 0.2275390625
5 0.41650390625 0.2216796875 0.416015625 0.2138671875 0.41796875 0.208984375 0.42724609375 0.201171875 0.4365234375 0.19140625 0.44873046875 0.1875 0.45556640625 0.1875 0.4609375 0.1904296875 0.46630859375 0.197265625 0.46484375 0.216796875
5 0.267578125 0.2138671875 0.26806640625 0.2060546875 0.2724609375 0.19921875 0.27783203125 0.197265625 0.28369140625 0.189453125 0.28857421875 0.1845703125 0.29638671875 0.18359375 0.30322265625 0.185546875 0.310546875 0.197265625 0.29541015625 0.21875
5 0.27392578125 0.2333984375 0.2724609375 0.224609375 0.27392578125 0.2158203125 0.28369140625 0.212890625 0.2919921875 0.203125 0.298828125 0.197265625 0.3115234375 0.1943359375 0.318359375 0.1943359375 0.32763671875 0.1962890625 0.32958984375 0.2021484375 0.33056640625 0.21875 0.33056640625 0.2314453125 0.28515625 0.2353515625
5 0.21533203125 0.212890625 0.224609375 0.208984375 0.2275390625 0.203125 0.2421875 0.1962890625 0.25244140625 0.1962890625 0.2578125 0.19921875 0.2607421875 0.2060546875 0.26318359375 0.2119140625 0.26416015625 0.2392578125 0.22021484375 0.2392578125 0.21484375 0.236328125
2 0.1806640625 0.0849609375 0.2138671875 0.0927734375 0.21728515625 0.27734375 -0.0009765625 0.306640625 -0.0009765625 0.083984375 0.06005859375 0.0849609375 0.09326171875 0.0859375 0.1396484375 0.083984375 0.1533203125 0.0830078125 0.17236328125 0.0830078125
1 0.35693359375 0.236328125 0.396484375 0.234375 0.40673828125 0.2392578125 0.4072265625 0.2451171875 0.40478515625 0.25390625 0.3857421875 0.267578125 0.34423828125 0.2890625 0.259765625 0.318359375 0.185546875 0.3173828125 0.060546875 0.3212890625 0.0 0.3203125 0.00048828125 0.2861328125 0.22314453125 0.26953125 0.3251953125 0.2578125 0.35302734375 0.2470703125
3 0.21630859375 0.234375 0.2158203125 0.205078125 0.27294921875 0.2060546875 0.2919921875 0.20703125 0.33447265625 0.2109375 0.35498046875 0.2119140625 0.35986328125 0.2158203125 0.3623046875 0.216796875 0.3642578125 0.255859375 0.35205078125 0.263671875 0.31982421875 0.271484375 0.28173828125 0.275390625 0.23388671875 0.2783203125 0.16748046875 0.2861328125 0.046875 0.2939453125 0.0 0.298828125 -0.00048828125 0.2421875 0.07861328125 0.2431640625
1 0.01025390625 0.3779296875 0.0244140625 0.3876953125 0.0341796875 0.3974609375 0.04248046875 0.4072265625 0.0400390625 0.4208984375 0.025390625 0.4326171875 0.0 0.4560546875 0.00048828125 0.376953125
5 0.0087890625 0.2490234375 0.01416015625 0.2548828125 0.01611328125 0.263671875 0.02490234375 0.2744140625 0.03125 0.287109375 0.033203125 0.2958984375 0.03515625 0.3037109375 0.0380859375 0.31640625 0.0380859375 0.330078125 0.03564453125 0.34765625 0.03173828125 0.3486328125 0.0283203125 0.35546875 0.02392578125 0.365234375 0.013671875 0.3662109375 0.0087890625 0.3544921875 0.001953125 0.3525390625 0.0009765625 0.3623046875 -0.0009765625 0.37109375 -0.0009765625 0.234375 0.00146484375 0.2353515625 0.00537109375 0.2412109375
5 0.54443359375 0.2509765625 0.5458984375 0.2001953125 0.546875 0.1923828125 0.55029296875 0.19140625 0.5693359375 0.1904296875 0.58203125 0.189453125 0.5947265625 0.1904296875 0.591796875 0.2578125
5 0.494140625 0.2470703125 0.4970703125 0.232421875 0.5068359375 0.228515625 0.529296875 0.2294921875 0.53564453125 0.2353515625 0.54150390625 0.2490234375
5 0.46533203125 0.1904296875 0.46826171875 0.1826171875 0.47802734375 0.1767578125 0.4853515625 0.1767578125 0.49560546875 0.1767578125 0.49658203125 0.181640625 0.49853515625 0.2109375 0.498046875 0.220703125 0.49658203125 0.2236328125 0.494140625 0.224609375 0.4921875 0.220703125 0.4873046875 0.2216796875 0.486328125 0.228515625 0.47509765625 0.228515625 0.47509765625 0.2236328125 0.4677734375 0.224609375 0.46630859375 0.228515625 0.46240234375 0.228515625 0.46044921875 0.2158203125 0.462890625 0.2001953125
5 0.45458984375 0.265625 0.462890625 0.2431640625 0.46875 0.2333984375 0.47021484375 0.2275390625 0.4853515625 0.2255859375 0.4873046875 0.2333984375 0.4873046875 0.23828125 0.486328125 0.2412109375 0.51318359375 0.2421875 0.51953125 0.2529296875 0.4775390625 0.3466796875 0.45947265625 0.3466796875 0.4580078125 0.3623046875 0.45556640625 0.3623046875 0.44970703125 0.361328125 0.447265625 0.3515625 0.44677734375 0.3388671875 0.44482421875 0.3291015625 0.4443359375 0.3125 0.447265625 0.283203125 0.45068359375 0.27734375 0.4521484375 0.271484375
5 0.58837890625 0.2646484375 0.58740234375 0.2509765625 0.5888671875 0.2001953125 0.59326171875 0.166015625 0.59619140625 0.16015625 0.61279296875 0.1572265625 0.63232421875 0.158203125 0.64306640625 0.1591796875 0.64794921875 0.1669921875 0.6513671875 0.1708984375 0.65380859375 0.1923828125 0.65625 0.2138671875 0.6591796875 0.21484375 0.66162109375 0.2294921875 0.65869140625 0.2392578125 0.65625 0.283203125 0.65625 0.3115234375 0.65478515625 0.3173828125 0.65234375 0.32421875 0.65087890625 0.3291015625 0.64306640625 0.328125 0.64111328125 0.3193359375 0.64111328125 0.3056640625 0.63330078125 0.3056640625 0.6259765625 0.3056640625 0.61279296875 0.2880859375 0.5986328125 0.275390625
3 0.76123046875 0.2138671875 0.7607421875 0.2587890625 0.7802734375 0.2763671875 0.8271484375 0.29296875 0.84619140625 0.2919921875 0.84423828125 0.23828125 0.82177734375 0.2333984375 0.78759765625 0.2265625 0.77001953125 0.21875 0.76611328125 0.2158203125
5 0.74853515625 0.1826171875 0.7490234375 0.150390625 0.72900390625 0.150390625 0.728515625 0.1865234375
1 0.634765625 0.423828125 0.64111328125 0.4150390625 0.6630859375 0.4033203125 0.70458984375 0.390625 0.7568359375 0.384765625 0.81298828125 0.380859375 0.87890625 0.369140625 0.99853515625 0.5107421875 0.99755859375 0.998046875 0.97607421875 0.9951171875 0.87109375 0.8515625 0.7841796875 0.716796875 0.70556640625 0.591796875 0.6650390625 0.51953125 0.6494140625 0.482421875 0.63671875 0.455078125 0.6357421875 0.447265625 0.6337890625 0.4375
2 0.84033203125 0.037109375 0.7265625 0.03515625 0.72607421875 0.0009765625 0.998046875 0.0 0.99853515625 0.5634765625 0.853515625 0.45703125 0.85546875 0.427734375 0.83056640625 0.4091796875 0.8349609375 0.2587890625 0.8388671875 0.09765625 0.83984375 0.0556640625
5 0.2392578125 0.359375 0.248046875 0.3330078125 0.2578125 0.3125 0.27294921875 0.2958984375 0.287109375 0.29296875 0.3125 0.291015625 0.33740234375 0.29296875 0.3642578125 0.298828125 0.376953125 0.3095703125 0.3857421875 0.328125 0.39306640625 0.3505859375 0.3955078125 0.35546875 0.396484375 0.349609375 0.4013671875 0.3486328125 0.4091796875 0.3525390625 0.412109375 0.35546875 0.41162109375 0.365234375 0.40673828125 0.3701171875 0.3994140625 0.37109375 0.40234375 0.37890625 0.4072265625 0.388671875 0.40966796875 0.400390625 0.41015625 0.4501953125 0.41064453125 0.486328125 0.408203125 0.4951171875 0.40234375 0.5 0.396484375 0.4990234375 0.3935546875 0.4873046875 0.38818359375 0.494140625 0.38330078125 0.5009765625 0.38330078125 0.5126953125 0.38330078125 0.53125 0.380859375 0.54296875 0.376953125 0.55078125 0.369140625 0.5517578125 0.3623046875 0.5517578125 0.357421875 0.5458984375 0.3515625 0.529296875 0.31396484375 0.5322265625 0.2705078125 0.5322265625 0.25341796875 0.52734375 0.24609375 0.5224609375 0.24609375 0.5361328125 0.24072265625 0.5458984375 0.2265625 0.548828125 0.220703125 0.5458984375 0.21630859375 0.525390625 0.21484375 0.5 0.21337890625 0.46484375 0.21337890625 0.443359375 0.216796875 0.4267578125 0.21630859375 0.3994140625 0.22119140625 0.3798828125 0.23046875 0.3681640625 0.2333984375 0.365234375 0.23486328125 0.3642578125
5 0.60400390625 0.2587890625 0.6103515625 0.2587890625 0.6171875 0.2666015625 0.62109375 0.27734375 0.62255859375 0.28125 0.62548828125 0.27734375 0.630859375 0.2783203125 0.6328125 0.2822265625 0.6279296875 0.291015625 0.62744140625 0.298828125 0.62841796875 0.306640625 0.62939453125 0.3154296875 0.62939453125 0.3291015625 0.62939453125 0.3623046875 0.61181640625 0.3623046875 0.6025390625 0.2763671875 0.6015625 0.267578125
5 0.47900390625 0.310546875 0.48828125 0.267578125 0.4931640625 0.2529296875 0.49755859375 0.248046875 0.5009765625 0.2412109375 0.501953125 0.2412109375 0.50439453125 0.2470703125 0.52294921875 0.2470703125 0.548828125 0.24609375 0.56201171875 0.248046875 0.58154296875 0.2509765625 0.5966796875 0.2529296875 0.6005859375 0.25 0.60546875 0.2529296875 0.6083984375 0.2587890625 0.615234375 0.287109375 0.62109375 0.3212890625 0.62548828125 0.3173828125 0.63134765625 0.32421875 0.63330078125 0.328125 0.63525390625 0.337890625 0.63525390625 0.3447265625 0.6279296875 0.3486328125 0.630859375 0.357421875 0.63525390625 0.388671875 0.638671875 0.419921875 0.63818359375 0.470703125 0.63916015625 0.5400390625 0.63720703125 0.5654296875 0.6123046875 0.5703125 0.60693359375 0.5595703125 0.60498046875 0.5322265625 0.54736328125 0.5224609375 0.50341796875 0.5205078125 0.4873046875 0.529296875 0.48486328125 0.533203125 0.48291015625 0.5576171875 0.4775390625 0.5615234375 0.45751953125 0.560546875 0.45458984375 0.5517578125 0.4560546875 0.4541015625 0.4541015625 0.4248046875 0.45458984375 0.4091796875 0.45849609375 0.40234375 0.46240234375 0.3828125 0.466796875 0.359375 0.46533203125 0.3515625 0.4677734375 0.34765625 0.47265625 0.341796875 0.46435546875 0.3359375 0.46337890625 0.333984375 0.4638671875 0.318359375 0.46728515625 0.3125 0.47314453125 0.30859375
4 0.3935546875 0.2548828125 0.390625 0.24609375 0.39013671875 0.2353515625 0.390625 0.224609375 0.3935546875 0.22265625 0.3955078125 0.2197265625 0.3955078125 0.2109375 0.39794921875 0.20703125 0.3994140625 0.208984375 0.400390625 0.21484375 0.40283203125 0.2197265625 0.4033203125 0.22265625 0.4033203125 0.2314453125 0.40380859375 0.23828125 0.40380859375 0.24609375 0.40185546875 0.2509765625 0.39697265625 0.25390625
