2 0.4541015625 0.1904296875 0.4541015625 0.1826171875 0.453125 0.1748046875 0.45556640625 0.1669921875 0.458984375 0.1494140625 0.46435546875 0.1455078125 0.47119140625 0.1474609375 0.50390625 0.1533203125 0.48095703125 0.205078125 0.45361328125 0.205078125
4 0.4072265625 0.2177734375 0.42724609375 0.2060546875 0.43017578125 0.19921875 0.4326171875 0.1982421875 0.435546875 0.193359375 0.4404296875 0.1904296875 0.44091796875 0.1904296875 0.44384765625 0.1943359375 0.4482421875 0.1982421875 0.44970703125 0.1923828125 0.451171875 0.18359375 0.45556640625 0.1845703125 0.462890625 0.1845703125 0.46923828125 0.1748046875 0.47412109375 0.173828125 0.4765625 0.1669921875 0.47314453125 0.166015625 0.46923828125 0.16015625 0.47021484375 0.1533203125 0.47314453125 0.1494140625 0.47802734375 0.142578125 0.482421875 0.1328125 0.48828125 0.1357421875 0.49267578125 0.1416015625 0.4931640625 0.1376953125 0.4931640625 0.1318359375 0.4931640625 0.1259765625 0.49609375 0.123046875 0.4990234375 0.1171875 0.50048828125 0.1123046875 0.505859375 0.107421875 0.505859375 0.099609375 0.50341796875 0.09765625 0.5029296875 0.0888671875 0.49951171875 0.0859375 0.50048828125 0.0693359375 0.49853515625 0.0625 0.501953125 0.0537109375 0.50244140625 0.044921875 0.50439453125 0.0361328125 0.50537109375 0.025390625 0.50830078125 0.0205078125 0.505859375 0.015625 0.5068359375 0.0048828125 0.5078125 0.0 0.84130859375 0.0009765625 0.83984375 0.0126953125 0.84228515625 0.033203125 0.84228515625 0.05078125 0.84521484375 0.0712890625 0.84326171875 0.0732421875 0.84375 0.078125 0.84619140625 0.0849609375 0.85009765625 0.076171875 0.85302734375 0.076171875 0.85302734375 0.0634765625 0.85791015625 0.060546875 0.86083984375 0.0625 0.86328125 0.0693359375 0.8623046875 0.0849609375 0.86279296875 0.08984375 0.8603515625 0.0986328125 0.85986328125 0.107421875 0.8642578125 0.1005859375 0.865234375 0.0927734375 0.87060546875 0.08984375 0.87060546875 0.083984375 0.87158203125 0.060546875 0.87451171875 0.0546875 0.87744140625 0.060546875 0.88134765625 0.05859375 0.88330078125 0.0498046875 0.88623046875 0.0458984375 0.89013671875 0.0439453125 0.89306640625 0.0361328125 0.896484375 0.0341796875 0.8994140625 0.0283203125 0.90283203125 0.0244140625 0.9072265625 0.0244140625 0.91259765625 0.021484375 0.91650390625 0.0244140625 0.9208984375 0.03125 0.9208984375 0.0458984375 0.9228515625 0.05078125 0.92431640625 0.05859375 0.92724609375 0.060546875 0.92919921875 0.0654296875 0.92919921875 0.0751953125 0.92626953125 0.0859375 0.927734375 0.0859375 0.93115234375 0.0791015625 0.9345703125 0.076171875 0.93701171875 0.080078125 0.9345703125 0.0986328125 0.94287109375 0.091796875 0.9501953125 0.0947265625 0.9560546875 0.09765625 0.9638671875 0.095703125 0.9599609375 0.0869140625 0.95947265625 0.0732421875 0.9677734375 0.0693359375 0.970703125 0.060546875 0.974609375 0.0517578125 0.982421875 0.0439453125 0.9892578125 0.044921875 0.998046875 0.041015625 0.99853515625 0.6591796875 0.44921875 0.431640625 0.4404296875 0.4287109375 0.42529296875 0.40625 0.42333984375 0.4013671875 0.42138671875 0.392578125 0.41943359375 0.3896484375 0.41796875 0.388671875 0.41455078125 0.3857421875 0.40966796875 0.3818359375 0.4072265625 0.380859375 0.40283203125 0.3740234375 0.3984375 0.3642578125
0 -0.0009765625 0.4873046875 0.3720703125 0.3955078125 0.45166015625 0.3837890625 0.99853515625 0.701171875 0.998046875 0.9970703125 0.0 0.99609375
4 0.4248046875 0.3876953125 0.419921875 0.419921875 0.4482421875 0.43359375 0.5078125 0.4345703125 0.50732421875 0.416015625 0.45166015625 0.3837890625 0.4248046875 0.3876953125
1 0.42919921875 0.4296875 0.4404296875 0.427734375 0.4619140625 0.435546875 0.45458984375 0.4375
1 0.0 0.6181640625 0.07373046875 0.5888671875 0.14794921875 0.5576171875 0.21337890625 0.529296875 0.3125 0.4931640625 0.38330078125 0.4541015625 0.3857421875 0.4501953125 0.38671875 0.4462890625 0.3857421875 0.439453125 0.38525390625 0.4365234375 0.39404296875 0.439453125 0.40576171875 0.443359375 0.41552734375 0.44921875 0.419921875 0.455078125 0.4208984375 0.470703125 0.416015625 0.4794921875 0.39794921875 0.5048828125 0.36669921875 0.5400390625 0.31396484375 0.603515625 0.267578125 0.654296875 0.20068359375 0.7255859375 0.16357421875 0.763671875 0.11669921875 0.8134765625 0.09033203125 0.84375 0.04638671875 0.88671875 0.02734375 0.9052734375 0.01171875 0.91796875 -0.0009765625 0.9306640625
4 0.396484375 0.365234375 0.3935546875 0.396484375 0.39599609375 0.396484375 0.3984375 0.396484375 0.39892578125 0.392578125 0.3984375 0.3857421875 0.39892578125 0.369140625 0.4091796875 0.3603515625 0.4111328125 0.3505859375 0.40625 0.3330078125 0.39599609375 0.3369140625 0.38916015625 0.3486328125 0.38818359375 0.361328125 0.39404296875 0.369140625
4 0.3681640625 0.3740234375 0.37255859375 0.396484375 0.37451171875 0.404296875 0.3740234375 0.419921875 0.37548828125 0.4208984375 0.37744140625 0.4228515625 0.3779296875 0.419921875 0.37744140625 0.40234375 0.3798828125 0.396484375 0.380859375 0.3896484375 0.38232421875 0.38671875 0.3837890625 0.37890625 0.384765625 0.3740234375 0.3818359375 0.369140625 0.37939453125 0.3681640625 0.37158203125 0.369140625 0.369140625 0.3662109375
5 0.38720703125 0.4248046875 0.38427734375 0.4248046875 0.3837890625 0.419921875 0.3837890625 0.4140625 0.384765625 0.408203125 0.3857421875 0.4033203125 0.38671875 0.4013671875 0.390625 0.4013671875
5 0.390625 0.4248046875 0.3857421875 0.423828125 0.3857421875 0.41796875 0.3857421875 0.4111328125 0.3857421875 0.408203125 0.38671875 0.4052734375 0.388671875 0.40234375 0.3916015625 0.3994140625 0.39794921875 0.3994140625 0.3984375 0.4072265625
5 0.3955078125 0.427734375 0.39208984375 0.42578125 0.39111328125 0.421875 0.39111328125 0.4140625 0.390625 0.4091796875 0.3916015625 0.4072265625 0.39404296875 0.404296875 0.39501953125 0.4013671875 0.40234375 0.4013671875 0.4052734375 0.40625 0.4033203125 0.4248046875 0.396484375 0.423828125
5 0.40576171875 0.4296875 0.40185546875 0.4287109375 0.4013671875 0.419921875 0.40185546875 0.41015625 0.40380859375 0.4072265625 0.40576171875 0.4033203125 0.412109375 0.40234375 0.4150390625 0.4033203125 0.4189453125 0.4091796875 0.4189453125 0.4130859375 0.4189453125 0.4228515625 0.4189453125 0.4287109375 0.41650390625 0.4296875 0.4150390625 0.4287109375 0.4150390625 0.4267578125 0.40673828125 0.42578125
4 -0.00048828125 0.0 0.40673828125 0.0 0.40625 0.00390625 0.4033203125 0.017578125 0.40185546875 0.02734375 0.4033203125 0.0302734375 0.40673828125 0.02734375 0.41064453125 0.02734375 0.4140625 0.03125 0.41455078125 0.037109375 0.41455078125 0.0390625 0.4140625 0.04296875 0.412109375 0.0419921875 0.40966796875 0.041015625 0.40771484375 0.04296875 0.4052734375 0.0478515625 0.40869140625 0.0498046875 0.408203125 0.0537109375 0.4072265625 0.05859375 0.4052734375 0.060546875 0.40771484375 0.0654296875 0.412109375 0.064453125 0.41552734375 0.06640625 0.41748046875 0.076171875 0.41455078125 0.08203125 0.408203125 0.083984375 0.404296875 0.083984375 0.4033203125 0.0888671875 0.40478515625 0.0947265625 0.40478515625 0.1064453125 0.400390625 0.109375 0.39697265625 0.11328125 0.39208984375 0.1103515625 0.388671875 0.1103515625 0.38525390625 0.1103515625 0.3818359375 0.1162109375 0.380859375 0.1220703125 0.38330078125 0.1259765625 0.3818359375 0.1298828125 0.3857421875 0.1318359375 0.3896484375 0.12890625 0.3935546875 0.12890625 0.39306640625 0.1328125 0.3935546875 0.1396484375 0.39794921875 0.1416015625 0.4033203125 0.1455078125 0.40185546875 0.1513671875 0.40478515625 0.15234375 0.40966796875 0.1513671875 0.4130859375 0.1591796875 0.41552734375 0.1650390625 0.41796875 0.17578125 0.41845703125 0.1865234375 0.419921875 0.197265625 0.42041015625 0.2041015625 0.4248046875 0.208984375 0.42529296875 0.21875 0.41357421875 0.220703125 0.40869140625 0.2275390625 0.40869140625 0.2353515625 0.404296875 0.2470703125 0.41162109375 0.25390625 0.4150390625 0.2607421875 0.41650390625 0.263671875 0.41943359375 0.267578125 0.421875 0.2783203125 0.41845703125 0.283203125 0.4169921875 0.2880859375 0.419921875 0.29296875 0.42626953125 0.296875 0.4267578125 0.302734375 0.42578125 0.3125 0.4228515625 0.3212890625 0.4130859375 0.3232421875 0.40673828125 0.3251953125 0.408203125 0.3330078125 0.4091796875 0.3466796875 0.40771484375 0.353515625 0.40478515625 0.361328125 0.3994140625 0.3671875 0.3974609375 0.369140625 0.39990234375 0.376953125 0.39453125 0.37890625 0.39013671875 0.3798828125 0.3876953125 0.3818359375 0.38818359375 0.388671875 0.3857421875 0.392578125 0.38232421875 0.3955078125 0.38037109375 0.40234375 0.37646484375 0.404296875 0.3740234375 0.4052734375 0.37109375 0.408203125 0.36669921875 0.412109375 0.35400390625 0.4150390625 0.34619140625 0.4130859375 0.3408203125 0.412109375 0.33056640625 0.412109375 0.32177734375 0.4150390625 0.3076171875 0.419921875 0.30078125 0.419921875 0.279296875 0.4189453125 0.2626953125 0.416015625 0.24853515625 0.4189453125 0.2216796875 0.4267578125 0.21044921875 0.4306640625 0.1884765625 0.43359375 0.17333984375 0.427734375 0.166015625 0.4248046875 0.150390625 0.4326171875 0.1318359375 0.435546875 0.119140625 0.439453125 0.1142578125 0.43359375 0.1064453125 0.4287109375 0.095703125 0.4345703125 0.078125 0.4375 0.06005859375 0.435546875 0.04541015625 0.4345703125 0.041015625 0.4384765625 0.0400390625 0.4482421875 0.03955078125 0.4580078125 0.03076171875 0.462890625 0.02685546875 0.466796875 0.02197265625 0.4697265625 0.0146484375 0.466796875 0.00732421875 0.4658203125 0.0 0.46484375 -0.0009765625 0.466796875 -0.0009765625 0.4619140625 -0.0009765625 0.23828125 -0.0009765625 0.1103515625
5 0.42529296875 0.43359375 0.42333984375 0.4326171875 0.42236328125 0.43359375 0.4208984375 0.4326171875 0.42041015625 0.4267578125 0.42041015625 0.4228515625 0.4208984375 0.4169921875 0.421875 0.4140625 0.4228515625 0.4091796875 0.42529296875 0.40625 0.4267578125 0.40625 0.43408203125 0.404296875 0.43896484375 0.40625 0.44189453125 0.41015625 0.443359375 0.4208984375 0.4443359375 0.4326171875 0.44287109375 0.435546875 0.44091796875 0.4345703125 0.4404296875 0.4326171875 0.439453125 0.431640625 0.4384765625 0.4345703125 0.4365234375 0.43359375 0.435546875 0.4306640625 0.4296875 0.4306640625 0.42919921875 0.43359375
5 0.45166015625 0.419921875 0.451171875 0.4169921875 0.45361328125 0.4150390625 0.455078125 0.41015625 0.4560546875 0.4072265625 0.45947265625 0.40625 0.46630859375 0.4072265625 0.458984375 0.44140625 0.45654296875 0.44140625 0.455078125 0.4384765625 0.455078125 0.4365234375 0.4541015625 0.4365234375 0.45361328125 0.439453125 0.453125 0.44140625 0.451171875 0.439453125 0.45068359375 0.4345703125 0.451171875 0.4306640625 0.45068359375 0.4267578125 0.451171875 0.423828125
5 0.46240234375 0.4130859375 0.46533203125 0.40625 0.46728515625 0.4052734375 0.47802734375 0.4052734375 0.4814453125 0.40625 0.4833984375 0.4111328125 0.47412109375 0.44140625 0.46728515625 0.44140625 0.46630859375 0.443359375 0.4619140625 0.4423828125 0.4609375 0.4404296875 0.458984375 0.4423828125 0.45654296875 0.4404296875 0.45654296875 0.4345703125 0.45703125 0.42578125 0.45947265625 0.4208984375 0.458984375 0.41796875 0.458984375 0.4140625 0.46044921875 0.4140625
5 0.47509765625 0.4189453125 0.47998046875 0.408203125 0.48583984375 0.40625 0.494140625 0.40625 0.49755859375 0.4052734375 0.50048828125 0.408203125 0.5029296875 0.416015625 0.4970703125 0.447265625 0.4931640625 0.4462890625 0.4912109375 0.4423828125 0.486328125 0.4423828125 0.4853515625 0.443359375 0.48388671875 0.4443359375 0.4833984375 0.447265625 0.47998046875 0.4462890625 0.4794921875 0.4443359375 0.478515625 0.4423828125 0.4755859375 0.44140625 0.4755859375 0.4453125 0.4716796875 0.4443359375 0.47119140625 0.4375 0.4716796875 0.4287109375 0.47265625 0.423828125 0.47314453125 0.4208984375
5 0.50390625 0.4111328125 0.5068359375 0.408203125 0.51513671875 0.408203125 0.51953125 0.41015625 0.5126953125 0.451171875 0.5068359375 0.451171875 0.505859375 0.45703125 0.501953125 0.455078125 0.50146484375 0.4482421875 0.5 0.4482421875 0.4990234375 0.4541015625 0.49560546875 0.4521484375 0.4951171875 0.4443359375 0.49609375 0.4306640625 0.498046875 0.4248046875 0.4970703125 0.4248046875 0.4970703125 0.421875 0.49951171875 0.4208984375 0.5009765625 0.41796875 0.50244140625 0.4150390625
5 0.51123046875 0.4609375 0.509765625 0.458984375 0.509765625 0.443359375 0.51171875 0.4306640625 0.51318359375 0.4267578125 0.51025390625 0.423828125 0.51123046875 0.4208984375 0.51318359375 0.419921875 0.51416015625 0.419921875 0.5166015625 0.4140625 0.52001953125 0.4072265625 0.5263671875 0.4052734375 0.5361328125 0.408203125 0.51904296875 0.4638671875 0.5166015625 0.462890625 0.51513671875 0.4580078125 0.513671875 0.45703125 0.51318359375 0.4609375
5 0.5263671875 0.419921875 0.52978515625 0.4130859375 0.53271484375 0.4072265625 0.5419921875 0.4052734375 0.54541015625 0.4052734375 0.55078125 0.41015625 0.53857421875 0.4580078125 0.5322265625 0.458984375 0.53125 0.46484375 0.52734375 0.46484375 0.52685546875 0.462890625 0.52685546875 0.4599609375 0.52490234375 0.458984375 0.52392578125 0.4638671875 0.52099609375 0.4619140625 0.52001953125 0.4521484375 0.52099609375 0.435546875 0.52294921875 0.42578125 0.52392578125 0.423828125 0.52392578125 0.419921875 0.525390625 0.4189453125
5 0.54248046875 0.4287109375 0.544921875 0.423828125 0.5498046875 0.4140625 0.5576171875 0.4130859375 0.564453125 0.4130859375 0.552734375 0.470703125 0.54833984375 0.470703125 0.5478515625 0.478515625 0.54736328125 0.4794921875 0.54296875 0.4794921875 0.5419921875 0.4765625 0.5390625 0.474609375 0.5380859375 0.46484375 0.53759765625 0.453125 0.5380859375 0.443359375 0.5400390625 0.4384765625 0.5380859375 0.435546875 0.537109375 0.431640625 0.5380859375 0.4296875 0.53857421875 0.4287109375 0.54052734375 0.4287109375
5 0.5517578125 0.4375 0.55029296875 0.4326171875 0.55078125 0.4296875 0.5546875 0.4287109375 0.55859375 0.4208984375 0.5615234375 0.412109375 0.56494140625 0.4072265625 0.56884765625 0.40625 0.5703125 0.408203125 0.5888671875 0.4091796875 0.59228515625 0.40625 0.595703125 0.4091796875 0.56689453125 0.482421875 0.56298828125 0.482421875 0.5615234375 0.48828125 0.556640625 0.4873046875 0.55517578125 0.4814453125 0.55517578125 0.4794921875 0.5546875 0.478515625 0.55419921875 0.4833984375 0.55126953125 0.4833984375 0.5498046875 0.48046875 0.5498046875 0.470703125 0.548828125 0.46484375 0.5498046875 0.451171875 0.55029296875 0.44921875 0.55078125 0.4453125
5 0.56689453125 0.443359375 0.564453125 0.44140625 0.56396484375 0.4375 0.5654296875 0.435546875 0.5693359375 0.4365234375 0.57568359375 0.41796875 0.57861328125 0.4140625 0.5869140625 0.4130859375 0.60205078125 0.4111328125 0.607421875 0.4140625 0.58935546875 0.494140625 0.57958984375 0.4912109375 0.5791015625 0.5 0.57666015625 0.5009765625 0.5732421875 0.5 0.57177734375 0.4970703125 0.57177734375 0.4912109375 0.5712890625 0.4912109375 0.56982421875 0.49609375 0.5654296875 0.4951171875 0.56494140625 0.4912109375 0.5654296875 0.4716796875 0.56494140625 0.4619140625 0.564453125 0.45703125 0.56494140625 0.455078125 0.5654296875 0.4541015625 0.56640625 0.44921875
5 0.5927734375 0.4482421875 0.59033203125 0.4462890625 0.58935546875 0.439453125 0.59423828125 0.4375 0.595703125 0.4365234375 0.599609375 0.4267578125 0.60595703125 0.4140625 0.609375 0.41015625 0.6259765625 0.408203125 0.64404296875 0.4072265625 0.65087890625 0.4091796875 0.65478515625 0.4140625 0.6171875 0.5126953125 0.61181640625 0.5126953125 0.61083984375 0.5166015625 0.609375 0.5244140625 0.60498046875 0.5244140625 0.60009765625 0.5185546875 0.6005859375 0.505859375 0.59619140625 0.505859375 0.59521484375 0.5146484375 0.59130859375 0.515625 0.587890625 0.5126953125 0.58740234375 0.4912109375 0.58740234375 0.474609375 0.5888671875 0.458984375 0.59130859375 0.4541015625 0.591796875 0.4521484375
5 0.6259765625 0.455078125 0.62060546875 0.453125 0.61767578125 0.447265625 0.61962890625 0.4423828125 0.623046875 0.4404296875 0.62744140625 0.44140625 0.6298828125 0.4404296875 0.634765625 0.4287109375 0.638671875 0.4208984375 0.642578125 0.416015625 0.6494140625 0.4130859375 0.66064453125 0.412109375 0.67724609375 0.4111328125 0.67822265625 0.4033203125 0.67919921875 0.4033203125 0.6796875 0.4072265625 0.6796875 0.412109375 0.68994140625 0.4140625 0.697265625 0.4169921875 0.65966796875 0.5478515625 0.65673828125 0.546875 0.65576171875 0.5419921875 0.65576171875 0.5361328125 0.65087890625 0.5361328125 0.646484375 0.5361328125 0.64501953125 0.55078125 0.640625 0.552734375 0.63330078125 0.548828125 0.63232421875 0.537109375 0.6328125 0.53125 0.62890625 0.5302734375 0.62646484375 0.537109375 0.61767578125 0.53515625 0.6162109375 0.5166015625 0.61669921875 0.49609375 0.61669921875 0.4833984375 0.6181640625 0.4716796875 0.62109375 0.46484375 0.62353515625 0.4599609375
5 0.6728515625 0.4765625 0.67236328125 0.4716796875 0.6669921875 0.46875 0.666015625 0.4619140625 0.66845703125 0.4580078125 0.67626953125 0.4560546875 0.677734375 0.458984375 0.67822265625 0.4609375 0.68115234375 0.44921875 0.68896484375 0.4306640625 0.69873046875 0.4140625 0.712890625 0.4072265625 0.7294921875 0.404296875 0.74951171875 0.4052734375 0.76513671875 0.408203125 0.77783203125 0.412109375 0.79296875 0.431640625 0.802734375 0.4541015625 0.80615234375 0.47265625 0.77978515625 0.5771484375 0.7509765625 0.578125 0.71484375 0.5771484375 0.7099609375 0.5966796875 0.703125 0.5966796875 0.69580078125 0.591796875 0.69482421875 0.5751953125 0.6943359375 0.560546875 0.68896484375 0.560546875 0.68408203125 0.56640625 0.6796875 0.572265625 0.66748046875 0.5693359375 0.6611328125 0.55859375 0.65869140625 0.537109375 0.66064453125 0.5205078125 0.66552734375 0.509765625 0.666015625 0.5009765625 0.6669921875 0.486328125 0.67041015625 0.48046875
5 0.796875 0.4912109375 0.79052734375 0.4853515625 0.79052734375 0.47265625 0.79345703125 0.4697265625 0.79833984375 0.466796875 0.806640625 0.4658203125 0.810546875 0.4560546875 0.8173828125 0.4365234375 0.830078125 0.412109375 0.84228515625 0.3974609375 0.85986328125 0.390625 0.87890625 0.388671875 0.90673828125 0.38671875 0.92626953125 0.38671875 0.94775390625 0.388671875 0.96875 0.392578125 0.99560546875 0.40234375 0.9990234375 0.4052734375 0.99853515625 0.69921875 0.91455078125 0.697265625 0.88818359375 0.697265625 0.88623046875 0.7109375 0.8857421875 0.724609375 0.88037109375 0.7392578125 0.87548828125 0.7470703125 0.86376953125 0.7421875 0.857421875 0.734375 0.8515625 0.7109375 0.849609375 0.69140625 0.8427734375 0.681640625 0.81787109375 0.666015625 0.8095703125 0.6591796875 0.80322265625 0.6572265625 0.80078125 0.6689453125 0.79736328125 0.677734375 0.7919921875 0.6767578125 0.7841796875 0.669921875 0.7802734375 0.6533203125 0.7802734375 0.603515625 0.77880859375 0.5703125 0.78173828125 0.5302734375 0.78759765625 0.5107421875 0.79150390625 0.50390625 0.794921875 0.4990234375
5 0.9560546875 0.552734375 0.94970703125 0.541015625 0.94921875 0.5341796875 0.95263671875 0.5224609375 0.96728515625 0.5107421875 0.974609375 0.5107421875 0.998046875 0.470703125 0.998046875 0.8232421875 0.96240234375 0.80078125 0.9599609375 0.8154296875 0.95458984375 0.833984375 0.9453125 0.83984375 0.93115234375 0.8310546875 0.92822265625 0.810546875 0.9287109375 0.7763671875 0.919921875 0.76171875 0.9130859375 0.7158203125 0.91357421875 0.6630859375 0.921875 0.6123046875 0.93310546875 0.578125 0.94873046875 0.560546875
