4 0.44140625 0.0693359375 0.4560546875 0.0751953125 0.46240234375 0.0771484375 0.47119140625 0.078125 0.48388671875 0.0791015625 0.49072265625 0.0791015625 0.5009765625 0.080078125 0.515625 0.0810546875 0.53662109375 0.0791015625 0.54833984375 0.0830078125 0.55810546875 0.08984375 0.5625 0.0908203125 0.5673828125 0.08984375 0.5732421875 0.08984375 0.58203125 0.09375 0.53564453125 0.298828125 0.48583984375 0.296875
4 0.4375 0.068359375 0.4609375 0.0771484375 0.49169921875 0.0771484375 0.517578125 0.0810546875 0.54052734375 0.078125 0.55810546875 0.0888671875 0.572265625 0.0888671875 0.58056640625 0.091796875 0.53662109375 0.2109375 0.49169921875 0.208984375
2 0.50341796875 0.2021484375 0.529296875 0.2021484375 0.52734375 0.2587890625 0.50048828125 0.2587890625
0 -0.0009765625 0.6728515625 0.35693359375 0.4599609375 0.4375 0.4033203125 0.4921875 0.33984375 0.50537109375 0.2587890625 0.51904296875 0.2568359375 0.52294921875 0.287109375 0.53466796875 0.333984375 0.55712890625 0.3974609375 0.63671875 0.4619140625 0.763671875 0.5234375 0.99853515625 0.6591796875 0.99755859375 0.99609375 0.6103515625 0.998046875 0.3310546875 0.998046875 0.0 0.9970703125
1 0.4912109375 0.2734375 0.50634765625 0.265625 0.4892578125 0.3349609375 0.46923828125 0.373046875 0.44970703125 0.40625 0.375 0.48046875 0.13232421875 0.64453125 0.08740234375 0.67578125 0.029296875 0.7109375 0.0 0.7236328125 -0.0009765625 0.5029296875 0.1962890625 0.466796875 0.35986328125 0.419921875 0.4013671875 0.3974609375 0.44189453125 0.3671875 0.466796875 0.333984375 0.48828125 0.29296875
1 0.5224609375 0.2705078125 0.52978515625 0.2705078125 0.54052734375 0.2900390625 0.57470703125 0.359375 0.6181640625 0.3818359375 0.7001953125 0.404296875 0.99853515625 0.51953125 0.99853515625 0.76171875 0.833984375 0.6259765625 0.76416015625 0.5693359375 0.71435546875 0.5322265625 0.63671875 0.4755859375 0.55615234375 0.3896484375 0.52490234375 0.296875 0.5224609375 0.2861328125
4 0.53271484375 0.201171875 0.52490234375 0.2099609375 0.52490234375 0.2197265625 0.52294921875 0.2275390625 0.52392578125 0.2373046875 0.52392578125 0.2421875 0.52294921875 0.2509765625 0.521484375 0.259765625 0.5224609375 0.2666015625 0.52685546875 0.27734375 0.53076171875 0.2802734375 0.5341796875 0.25390625 0.53369140625 0.2138671875
2 -0.00048828125 0.0 0.404296875 0.0009765625 0.40478515625 0.0107421875 0.43310546875 0.0498046875 0.44384765625 0.0634765625 0.447265625 0.0615234375 0.44921875 0.0703125 0.46142578125 0.095703125 0.462890625 0.1064453125 0.46533203125 0.11328125 0.470703125 0.111328125 0.4755859375 0.12109375 0.48583984375 0.1220703125 0.4853515625 0.150390625 0.4912109375 0.158203125 0.4921875 0.1728515625 0.5009765625 0.1904296875 0.509765625 0.19921875 0.509765625 0.244140625 0.5078125 0.255859375 0.50341796875 0.267578125 0.498046875 0.283203125 0.4921875 0.29296875 0.48876953125 0.3076171875 0.48046875 0.326171875 0.47314453125 0.333984375 0.46435546875 0.34375 0.46484375 0.3505859375 0.453125 0.3701171875 0.44677734375 0.37109375 0.4384765625 0.3876953125 0.38525390625 0.4228515625 0.3701171875 0.4365234375 0.13037109375 0.521484375 0.10693359375 0.52734375 0.10205078125 0.5322265625 0.0986328125 0.5322265625 0.0458984375 0.544921875 0.0 0.556640625 0.0 0.3349609375 -0.00048828125 0.0498046875
2 0.53466796875 0.1728515625 0.548828125 0.1474609375 0.54833984375 0.1416015625 0.55126953125 0.130859375 0.56396484375 0.1201171875 0.57861328125 0.0888671875 0.57861328125 0.0693359375 0.59130859375 0.0595703125 0.591796875 0.0390625 0.58935546875 0.033203125 0.59912109375 0.0283203125 0.60546875 0.013671875 0.619140625 0.0009765625 0.99853515625 0.0 0.998046875 0.564453125 0.8955078125 0.533203125 0.81103515625 0.4970703125 0.76171875 0.4873046875 0.755859375 0.4873046875 0.7109375 0.46875 0.58154296875 0.3876953125 0.5625 0.361328125 0.5625 0.35546875 0.55810546875 0.34765625 0.54833984375 0.3408203125 0.5341796875 0.2958984375 0.53515625 0.287109375 0.53271484375 0.27734375 0.53125 0.1923828125 0.5341796875 0.1904296875
4 0.564453125 0.1982421875 0.5595703125 0.203125 0.5517578125 0.220703125 0.5517578125 0.234375 0.5478515625 0.25390625 0.55029296875 0.267578125 0.552734375 0.2783203125 0.55810546875 0.287109375 0.5625 0.298828125 0.55517578125 0.3076171875 0.5517578125 0.318359375 0.55517578125 0.333984375 0.5576171875 0.33984375 0.56298828125 0.3349609375
5 0.54931640625 0.4326171875 0.55322265625 0.4365234375 0.5576171875 0.435546875 0.5576171875 0.4326171875 0.5703125 0.4345703125 0.580078125 0.3828125 0.56298828125 0.3798828125 0.55810546875 0.3828125 0.55322265625 0.39453125 0.55029296875 0.4013671875 0.548828125 0.4140625 0.548828125 0.42578125
5 0.60595703125 0.3876953125 0.591796875 0.384765625 0.5791015625 0.3857421875 0.5732421875 0.396484375 0.572265625 0.404296875 0.568359375 0.4033203125 0.56640625 0.40625 0.56787109375 0.4111328125 0.57080078125 0.412109375 0.56689453125 0.4208984375 0.5654296875 0.44921875 0.5654296875 0.4560546875 0.5693359375 0.4580078125 0.572265625 0.4619140625 0.57568359375 0.4609375 0.57763671875 0.453125 0.5927734375 0.4521484375
5 0.6259765625 0.3896484375 0.60986328125 0.3876953125 0.6044921875 0.3876953125 0.59765625 0.4013671875 0.59375 0.4130859375 0.5908203125 0.412109375 0.58837890625 0.416015625 0.587890625 0.421875 0.59033203125 0.423828125 0.587890625 0.4326171875 0.5869140625 0.4404296875 0.58544921875 0.4638671875 0.58544921875 0.482421875 0.5888671875 0.4853515625 0.59228515625 0.4833984375 0.5927734375 0.4736328125 0.59375 0.4736328125 0.59326171875 0.4853515625 0.59423828125 0.4892578125 0.59765625 0.4912109375 0.6015625 0.490234375 0.60205078125 0.4814453125 0.6103515625 0.48046875
5 0.65625 0.3828125 0.640625 0.3798828125 0.62890625 0.380859375 0.6220703125 0.3916015625 0.6162109375 0.416015625 0.61279296875 0.4169921875 0.60986328125 0.41796875 0.60986328125 0.423828125 0.61279296875 0.4267578125 0.61376953125 0.4267578125 0.609375 0.443359375 0.60791015625 0.4736328125 0.60791015625 0.4951171875 0.609375 0.4990234375 0.6123046875 0.5009765625 0.61572265625 0.4990234375 0.61572265625 0.494140625 0.6171875 0.494140625 0.61669921875 0.5029296875 0.619140625 0.5087890625 0.623046875 0.5107421875 0.62744140625 0.5087890625
5 0.71630859375 0.4560546875 0.7109375 0.4169921875 0.705078125 0.392578125 0.6826171875 0.3857421875 0.65625 0.3818359375 0.6474609375 0.384765625 0.63818359375 0.4091796875 0.63427734375 0.423828125 0.630859375 0.4189453125 0.6279296875 0.4189453125 0.62744140625 0.423828125 0.62939453125 0.4296875 0.63330078125 0.431640625 0.6298828125 0.44921875 0.62744140625 0.462890625 0.6259765625 0.505859375 0.626953125 0.5146484375 0.62939453125 0.5166015625 0.63232421875 0.5166015625 0.63330078125 0.521484375 0.63818359375 0.5244140625 0.6435546875 0.5234375 0.64404296875 0.5146484375 0.69091796875 0.5185546875 0.69091796875 0.5283203125 0.69580078125 0.53125 0.7001953125 0.529296875 0.70166015625 0.5205078125 0.7021484375 0.5205078125 0.703125 0.529296875 0.7041015625 0.5341796875 0.7099609375 0.537109375 0.71533203125 0.5341796875 0.716796875 0.4931640625
5 0.92724609375 0.5146484375 0.943359375 0.4931640625 0.95947265625 0.4697265625 0.9873046875 0.4365234375 0.998046875 0.4267578125 0.998046875 0.8759765625 0.87841796875 0.7861328125 0.87255859375 0.7998046875 0.86328125 0.8115234375 0.84521484375 0.8095703125 0.83544921875 0.7939453125 0.8310546875 0.736328125 0.83056640625 0.650390625 0.83740234375 0.603515625 0.85546875 0.5712890625 0.8857421875 0.548828125 0.8955078125 0.5419921875 0.89453125 0.521484375 0.8994140625 0.509765625 0.9111328125 0.5087890625
5 0.4375 0.4384765625 0.45263671875 0.4375 0.453125 0.4453125 0.45703125 0.4443359375 0.45947265625 0.4384765625 0.45947265625 0.4150390625 0.4580078125 0.4033203125 0.45947265625 0.4013671875 0.45947265625 0.3994140625 0.4560546875 0.3974609375 0.45361328125 0.3876953125 0.4482421875 0.380859375 0.4287109375 0.3837890625 0.42724609375 0.3876953125
5 0.38134765625 0.45703125 0.380859375 0.439453125 0.3828125 0.4267578125 0.38427734375 0.4228515625 0.38134765625 0.4208984375 0.38037109375 0.416015625 0.38134765625 0.4130859375 0.38623046875 0.4130859375 0.38916015625 0.40234375 0.39404296875 0.3916015625 0.3994140625 0.384765625 0.4130859375 0.3818359375 0.42529296875 0.3837890625 0.43359375 0.392578125 0.4375 0.4072265625 0.43994140625 0.427734375 0.4404296875 0.4482421875 0.4404296875 0.4638671875 0.4365234375 0.4658203125 0.43359375 0.4716796875 0.4306640625 0.47265625 0.427734375 0.4697265625 0.4267578125 0.4638671875 0.3896484375 0.466796875 0.38818359375 0.474609375 0.3857421875 0.4775390625 0.38232421875 0.4755859375
5 0.2919921875 0.396484375 0.31689453125 0.388671875 0.34619140625 0.3876953125 0.353515625 0.390625 0.36328125 0.4052734375 0.36669921875 0.4169921875 0.373046875 0.431640625 0.37890625 0.4541015625 0.37939453125 0.4765625 0.3798828125 0.498046875 0.38037109375 0.521484375 0.37841796875 0.529296875 0.37353515625 0.53125 0.369140625 0.529296875 0.3671875 0.521484375 0.36669921875 0.5166015625 0.361328125 0.5234375 0.36181640625 0.533203125 0.35986328125 0.544921875 0.353515625 0.5478515625 0.35009765625 0.544921875 0.34619140625 0.533203125 0.34619140625 0.53125 0.31689453125 0.533203125
5 0.15283203125 0.466796875 0.16162109375 0.4404296875 0.17578125 0.4091796875 0.18603515625 0.3955078125 0.1982421875 0.380859375 0.20849609375 0.3779296875 0.2197265625 0.380859375 0.2216796875 0.384765625 0.26318359375 0.3798828125 0.26611328125 0.373046875 0.27197265625 0.37109375 0.279296875 0.3740234375 0.28466796875 0.3818359375 0.296875 0.396484375 0.30810546875 0.4306640625 0.31689453125 0.4755859375 0.3193359375 0.5126953125 0.3173828125 0.53515625 0.318359375 0.5615234375 0.31787109375 0.578125 0.31591796875 0.5869140625 0.30908203125 0.58984375 0.30322265625 0.5888671875 0.30029296875 0.5791015625 0.2998046875 0.5712890625 0.287109375 0.5869140625 0.2861328125 0.609375 0.28515625 0.62109375 0.2822265625 0.626953125 0.27490234375 0.6298828125 0.267578125 0.62890625 0.263671875 0.62109375 0.26171875 0.609375 0.15380859375 0.6259765625 0.1533203125 0.640625 0.14794921875 0.650390625 0.142578125 0.654296875 0.13671875 0.65234375 0.13232421875 0.6435546875 0.12841796875 0.6279296875 0.12451171875 0.623046875 0.1220703125 0.576171875 0.12744140625 0.5263671875 0.13671875 0.501953125 0.1455078125 0.4853515625 0.13916015625 0.484375 0.13671875 0.4765625 0.1396484375 0.4677734375 0.1435546875 0.46484375 0.14990234375 0.46484375
