0 0.0 0.59375 -0.0009765625 0.4091796875 0.103515625 0.4091796875 0.31201171875 0.4091796875 0.484375 0.4189453125 0.7919921875 0.228515625 0.99853515625 0.77734375 0.998046875 0.9970703125 0.0 0.99609375
2 0.0 0.0 0.99853515625 0.0 0.99853515625 0.609375 0.90283203125 0.5771484375 0.91650390625 0.4267578125 0.7255859375 0.34375 0.70166015625 0.3232421875 0.60888671875 0.3388671875 0.58740234375 0.390625 0.330078125 0.404296875 0.0380859375 0.4072265625 0.0 0.40625 -0.0009765625 0.40625
1 -0.0009765625 0.6572265625 0.11669921875 0.576171875 0.1904296875 0.521484375 0.19140625 0.501953125 0.1884765625 0.486328125 0.1630859375 0.46875 0.10546875 0.4609375 0.0458984375 0.458984375 -0.0009765625 0.462890625
1 0.974609375 0.8671875 0.998046875 0.88671875 0.99755859375 0.5634765625 0.9482421875 0.5439453125 0.9345703125 0.5224609375 0.93798828125 0.4716796875 0.95263671875 0.4716796875 0.9521484375 0.439453125 0.87548828125 0.501953125 0.798828125 0.4306640625 0.728515625 0.3916015625 0.69189453125 0.3828125 0.6708984375 0.361328125 0.66162109375 0.34765625 0.64453125 0.306640625 0.599609375 0.3125 0.52880859375 0.37109375 0.458984375 0.3701171875 0.3759765625 0.3623046875 0.33544921875 0.396484375 0.32763671875 0.396484375 0.25048828125 0.3955078125 0.12939453125 0.400390625 0.03955078125 0.4033203125 0.03955078125 0.41796875 0.08447265625 0.4140625 0.17431640625 0.416015625 0.34814453125 0.4228515625 0.44970703125 0.43359375 0.5068359375 0.4443359375 0.53955078125 0.455078125 0.55810546875 0.4697265625 0.60791015625 0.5302734375 0.689453125 0.6240234375 0.822265625 0.7333984375
4 0.04736328125 -0.0009765625 0.04541015625 0.0263671875 0.0400390625 0.0498046875 0.03857421875 0.0927734375 0.03759765625 0.1669921875 0.03955078125 0.201171875 0.0390625 0.2373046875 0.0537109375 0.4794921875 0.0029296875 0.4775390625 0.001953125 0.4423828125 0.0 0.3798828125 0.0 0.0
4 0.3408203125 0.345703125 0.341796875 0.328125 0.345703125 0.322265625 0.35107421875 0.31640625 0.3564453125 0.3212890625 0.3603515625 0.3291015625 0.36474609375 0.3349609375 0.36328125 0.3427734375 0.3603515625 0.34765625 0.3564453125 0.3515625 0.353515625 0.3525390625 0.34716796875 0.3544921875
4 0.3857421875 0.3193359375 0.38916015625 0.314453125 0.39306640625 0.3193359375 0.39794921875 0.3203125 0.4052734375 0.328125 0.4072265625 0.3359375 0.41064453125 0.3447265625 0.40869140625 0.35546875 0.40234375 0.361328125 0.39697265625 0.353515625 0.39013671875 0.353515625 0.38427734375 0.3505859375 0.3818359375 0.341796875 0.3818359375 0.32421875
4 0.42431640625 0.32421875 0.43017578125 0.3095703125 0.4365234375 0.3037109375 0.4375 0.2919921875 0.443359375 0.279296875 0.44775390625 0.267578125 0.45263671875 0.263671875 0.4560546875 0.267578125 0.45703125 0.275390625 0.458984375 0.28125 0.4599609375 0.287109375 0.4599609375 0.291015625 0.46044921875 0.3046875 0.45458984375 0.30859375 0.44970703125 0.3076171875 0.4453125 0.3134765625 0.44921875 0.330078125 0.44970703125 0.3359375 0.447265625 0.3466796875 0.44482421875 0.3525390625 0.42529296875 0.349609375 0.4228515625 0.337890625
4 0.5146484375 0.3173828125 0.5224609375 0.310546875 0.53125 0.30859375 0.53173828125 0.328125 0.52001953125 0.337890625 0.5146484375 0.3310546875
4 0.8310546875 0.2431640625 0.8212890625 0.2001953125 0.810546875 0.19140625 0.7919921875 0.2392578125 0.7861328125 0.240234375 0.779296875 0.232421875 0.7763671875 0.2255859375 0.77392578125 0.2197265625 0.77392578125 0.2138671875 0.77294921875 0.2099609375 0.77001953125 0.20703125 0.7666015625 0.2080078125 0.7666015625 0.2119140625 0.76220703125 0.2138671875 0.75537109375 0.2197265625 0.75830078125 0.228515625 0.7578125 0.2314453125 0.75439453125 0.2294921875 0.75 0.2236328125 0.75 0.21875 0.748046875 0.21484375 0.74609375 0.2109375 0.74169921875 0.20703125 0.74609375 0.2001953125 0.74755859375 0.197265625 0.74462890625 0.19140625 0.74072265625 0.1884765625 0.73779296875 0.18359375 0.73095703125 0.1796875 0.7255859375 0.1708984375 0.72265625 0.1591796875 0.7255859375 0.1572265625 0.73095703125 0.15625 0.7353515625 0.1533203125 0.73095703125 0.1494140625 0.72705078125 0.1435546875 0.72119140625 0.1220703125 0.7236328125 0.119140625 0.7275390625 0.119140625 0.7314453125 0.119140625 0.73046875 0.11328125 0.728515625 0.1044921875 0.73095703125 0.0908203125 0.73681640625 0.0888671875 0.74072265625 0.083984375 0.74072265625 0.076171875 0.74072265625 0.0712890625 0.73388671875 0.05859375 0.7333984375 0.0498046875 0.734375 0.0439453125 0.73193359375 0.0361328125 0.7314453125 0.0234375 0.73388671875 0.013671875 0.7333984375 0.0 0.83056640625 0.0 0.85498046875 0.0009765625 0.8505859375 0.0546875 0.853515625 0.0908203125 0.8525390625 0.185546875 0.84130859375 0.244140625
5 0.82275390625 0.2548828125 0.85107421875 0.2568359375 0.8623046875 0.2763671875 0.86474609375 0.291015625 0.8212890625 0.3095703125 0.82275390625 0.2802734375
2 0.83154296875 0.3115234375 0.8310546875 0.18359375 0.82861328125 0.0859375 0.8310546875 0.0791015625 0.83056640625 0.0 0.9521484375 0.0 0.9580078125 0.0 0.95703125 0.36328125 0.89794921875 0.3603515625 0.830078125 0.3203125
2 0.94970703125 0.34765625 0.95166015625 0.0 0.99853515625 0.0 0.998046875 0.5615234375 0.94873046875 0.544921875 0.9345703125 0.5234375 0.93798828125 0.470703125 0.95263671875 0.4716796875
4 0.58984375 0.2890625 0.59228515625 0.2998046875 0.59228515625 0.30859375 0.5908203125 0.3154296875 0.5888671875 0.3193359375 0.58544921875 0.3154296875 0.5869140625 0.2998046875 0.58837890625 0.2919921875
4 0.1171875 0.5029296875 0.11279296875 0.4775390625 0.10498046875 0.46875 0.099609375 0.46484375 0.0888671875 0.46484375 0.08154296875 0.46484375 0.06982421875 0.4658203125 0.0625 0.4658203125 0.05517578125 0.462890625 0.04345703125 0.46484375 0.03662109375 0.462890625 0.0302734375 0.462890625 0.02587890625 0.4560546875 0.02294921875 0.4462890625 0.01171875 0.443359375 0.005859375 0.443359375 -0.0009765625 0.4443359375 0.0 0.5703125 0.11376953125 0.5126953125
