0 0.0 0.375 0.4013671875 0.4169921875 0.81982421875 0.4501953125 0.99853515625 0.4609375 0.99755859375 0.99609375 0.0 0.9951171875 -0.0009765625 0.771484375 0.0 0.4951171875
1 -0.00048828125 0.3876953125 0.26806640625 0.4306640625 0.138671875 0.4453125 0.06298828125 0.4306640625 -0.00048828125 0.416015625
1 0.01025390625 0.4931640625 0.06689453125 0.5 0.08544921875 0.5048828125 0.0908203125 0.5087890625 0.0908203125 0.5146484375 0.0732421875 0.521484375 0.05712890625 0.529296875 0.044921875 0.537109375 -0.0009765625 0.552734375 0.0 0.4921875
1 0.7265625 0.4609375 0.9970703125 0.4794921875 0.99755859375 0.51953125 0.95166015625 0.517578125 0.8271484375 0.5068359375 0.76416015625 0.5009765625
1 0.96533203125 0.6748046875 0.99853515625 0.6640625 0.998046875 0.99609375 0.98876953125 0.99609375 0.92041015625 0.91796875 0.833984375 0.8115234375 0.82275390625 0.775390625 0.82275390625 0.755859375 0.8330078125 0.732421875 0.8447265625 0.7177734375 0.8828125 0.697265625 0.9228515625 0.6875 0.94384765625 0.6806640625 0.95703125 0.677734375
4 0.60009765625 0.064453125 0.62353515625 0.044921875 0.64111328125 0.0390625 0.66015625 0.0419921875 0.67578125 0.0498046875 0.703125 0.0810546875 0.734375 0.1826171875 0.74169921875 0.3291015625 0.60595703125 0.3291015625
2 -0.00048828125 0.0009765625 0.62353515625 0.0009765625 0.623046875 0.1181640625 0.63330078125 0.1357421875 0.63427734375 0.1396484375 0.6279296875 0.140625 0.6298828125 0.3046875 0.63720703125 0.2978515625 0.7021484375 0.30078125 0.703125 0.3095703125 0.7109375 0.30859375 0.7109375 0.2783203125 0.76611328125 0.234375 0.7890625 0.3720703125 0.52978515625 0.4501953125 0.486328125 0.451171875 0.42822265625 0.451171875 0.31494140625 0.453125 0.1171875 0.427734375 0.064453125 0.408203125 0.0 0.3974609375
4 0.4912109375 0.0 0.998046875 0.0009765625 0.998046875 0.3525390625 0.732421875 0.3623046875 0.732421875 0.3564453125 0.7333984375 0.3515625 0.7353515625 0.34375 0.7353515625 0.333984375 0.73388671875 0.3291015625 0.7314453125 0.33203125 0.72509765625 0.326171875 0.724609375 0.314453125 0.72216796875 0.3095703125 0.716796875 0.306640625 0.71435546875 0.2919921875 0.71142578125 0.28125 0.69189453125 0.2294921875 0.68212890625 0.21484375 0.68017578125 0.2021484375 0.67724609375 0.17578125 0.6748046875 0.1923828125 0.66162109375 0.1865234375 0.6572265625 0.1630859375 0.6572265625 0.1455078125 0.65283203125 0.12890625 0.6474609375 0.1171875 0.64111328125 0.126953125 0.63330078125 0.130859375 0.62548828125 0.123046875 0.61962890625 0.1201171875 0.61328125 0.119140625 0.60986328125 0.12109375 0.6142578125 0.123046875 0.61767578125 0.126953125 0.6181640625 0.1337890625 0.6171875 0.1435546875 0.6083984375 0.154296875 0.60107421875 0.1640625 0.5966796875 0.1689453125 0.59326171875 0.173828125 0.58642578125 0.16796875 0.58154296875 0.154296875 0.58349609375 0.1396484375 0.5869140625 0.125 0.5849609375 0.1162109375 0.58642578125 0.1005859375 0.58837890625 0.09765625 0.58642578125 0.0908203125 0.58203125 0.0908203125 0.58056640625 0.08984375 0.58056640625 0.080078125 0.5810546875 0.0576171875 0.57763671875 0.0576171875 0.57275390625 0.0625 0.56787109375 0.0693359375 0.56787109375 0.07421875 0.56591796875 0.0888671875 0.56005859375 0.0908203125 0.5546875 0.087890625 0.5537109375 0.076171875 0.56005859375 0.0654296875 0.5625 0.0615234375 0.5625 0.05859375 0.5546875 0.0615234375 0.5498046875 0.0693359375 0.54248046875 0.068359375 0.53466796875 0.06640625 0.52880859375 0.052734375 0.52783203125 0.0439453125 0.52490234375 0.0439453125 0.51953125 0.0400390625 0.515625 0.017578125 0.51318359375 0.013671875 0.51220703125 0.0087890625 0.5048828125 0.0126953125 0.5009765625 0.01953125 0.494140625 0.0185546875 0.49169921875 0.015625 0.4892578125 0.0078125
4 0.626953125 0.3056640625 0.62451171875 0.2919921875 0.6240234375 0.2802734375 0.6259765625 0.2705078125 0.63232421875 0.2587890625 0.642578125 0.2587890625 0.6455078125 0.2607421875 0.64892578125 0.26171875 0.65283203125 0.2607421875 0.6572265625 0.2705078125 0.65771484375 0.298828125 0.63623046875 0.298828125
3 0.69189453125 0.4072265625 0.76318359375 0.4091796875 0.85888671875 0.41015625 0.95263671875 0.412109375 0.953125 0.5 0.86328125 0.4931640625 0.775390625 0.486328125 0.7236328125 0.47265625 0.703125 0.4375 0.6923828125 0.421875
5 0.52001953125 0.416015625 0.5283203125 0.40625 0.53515625 0.3974609375 0.56689453125 0.39453125 0.525390625 0.451171875 0.50830078125 0.451171875 0.50732421875 0.447265625 0.5048828125 0.44140625 0.5048828125 0.43359375 0.5048828125 0.427734375 0.509765625 0.4208984375 0.5146484375 0.41796875
5 0.56982421875 0.3828125 0.57763671875 0.3759765625 0.60986328125 0.37109375 0.64599609375 0.3720703125 0.67138671875 0.3740234375 0.68212890625 0.384765625 0.69970703125 0.4111328125 0.7041015625 0.4091796875 0.70703125 0.41015625 0.70751953125 0.4140625 0.70751953125 0.4228515625 0.70458984375 0.423828125 0.7099609375 0.4287109375 0.7490234375 0.4375 0.76708984375 0.447265625 0.76953125 0.4755859375 0.77685546875 0.482421875 0.77490234375 0.494140625 0.763671875 0.515625 0.7578125 0.5166015625 0.755859375 0.5224609375 0.75341796875 0.5302734375 0.75048828125 0.53515625 0.7451171875 0.537109375 0.73876953125 0.5361328125 0.73291015625 0.5341796875 0.7294921875 0.5302734375 0.72509765625 0.51953125 0.71923828125 0.5185546875 0.71337890625 0.51953125 0.70458984375 0.5205078125 0.70263671875 0.52734375 0.70068359375 0.53515625 0.69677734375 0.54296875 0.69091796875 0.5458984375 0.68505859375 0.5458984375 0.67919921875 0.5439453125 0.67529296875 0.5390625 0.67236328125 0.53515625 0.6708984375 0.5283203125 0.67041015625 0.521484375 0.65185546875 0.517578125 0.6259765625 0.513671875 0.62109375 0.5224609375 0.61669921875 0.5263671875 0.609375 0.5263671875 0.60498046875 0.5205078125 0.60107421875 0.5126953125 0.58740234375 0.5126953125 0.58154296875 0.5126953125 0.57373046875 0.509765625 0.572265625 0.515625 0.5703125 0.521484375 0.56591796875 0.525390625 0.560546875 0.52734375 0.5556640625 0.5263671875 0.5517578125 0.5244140625 0.5478515625 0.51953125 0.54541015625 0.513671875 0.5439453125 0.5078125 0.5439453125 0.501953125 0.52880859375 0.4951171875 0.5224609375 0.4853515625 0.5185546875 0.4755859375 0.51904296875 0.466796875 0.5224609375 0.45703125 0.5185546875 0.4365234375 0.5234375 0.4248046875 0.5478515625 0.4140625 0.556640625 0.4033203125 0.56494140625 0.390625
5 0.0634765625 0.412109375 0.06640625 0.40234375 0.07080078125 0.3984375 0.076171875 0.390625 0.08740234375 0.3828125 0.1025390625 0.3828125 0.11669921875 0.3837890625 0.1337890625 0.3896484375 0.1376953125 0.44921875 0.130859375 0.45703125 0.12744140625 0.4560546875 0.1240234375 0.447265625 0.1015625 0.4482421875 0.1005859375 0.451171875 0.09765625 0.4541015625 0.0927734375 0.455078125 0.0888671875 0.453125 0.087890625 0.4453125 0.06982421875 0.443359375 0.0693359375 0.4482421875 0.0615234375 0.4521484375 0.05810546875 0.439453125 0.05859375 0.4248046875 0.060546875 0.41796875
5 0.1279296875 0.3798828125 0.12939453125 0.3447265625 0.1328125 0.3193359375 0.1357421875 0.3125 0.140625 0.30859375 0.1708984375 0.302734375 0.20654296875 0.30078125 0.236328125 0.298828125 0.2607421875 0.2978515625 0.26953125 0.3076171875 0.28125 0.333984375 0.2919921875 0.3681640625 0.29931640625 0.3662109375 0.302734375 0.3701171875 0.302734375 0.3876953125 0.30224609375 0.3935546875 0.30224609375 0.3955078125 0.30712890625 0.4052734375 0.310546875 0.423828125 0.3134765625 0.4453125 0.31396484375 0.4580078125 0.31005859375 0.4697265625 0.3076171875 0.4755859375 0.30615234375 0.486328125 0.30419921875 0.4921875 0.298828125 0.4970703125 0.2939453125 0.49609375 0.29150390625 0.4931640625 0.28955078125 0.48828125 0.2880859375 0.4814453125 0.2626953125 0.4814453125 0.26123046875 0.4853515625 0.2490234375 0.4873046875 0.24755859375 0.494140625 0.2451171875 0.5 0.240234375 0.501953125 0.23486328125 0.501953125 0.23095703125 0.498046875 0.2294921875 0.4912109375 0.22802734375 0.4814453125 0.22412109375 0.4814453125 0.22216796875 0.4873046875 0.21826171875 0.490234375 0.21484375 0.4892578125 0.21240234375 0.486328125 0.20947265625 0.478515625 0.1953125 0.4765625 0.1904296875 0.478515625 0.18505859375 0.4765625 0.17822265625 0.47265625 0.17529296875 0.474609375 0.173828125 0.4755859375 0.17333984375 0.4765625 0.169921875 0.4775390625 0.1689453125 0.4853515625 0.16796875 0.4921875 0.1630859375 0.4990234375 0.158203125 0.4990234375 0.154296875 0.4921875 0.15234375 0.4833984375 0.15185546875 0.46875 0.13671875 0.466796875 0.1298828125 0.4599609375 0.12890625 0.4296875 0.12841796875 0.392578125
