2 0.4453125 0.375 0.45361328125 0.3740234375 0.4912109375 0.37109375 0.490234375 0.3486328125 0.5283203125 0.3505859375 0.53564453125 0.40234375 0.53564453125 0.4140625 0.521484375 0.552734375 0.51611328125 0.55859375 0.44287109375 0.5634765625 0.4375 0.55859375 0.4453125 0.375
2 0.37939453125 0.1767578125 0.3916015625 0.177734375 0.396484375 0.1669921875 0.3994140625 0.16796875 0.39599609375 0.1787109375 0.3994140625 0.1904296875 0.41943359375 0.2353515625 0.41796875 0.251953125 0.431640625 0.2822265625 0.43310546875 0.2890625 0.42431640625 0.29296875 0.4248046875 0.3173828125 0.42578125 0.318359375 0.42578125 0.3291015625 0.4326171875 0.3359375 0.4384765625 0.3447265625 0.4384765625 0.3525390625 0.4404296875 0.3544921875 0.4443359375 0.3583984375 0.44970703125 0.361328125 0.45458984375 0.376953125 0.45458984375 0.3916015625 0.45751953125 0.3916015625 0.4560546875 0.396484375 0.455078125 0.396484375 0.455078125 0.5087890625 0.45263671875 0.5087890625 0.4521484375 0.55078125 0.37646484375 0.552734375
5 0.462890625 0.5595703125 0.462890625 0.541015625 0.462890625 0.5234375 0.46728515625 0.517578125 0.4736328125 0.517578125 0.4794921875 0.5205078125 0.48046875 0.53125 0.4814453125 0.5546875
5 0.482421875 0.556640625 0.482421875 0.546875 0.4833984375 0.541015625 0.494140625 0.5390625 0.4970703125 0.556640625
4 0.4892578125 0.4404296875 0.49072265625 0.431640625 0.49267578125 0.4248046875 0.49609375 0.4189453125 0.4970703125 0.4130859375 0.50146484375 0.4052734375 0.5048828125 0.404296875 0.50537109375 0.4130859375 0.50732421875 0.4140625 0.5087890625 0.4111328125 0.5107421875 0.4111328125 0.51025390625 0.4052734375 0.50927734375 0.396484375 0.51025390625 0.3837890625 0.51318359375 0.375 0.52001953125 0.3740234375 0.52587890625 0.3759765625 0.5322265625 0.533203125 0.52099609375 0.5244140625 0.517578125 0.5205078125 0.51708984375 0.529296875 0.51806640625 0.54296875 0.517578125 0.552734375 0.51513671875 0.5537109375 0.515625 0.517578125 0.5126953125 0.521484375 0.5107421875 0.5234375 0.50732421875 0.5234375 0.50634765625 0.5224609375 0.5048828125 0.517578125 0.50048828125 0.51953125 0.4970703125 0.51953125 0.4951171875 0.513671875 0.4921875 0.5029296875 0.49169921875 0.4951171875 0.49365234375 0.4921875 0.49609375 0.4765625 0.49560546875 0.4677734375 0.49169921875 0.462890625 0.4912109375 0.4560546875 0.4921875 0.4541015625 0.48779296875 0.451171875 0.486328125 0.4462890625
5 0.49267578125 0.53515625 0.4951171875 0.529296875 0.49658203125 0.52734375 0.5009765625 0.52734375 0.50537109375 0.52734375 0.50732421875 0.529296875 0.51025390625 0.537109375 0.51123046875 0.546875 0.51123046875 0.5517578125 0.51025390625 0.5517578125 0.49462890625 0.5517578125 0.4892578125 0.5517578125 0.4892578125 0.546875 0.490234375 0.5390625
0 0.0 0.669921875 0.435546875 0.5595703125 0.458984375 0.5595703125 0.4892578125 0.5556640625 0.5224609375 0.55078125 0.7529296875 0.6162109375 0.87841796875 0.6171875 0.96484375 0.6123046875 0.99853515625 0.6103515625 0.998046875 0.9970703125 0.62646484375 0.9990234375 0.3291015625 0.998046875 0.0 0.99609375
1 0.0 0.6162109375 0.375 0.5830078125 0.40625 0.5859375 0.390625 0.595703125 0.36279296875 0.6025390625 0.318359375 0.6103515625 0.30029296875 0.6171875 0.25439453125 0.6298828125 0.197265625 0.6455078125 0.15869140625 0.65625 0.1142578125 0.673828125 0.03271484375 0.7060546875 0.0 0.72265625
1 0.595703125 0.5419921875 0.71728515625 0.5654296875 0.79248046875 0.5693359375 0.99853515625 0.5625 0.9970703125 0.63671875 0.97705078125 0.6376953125 0.93798828125 0.6376953125 0.89208984375 0.63671875 0.8310546875 0.634765625 0.7685546875 0.630859375 0.72900390625 0.6259765625 0.6943359375 0.615234375 0.65966796875 0.6064453125 0.640625 0.5966796875 0.6025390625 0.5654296875 0.59765625 0.55078125
2 -0.00048828125 0.0009765625 0.3525390625 0.0 0.36865234375 0.0478515625 0.36328125 0.060546875 0.365234375 0.119140625 0.3740234375 0.126953125 0.37646484375 0.134765625 0.37646484375 0.1396484375 0.37060546875 0.1357421875 0.37060546875 0.140625 0.37890625 0.1552734375 0.3798828125 0.162109375 0.375 0.1689453125 0.375 0.17578125 0.38623046875 0.2021484375 0.3828125 0.2109375 0.3837890625 0.2705078125 0.384765625 0.27734375 0.38330078125 0.287109375 0.3837890625 0.296875 0.38427734375 0.2998046875 0.38330078125 0.3134765625 0.3837890625 0.3642578125 0.38427734375 0.3681640625 0.3828125 0.37109375 0.384765625 0.44921875 0.38330078125 0.4609375 0.38232421875 0.55078125 0.3681640625 0.58984375 0.341796875 0.5888671875 0.26025390625 0.599609375 0.212890625 0.611328125 0.169921875 0.6181640625 0.1015625 0.630859375 0.0 0.64453125 -0.0009765625 0.2890625 -0.00048828125 0.041015625
5 0.37158203125 0.544921875 0.375 0.541015625 0.3857421875 0.5390625 0.3955078125 0.5390625 0.3955078125 0.5908203125 0.37646484375 0.5908203125 0.3740234375 0.595703125 0.3642578125 0.595703125 0.36376953125 0.5927734375 0.36474609375 0.5703125 0.3662109375 0.560546875 0.3642578125 0.5546875 0.3662109375 0.552734375 0.3681640625 0.552734375 0.36865234375 0.55078125
5 0.3955078125 0.53515625 0.39892578125 0.525390625 0.40478515625 0.517578125 0.4150390625 0.515625 0.43115234375 0.513671875 0.43701171875 0.51953125 0.4404296875 0.53125 0.44384765625 0.541015625 0.44677734375 0.5634765625 0.447265625 0.58984375 0.44580078125 0.5927734375 0.44189453125 0.5927734375 0.43994140625 0.5947265625 0.4345703125 0.5947265625 0.43359375 0.5859375 0.41796875 0.5888671875 0.4072265625 0.5927734375 0.40673828125 0.59765625 0.4052734375 0.5986328125 0.400390625 0.5986328125 0.39892578125 0.5947265625 0.3974609375 0.5947265625 0.3974609375 0.5986328125 0.39111328125 0.599609375 0.38916015625 0.595703125 0.388671875 0.5732421875 0.3896484375 0.5556640625 0.390625 0.548828125 0.390625 0.5419921875 0.390625 0.5400390625
5 0.3056640625 0.517578125 0.32470703125 0.5126953125 0.34228515625 0.515625 0.34814453125 0.525390625 0.3505859375 0.5478515625 0.35302734375 0.564453125 0.35302734375 0.603515625 0.3515625 0.6083984375 0.34716796875 0.6083984375 0.341796875 0.6083984375 0.3388671875 0.6083984375 0.3388671875 0.6015625 0.33447265625 0.6015625 0.326171875 0.6005859375
5 0.2685546875 0.5341796875 0.2734375 0.521484375 0.2822265625 0.5166015625 0.298828125 0.5166015625 0.31591796875 0.5185546875 0.3232421875 0.5244140625 0.328125 0.537109375 0.32958984375 0.55859375 0.3330078125 0.5703125 0.33154296875 0.595703125 0.3310546875 0.6123046875 0.3232421875 0.6123046875 0.31640625 0.6142578125 0.3076171875 0.615234375 0.30224609375 0.615234375 0.29931640625 0.607421875 0.2900390625 0.6044921875 0.28173828125 0.6044921875 0.28125 0.6103515625 0.27783203125 0.611328125 0.2744140625 0.609375 0.27197265625 0.6044921875 0.263671875 0.603515625 0.2626953125 0.611328125 0.2578125 0.6142578125 0.25390625 0.61328125 0.25341796875 0.591796875 0.25439453125 0.5732421875 0.25927734375 0.546875 0.25927734375 0.5400390625 0.26318359375 0.5380859375 0.26513671875 0.5400390625 0.265625 0.5400390625
5 0.00244140625 0.484375 0.015625 0.48828125 0.0302734375 0.5 0.04833984375 0.5205078125 0.0615234375 0.544921875 0.06884765625 0.5546875 0.08056640625 0.5673828125 0.08544921875 0.57421875 0.08984375 0.587890625 0.091796875 0.6103515625 0.08984375 0.6337890625 0.0869140625 0.666015625 0.08544921875 0.6865234375 0.08203125 0.7021484375 0.0732421875 0.7060546875 0.06640625 0.7041015625 0.0595703125 0.6943359375 0.0 0.7216796875 0.0 0.6220703125 0.0 0.484375
2 0.52392578125 0.349609375 0.52978515625 0.328125 0.52880859375 0.3134765625 0.53369140625 0.3115234375 0.53955078125 0.2958984375 0.54345703125 0.28515625 0.54248046875 0.2578125 0.54052734375 0.2578125 0.53857421875 0.2587890625 0.54443359375 0.23828125 0.5439453125 0.21484375 0.5400390625 0.212890625 0.544921875 0.1982421875 0.56005859375 0.181640625 0.56005859375 0.1513671875 0.5595703125 0.1494140625 0.5478515625 0.1474609375 0.55419921875 0.1181640625 0.56396484375 0.0830078125 0.572265625 0.0732421875 0.57666015625 0.0703125 0.58251953125 0.0546875 0.58056640625 0.0 0.99853515625 0.0 0.998046875 0.580078125 0.9609375 0.583984375 0.888671875 0.5888671875 0.849609375 0.587890625 0.81005859375 0.5859375 0.767578125 0.5830078125 0.72216796875 0.5791015625 0.52783203125 0.529296875 0.52587890625 0.3701171875 0.5283203125 0.357421875 0.52587890625 0.3544921875
5 0.53173828125 0.5390625 0.53173828125 0.5322265625 0.5322265625 0.5283203125 0.53466796875 0.525390625 0.53759765625 0.5185546875 0.54150390625 0.5107421875 0.54638671875 0.505859375 0.55615234375 0.50390625 0.544921875 0.58203125 0.53857421875 0.5830078125 0.533203125 0.5810546875 0.529296875 0.576171875 0.529296875 0.5654296875 0.529296875 0.5537109375 0.52978515625 0.5478515625 0.53076171875 0.544921875
5 0.5498046875 0.5107421875 0.55126953125 0.505859375 0.5546875 0.5009765625 0.55810546875 0.49609375 0.568359375 0.4951171875 0.5546875 0.583984375 0.54931640625 0.587890625 0.54150390625 0.583984375 0.53857421875 0.5732421875 0.53857421875 0.5625 0.54052734375 0.5537109375 0.54150390625 0.544921875 0.5458984375 0.533203125 0.54345703125 0.53125 0.5419921875 0.5244140625 0.54443359375 0.5205078125 0.546875 0.517578125
5 0.56640625 0.4892578125 0.57080078125 0.4794921875 0.57568359375 0.4736328125 0.5869140625 0.47265625 0.59716796875 0.4755859375 0.57275390625 0.5927734375 0.568359375 0.5947265625 0.5654296875 0.58984375 0.564453125 0.5810546875 0.5615234375 0.5810546875 0.560546875 0.5849609375 0.5595703125 0.58984375 0.55224609375 0.5869140625 0.55029296875 0.583984375 0.5498046875 0.5673828125 0.5498046875 0.5478515625 0.5517578125 0.541015625 0.556640625 0.53125 0.55810546875 0.525390625 0.5517578125 0.521484375 0.55078125 0.5146484375 0.5556640625 0.509765625 0.560546875 0.5078125 0.56298828125 0.501953125 0.564453125 0.49609375
5 0.580078125 0.5009765625 0.583984375 0.486328125 0.58984375 0.4736328125 0.59423828125 0.470703125 0.60693359375 0.4697265625 0.62060546875 0.466796875 0.60888671875 0.583984375 0.60791015625 0.5888671875 0.5966796875 0.5859375 0.59619140625 0.591796875 0.59521484375 0.5986328125 0.58740234375 0.6005859375 0.58203125 0.59765625 0.5732421875 0.5927734375 0.5703125 0.5859375 0.5703125 0.5712890625 0.57080078125 0.5576171875 0.5732421875 0.55078125 0.5732421875 0.5380859375 0.57421875 0.52734375 0.57568359375 0.5205078125 0.57080078125 0.5185546875 0.5693359375 0.51171875 0.5712890625 0.5087890625 0.57763671875 0.5087890625 0.57861328125 0.513671875 0.57861328125 0.5107421875 0.5791015625 0.5087890625
5 0.6064453125 0.4833984375 0.611328125 0.4609375 0.61962890625 0.43359375 0.62548828125 0.421875 0.63671875 0.416015625 0.6640625 0.4111328125 0.68798828125 0.4091796875 0.7021484375 0.416015625 0.71337890625 0.4326171875 0.7255859375 0.466796875 0.73046875 0.48828125 0.7333984375 0.53125 0.732421875 0.57421875 0.73193359375 0.6005859375 0.72607421875 0.607421875 0.71875 0.6064453125 0.71533203125 0.595703125 0.71337890625 0.5859375 0.69921875 0.5869140625 0.697265625 0.5986328125 0.69189453125 0.6005859375 0.68603515625 0.5986328125 0.6845703125 0.5908203125 0.6845703125 0.5869140625 0.66650390625 0.591796875 0.6513671875 0.5966796875 0.638671875 0.59765625 0.638671875 0.6083984375 0.63818359375 0.6171875 0.63232421875 0.6201171875 0.62646484375 0.6181640625 0.6240234375 0.609375 0.62353515625 0.6005859375 0.6181640625 0.6005859375 0.61767578125 0.6083984375 0.611328125 0.6083984375 0.6064453125 0.6083984375 0.60400390625 0.58203125 0.6015625 0.5439453125 0.60302734375 0.525390625 0.60498046875 0.5029296875 0.60302734375 0.4990234375 0.6025390625 0.486328125
