4 0.57373046875 0.369140625 0.5654296875 0.365234375 0.55712890625 0.369140625 0.5517578125 0.3740234375 0.5478515625 0.37109375 0.54345703125 0.373046875 0.54345703125 0.384765625 0.53955078125 0.3857421875 0.53515625 0.3916015625 0.53271484375 0.4013671875 0.5302734375 0.4072265625 0.53125 0.4306640625 0.57763671875 0.427734375
2 0.0 0.0009765625 0.46630859375 0.0009765625 0.47119140625 0.017578125 0.46728515625 0.0244140625 0.46728515625 0.0537109375 0.47119140625 0.0576171875 0.47509765625 0.076171875 0.47265625 0.0791015625 0.47314453125 0.0830078125 0.46923828125 0.0830078125 0.48095703125 0.1103515625 0.494140625 0.1103515625 0.494140625 0.1162109375 0.50146484375 0.1162109375 0.501953125 0.1259765625 0.5 0.126953125 0.49951171875 0.146484375 0.50390625 0.1591796875 0.50146484375 0.16796875 0.4990234375 0.169921875 0.5 0.1767578125 0.505859375 0.1962890625 0.50439453125 0.236328125 0.52001953125 0.2578125 0.52197265625 0.2626953125 0.521484375 0.27734375 0.52294921875 0.2802734375 0.5234375 0.2880859375 0.5283203125 0.2978515625 0.52783203125 0.3037109375 0.533203125 0.3046875 0.533203125 0.337890625 0.53369140625 0.4208984375 -0.00048828125 0.71875
2 0.640625 0.0400390625 0.63134765625 0.0791015625 0.6328125 0.0849609375 0.63427734375 0.0859375 0.63623046875 0.08984375 0.6181640625 0.14453125 0.609375 0.1474609375 0.61474609375 0.154296875 0.61474609375 0.171875 0.61279296875 0.1748046875 0.61279296875 0.1796875 0.6015625 0.19921875 0.5927734375 0.19921875 0.59228515625 0.2216796875 0.5888671875 0.22265625 0.58447265625 0.23046875 0.58447265625 0.2724609375 0.57861328125 0.2880859375 0.57666015625 0.4228515625 0.99853515625 0.5830078125 0.99853515625 0.0 0.6494140625 0.0 0.6494140625 0.0244140625
0 -0.0009765625 0.7236328125 0.517578125 0.4345703125 0.54296875 0.4345703125 0.55029296875 0.435546875 0.576171875 0.4287109375 0.7568359375 0.5068359375 0.9990234375 0.580078125 0.99853515625 0.9970703125 -0.0009765625 0.99609375
5 0.44775390625 0.4970703125 0.45263671875 0.49609375 0.4541015625 0.5048828125 0.45947265625 0.50390625 0.46142578125 0.5009765625 0.46630859375 0.498046875 0.46630859375 0.4814453125 0.46484375 0.4609375 0.46142578125 0.451171875 0.4638671875 0.4501953125 0.4638671875 0.4443359375 0.46044921875 0.443359375 0.45751953125 0.43359375 0.45361328125 0.4267578125 0.44775390625 0.4228515625 0.4326171875 0.4267578125
5 0.4140625 0.427734375 0.4248046875 0.4267578125 0.43603515625 0.42578125 0.43994140625 0.43359375 0.44287109375 0.443359375 0.44677734375 0.4443359375 0.44873046875 0.4453125 0.44873046875 0.451171875 0.4453125 0.453125 0.4482421875 0.4658203125 0.451171875 0.4853515625 0.451171875 0.5087890625 0.4453125 0.509765625 0.4453125 0.5146484375 0.4375 0.515625 0.43603515625 0.5068359375 0.4189453125 0.509765625
5 0.41259765625 0.4052734375 0.40478515625 0.3994140625 0.3916015625 0.4033203125 0.36767578125 0.408203125 0.3544921875 0.416015625 0.39599609375 0.5244140625 0.3994140625 0.525390625 0.40087890625 0.5390625 0.40185546875 0.5439453125 0.40869140625 0.54296875 0.40966796875 0.529296875 0.40966796875 0.5234375 0.41259765625 0.5205078125 0.41357421875 0.5302734375 0.41455078125 0.53515625 0.42041015625 0.533203125 0.4208984375 0.513671875 0.42138671875 0.4892578125 0.4189453125 0.4541015625 0.41357421875 0.408203125
1 0.27978515625 0.587890625 0.29833984375 0.5732421875 0.29638671875 0.513671875 0.2939453125 0.5146484375 0.283203125 0.513671875 0.27783203125 0.5244140625
5 0.37158203125 0.5693359375 0.37646484375 0.5693359375 0.3818359375 0.5673828125 0.3828125 0.5498046875 0.3828125 0.541015625 0.38671875 0.537109375 0.38818359375 0.5546875 0.3974609375 0.55078125 0.39794921875 0.521484375 0.396484375 0.4892578125 0.3935546875 0.4697265625 0.3876953125 0.4609375 0.3876953125 0.453125 0.38623046875 0.4482421875 0.3828125 0.4365234375 0.376953125 0.4208984375 0.373046875 0.416015625 0.36669921875 0.4140625 0.3427734375 0.4140625 0.328125 0.419921875 0.318359375 0.4248046875 0.31103515625 0.4404296875 0.30615234375 0.4580078125 0.302734375 0.470703125 0.30126953125 0.4638671875 0.30029296875 0.4619140625 0.29638671875 0.4638671875 0.29345703125 0.470703125 0.294921875 0.4755859375 0.3017578125 0.4775390625 0.296875 0.4912109375 0.29345703125 0.5009765625 0.29150390625 0.51953125 0.29248046875 0.5390625 0.29296875 0.544921875 0.2939453125 0.5625 0.2978515625 0.578125 0.3037109375 0.5791015625 0.30810546875 0.5751953125 0.31005859375 0.55859375 0.36669921875 0.5517578125 0.3701171875 0.568359375
3 0.1220703125 0.4404296875 0.1201171875 0.349609375 0.0732421875 0.3505859375 0.07373046875 0.40625 0.0947265625 0.4541015625 0.12353515625 0.455078125 0.12353515625 0.4501953125
5 0.115234375 0.6875 0.1943359375 0.66796875 0.19970703125 0.6875 0.20654296875 0.7041015625 0.2158203125 0.70703125 0.2255859375 0.69921875 0.23095703125 0.6806640625 0.232421875 0.650390625 0.2509765625 0.6328125 0.25927734375 0.6259765625 0.2626953125 0.6455078125 0.27001953125 0.654296875 0.28076171875 0.6513671875 0.2861328125 0.6298828125 0.28515625 0.5791015625 0.28515625 0.5302734375 0.28173828125 0.4892578125 0.2802734375 0.4833984375 0.27392578125 0.4755859375 0.26513671875 0.4501953125 0.2548828125 0.42578125 0.24755859375 0.41796875 0.24267578125 0.408203125 0.22705078125 0.40625 0.2158203125 0.4072265625 0.21142578125 0.4130859375 0.15966796875 0.4228515625 0.14404296875 0.4228515625 0.12744140625 0.42578125 0.1162109375 0.435546875 0.10009765625 0.453125
5 0.0107421875 0.7734375 0.044921875 0.751953125 0.06103515625 0.73828125 0.064453125 0.763671875 0.07080078125 0.783203125 0.0810546875 0.79296875 0.09521484375 0.7939453125 0.10693359375 0.7841796875 0.11474609375 0.7705078125 0.11865234375 0.7451171875 0.12060546875 0.6806640625 0.12646484375 0.6435546875 0.1279296875 0.599609375 0.125 0.5830078125 0.12109375 0.51953125 0.11669921875 0.4794921875 0.103515625 0.427734375 0.0869140625 0.373046875 0.06884765625 0.3466796875 0.03857421875 0.3212890625 0.00439453125 0.30859375 -0.0009765625 0.3076171875 -0.0009765625 0.783203125
4 0.60302734375 0.4052734375 0.60595703125 0.3974609375 0.60693359375 0.388671875 0.6103515625 0.3857421875 0.61572265625 0.384765625 0.61572265625 0.4169921875 0.607421875 0.419921875
5 0.703125 0.5517578125 0.70458984375 0.580078125 0.7109375 0.5830078125 0.71630859375 0.5810546875 0.7197265625 0.55859375 0.80224609375 0.5654296875 0.826171875 0.4912109375 0.8115234375 0.4521484375 0.7939453125 0.412109375 0.78466796875 0.408203125 0.7490234375 0.4052734375 0.7216796875 0.404296875 0.71484375 0.4130859375 0.701171875 0.4501953125 0.69873046875 0.4482421875 0.69189453125 0.4501953125 0.6904296875 0.458984375 0.69189453125 0.4638671875 0.69580078125 0.46484375 0.689453125 0.4794921875 0.68701171875 0.4970703125 0.6875 0.55859375 0.69384765625 0.5615234375 0.69873046875 0.5595703125 0.69873046875 0.5458984375
5 0.92578125 0.388671875 0.88671875 0.39453125 0.8603515625 0.4033203125 0.84619140625 0.4248046875 0.8310546875 0.4638671875 0.826171875 0.478515625 0.82080078125 0.4736328125 0.8134765625 0.4755859375 0.810546875 0.4814453125 0.81103515625 0.48828125 0.814453125 0.4931640625 0.8212890625 0.4931640625 0.818359375 0.5029296875 0.81005859375 0.509765625 0.80322265625 0.5263671875 0.7998046875 0.5458984375 0.79833984375 0.57421875 0.79833984375 0.6220703125 0.80029296875 0.6484375 0.8046875 0.6591796875 0.81396484375 0.666015625 0.8232421875 0.6630859375 0.8291015625 0.6533203125 0.83056640625 0.638671875 0.8662109375 0.666015625 0.8681640625 0.6962890625 0.873046875 0.7177734375 0.88427734375 0.7265625 0.8955078125 0.7255859375 0.90283203125 0.712890625 0.90576171875 0.6904296875 0.9072265625 0.6748046875 0.94580078125 0.6796875 0.9990234375 0.55859375 0.998046875 0.3974609375 0.95849609375 0.3896484375 0.9365234375 0.3896484375 0.9306640625 0.388671875
5 0.939453125 0.744140625 0.94384765625 0.7890625 0.95361328125 0.81640625 0.96875 0.82421875 0.98095703125 0.822265625 0.98974609375 0.794921875 0.99853515625 0.7890625 0.9990234375 0.5556640625 0.97705078125 0.560546875 0.966796875 0.5634765625 0.94775390625 0.59375 0.93798828125 0.63671875 0.93603515625 0.6982421875
5 0.57666015625 0.47265625 0.5771484375 0.4443359375 0.5732421875 0.427734375 0.56982421875 0.416015625 0.5576171875 0.4140625 0.54931640625 0.416015625 0.54296875 0.4375 0.541015625 0.447265625 0.54150390625 0.47265625 0.5458984375 0.47265625 0.54638671875 0.4658203125 0.5703125 0.466796875 0.57080078125 0.47265625
