4 0.4873046875 0.2587890625 0.490234375 0.2587890625 0.4912109375 0.2490234375 0.4931640625 0.2490234375 0.494140625 0.2607421875 0.4970703125 0.2587890625 0.50048828125 0.2607421875 0.50146484375 0.255859375 0.50390625 0.251953125 0.50732421875 0.2509765625 0.5126953125 0.2587890625 0.513671875 0.2568359375 0.517578125 0.259765625 0.5185546875 0.255859375 0.51953125 0.2626953125 0.52587890625 0.263671875 0.52734375 0.259765625 0.52880859375 0.26171875 0.5302734375 0.255859375 0.533203125 0.2548828125 0.53466796875 0.2568359375 0.53515625 0.25390625 0.5390625 0.2568359375 0.54052734375 0.26171875 0.54052734375 0.2587890625 0.54296875 0.2578125 0.54541015625 0.2587890625 0.5458984375 0.2626953125 0.546875 0.2607421875 0.5517578125 0.263671875 0.5537109375 0.2578125 0.55517578125 0.2568359375 0.556640625 0.2607421875 0.5615234375 0.2587890625 0.5673828125 0.2607421875 0.5771484375 0.2744140625 0.55419921875 0.30859375 0.478515625 0.2978515625
2 0.47802734375 0.2763671875 0.4853515625 0.2734375 0.490234375 0.2734375 0.49755859375 0.2763671875 0.50146484375 0.279296875 0.501953125 0.2841796875 0.50390625 0.2890625 0.50830078125 0.2890625 0.50830078125 0.2861328125 0.5126953125 0.28515625 0.513671875 0.2802734375 0.51708984375 0.2822265625 0.51806640625 0.2939453125 0.51953125 0.298828125 0.52392578125 0.2998046875 0.52978515625 0.2822265625 0.53564453125 0.2822265625 0.53662109375 0.28515625 0.53759765625 0.28125 0.54052734375 0.28125 0.54931640625 0.2802734375 0.5537109375 0.2802734375 0.5537109375 0.263671875 0.56494140625 0.2626953125 0.572265625 0.2666015625 0.5380859375 0.4228515625 0.486328125 0.423828125
1 0.5439453125 0.4501953125 0.53857421875 0.443359375 0.53564453125 0.4365234375 0.53271484375 0.4208984375 0.53076171875 0.4091796875 0.529296875 0.400390625 0.5244140625 0.396484375 0.5224609375 0.400390625 0.52734375 0.447265625 0.533203125 0.455078125
4 0.53662109375 0.4033203125 0.5302734375 0.404296875 0.5244140625 0.3974609375 0.5205078125 0.3916015625 0.5185546875 0.37890625 0.52099609375 0.373046875 0.521484375 0.357421875 0.52490234375 0.33984375 0.529296875 0.3359375 0.53759765625 0.3408203125
2 -0.00048828125 0.0 0.3837890625 0.0 0.43408203125 0.16015625 0.431640625 0.166015625 0.42626953125 0.169921875 0.427734375 0.177734375 0.42724609375 0.1875 0.43115234375 0.1982421875 0.43115234375 0.2021484375 0.43505859375 0.212890625 0.43505859375 0.21875 0.43408203125 0.2216796875 0.43408203125 0.2392578125 0.44873046875 0.240234375 0.4580078125 0.2607421875 0.4892578125 0.2529296875 0.4892578125 0.28515625 0.486328125 0.2861328125 0.4873046875 0.341796875 0.49169921875 0.3427734375 0.49560546875 0.349609375 0.49755859375 0.353515625 0.498046875 0.404296875 0.505859375 0.42578125 0.49853515625 0.4560546875 0.330078125 0.517578125 0.08251953125 0.5205078125 -0.0009765625 0.5234375
2 0.61474609375 0.0546875 0.6025390625 0.1025390625 0.603515625 0.1064453125 0.60400390625 0.1083984375 0.59716796875 0.1162109375 0.5869140625 0.1474609375 0.58740234375 0.15625 0.5849609375 0.158203125 0.57275390625 0.197265625 0.57177734375 0.19921875 0.572265625 0.224609375 0.5712890625 0.2265625 0.5712890625 0.2412109375 0.5634765625 0.2646484375 0.564453125 0.2763671875 0.56201171875 0.2822265625 0.55419921875 0.2822265625 0.55224609375 0.2890625 0.54541015625 0.291015625 0.544921875 0.3115234375 0.53564453125 0.328125 0.5380859375 0.330078125 0.53271484375 0.34375 0.53369140625 0.4189453125 0.5322265625 0.47265625 0.84423828125 0.6806640625 0.9990234375 0.74609375 0.9990234375 0.0 0.640625 0.0 0.640625 0.0244140625 0.640625 0.029296875
1 0.06640625 0.4765625 0.2412109375 0.4853515625 0.2607421875 0.5 0.2841796875 0.4931640625 0.4091796875 0.47265625 0.43212890625 0.4677734375 0.43896484375 0.4658203125 0.43994140625 0.4853515625 0.21630859375 0.53515625 0.17822265625 0.576171875 0.0107421875 0.6328125 -0.0009765625 0.6328125 -0.0009765625 0.5263671875
0 0.068359375 0.5048828125 0.1904296875 0.51171875 0.2275390625 0.5146484375 0.2841796875 0.517578125 0.30322265625 0.515625 0.369140625 0.5029296875 0.40869140625 0.4873046875 0.43896484375 0.4775390625 0.4482421875 0.474609375 0.49853515625 0.447265625 0.4990234375 0.4384765625 0.501953125 0.421875 0.4990234375 0.412109375 0.50390625 0.4130859375 0.50390625 0.4072265625 0.50732421875 0.404296875 0.521484375 0.404296875 0.52490234375 0.4365234375 0.52880859375 0.458984375 0.6201171875 0.498046875 0.9990234375 0.603515625 0.99853515625 0.998046875 -0.0009765625 0.9970703125 -0.0009765625 0.6259765625 0.1064453125 0.587890625 0.162109375 0.5703125 0.1845703125 0.5576171875 0.19091796875 0.552734375 0.19091796875 0.54296875 0.1806640625 0.537109375 0.1181640625 0.5302734375 0.06591796875 0.52734375
5 0.50439453125 0.4130859375 0.50390625 0.404296875 0.5 0.404296875 0.49951171875 0.4130859375
5 0.51171875 0.408203125 0.5068359375 0.408203125 0.5068359375 0.40234375 0.51171875 0.40234375 0.51171875 0.404296875
5 0.517578125 0.4091796875 0.5166015625 0.4033203125 0.51318359375 0.4033203125 0.51318359375 0.4091796875
5 0.39013671875 0.4443359375 0.39599609375 0.4423828125 0.40380859375 0.443359375 0.40625 0.453125 0.40771484375 0.4560546875 0.4091796875 0.4560546875 0.41015625 0.45703125 0.41064453125 0.458984375 0.40966796875 0.4619140625 0.40869140625 0.4619140625 0.4091796875 0.4658203125 0.41015625 0.4716796875 0.40966796875 0.4833984375 0.40966796875 0.494140625 0.40625 0.4970703125 0.4033203125 0.49609375 0.4033203125 0.4921875 0.39794921875 0.4921875
5 0.37451171875 0.4443359375 0.3818359375 0.443359375 0.3896484375 0.443359375 0.39306640625 0.443359375 0.396484375 0.45703125 0.39794921875 0.458984375 0.3984375 0.4619140625 0.39794921875 0.4638671875 0.39892578125 0.47265625 0.39990234375 0.4814453125 0.39990234375 0.4892578125 0.3994140625 0.498046875 0.39599609375 0.5 0.39306640625 0.5 0.392578125 0.4970703125 0.380859375 0.498046875
5 0.35986328125 0.4404296875 0.3681640625 0.4404296875 0.36962890625 0.4384765625 0.3720703125 0.4384765625 0.37548828125 0.4423828125 0.38037109375 0.45703125 0.3828125 0.47265625 0.3828125 0.5029296875 0.3818359375 0.5068359375 0.37939453125 0.5068359375 0.376953125 0.5048828125 0.37548828125 0.5087890625 0.37353515625 0.5087890625 0.37158203125 0.5087890625 0.3701171875 0.5078125 0.3701171875 0.501953125 0.35498046875 0.501953125
5 0.31884765625 0.37109375 0.3369140625 0.3720703125 0.35302734375 0.3818359375 0.35595703125 0.388671875 0.35986328125 0.419921875 0.36083984375 0.4501953125 0.36083984375 0.478515625 0.35986328125 0.4921875 0.35791015625 0.49609375 0.357421875 0.5078125 0.35595703125 0.509765625 0.353515625 0.5107421875 0.3515625 0.5107421875 0.3505859375 0.509765625 0.35009765625 0.5048828125 0.349609375 0.5 0.34033203125 0.5009765625 0.33984375 0.509765625 0.3388671875 0.513671875 0.33544921875 0.5146484375 0.33251953125 0.513671875 0.33154296875 0.51171875 0.33154296875 0.505859375 0.3134765625 0.5048828125 0.3125 0.5146484375 0.31103515625 0.515625 0.30615234375 0.515625 0.30419921875 0.509765625 0.30419921875 0.5048828125 0.2890625 0.5048828125 0.28857421875 0.51171875 0.2880859375 0.5146484375 0.2822265625 0.5146484375 0.28125 0.4990234375 0.2802734375 0.49609375 0.279296875 0.4814453125 0.279296875 0.45703125 0.27978515625 0.4423828125 0.27880859375 0.4375 0.279296875 0.4228515625 0.28271484375 0.421875 0.28369140625 0.42578125 0.28759765625 0.4052734375 0.28857421875 0.390625 0.29541015625 0.373046875 0.3037109375 0.37109375
4 0.26171875 0.478515625 0.2607421875 0.447265625 0.259765625 0.43359375 0.26416015625 0.427734375 0.26611328125 0.4189453125 0.27099609375 0.40625 0.2705078125 0.3994140625 0.26611328125 0.3984375 0.2666015625 0.3896484375 0.2666015625 0.3828125 0.26025390625 0.3779296875 0.25830078125 0.375 0.25439453125 0.3603515625 0.25 0.357421875 0.2451171875 0.365234375 0.24072265625 0.375 0.23779296875 0.369140625 0.2353515625 0.361328125 0.23193359375 0.369140625 0.22900390625 0.3642578125 0.2255859375 0.357421875 0.22021484375 0.35546875 0.21630859375 0.361328125 0.21533203125 0.3681640625 0.21142578125 0.365234375 0.20751953125 0.37109375 0.2119140625 0.3779296875 0.21337890625 0.3818359375 0.2080078125 0.3798828125 0.20361328125 0.3837890625 0.201171875 0.38671875 0.20166015625 0.3935546875 0.1982421875 0.3955078125 0.1943359375 0.39453125 0.1943359375 0.40234375 0.19921875 0.4033203125 0.2001953125 0.41015625 0.197265625 0.4111328125 0.19384765625 0.4091796875 0.18603515625 0.4169921875 0.1826171875 0.4091796875 0.17724609375 0.408203125 0.1748046875 0.4169921875 0.17041015625 0.4189453125 0.166015625 0.4169921875 0.16552734375 0.4091796875 0.1611328125 0.404296875 0.1572265625 0.400390625 0.15576171875 0.4033203125 0.15673828125 0.408203125 0.154296875 0.4111328125 0.15185546875 0.4091796875 0.14794921875 0.40625 0.14501953125 0.400390625 0.1455078125 0.392578125 0.14599609375 0.380859375 0.14453125 0.3759765625 0.14501953125 0.365234375 0.14208984375 0.353515625 0.1396484375 0.3544921875 0.1376953125 0.3515625 0.13916015625 0.345703125 0.13623046875 0.3388671875 0.134765625 0.341796875 0.13427734375 0.3359375 0.13330078125 0.326171875 0.1318359375 0.3251953125 0.1298828125 0.3388671875 0.12890625 0.3271484375 0.12744140625 0.318359375 0.1259765625 0.32421875 0.12451171875 0.3134765625 0.12255859375 0.3056640625 0.11962890625 0.3115234375 0.119140625 0.3173828125 0.1162109375 0.318359375 0.11181640625 0.3203125 0.11083984375 0.314453125 0.10888671875 0.3212890625 0.10693359375 0.3173828125 0.1044921875 0.310546875 0.10302734375 0.318359375 0.1005859375 0.322265625 0.09619140625 0.3173828125 0.09423828125 0.3115234375 0.09228515625 0.3115234375 0.08984375 0.322265625 0.0859375 0.330078125 0.08349609375 0.3291015625 0.0810546875 0.3310546875 0.07958984375 0.3408203125 0.080078125 0.353515625 0.07958984375 0.3759765625 0.08056640625 0.3955078125 0.078125 0.3974609375 0.0712890625 0.3974609375 0.06689453125 0.400390625 0.06640625 0.447265625 0.16455078125 0.5009765625 0.1923828125 0.501953125 0.2255859375 0.5029296875 0.2431640625 0.50390625 0.26171875 0.5
5 0.1181640625 0.4306640625 0.12841796875 0.44140625 0.13720703125 0.4541015625 0.146484375 0.45703125 0.15869140625 0.4658203125 0.16357421875 0.474609375 0.1650390625 0.48046875 0.1650390625 0.5029296875 0.15673828125 0.50390625 0.1552734375 0.5087890625 0.150390625 0.51171875 0.14453125 0.51171875 0.1416015625 0.505859375 0.1396484375 0.5087890625 0.13525390625 0.51171875 0.12841796875 0.509765625 0.12548828125 0.5029296875 0.08984375 0.4990234375 0.0888671875 0.50390625 0.08447265625 0.5087890625 0.076171875 0.5078125 0.07373046875 0.5009765625 0.07177734375 0.5009765625 0.07080078125 0.4267578125 0.0908203125 0.4248046875 0.10791015625 0.4267578125
2 0.0595703125 0.0029296875 0.06103515625 0.197265625 0.0634765625 0.20703125 0.08642578125 0.21484375 0.0869140625 0.2216796875 0.08349609375 0.22265625 0.083984375 0.2275390625 0.0712890625 0.2275390625 0.07080078125 0.267578125 0.07763671875 0.26953125 0.07763671875 0.275390625 0.07177734375 0.2763671875 0.07177734375 0.5390625 0.06494140625 0.5390625 0.0400390625 0.5390625 0.03759765625 0.5400390625 0.03759765625 0.544921875 -0.0009765625 0.5498046875 -0.00048828125 0.0 0.0595703125 0.0
5 0.583984375 0.4267578125 0.583984375 0.4130859375 0.55078125 0.4111328125 0.54833984375 0.4150390625 0.5478515625 0.435546875 0.5458984375 0.435546875 0.54443359375 0.4384765625 0.544921875 0.443359375 0.54638671875 0.4462890625 0.54736328125 0.447265625 0.5478515625 0.478515625 0.55029296875 0.4833984375 0.55029296875 0.48828125 0.5546875 0.48828125 0.5546875 0.482421875 0.56591796875 0.482421875
5 0.56884765625 0.5009765625 0.57080078125 0.5 0.572265625 0.49609375 0.57275390625 0.4892578125 0.58447265625 0.48828125 0.60107421875 0.447265625 0.60009765625 0.43359375 0.599609375 0.4267578125 0.59765625 0.4248046875 0.5830078125 0.4228515625 0.572265625 0.423828125 0.5673828125 0.42578125 0.5654296875 0.4521484375 0.564453125 0.47265625 0.564453125 0.4990234375 0.56640625 0.5009765625
5 0.61572265625 0.478515625 0.61572265625 0.46875 0.6171875 0.4677734375 0.6171875 0.46484375 0.61474609375 0.4638671875 0.61328125 0.4521484375 0.6103515625 0.4453125 0.59765625 0.443359375 0.5849609375 0.443359375 0.5810546875 0.4501953125 0.578125 0.4609375 0.57568359375 0.4580078125 0.57470703125 0.4619140625 0.576171875 0.466796875 0.57373046875 0.4736328125 0.57275390625 0.4873046875 0.57275390625 0.5009765625 0.5732421875 0.5048828125 0.57568359375 0.5068359375 0.5771484375 0.5068359375 0.578125 0.5078125 0.580078125 0.5078125 0.58154296875 0.5048828125 0.58154296875 0.501953125 0.60888671875 0.501953125
5 0.6552734375 0.4326171875 0.6396484375 0.4326171875 0.630859375 0.4345703125 0.6259765625 0.4404296875 0.6181640625 0.4638671875 0.61376953125 0.4638671875 0.61181640625 0.4677734375 0.61279296875 0.47265625 0.6142578125 0.4755859375 0.6103515625 0.484375 0.609375 0.4951171875 0.60791015625 0.5263671875 0.60791015625 0.5439453125 0.60986328125 0.546875 0.61767578125 0.546875 0.61865234375 0.537109375 0.62060546875 0.5390625 0.62060546875 0.546875 0.62109375 0.556640625 0.62255859375 0.55859375 0.63037109375 0.5595703125
5 0.73828125 0.4580078125 0.7509765625 0.4541015625 0.75830078125 0.4404296875 0.77001953125 0.423828125 0.78564453125 0.4150390625 0.7900390625 0.4140625 0.7939453125 0.41015625 0.8056640625 0.4072265625 0.8251953125 0.4052734375 0.7666015625 0.517578125 0.74658203125 0.5048828125
5 0.75 0.5126953125 0.75 0.4990234375 0.74853515625 0.48046875 0.744140625 0.4736328125 0.74072265625 0.458984375 0.73779296875 0.4443359375 0.7314453125 0.431640625 0.72412109375 0.423828125 0.7041015625 0.4189453125 0.68115234375 0.41796875 0.666015625 0.4189453125 0.65478515625 0.4287109375 0.64599609375 0.447265625 0.638671875 0.470703125 0.6376953125 0.4638671875 0.63623046875 0.4609375 0.6298828125 0.462890625 0.62841796875 0.4677734375 0.62939453125 0.4755859375 0.63671875 0.4775390625 0.63232421875 0.490234375 0.62939453125 0.5048828125 0.62939453125 0.5244140625 0.62890625 0.5390625 0.62890625 0.552734375 0.62890625 0.5625 0.62939453125 0.5693359375 0.63037109375 0.5703125 0.6318359375 0.5712890625 0.634765625 0.572265625 0.6376953125 0.572265625 0.64111328125 0.5712890625 0.6416015625 0.5615234375 0.65283203125 0.5615234375 0.65283203125 0.5751953125 0.6533203125 0.58203125 0.65625 0.587890625 0.6611328125 0.5908203125 0.666015625 0.5908203125 0.669921875 0.587890625 0.67236328125 0.580078125 0.67431640625 0.5654296875 0.7021484375 0.5673828125 0.7021484375 0.576171875 0.70361328125 0.580078125 0.70654296875 0.5830078125 0.7109375 0.58203125 0.7138671875 0.576171875 0.71435546875 0.568359375 0.734375 0.5703125 0.7529296875 0.525390625
5 0.93408203125 0.4169921875 0.9423828125 0.404296875 0.96337890625 0.39453125 0.9853515625 0.3935546875 0.9912109375 0.3955078125 0.9921875 0.400390625 0.9990234375 0.404296875 0.9990234375 0.443359375
5 0.92138671875 0.4140625 0.8955078125 0.412109375 0.876953125 0.412109375 0.86669921875 0.412109375 0.857421875 0.404296875 0.8408203125 0.400390625 0.8232421875 0.4033203125 0.81396484375 0.4091796875 0.80810546875 0.4189453125 0.80224609375 0.4248046875 0.79296875 0.4365234375 0.78369140625 0.451171875 0.7705078125 0.48046875 0.763671875 0.50390625 0.75927734375 0.4990234375 0.75146484375 0.498046875 0.74609375 0.5 0.7431640625 0.5068359375 0.744140625 0.5185546875 0.74951171875 0.5234375 0.7421875 0.533203125 0.73583984375 0.544921875 0.73095703125 0.5615234375 0.72900390625 0.5830078125 0.72900390625 0.6123046875 0.72998046875 0.6435546875 0.73193359375 0.6630859375 0.734375 0.669921875 0.73876953125 0.6767578125 0.748046875 0.6806640625 0.75390625 0.6767578125 0.75634765625 0.6650390625 0.80224609375 0.693359375 0.802734375 0.708984375 0.8037109375 0.716796875 0.8056640625 0.7275390625 0.80810546875 0.736328125 0.8115234375 0.7412109375 0.81787109375 0.74609375 0.8232421875 0.748046875 0.82861328125 0.7470703125 0.83349609375 0.73828125 0.8369140625 0.7265625 0.8388671875 0.7109375 0.94482421875 0.7119140625 0.98974609375 0.6083984375 0.9990234375 0.560546875 0.99853515625 0.4384765625 0.9892578125 0.4296875 0.9814453125 0.4169921875 0.96875 0.4072265625 0.953125 0.4052734375 0.94140625 0.40625 0.9287109375 0.408203125
5 0.955078125 0.6201171875 0.966796875 0.5908203125 0.97412109375 0.572265625 0.962890625 0.564453125 0.95751953125 0.5517578125 0.95751953125 0.5390625 0.9609375 0.52734375 0.970703125 0.521484375 0.9853515625 0.5244140625 0.99072265625 0.537109375 0.9912109375 0.5439453125 0.994140625 0.546875 0.99853515625 0.541015625 0.9990234375 0.888671875 0.986328125 0.890625 0.9697265625 0.888671875 0.95947265625 0.8759765625 0.95263671875 0.83984375 0.95068359375 0.7626953125 0.94970703125 0.728515625 0.94189453125 0.708984375 0.94091796875 0.6796875
