0 -0.0009765625 0.587890625 0.4072265625 0.4814453125 0.50732421875 0.462890625 0.52099609375 0.4677734375 0.53076171875 0.4599609375 0.53955078125 0.4599609375 0.55126953125 0.45703125 0.611328125 0.4873046875 0.689453125 0.53125 0.998046875 0.6708984375 0.998046875 0.998046875 0.6103515625 0.9990234375 0.3388671875 0.998046875 0.0 0.99609375
1 0.64794921875 0.494140625 0.69677734375 0.505859375 0.99755859375 0.5908203125 0.998046875 0.7216796875 0.87841796875 0.65625 0.7958984375 0.611328125 0.78564453125 0.609375 0.7509765625 0.5888671875 0.68310546875 0.55078125 0.65234375 0.5302734375 0.64501953125 0.5146484375 0.642578125 0.4990234375
2 0.55712890625 0.3076171875 0.5673828125 0.3017578125 0.57177734375 0.1630859375 0.5927734375 0.1640625 0.60693359375 0.126953125 0.6044921875 0.1171875 0.60693359375 0.1044921875 0.60986328125 0.083984375 0.62353515625 0.0751953125 0.62158203125 0.0595703125 0.6240234375 0.0439453125 0.6279296875 0.04296875 0.64404296875 0.0009765625 0.998046875 0.0 0.9970703125 0.6025390625 0.95556640625 0.59375 0.9326171875 0.591796875 0.86962890625 0.57421875 0.810546875 0.5556640625 0.703125 0.5224609375 0.6787109375 0.5166015625 0.64990234375 0.5068359375 0.5693359375 0.4853515625 0.55517578125 0.4609375 0.53564453125 0.4326171875 0.5361328125 0.3740234375 0.544921875 0.357421875 0.54443359375 0.3330078125 0.55615234375 0.333984375
1 0.47705078125 0.46875 0.4873046875 0.462890625 0.48828125 0.4697265625 0.486328125 0.478515625 0.47998046875 0.4814453125
1 0.0 0.5263671875 0.08251953125 0.501953125 0.17041015625 0.51171875 0.14794921875 0.57421875 0.05908203125 0.599609375 0.03076171875 0.6064453125 -0.0009765625 0.6064453125
4 0.51416015625 0.439453125 0.5126953125 0.4228515625 0.51220703125 0.40625 0.51171875 0.39453125 0.51416015625 0.380859375 0.51513671875 0.37890625 0.5146484375 0.37109375 0.51611328125 0.361328125 0.52294921875 0.3515625 0.5263671875 0.3564453125 0.529296875 0.36328125 0.53125 0.375 0.52978515625 0.384765625 0.529296875 0.392578125 0.53125 0.396484375 0.5341796875 0.3984375 0.5390625 0.4091796875 0.53564453125 0.4130859375 0.53662109375 0.41796875 0.53369140625 0.4208984375 0.53076171875 0.4228515625 0.52490234375 0.4326171875 0.52392578125 0.4404296875 0.521484375 0.4443359375
2 0.0 0.0 0.3857421875 0.0 0.4072265625 0.0654296875 0.423828125 0.0810546875 0.42138671875 0.0888671875 0.42138671875 0.0908203125 0.42578125 0.095703125 0.42919921875 0.08984375 0.43505859375 0.1201171875 0.44091796875 0.1552734375 0.44384765625 0.1689453125 0.44091796875 0.1826171875 0.44482421875 0.1982421875 0.44482421875 0.203125 0.44189453125 0.20703125 0.44189453125 0.220703125 0.44677734375 0.224609375 0.45849609375 0.2587890625 0.46826171875 0.2587890625 0.47412109375 0.2744140625 0.4833984375 0.2958984375 0.484375 0.302734375 0.50146484375 0.3193359375 0.5009765625 0.33203125 0.50244140625 0.3369140625 0.5107421875 0.3486328125 0.5107421875 0.3642578125 0.5087890625 0.4462890625 0.50341796875 0.4560546875 0.48779296875 0.4677734375 0.478515625 0.4736328125 0.1484375 0.5263671875 0.111328125 0.5205078125 0.07470703125 0.5185546875 0.04736328125 0.5224609375 0.04736328125 0.5400390625 0.03955078125 0.541015625 0.01806640625 0.537109375 -0.0009765625 0.5419921875 -0.0009765625 0.23046875 -0.00048828125 0.029296875
5 0.5849609375 0.4462890625 0.5888671875 0.421875 0.591796875 0.4013671875 0.5947265625 0.3935546875 0.6025390625 0.3916015625 0.62060546875 0.392578125 0.630859375 0.3955078125 0.634765625 0.3994140625 0.6376953125 0.42578125 0.59423828125 0.529296875 0.58935546875 0.529296875 0.5859375 0.5263671875 0.58544921875 0.5234375 0.5830078125 0.521484375 0.58251953125 0.5009765625 0.5830078125 0.4775390625 0.58447265625 0.4599609375 0.58056640625 0.4560546875 0.5791015625 0.443359375 0.580078125 0.4423828125 0.58154296875 0.4423828125
5 0.5947265625 0.4521484375 0.59716796875 0.4404296875 0.6005859375 0.4287109375 0.60498046875 0.4228515625 0.62255859375 0.4208984375 0.638671875 0.421875 0.64697265625 0.4248046875 0.64990234375 0.4423828125 0.6533203125 0.486328125 0.65283203125 0.51171875 0.65234375 0.533203125 0.650390625 0.5390625 0.64794921875 0.5400390625 0.64501953125 0.5380859375 0.64453125 0.5341796875 0.64306640625 0.537109375 0.6416015625 0.5380859375 0.638671875 0.537109375 0.63671875 0.5322265625 0.60546875 0.5322265625 0.60205078125 0.537109375 0.60009765625 0.537109375 0.59716796875 0.53515625 0.595703125 0.5302734375 0.591796875 0.5302734375 0.5908203125 0.5263671875 0.591796875 0.486328125 0.59326171875 0.466796875 0.587890625 0.4638671875 0.58642578125 0.4541015625 0.58837890625 0.4521484375 0.5908203125 0.4521484375
5 0.4306640625 0.470703125 0.4326171875 0.4638671875 0.44384765625 0.4619140625 0.44873046875 0.466796875 0.4501953125 0.470703125 0.451171875 0.482421875 0.45361328125 0.494140625 0.45263671875 0.4990234375 0.447265625 0.501953125 0.4453125 0.4990234375 0.43896484375 0.498046875 0.43212890625 0.498046875
5 0.41650390625 0.4599609375 0.42138671875 0.45703125 0.42626953125 0.4580078125 0.4326171875 0.4716796875 0.43505859375 0.4892578125 0.43505859375 0.501953125 0.431640625 0.50390625 0.427734375 0.50390625 0.42333984375 0.50390625 0.419921875 0.486328125 0.4169921875 0.46875
5 0.39501953125 0.466796875 0.4033203125 0.4560546875 0.41845703125 0.4541015625 0.42138671875 0.46484375 0.423828125 0.48046875 0.4248046875 0.4921875 0.42578125 0.505859375 0.4228515625 0.505859375 0.41845703125 0.5068359375 0.41796875 0.5048828125 0.41259765625 0.5048828125 0.40869140625 0.5048828125
5 0.373046875 0.470703125 0.37890625 0.458984375 0.38232421875 0.455078125 0.3916015625 0.455078125 0.39794921875 0.4541015625 0.400390625 0.4521484375 0.40673828125 0.462890625 0.40869140625 0.4697265625 0.41064453125 0.470703125 0.4111328125 0.4765625 0.41015625 0.4794921875 0.412109375 0.5 0.41162109375 0.5107421875 0.40869140625 0.5107421875 0.4052734375 0.5126953125 0.40234375 0.5126953125 0.40185546875 0.5087890625 0.392578125 0.5068359375 0.38232421875 0.5087890625 0.3818359375 0.5107421875 0.380859375 0.5126953125 0.37646484375 0.513671875 0.3720703125 0.5126953125 0.37158203125 0.4931640625 0.37109375 0.4814453125
5 0.29248046875 0.40625 0.2958984375 0.390625 0.29833984375 0.38671875 0.31591796875 0.3828125 0.3369140625 0.3818359375 0.35498046875 0.3857421875 0.36328125 0.3896484375 0.3662109375 0.400390625 0.3740234375 0.4013671875 0.37646484375 0.4609375 0.37548828125 0.5009765625 0.37353515625 0.5126953125 0.36865234375 0.5146484375 0.36865234375 0.521484375 0.3671875 0.52734375 0.3642578125 0.5302734375 0.361328125 0.5283203125 0.359375 0.525390625 0.35888671875 0.5205078125 0.35888671875 0.515625 0.35205078125 0.515625 0.34716796875 0.5185546875 0.34716796875 0.5283203125 0.3466796875 0.533203125 0.3447265625 0.537109375 0.3408203125 0.537109375 0.33837890625 0.53515625 0.3369140625 0.5302734375 0.33544921875 0.5234375 0.32763671875 0.5234375 0.32080078125 0.5234375 0.31982421875 0.5322265625 0.3173828125 0.5341796875 0.314453125 0.5341796875 0.3125 0.53125 0.31103515625 0.5244140625 0.30810546875 0.5244140625 0.302734375 0.5244140625 0.3017578125 0.5283203125 0.26513671875 0.4462890625 0.263671875 0.427734375 0.26416015625 0.4091796875 0.27001953125 0.41015625 0.27978515625 0.4150390625 0.28369140625 0.4248046875 0.287109375 0.4384765625 0.2890625 0.4267578125 0.29052734375 0.416015625
5 0.23876953125 0.447265625 0.2431640625 0.4423828125 0.25146484375 0.44140625 0.2626953125 0.4423828125 0.27490234375 0.443359375 0.2822265625 0.4384765625 0.2900390625 0.4404296875 0.29443359375 0.447265625 0.3046875 0.4755859375 0.30810546875 0.490234375 0.30908203125 0.5078125 0.3056640625 0.53125 0.30517578125 0.54296875 0.30322265625 0.5478515625 0.2998046875 0.55078125 0.2978515625 0.55078125 0.29541015625 0.548828125 0.29345703125 0.5439453125 0.29345703125 0.5361328125 0.2880859375 0.5390625 0.28564453125 0.5400390625 0.28076171875 0.54296875 0.2802734375 0.55078125 0.2783203125 0.556640625 0.2744140625 0.55859375 0.27099609375 0.55859375 0.2685546875 0.5546875 0.26611328125 0.546875 0.26025390625 0.546875 0.25537109375 0.548828125 0.24951171875 0.5302734375 0.23876953125 0.4658203125
5 0.16455078125 0.4580078125 0.16845703125 0.4462890625 0.18212890625 0.4365234375 0.20166015625 0.43359375 0.22216796875 0.4326171875 0.23681640625 0.4365234375 0.2421875 0.4443359375 0.24951171875 0.4658203125 0.25634765625 0.4951171875 0.25732421875 0.52734375 0.25732421875 0.5478515625 0.25732421875 0.5595703125 0.25537109375 0.5625 0.251953125 0.564453125 0.2490234375 0.564453125 0.24560546875 0.5634765625 0.244140625 0.55859375 0.2431640625 0.552734375 0.23779296875 0.5556640625 0.2333984375 0.55859375 0.2333984375 0.564453125 0.23291015625 0.5703125 0.2314453125 0.57421875 0.22802734375 0.576171875 0.22509765625 0.5751953125 0.2236328125 0.572265625 0.22216796875 0.568359375 0.2216796875 0.5625 0.1904296875 0.564453125 0.18798828125 0.572265625 0.1845703125 0.576171875 0.18115234375 0.5751953125 0.17822265625 0.5712890625 0.1767578125 0.56640625 0.173828125 0.56640625 0.17138671875 0.56640625 0.15576171875 0.56640625 0.1552734375 0.5712890625 0.15380859375 0.578125 0.14892578125 0.580078125 0.14453125 0.578125 0.142578125 0.5703125 0.1416015625 0.5615234375 0.1396484375 0.5546875 0.1396484375 0.5283203125 0.14208984375 0.5078125 0.146484375 0.4951171875 0.1494140625 0.4912109375 0.14453125 0.486328125 0.14404296875 0.474609375 0.15283203125 0.4736328125 0.15673828125 0.474609375 0.1591796875 0.470703125 0.1611328125 0.4658203125
