4 0.57568359375 0.1884765625 0.5537109375 0.1953125 0.53857421875 0.1865234375 0.50634765625 0.17578125 0.49658203125 0.1845703125 0.47412109375 0.1640625 0.44677734375 0.1611328125 0.4521484375 0.25390625 0.5244140625 0.265625 0.6240234375 0.24609375 0.67138671875 0.2197265625 0.68798828125 0.1982421875 0.68408203125 0.15625 0.67529296875 0.16015625 0.64599609375 0.166015625 0.6240234375 0.166015625 0.611328125 0.1708984375 0.59912109375 0.173828125 0.587890625 0.181640625
2 0.6357421875 0.1708984375 0.625 0.1884765625 0.60986328125 0.1826171875 0.60009765625 0.1826171875 0.591796875 0.181640625 0.5791015625 0.1943359375 0.53759765625 0.1982421875 0.51708984375 0.2021484375 0.51171875 0.20703125 0.5078125 0.2392578125 0.4970703125 0.2470703125 0.4873046875 0.2265625 0.474609375 0.2236328125 0.46826171875 0.208984375 0.45751953125 0.2001953125 0.45556640625 0.16796875 0.4560546875 0.0615234375 0.4423828125 0.0478515625 0.41259765625 0.0009765625 0.0 0.0009765625 -0.0009765625 0.537109375 0.1708984375 0.5078125 0.212890625 0.5029296875 0.4599609375 0.4814453125 0.49658203125 0.4755859375 0.6259765625 0.482421875 0.72314453125 0.4990234375 0.82421875 0.5068359375 0.82177734375 0.0009765625 0.7998046875 0.0009765625 0.79443359375 0.03515625 0.7939453125 0.123046875 0.77978515625 0.125 0.7646484375 0.1259765625 0.73828125 0.1259765625 0.73681640625 0.1083984375 0.73291015625 0.109375 0.728515625 0.1123046875 0.72119140625 0.115234375 0.7197265625 0.107421875 0.71728515625 0.09375 0.7109375 0.0888671875 0.70166015625 0.0859375 0.6845703125 0.0908203125 0.68701171875 0.12109375 0.677734375 0.1630859375 0.65234375 0.1630859375
4 0.466796875 0.31640625 0.4912109375 0.3154296875 0.4970703125 0.33984375 0.5048828125 0.333984375 0.5166015625 0.3203125 0.5302734375 0.314453125 0.537109375 0.3017578125 0.54931640625 0.306640625 0.56005859375 0.3291015625 0.5625 0.3515625 0.56884765625 0.35546875 0.5693359375 0.373046875 0.57568359375 0.3525390625 0.5830078125 0.34375 0.59130859375 0.3291015625 0.6005859375 0.31640625 0.60888671875 0.3203125 0.6171875 0.3466796875 0.62353515625 0.373046875 0.62353515625 0.392578125 0.625 0.4169921875 0.630859375 0.4453125 0.62939453125 0.4560546875 0.61474609375 0.4453125 0.5927734375 0.427734375 0.5712890625 0.421875 0.541015625 0.4189453125 0.513671875 0.4267578125 0.51025390625 0.4423828125 0.4990234375 0.4482421875 0.486328125 0.4423828125 0.4765625 0.4423828125 0.466796875 0.4423828125 0.458984375 0.4423828125 0.45751953125 0.4365234375 0.45703125 0.3974609375 0.458984375 0.328125
0 0.44140625 0.537109375 0.41259765625 0.5322265625 0.42236328125 0.4990234375 0.43505859375 0.4755859375 0.42626953125 0.46484375 0.41162109375 0.466796875 0.29150390625 0.474609375 0.2041015625 0.494140625 0.09521484375 0.515625 0.0 0.53125 -0.0009765625 0.99609375 0.99755859375 0.9970703125 0.998046875 0.5458984375 0.74560546875 0.52734375 0.50244140625 0.533203125
5 0.74560546875 0.439453125 0.7275390625 0.44140625 0.724609375 0.4853515625 0.7314453125 0.494140625 0.74462890625 0.494140625 0.7548828125 0.494140625 0.76025390625 0.482421875 0.75732421875 0.46484375 0.75146484375 0.447265625
4 0.78515625 0.2802734375 0.7763671875 0.259765625 0.76123046875 0.2470703125 0.75390625 0.2607421875 0.74658203125 0.2958984375 0.74072265625 0.330078125 0.72509765625 0.341796875 0.71630859375 0.3505859375 0.71240234375 0.3623046875 0.71044921875 0.3798828125 0.70751953125 0.3935546875 0.7080078125 0.4140625 0.7080078125 0.4267578125 0.712890625 0.4404296875 0.72119140625 0.4501953125 0.7333984375 0.4521484375 0.73779296875 0.4736328125 0.75146484375 0.49609375 0.77392578125 0.4853515625 0.79052734375 0.4814453125 0.7958984375 0.43359375 0.7880859375 0.294921875
5 0.61328125 0.4208984375 0.59423828125 0.400390625 0.552734375 0.3984375 0.53076171875 0.400390625 0.5390625 0.501953125 0.64501953125 0.4990234375 0.64599609375 0.470703125 0.63427734375 0.455078125 0.62060546875 0.43359375
5 0.58984375 0.439453125 0.5703125 0.44140625 0.56591796875 0.4521484375 0.5712890625 0.521484375 0.5888671875 0.537109375 0.6240234375 0.5361328125 0.64111328125 0.5341796875 0.63818359375 0.4658203125 0.63330078125 0.451171875 0.60986328125 0.4365234375
5 0.3125 0.439453125 0.30078125 0.4453125 0.2822265625 0.478515625 0.28662109375 0.5107421875 0.3037109375 0.5068359375 0.31103515625 0.5126953125 0.3212890625 0.5126953125 0.32177734375 0.4951171875
5 0.27880859375 0.4306640625 0.251953125 0.431640625 0.234375 0.4375 0.22412109375 0.4619140625 0.21875 0.484375 0.2158203125 0.5126953125 0.22607421875 0.5205078125 0.2392578125 0.5185546875 0.25830078125 0.517578125 0.27392578125 0.5029296875 0.279296875 0.5126953125 0.29248046875 0.5107421875 0.28857421875 0.443359375
5 0.17431640625 0.45703125 0.16796875 0.4501953125 0.1630859375 0.44921875 0.1376953125 0.4482421875 0.1298828125 0.44921875 0.11767578125 0.4638671875 0.107421875 0.4814453125 0.1015625 0.4931640625 0.1015625 0.5029296875 0.10205078125 0.5087890625 0.10302734375 0.5126953125 0.1044921875 0.5185546875 0.1064453125 0.521484375 0.11083984375 0.521484375 0.11376953125 0.5205078125 0.115234375 0.5185546875 0.1171875 0.5146484375 0.13720703125 0.5146484375 0.13818359375 0.51953125 0.140625 0.521484375 0.14453125 0.521484375 0.1474609375 0.5205078125 0.14892578125 0.5166015625 0.15087890625 0.513671875 0.1708984375 0.51171875 0.171875 0.515625 0.17431640625 0.5185546875 0.1796875 0.5185546875 0.18310546875 0.513671875 0.18408203125 0.5068359375 0.18408203125 0.4892578125 0.18017578125 0.46484375
5 0.38134765625 0.38671875 0.3330078125 0.3857421875 0.32275390625 0.3837890625 0.3125 0.380859375 0.30419921875 0.5185546875 0.31982421875 0.51171875 0.3203125 0.5205078125 0.32177734375 0.5283203125 0.32373046875 0.53515625 0.33349609375 0.5361328125 0.3388671875 0.5322265625 0.33935546875 0.5224609375 0.3466796875 0.5224609375 0.349609375 0.5263671875 0.3525390625 0.5283203125 0.35595703125 0.5263671875 0.35693359375 0.5205078125 0.36083984375 0.5205078125 0.36181640625 0.53125 0.3642578125 0.53515625 0.36962890625 0.53515625 0.37451171875 0.53515625 0.37841796875 0.5322265625 0.38427734375 0.521484375 0.3935546875 0.5224609375 0.40185546875 0.525390625 0.40380859375 0.4990234375 0.4013671875 0.4462890625 0.388671875 0.390625
4 0.58154296875 0.5361328125 0.54248046875 0.53515625 0.51708984375 0.5302734375 0.48291015625 0.5283203125 0.46142578125 0.525390625 0.45458984375 0.4970703125 0.4580078125 0.451171875 0.4736328125 0.4404296875 0.48828125 0.427734375 0.49658203125 0.4189453125 0.49169921875 0.4013671875 0.48974609375 0.3837890625 0.4921875 0.3720703125 0.5009765625 0.35546875 0.5107421875 0.3544921875 0.52783203125 0.357421875 0.533203125 0.34375 0.53662109375 0.3359375 0.5556640625 0.3662109375 0.564453125 0.4052734375 0.5859375 0.4091796875 0.5908203125 0.4072265625 0.6005859375 0.4267578125 0.59130859375 0.458984375 0.5908203125 0.4755859375 0.595703125 0.4921875 0.60107421875 0.5068359375 0.595703125 0.5283203125 0.58935546875 0.537109375
3 0.76611328125 0.4755859375 0.7568359375 0.546875 0.673828125 0.541015625 0.59033203125 0.537109375 0.56494140625 0.5439453125 0.564453125 0.4892578125 0.4990234375 0.494140625 0.49658203125 0.548828125 0.4912109375 0.54296875 0.4873046875 0.4912109375 0.43994140625 0.490234375 0.4375 0.5458984375 0.42919921875 0.5458984375 0.4287109375 0.4736328125 0.48291015625 0.474609375 0.59765625 0.470703125
5 0.77734375 0.4638671875 0.75732421875 0.4765625 0.75 0.498046875 0.7509765625 0.541015625 0.755859375 0.5458984375 0.78369140625 0.546875 0.81494140625 0.5478515625 0.8662109375 0.5498046875 0.87353515625 0.521484375 0.865234375 0.50390625 0.83837890625 0.47265625 0.81396484375 0.4501953125 0.80517578125 0.4560546875
