2 -0.00048828125 0.001953125 0.4873046875 0.0 0.48974609375 0.017578125 0.48779296875 0.0234375 0.484375 0.0244140625 0.48388671875 0.0576171875 0.49462890625 0.068359375 0.50830078125 0.1259765625 0.5078125 0.140625 0.51318359375 0.150390625 0.51416015625 0.1689453125 0.5185546875 0.18359375 0.521484375 0.185546875 0.52490234375 0.19921875 0.52294921875 0.2001953125 0.5224609375 0.2138671875 0.53515625 0.216796875 0.533203125 0.2255859375 0.53515625 0.244140625 0.5322265625 0.2568359375 0.5322265625 0.267578125 0.544921875 0.296875 0.54638671875 0.3291015625 0.58544921875 0.33203125 0.59619140625 0.30078125 0.59912109375 0.2958984375 0.599609375 0.2705078125 0.61328125 0.2373046875 0.61279296875 0.2275390625 0.619140625 0.205078125 0.619140625 0.1982421875 0.62060546875 0.1923828125 0.62060546875 0.146484375 0.6240234375 0.13671875 0.62060546875 0.1240234375 0.62939453125 0.103515625 0.63232421875 0.1015625 0.6318359375 0.0693359375 0.63623046875 0.0673828125 0.65625 0.001953125 0.99853515625 0.0009765625 0.99853515625 0.458984375 0.5771484375 0.423828125 0.50927734375 0.4404296875 -0.0009765625 0.69140625
4 0.57958984375 0.3984375 0.580078125 0.369140625 0.578125 0.3662109375 0.57080078125 0.365234375 0.5673828125 0.3720703125 0.56640625 0.384765625 0.56640625 0.392578125
4 0.54931640625 0.3955078125 0.54931640625 0.376953125 0.55419921875 0.3720703125 0.5625 0.375 0.564453125 0.37890625 0.564453125 0.3857421875 0.55859375 0.388671875 0.55419921875 0.4013671875
0 0.0 0.7197265625 0.51806640625 0.443359375 0.55078125 0.4326171875 0.61328125 0.4365234375 0.998046875 0.6064453125 0.99853515625 0.61328125 0.998046875 0.998046875 -0.0009765625 0.9970703125
5 0.666015625 0.4912109375 0.6591796875 0.4892578125 0.65869140625 0.49609375 0.65234375 0.4931640625 0.65234375 0.45703125 0.65380859375 0.443359375 0.65234375 0.4375 0.654296875 0.431640625 0.6572265625 0.4306640625 0.658203125 0.4345703125 0.6689453125 0.4189453125
5 0.45166015625 0.498046875 0.45849609375 0.498046875 0.458984375 0.501953125 0.4599609375 0.5048828125 0.46240234375 0.5068359375 0.46435546875 0.5068359375 0.46630859375 0.5048828125 0.46826171875 0.5029296875 0.46826171875 0.4912109375 0.46923828125 0.4912109375 0.47021484375 0.49609375 0.47119140625 0.4990234375 0.4736328125 0.5 0.4755859375 0.5 0.47802734375 0.498046875 0.478515625 0.4853515625 0.4775390625 0.4599609375 0.474609375 0.4404296875 0.46875 0.4296875 0.4658203125 0.419921875 0.46240234375 0.4140625 0.45751953125 0.4111328125 0.43994140625 0.412109375
5 0.38525390625 0.4267578125 0.39111328125 0.4140625 0.3955078125 0.4091796875 0.41650390625 0.40625 0.43603515625 0.4052734375 0.4404296875 0.4091796875 0.447265625 0.4306640625 0.45166015625 0.4560546875 0.4541015625 0.478515625 0.4541015625 0.5009765625 0.45361328125 0.509765625 0.45263671875 0.5126953125 0.4501953125 0.513671875 0.447265625 0.51171875 0.4462890625 0.5029296875 0.44384765625 0.5048828125 0.44287109375 0.5166015625 0.44140625 0.5205078125 0.439453125 0.521484375 0.43798828125 0.521484375 0.43603515625 0.5205078125 0.43505859375 0.515625 0.4345703125 0.5107421875 0.39404296875 0.5146484375
5 0.30859375 0.4072265625 0.3349609375 0.40234375 0.35595703125 0.4013671875 0.36865234375 0.40234375 0.380859375 0.412109375 0.3857421875 0.423828125 0.3935546875 0.4541015625 0.3994140625 0.4873046875 0.4013671875 0.5146484375 0.4013671875 0.5419921875 0.39990234375 0.5556640625 0.39794921875 0.5595703125 0.3935546875 0.560546875 0.39013671875 0.5595703125 0.3876953125 0.5556640625 0.38671875 0.548828125 0.3857421875 0.5400390625 0.3828125 0.5419921875 0.37646484375 0.546875 0.37646484375 0.560546875 0.37548828125 0.57421875 0.37255859375 0.5791015625 0.36962890625 0.5810546875 0.36669921875 0.5810546875 0.36376953125 0.580078125 0.36083984375 0.578125 0.3583984375 0.572265625 0.35693359375 0.5595703125 0.33935546875 0.560546875
5 0.23046875 0.388671875 0.26318359375 0.38671875 0.28857421875 0.388671875 0.30859375 0.3994140625 0.3212890625 0.4287109375 0.32958984375 0.4521484375 0.33447265625 0.4609375 0.33837890625 0.484375 0.34228515625 0.505859375 0.3427734375 0.537109375 0.34326171875 0.576171875 0.3427734375 0.5986328125 0.33935546875 0.6064453125 0.3369140625 0.6083984375 0.3330078125 0.6103515625 0.32861328125 0.609375 0.32470703125 0.6064453125 0.322265625 0.599609375 0.3203125 0.58984375 0.29833984375 0.60546875 0.296875 0.630859375 0.29296875 0.6455078125 0.2880859375 0.65234375 0.28173828125 0.654296875 0.2763671875 0.6533203125 0.2724609375 0.646484375 0.26904296875 0.6376953125 0.21875 0.65234375
5 0.1005859375 0.02734375 0.15478515625 0.0791015625 0.1884765625 0.1142578125 0.201171875 0.1376953125 0.2119140625 0.1923828125 0.2265625 0.30078125 0.23779296875 0.4638671875 0.240234375 0.548828125 0.23828125 0.6025390625 0.236328125 0.615234375 0.22265625 0.6494140625 0.22216796875 0.6845703125 0.21923828125 0.720703125 0.21630859375 0.7373046875 0.2109375 0.74609375 0.20458984375 0.75 0.19775390625 0.7529296875 0.19091796875 0.75390625 0.18310546875 0.7529296875 0.1787109375 0.748046875 0.173828125 0.736328125 0.1708984375 0.7197265625 0.1689453125 0.70703125 0.1689453125 0.697265625 0.04833984375 0.798828125 0.03466796875 0.8125 0.0 0.8486328125 -0.00048828125 0.0 0.06982421875 0.0
5 0.60498046875 0.5107421875 0.60546875 0.4755859375 0.60546875 0.451171875 0.60302734375 0.435546875 0.607421875 0.43359375 0.60888671875 0.431640625 0.6083984375 0.427734375 0.60546875 0.423828125 0.60205078125 0.4228515625 0.599609375 0.4248046875 0.59521484375 0.40625 0.5908203125 0.3974609375 0.578125 0.390625 0.5625 0.390625 0.5498046875 0.392578125 0.5419921875 0.3984375 0.53466796875 0.421875 0.5302734375 0.4248046875 0.5283203125 0.4296875 0.5302734375 0.43359375 0.529296875 0.4404296875 0.52685546875 0.4580078125 0.52734375 0.4755859375 0.52734375 0.5 0.5283203125 0.513671875 0.53076171875 0.5166015625 0.53369140625 0.5166015625 0.5361328125 0.515625 0.5380859375 0.5126953125 0.5400390625 0.5068359375 0.5458984375 0.5068359375 0.546875 0.501953125 0.58984375 0.501953125 0.59130859375 0.5048828125 0.59326171875 0.501953125 0.5947265625 0.5009765625 0.59521484375 0.513671875 0.59765625 0.5166015625 0.60107421875 0.5166015625 0.60400390625 0.515625
5 0.8876953125 0.3974609375 0.880859375 0.3955078125 0.8720703125 0.37890625 0.85791015625 0.357421875 0.8447265625 0.349609375 0.7861328125 0.341796875 0.71240234375 0.3408203125 0.681640625 0.345703125 0.673828125 0.3486328125 0.6708984375 0.357421875 0.66357421875 0.3994140625 0.66015625 0.4501953125 0.6591796875 0.490234375 0.66015625 0.5029296875 0.66015625 0.5087890625 0.662109375 0.5185546875 0.66943359375 0.5244140625 0.6708984375 0.54296875 0.6728515625 0.552734375 0.67626953125 0.5615234375 0.68017578125 0.564453125 0.68603515625 0.5673828125 0.69140625 0.56640625 0.6953125 0.5625 0.697265625 0.556640625 0.6982421875 0.548828125 0.69970703125 0.5400390625 0.716796875 0.5439453125 0.72119140625 0.5458984375 0.72216796875 0.552734375 0.732421875 0.5537109375 0.73291015625 0.548828125 0.748046875 0.5537109375 0.75146484375 0.5634765625 0.75634765625 0.5703125 0.76416015625 0.5712890625 0.77099609375 0.5673828125 0.77392578125 0.5625 0.80029296875 0.5693359375
5 0.93896484375 0.396484375 0.8935546875 0.392578125 0.87548828125 0.392578125 0.8525390625 0.40234375 0.83837890625 0.421875 0.82080078125 0.4638671875 0.818359375 0.4609375 0.8173828125 0.455078125 0.81005859375 0.453125 0.8046875 0.4560546875 0.79931640625 0.4697265625 0.80615234375 0.4765625 0.81591796875 0.4794921875 0.8115234375 0.4853515625 0.79833984375 0.51171875 0.79541015625 0.5419921875 0.79443359375 0.5888671875 0.79541015625 0.609375 0.796875 0.62109375 0.80126953125 0.6259765625 0.8056640625 0.626953125 0.810546875 0.626953125 0.81494140625 0.623046875 0.81689453125 0.6162109375 0.81884765625 0.6005859375 0.84521484375 0.6181640625 0.84521484375 0.6455078125 0.84619140625 0.6640625 0.8515625 0.67578125 0.8583984375 0.6787109375 0.8642578125 0.6787109375 0.869140625 0.671875 0.87353515625 0.6630859375 0.876953125 0.6298828125 0.9892578125 0.650390625 0.990234375 0.671875 0.99365234375 0.685546875 0.99853515625 0.697265625 0.99853515625 0.4091796875 0.96923828125 0.4013671875
