4 0.482421875 0.306640625 0.46630859375 0.3203125 0.451171875 0.3154296875 0.43994140625 0.3125 0.43505859375 0.3310546875 0.44482421875 0.3564453125 0.455078125 0.3779296875 0.4677734375 0.390625 0.4873046875 0.396484375 0.50439453125 0.400390625 0.5234375 0.392578125 0.55224609375 0.38671875 0.576171875 0.38671875 0.58935546875 0.380859375 0.59228515625 0.3349609375 0.5888671875 0.30078125 0.58056640625 0.265625 0.564453125 0.267578125 0.55322265625 0.248046875 0.54150390625 0.240234375 0.52734375 0.2421875 0.5185546875 0.287109375 0.51025390625 0.3232421875 0.49951171875 0.326171875
4 0.37353515625 0.287109375 0.3837890625 0.267578125 0.36669921875 0.2353515625 0.34326171875 0.2265625 0.3369140625 0.1875 0.31396484375 0.1640625 0.3212890625 0.130859375 0.30615234375 0.0859375 0.2919921875 0.0615234375 0.26806640625 0.01171875 0.25537109375 0.0107421875 0.20361328125 0.0 0.2236328125 0.048828125 0.25 0.078125 0.25341796875 0.1484375 0.26220703125 0.18359375 0.2919921875 0.2158203125 0.3134765625 0.25 0.33203125 0.2724609375 0.345703125 0.2890625 0.36376953125 0.291015625
2 0.615234375 0.2744140625 0.57763671875 0.2744140625 0.57861328125 0.150390625 0.619140625 0.142578125
2 0.26904296875 0.1416015625 0.27587890625 0.07421875 0.24951171875 0.0244140625 0.23193359375 0.01953125 0.22216796875 0.0 -0.00048828125 0.0009765625 0.0 0.6044921875 0.16357421875 0.517578125 0.1962890625 0.5029296875 0.31298828125 0.4541015625 0.30908203125 0.197265625 0.28369140625 0.1640625
4 0.4208984375 0.3017578125 0.36376953125 0.2724609375 0.34326171875 0.232421875 0.3212890625 0.2021484375 0.29541015625 0.193359375 0.26416015625 0.2294921875 0.248046875 0.2158203125 0.2421875 0.173828125 0.2392578125 0.1328125 0.228515625 0.078125 0.22314453125 0.1083984375 0.2080078125 0.1845703125 0.1923828125 0.1064453125 0.18505859375 0.0654296875 0.17529296875 0.060546875 0.1728515625 0.1103515625 0.158203125 0.15234375 0.150390625 0.1494140625 0.146484375 0.1796875 0.1220703125 0.2294921875 0.109375 0.2578125 0.10009765625 0.1689453125 0.080078125 0.1689453125 0.076171875 0.1923828125 0.0517578125 0.1064453125 0.03515625 0.1337890625 0.00634765625 0.1328125 -0.00048828125 0.1279296875 0.0 0.3642578125 0.076171875 0.40234375 0.134765625 0.44921875 0.189453125 0.451171875 0.25390625 0.4482421875 0.3525390625 0.4423828125 0.39111328125 0.4404296875 0.40576171875 0.4384765625 0.42333984375 0.4345703125 0.44140625 0.4287109375 0.44482421875 0.388671875 0.47802734375 0.3984375 0.47705078125 0.384765625 0.4716796875 0.3720703125 0.46630859375 0.3583984375 0.45556640625 0.3427734375 0.43115234375 0.3212890625
4 0.60693359375 0.474609375 0.572265625 0.45703125 0.51953125 0.427734375 0.57177734375 0.24609375 0.57373046875 0.2236328125 0.5947265625 0.2216796875 0.59326171875 0.208984375 0.5673828125 0.181640625 0.54541015625 0.1328125 0.55810546875 0.1220703125 0.544921875 0.119140625 0.5419921875 0.1005859375 0.5439453125 0.080078125 0.57666015625 0.10546875 0.58154296875 0.0908203125 0.578125 0.060546875 0.55322265625 0.046875 0.55322265625 0.0322265625 0.56884765625 0.0185546875 0.55810546875 0.001953125 0.6875 0.0 0.67333984375 0.4375 0.6796875 0.4921875 0.67578125 0.4921875 0.65234375 0.4853515625 0.64599609375 0.48046875 0.62646484375 0.4736328125
0 0.71533203125 0.5986328125 0.6064453125 0.474609375 0.533203125 0.40625 0.505859375 0.3935546875 0.49169921875 0.392578125 0.46337890625 0.4033203125 0.4287109375 0.4140625 0.39892578125 0.42578125 0.37451171875 0.43359375 0.26953125 0.4716796875 0.17578125 0.5048828125 0.09912109375 0.53125 0.0 0.564453125 -0.0009765625 0.99609375 0.998046875 0.998046875 0.99853515625 0.84765625
5 0.4873046875 0.3896484375 0.4814453125 0.38671875 0.47412109375 0.388671875 0.4736328125 0.4033203125 0.47509765625 0.4072265625 0.47998046875 0.408203125 0.48583984375 0.40625 0.4873046875 0.39453125
5 0.49560546875 0.3974609375 0.494140625 0.390625 0.48974609375 0.3896484375 0.48681640625 0.3916015625 0.48291015625 0.400390625 0.48388671875 0.4072265625 0.48583984375 0.408203125 0.4873046875 0.40625 0.4931640625 0.40625 0.49365234375 0.4072265625 0.4951171875 0.4072265625 0.49560546875 0.4052734375
5 0.5107421875 0.4072265625 0.509765625 0.384765625 0.50390625 0.384765625 0.49951171875 0.3857421875 0.49853515625 0.3935546875 0.498046875 0.400390625 0.498046875 0.408203125 0.5 0.4091796875 0.5009765625 0.4072265625
5 0.54833984375 0.3564453125 0.52880859375 0.3525390625 0.5078125 0.35546875 0.5068359375 0.3623046875 0.50439453125 0.40234375 0.50390625 0.4345703125 0.50634765625 0.458984375 0.51220703125 0.4326171875 0.52197265625 0.3916015625 0.5322265625 0.3798828125 0.54931640625 0.3779296875 0.55224609375 0.36328125
5 0.52587890625 0.365234375 0.5166015625 0.3701171875 0.51318359375 0.3857421875 0.5107421875 0.3984375 0.505859375 0.3994140625 0.5029296875 0.40234375 0.50146484375 0.4130859375 0.505859375 0.4423828125 0.50341796875 0.5009765625 0.51513671875 0.5009765625 0.52197265625 0.4248046875 0.53369140625 0.3876953125 0.5458984375 0.3740234375 0.546875 0.365234375 0.54248046875 0.3623046875
5 0.52294921875 0.5302734375 0.5185546875 0.5322265625 0.513671875 0.5224609375 0.50927734375 0.51953125 0.51025390625 0.4990234375 0.50927734375 0.455078125 0.51123046875 0.4365234375 0.5166015625 0.40625 0.5283203125 0.376953125 0.53857421875 0.3701171875 0.5517578125 0.3681640625 0.533203125 0.4453125
4 0.78857421875 0.5693359375 0.7236328125 0.5322265625 0.6767578125 0.505859375 0.6650390625 0.4921875 0.62646484375 0.4619140625 0.61572265625 0.4033203125 0.6259765625 0.3466796875 0.61962890625 0.3212890625 0.623046875 0.3134765625 0.62548828125 0.3056640625 0.6279296875 0.294921875 0.62939453125 0.279296875 0.6298828125 0.2509765625 0.63525390625 0.2236328125 0.6416015625 0.189453125 0.64697265625 0.1533203125 0.65234375 0.0986328125 0.6630859375 0.001953125 0.998046875 0.0 0.9970703125 0.6455078125 0.8359375 0.5791015625
1 0.73095703125 0.6806640625 0.6533203125 0.5869140625 0.64794921875 0.5400390625 0.654296875 0.4873046875 0.65869140625 0.4814453125 0.67138671875 0.490234375 0.6884765625 0.498046875 0.705078125 0.5068359375 0.7216796875 0.5185546875 0.7373046875 0.52734375 0.78857421875 0.548828125 0.82763671875 0.5703125 0.8974609375 0.6015625 0.9443359375 0.6259765625 0.998046875 0.6396484375 0.99755859375 0.998046875 0.982421875 0.998046875 0.7958984375 0.7578125
5 0.5888671875 0.3564453125 0.55517578125 0.359375 0.5439453125 0.3642578125 0.5341796875 0.390625 0.529296875 0.416015625 0.517578125 0.419921875 0.5166015625 0.435546875 0.52490234375 0.439453125 0.521484375 0.4755859375 0.52001953125 0.5048828125 0.51904296875 0.564453125 0.51953125 0.5869140625 0.521484375 0.59765625 0.52490234375 0.603515625 0.53125 0.6044921875 0.537109375 0.59765625 0.5380859375 0.572265625 0.64013671875 0.5751953125 0.642578125 0.6005859375 0.646484375 0.607421875 0.65478515625 0.607421875 0.6591796875 0.5986328125 0.66064453125 0.5634765625 0.66015625 0.5546875 0.6630859375 0.50390625 0.65234375 0.4150390625 0.6376953125 0.3720703125 0.62548828125 0.3603515625
1 0.1162109375 0.5263671875 0.15966796875 0.49609375 0.18505859375 0.48828125 0.19677734375 0.482421875 0.2001953125 0.5107421875 0.197265625 0.515625 0.12744140625 0.5517578125 0.11962890625 0.5361328125
5 0.0654296875 0.3447265625 0.126953125 0.3408203125 0.14501953125 0.3486328125 0.16259765625 0.4140625 0.16650390625 0.4775390625 0.1669921875 0.5068359375 0.16455078125 0.5244140625 0.1640625 0.5595703125 0.16162109375 0.5673828125 0.15771484375 0.5732421875 0.150390625 0.576171875 0.1435546875 0.5732421875 0.1396484375 0.5537109375 0.10546875 0.576171875 0.103515625 0.595703125 0.0947265625 0.6044921875 0.08447265625 0.6025390625 0.078125 0.591796875 0.00048828125 0.59765625 0.0 0.3818359375 0.00732421875 0.3623046875 0.02587890625 0.353515625
3 0.3701171875 0.3671875 0.44921875 0.3828125 0.466796875 0.3828125 0.46630859375 0.3623046875 0.38671875 0.333984375 0.38037109375 0.345703125 0.36767578125 0.34765625
5 0.4384765625 0.388671875 0.43115234375 0.3896484375 0.4287109375 0.3916015625 0.4248046875 0.396484375 0.423828125 0.40234375 0.42578125 0.4091796875 0.427734375 0.4189453125 0.43212890625 0.4208984375 0.4443359375 0.4208984375 0.44384765625 0.423828125 0.44580078125 0.4248046875 0.44775390625 0.423828125 0.44775390625 0.416015625 0.447265625 0.40234375 0.4423828125 0.3896484375
4 0.4072265625 0.357421875 0.39453125 0.337890625 0.38671875 0.34375 0.37646484375 0.35546875 0.3662109375 0.3544921875 0.3525390625 0.3505859375 0.35546875 0.396484375 0.36767578125 0.4013671875 0.37890625 0.4189453125 0.38330078125 0.4326171875 0.39404296875 0.44140625 0.4052734375 0.4345703125 0.41455078125 0.4326171875 0.42041015625 0.4287109375 0.4248046875 0.4248046875 0.4267578125 0.4267578125 0.43212890625 0.4267578125 0.4404296875 0.421875 0.43896484375 0.416015625 0.4365234375 0.40625 0.43017578125 0.4052734375 0.42431640625 0.408203125 0.42529296875 0.3974609375 0.4248046875 0.3837890625 0.42529296875 0.3720703125 0.42041015625 0.3662109375
5 0.3701171875 0.392578125 0.3837890625 0.392578125 0.3916015625 0.416015625 0.39111328125 0.451171875 0.38818359375 0.4521484375 0.38671875 0.451171875 0.38623046875 0.4453125 0.38623046875 0.4541015625 0.38232421875 0.455078125 0.380859375 0.453125 0.380859375 0.44921875 0.37060546875 0.4482421875 0.37255859375 0.4521484375 0.37060546875 0.404296875
