4 0.4306640625 0.349609375 0.333984375 0.357421875 0.28369140625 0.3623046875 0.28125 0.3203125 0.28076171875 0.2373046875 0.29541015625 0.189453125 0.3173828125 0.1884765625 0.35009765625 0.1875 0.3701171875 0.189453125 0.39208984375 0.1875 0.6748046875 0.15625 0.693359375 0.1494140625 0.71435546875 0.142578125 0.74169921875 0.1455078125 0.74951171875 0.1298828125 0.76318359375 0.12890625 0.794921875 0.115234375 0.81591796875 0.10546875 0.841796875 0.1044921875 0.88037109375 0.0888671875 0.93017578125 0.0791015625 0.99853515625 0.06640625 0.99755859375 0.322265625 0.7255859375 0.3486328125
2 0.39111328125 0.27734375 0.3583984375 0.27734375 0.3310546875 0.2734375 0.30859375 0.263671875 0.30615234375 0.24609375 0.31298828125 0.224609375 0.328125 0.21484375 0.3359375 0.2158203125 0.34765625 0.2158203125 0.353515625 0.208984375 0.36328125 0.2041015625 0.37451171875 0.2060546875 0.38134765625 0.205078125 0.39111328125 0.19921875
2 0.74853515625 0.1591796875 0.71337890625 0.1630859375 0.69580078125 0.1611328125 0.68212890625 0.1669921875 0.66259765625 0.169921875 0.6591796875 0.24609375 0.6904296875 0.2548828125 0.71044921875 0.2421875 0.7255859375 0.240234375 0.75244140625 0.23828125 0.75927734375 0.2314453125 0.75927734375 0.1767578125
2 0.310546875 0.1337890625 0.30859375 0.0009765625 -0.00048828125 0.0 0.0 0.3896484375 0.05224609375 0.3916015625 0.0947265625 0.39453125 0.25146484375 0.3896484375 0.29833984375 0.390625 0.29541015625 0.2578125 0.3173828125 0.2529296875 0.32080078125 0.2275390625 0.3193359375 0.1923828125 0.31396484375 0.15625
2 0.38330078125 0.0595703125 0.38720703125 0.353515625 0.4072265625 0.3583984375 0.43505859375 0.357421875 0.67529296875 0.3466796875 0.6689453125 0.296875 0.6689453125 0.0 0.38330078125 0.0
2 0.87158203125 0.11328125 0.7705078125 0.115234375 0.7666015625 0.1357421875 0.7529296875 0.1455078125 0.7529296875 0.166015625 0.751953125 0.3388671875 0.912109375 0.345703125 0.99853515625 0.3388671875 0.99853515625 0.10546875
3 0.46044921875 0.3271484375 0.38671875 0.330078125 0.388671875 0.3603515625 0.45654296875 0.3544921875 0.46142578125 0.353515625
0 -0.0009765625 0.568359375 0.220703125 0.48046875 0.2109375 0.453125 0.08544921875 0.4345703125 0.0 0.423828125 0.0 0.3720703125 0.076171875 0.3818359375 0.177734375 0.37109375 0.2197265625 0.3642578125 0.32666015625 0.3623046875 0.384765625 0.3583984375 0.44970703125 0.3564453125 0.4794921875 0.3525390625 0.87451171875 0.337890625 0.95458984375 0.3369140625 0.998046875 0.33203125 0.998046875 0.99609375 0.0 0.9970703125
1 0.4208984375 0.3701171875 0.390625 0.3720703125 0.35595703125 0.3740234375 0.33251953125 0.376953125 0.27392578125 0.3779296875 0.2158203125 0.380859375 0.1640625 0.3837890625 0.08642578125 0.39453125 0.04443359375 0.392578125 -0.0009765625 0.3896484375 0.00048828125 0.3681640625 0.07177734375 0.37109375 0.09130859375 0.3701171875 0.11083984375 0.365234375 0.171875 0.3662109375 0.1982421875 0.3662109375 0.28369140625 0.3623046875 0.359375 0.3583984375 0.392578125 0.3525390625 0.40869140625 0.3544921875 0.453125 0.349609375 0.47216796875 0.349609375 0.5859375 0.3466796875 0.7392578125 0.3408203125 0.8837890625 0.3388671875 0.9296875 0.3408203125 0.943359375 0.33984375 0.95849609375 0.3388671875 0.99853515625 0.3359375 0.998046875 0.3486328125 0.966796875 0.3505859375 0.916015625 0.353515625 0.849609375 0.3525390625
2 0.33837890625 0.23046875 0.30859375 0.2333984375 0.3134765625 0.376953125 0.35546875 0.375 0.35302734375 0.294921875 0.3525390625 0.2412109375 0.34716796875 0.228515625
5 0.90771484375 0.3544921875 0.8857421875 0.3623046875 0.857421875 0.365234375 0.8427734375 0.3642578125 0.83740234375 0.3525390625 0.8408203125 0.3408203125 0.857421875 0.330078125 0.865234375 0.3271484375 0.87841796875 0.3134765625 0.8876953125 0.3134765625 0.90185546875 0.31640625 0.9111328125 0.326171875 0.9140625 0.337890625 0.9140625 0.3486328125 0.9111328125 0.3564453125
5 0.02587890625 0.3671875 0.0234375 0.3095703125 0.0 0.3134765625 0.0 0.41015625 0.01416015625 0.4111328125 0.02294921875 0.4091796875 0.0263671875 0.39453125
5 0.056640625 0.349609375 0.0341796875 0.3505859375 0.02197265625 0.357421875 0.015625 0.36328125 0.0 0.375 -0.0009765625 0.4169921875 0.03466796875 0.4111328125 0.05859375 0.4091796875 0.06884765625 0.40625 0.072265625 0.3984375 0.07177734375 0.3740234375 0.06787109375 0.35546875 0.060546875 0.349609375
5 0.140625 0.314453125 0.1171875 0.3154296875 0.11376953125 0.3505859375 0.1083984375 0.35546875 0.09814453125 0.3603515625 0.091796875 0.369140625 0.09130859375 0.3974609375 0.09521484375 0.4072265625 0.11474609375 0.4091796875 0.123046875 0.4111328125 0.1435546875 0.4189453125 0.16015625 0.4248046875 0.17041015625 0.4248046875 0.1787109375 0.4248046875 0.19140625 0.427734375 0.19677734375 0.4267578125 0.19873046875 0.4072265625 0.19580078125 0.38671875 0.1865234375 0.375 0.17626953125 0.3740234375 0.16552734375 0.3662109375 0.15478515625 0.345703125 0.1484375 0.3408203125
5 0.26953125 0.3466796875 0.267578125 0.32421875 0.2470703125 0.326171875 0.23876953125 0.33984375 0.23193359375 0.3447265625 0.2275390625 0.361328125 0.22900390625 0.38671875 0.22998046875 0.412109375 0.23388671875 0.431640625 0.25048828125 0.4287109375 0.26611328125 0.4267578125 0.2783203125 0.427734375 0.28076171875 0.4248046875 0.28271484375 0.4140625 0.28271484375 0.400390625 0.2822265625 0.388671875 0.27490234375 0.380859375 0.27099609375 0.376953125
5 0.33203125 0.43359375 0.3037109375 0.43359375 0.30126953125 0.4404296875 0.29833984375 0.443359375 0.294921875 0.4443359375 0.29150390625 0.4423828125 0.2890625 0.439453125 0.28662109375 0.4326171875 0.28271484375 0.4306640625 0.27880859375 0.419921875 0.28076171875 0.404296875 0.2861328125 0.380859375 0.29345703125 0.3759765625 0.32421875 0.3740234375 0.33544921875 0.380859375 0.34521484375 0.3916015625 0.3583984375 0.3974609375 0.365234375 0.4033203125 0.369140625 0.4091796875 0.3681640625 0.4296875 0.3642578125 0.43359375 0.357421875 0.43359375 0.3564453125 0.4375 0.35498046875 0.439453125 0.3525390625 0.44140625 0.349609375 0.44140625 0.3466796875 0.4404296875 0.3447265625 0.4375 0.34326171875 0.4326171875
4 0.9169921875 0.0546875 0.9150390625 0.0771484375 0.91259765625 0.11328125 0.919921875 0.123046875 0.92333984375 0.1484375 0.93603515625 0.15234375 0.9423828125 0.12109375 0.9501953125 0.154296875 0.9501953125 0.1748046875 0.9599609375 0.1953125 0.97314453125 0.1865234375 0.98779296875 0.18359375 0.99853515625 0.19140625 0.99853515625 0.0009765625 0.91259765625 0.001953125 0.90966796875 0.0087890625 0.9140625 0.0341796875
5 0.99072265625 0.3525390625 0.984375 0.3681640625 0.98388671875 0.3857421875 0.98876953125 0.3935546875 0.99658203125 0.3955078125 0.998046875 0.396484375 0.998046875 0.341796875 0.9931640625 0.3466796875
5 0.978515625 0.5224609375 0.98193359375 0.49609375 0.986328125 0.458984375 0.982421875 0.427734375 0.974609375 0.4033203125 0.9619140625 0.376953125 0.92236328125 0.3759765625 0.8955078125 0.390625 0.88818359375 0.4033203125 0.8798828125 0.4111328125 0.89599609375 0.4658203125 0.91455078125 0.51171875 0.92724609375 0.509765625 0.93310546875 0.515625 0.93798828125 0.5234375 0.9521484375 0.53125
5 0.775390625 0.3251953125 0.751953125 0.3212890625 0.74169921875 0.3232421875 0.728515625 0.3369140625 0.72802734375 0.3525390625 0.77490234375 0.349609375 0.77783203125 0.3310546875
5 0.55029296875 0.3720703125 0.51708984375 0.3720703125 0.49853515625 0.380859375 0.4912109375 0.396484375 0.48291015625 0.435546875 0.47119140625 0.43359375 0.46533203125 0.4423828125 0.46533203125 0.4560546875 0.47216796875 0.4658203125 0.46533203125 0.5009765625 0.46240234375 0.5439453125 0.4658203125 0.5830078125 0.4677734375 0.6318359375 0.47119140625 0.6435546875 0.4794921875 0.6513671875 0.48876953125 0.6494140625 0.49365234375 0.640625 0.49609375 0.6328125 0.49853515625 0.6123046875 0.513671875 0.615234375 0.55322265625 0.4853515625 0.57958984375 0.4130859375 0.591796875 0.3720703125 0.57177734375 0.3720703125 0.56201171875 0.3720703125
5 0.9384765625 0.76953125 0.947265625 0.732421875 0.947265625 0.6455078125 0.943359375 0.5390625 0.92431640625 0.5 0.87548828125 0.375 0.84814453125 0.333984375 0.79052734375 0.337890625 0.68115234375 0.337890625 0.6669921875 0.3203125 0.61962890625 0.3291015625 0.60302734375 0.3349609375 0.5830078125 0.36328125 0.54248046875 0.46484375 0.537109375 0.4541015625 0.52685546875 0.455078125 0.51513671875 0.4560546875 0.51171875 0.46484375 0.51025390625 0.48828125 0.52734375 0.49609375 0.5126953125 0.5263671875 0.50390625 0.548828125 0.5048828125 0.623046875 0.50390625 0.681640625 0.5068359375 0.7060546875 0.515625 0.71484375 0.5234375 0.708984375 0.525390625 0.6904296875 0.544921875 0.7177734375 0.5673828125 0.748046875 0.56787109375 0.759765625 0.56982421875 0.775390625 0.57177734375 0.796875 0.5771484375 0.814453125 0.58154296875 0.8310546875 0.5888671875 0.84375 0.5966796875 0.8544921875 0.609375 0.859375 0.62744140625 0.8564453125 0.63818359375 0.849609375 0.64697265625 0.81640625 0.83154296875 0.8017578125 0.83740234375 0.8232421875 0.84326171875 0.8359375 0.8505859375 0.84375 0.86181640625 0.84765625 0.87646484375 0.8486328125 0.88671875 0.8447265625 0.9013671875 0.8291015625 0.908203125 0.8125 0.9130859375 0.794921875
3 0.06396484375 0.3994140625 0.029296875 0.3974609375 0.0087890625 0.3984375 0.0 0.3994140625 -0.0009765625 0.4404296875 0.0849609375 0.4462890625 0.08349609375 0.388671875 0.07958984375 0.373046875 0.0732421875 0.3896484375
