4 0.43359375 0.2373046875 0.439453125 0.2333984375 0.44140625 0.236328125 0.443359375 0.234375 0.4453125 0.236328125 0.447265625 0.236328125 0.4482421875 0.2333984375 0.44970703125 0.2333984375 0.4501953125 0.236328125 0.45166015625 0.232421875 0.45361328125 0.2353515625 0.45556640625 0.2333984375 0.45654296875 0.2353515625 0.45751953125 0.2333984375 0.4599609375 0.236328125 0.462890625 0.234375 0.46484375 0.2353515625 0.46875 0.232421875 0.47119140625 0.2275390625 0.47412109375 0.23046875 0.47607421875 0.234375 0.478515625 0.23828125 0.47998046875 0.2431640625 0.47998046875 0.2353515625 0.48046875 0.23046875 0.4814453125 0.228515625 0.4833984375 0.234375 0.48486328125 0.236328125 0.486328125 0.236328125 0.4873046875 0.2333984375 0.4892578125 0.232421875 0.49072265625 0.236328125 0.4912109375 0.2392578125 0.4931640625 0.240234375 0.49609375 0.2421875 0.498046875 0.240234375 0.50048828125 0.2392578125 0.5029296875 0.23828125 0.50439453125 0.2412109375 0.5068359375 0.240234375 0.5078125 0.2431640625 0.5087890625 0.2412109375 0.51123046875 0.2451171875 0.513671875 0.2451171875 0.51416015625 0.2451171875 0.51513671875 0.2470703125 0.515625 0.2490234375 0.5166015625 0.2470703125 0.51806640625 0.244140625 0.5185546875 0.2431640625 0.5185546875 0.2373046875 0.51953125 0.2333984375 0.51953125 0.2255859375 0.52001953125 0.2177734375 0.521484375 0.212890625 0.52392578125 0.2099609375 0.52783203125 0.2109375 0.5322265625 0.3447265625 0.458984375 0.3505859375 0.43212890625 0.2587890625
2 0.45458984375 0.24609375 0.45654296875 0.2421875 0.458984375 0.2431640625 0.45947265625 0.2470703125 0.4599609375 0.25390625 0.46044921875 0.2578125 0.46142578125 0.2578125 0.4619140625 0.2548828125 0.4638671875 0.2509765625 0.46484375 0.2490234375 0.46728515625 0.2490234375 0.466796875 0.2548828125 0.46826171875 0.26171875 0.46435546875 0.2626953125 0.4609375 0.2607421875 0.4599609375 0.2578125 0.4580078125 0.2509765625 0.4560546875 0.25
2 0.47314453125 0.24609375 0.47314453125 0.2509765625 0.47607421875 0.25 0.47509765625 0.2451171875
2 0.47802734375 0.2470703125 0.48046875 0.2451171875 0.48095703125 0.2509765625 0.47998046875 0.25
2 0.50341796875 0.2646484375 0.50439453125 0.2705078125 0.50732421875 0.267578125 0.50830078125 0.2724609375 0.509765625 0.2705078125 0.509765625 0.2666015625 0.5078125 0.2646484375 0.50732421875 0.2626953125 0.5048828125 0.2607421875
2 0.49169921875 0.2646484375 0.49365234375 0.2646484375 0.49609375 0.2578125
2 0.455078125 0.271484375 0.46044921875 0.2724609375 0.4619140625 0.2763671875 0.46142578125 0.28125 0.45947265625 0.28515625 0.45458984375 0.283203125
2 0.4794921875 0.2861328125 0.48095703125 0.2822265625 0.48681640625 0.283203125 0.48828125 0.28515625 0.48828125 0.2880859375 0.48681640625 0.2900390625 0.486328125 0.287109375 0.4853515625 0.28515625 0.48388671875 0.2841796875 0.482421875 0.2841796875 0.48193359375 0.287109375 0.4814453125 0.2880859375
2 0.4912109375 0.2880859375 0.4931640625 0.283203125 0.49609375 0.2861328125 0.49755859375 0.2978515625 0.49609375 0.29296875 0.4951171875 0.2919921875 0.49365234375 0.2919921875 0.4921875 0.29296875 0.49169921875 0.2939453125
2 0.49609375 0.3466796875 0.49560546875 0.32421875 0.50146484375 0.32421875 0.501953125 0.31640625 0.49951171875 0.3076171875 0.494140625 0.30859375 0.49267578125 0.296875 0.48779296875 0.2900390625 0.47802734375 0.2890625 0.47509765625 0.306640625 0.4765625 0.3447265625
2 0.4560546875 0.259765625 0.44873046875 0.23828125 0.435546875 0.23828125 0.427734375 0.2197265625 0.42529296875 0.220703125 0.42431640625 0.2041015625 0.41650390625 0.205078125 0.40771484375 0.1865234375 0.4052734375 0.185546875 0.404296875 0.1796875 0.3994140625 0.1796875 0.3994140625 0.181640625 0.39208984375 0.1728515625 0.3916015625 0.166015625 0.38671875 0.166015625 0.3662109375 0.1396484375 0.36328125 0.138671875 0.3515625 0.125 0.34912109375 0.1201171875 0.34912109375 0.109375 0.35107421875 0.107421875 0.35009765625 0.1015625 0.34814453125 0.099609375 0.34814453125 0.09375 0.34912109375 0.0908203125 0.3408203125 -0.0009765625 0.220703125 -0.0009765625 0.0 0.0 -0.00048828125 0.458984375 0.35302734375 0.4609375 0.38330078125 0.4501953125 0.43017578125 0.421875 0.4482421875 0.365234375 0.4560546875 0.2724609375
4 0.43359375 0.275390625 0.4365234375 0.265625 0.43896484375 0.2626953125 0.43994140625 0.259765625 0.44140625 0.2568359375 0.44287109375 0.2587890625 0.4462890625 0.2626953125 0.447265625 0.267578125 0.45068359375 0.275390625 0.451171875 0.28125 0.45263671875 0.283203125 0.455078125 0.28125 0.45703125 0.28125 0.458984375 0.2841796875 0.4609375 0.2841796875 0.4638671875 0.2880859375 0.46484375 0.283203125 0.46728515625 0.275390625 0.47021484375 0.275390625 0.47314453125 0.2783203125 0.47509765625 0.28125 0.47705078125 0.283203125 0.47802734375 0.287109375 0.47802734375 0.29296875 0.478515625 0.3017578125 0.478515625 0.3046875 0.47998046875 0.302734375 0.4814453125 0.3046875 0.48193359375 0.3115234375 0.482421875 0.3173828125 0.48388671875 0.3203125 0.486328125 0.32421875 0.48681640625 0.326171875 0.490234375 0.3271484375 0.494140625 0.326171875 0.49755859375 0.330078125 0.4990234375 0.333984375 0.50390625 0.341796875 0.50244140625 0.3466796875 0.5 0.3486328125 0.50244140625 0.34765625 0.48388671875 0.34765625 0.48291015625 0.34765625 0.435546875 0.3525390625
2 0.49755859375 0.255859375 0.49755859375 0.25 0.49951171875 0.24609375 0.5048828125 0.248046875 0.50634765625 0.25 0.505859375 0.255859375 0.50439453125 0.251953125 0.50390625 0.2509765625 0.50244140625 0.2529296875 0.50146484375 0.25 0.5 0.2490234375 0.4990234375 0.2509765625 0.49853515625 0.2529296875
2 0.51025390625 0.2529296875 0.51318359375 0.248046875 0.515625 0.2529296875 0.515625 0.2568359375 0.52587890625 0.255859375 0.52587890625 0.26171875 0.51806640625 0.2626953125 0.51953125 0.2666015625 0.51806640625 0.2705078125 0.5185546875 0.2734375 0.517578125 0.2744140625 0.5166015625 0.2705078125 0.51318359375 0.2685546875 0.515625 0.2626953125 0.5146484375 0.2587890625 0.51318359375 0.259765625 0.51123046875 0.259765625 0.5107421875 0.2568359375
2 0.4990234375 0.2900390625 0.4990234375 0.298828125 0.5 0.2978515625 0.501953125 0.296875 0.5029296875 0.298828125 0.50439453125 0.296875 0.50830078125 0.296875 0.50830078125 0.2890625 0.5087890625 0.2822265625 0.50439453125 0.283203125 0.50341796875 0.2822265625 0.501953125 0.287109375
2 0.55859375 0.0 0.5546875 0.01171875 0.55712890625 0.021484375 0.5517578125 0.029296875 0.544921875 0.07421875 0.544921875 0.0849609375 0.546875 0.0888671875 0.54736328125 0.0927734375 0.5498046875 0.0947265625 0.5498046875 0.09765625 0.54150390625 0.0966796875 0.5400390625 0.08984375 0.53955078125 0.1015625 0.53857421875 0.1171875 0.53955078125 0.119140625 0.5380859375 0.1318359375 0.5380859375 0.138671875 0.53173828125 0.150390625 0.53076171875 0.1591796875 0.52490234375 0.185546875 0.521484375 0.1962890625 0.5234375 0.2021484375 0.52294921875 0.2060546875 0.5244140625 0.208984375 0.52490234375 0.2734375 0.52490234375 0.2880859375 0.51513671875 0.2880859375 0.51318359375 0.2880859375 0.51025390625 0.29296875 0.5126953125 0.2978515625 0.513671875 0.30078125 0.513671875 0.296875 0.515625 0.29296875 0.517578125 0.2958984375 0.5185546875 0.2978515625 0.51904296875 0.3046875 0.5234375 0.3056640625 0.52099609375 0.310546875 0.5205078125 0.3203125 0.517578125 0.3154296875 0.5166015625 0.3193359375 0.51708984375 0.322265625 0.51953125 0.3232421875 0.5234375 0.322265625 0.52392578125 0.33984375 0.5986328125 0.3564453125 0.86279296875 0.3818359375 0.880859375 0.48046875 0.9990234375 0.4716796875 0.99853515625 0.0
0 -0.0009765625 0.453125 0.21826171875 0.470703125 0.34716796875 0.46484375 0.37158203125 0.4609375 0.4423828125 0.4169921875 0.501953125 0.3427734375 0.5009765625 0.3388671875 0.50048828125 0.3369140625 0.50048828125 0.333984375 0.5 0.3330078125 0.50048828125 0.330078125 0.50146484375 0.3349609375 0.50244140625 0.3369140625 0.50390625 0.337890625 0.5048828125 0.3388671875 0.50537109375 0.3408203125 0.50732421875 0.3515625 0.56689453125 0.4189453125 0.751953125 0.4287109375 0.81884765625 0.4619140625 0.9619140625 0.45703125 0.9990234375 0.4541015625 0.99853515625 0.998046875 -0.0009765625 0.99609375
1 0.35888671875 0.453125 0.37158203125 0.453125 0.37158203125 0.4677734375 0.36474609375 0.470703125 0.359375 0.4716796875
1 0.88037109375 0.9716796875 0.83349609375 0.8994140625 0.78466796875 0.826171875 0.76123046875 0.7763671875 0.76123046875 0.7412109375 0.765625 0.712890625 0.77587890625 0.6875 0.78662109375 0.6689453125 0.80126953125 0.654296875 0.81787109375 0.642578125 0.84716796875 0.62890625 0.87255859375 0.619140625 0.8974609375 0.6123046875 0.9287109375 0.6083984375 0.958984375 0.6025390625 0.99365234375 0.5966796875 0.99853515625 0.5966796875 0.99853515625 0.99609375 0.8974609375 0.998046875
4 0.1484375 0.4287109375 0.14697265625 0.404296875 0.14599609375 0.3740234375 0.1455078125 0.33984375 0.14453125 0.306640625 0.14794921875 0.2783203125 0.1513671875 0.283203125 0.158203125 0.27734375 0.16015625 0.2685546875 0.1552734375 0.263671875 0.15234375 0.2607421875 0.15234375 0.2373046875 0.15771484375 0.2392578125 0.16357421875 0.2275390625 0.1689453125 0.232421875 0.17578125 0.236328125 0.18505859375 0.2373046875 0.18896484375 0.2431640625 0.19677734375 0.2353515625 0.20166015625 0.2275390625 0.20654296875 0.234375 0.2158203125 0.234375 0.21826171875 0.2265625 0.22314453125 0.2294921875 0.22509765625 0.240234375 0.2294921875 0.2666015625 0.23486328125 0.267578125 0.2373046875 0.2431640625 0.240234375 0.2275390625 0.244140625 0.22265625 0.2470703125 0.2333984375 0.2548828125 0.240234375 0.259765625 0.232421875 0.2646484375 0.240234375 0.2705078125 0.244140625 0.27392578125 0.2490234375 0.2802734375 0.255859375 0.28662109375 0.255859375 0.28759765625 0.244140625 0.2861328125 0.2314453125 0.28466796875 0.216796875 0.2802734375 0.203125 0.2802734375 0.193359375 0.28369140625 0.1806640625 0.28564453125 0.16796875 0.283203125 0.1533203125 0.28271484375 0.15234375 0.2783203125 0.1474609375 0.2724609375 0.140625 0.2626953125 0.1396484375 0.2490234375 0.1337890625 0.24658203125 0.1171875 0.24658203125 0.09765625 0.248046875 0.0810546875 0.24658203125 0.0595703125 0.24462890625 0.0478515625 0.24951171875 0.05078125 0.2509765625 0.0390625 0.25390625 0.0341796875 0.25341796875 0.0244140625 0.2548828125 0.0107421875 0.251953125 0.0 0.0302734375 -0.0009765625 0.0302734375 0.005859375 0.02783203125 0.013671875 0.0234375 0.0224609375 0.0205078125 0.0322265625 0.01904296875 0.0419921875 0.017578125 0.056640625 0.01953125 0.072265625 0.021484375 0.1005859375 0.0185546875 0.1044921875 0.015625 0.1103515625 0.01025390625 0.115234375 0.005859375 0.1240234375 0.001953125 0.1396484375 0.00390625 0.158203125 0.0087890625 0.1728515625 0.01123046875 0.1826171875 0.01123046875 0.1982421875 0.01123046875 0.2138671875 0.009765625 0.2294921875 0.00927734375 0.244140625 0.01416015625 0.2529296875 0.02197265625 0.259765625 0.03076171875 0.2626953125 0.03662109375 0.26171875 0.04345703125 0.2568359375 0.05029296875 0.2587890625 0.05712890625 0.2626953125 0.06787109375 0.267578125 0.07421875 0.2607421875 0.0751953125 0.251953125 0.0751953125 0.2333984375 0.080078125 0.220703125 0.08984375 0.216796875 0.10205078125 0.2177734375 0.10693359375 0.2236328125 0.111328125 0.2353515625 0.1162109375 0.240234375 0.1201171875 0.2392578125 0.12744140625 0.2548828125 0.1279296875 0.2685546875 0.1279296875 0.283203125 0.12841796875 0.2939453125 0.13037109375 0.302734375 0.13623046875 0.294921875 0.13818359375 0.3037109375 0.13818359375 0.3251953125 0.13720703125 0.34765625 0.13720703125 0.3642578125 0.1376953125 0.390625 0.1376953125 0.4140625 0.13916015625 0.4296875
5 0.40087890625 0.4072265625 0.40576171875 0.404296875 0.41162109375 0.4033203125 0.42041015625 0.4033203125 0.42529296875 0.404296875 0.42822265625 0.4150390625 0.42919921875 0.4580078125 0.42724609375 0.4638671875 0.4228515625 0.4638671875 0.4228515625 0.458984375 0.419921875 0.4580078125 0.3984375 0.4208984375 0.39892578125 0.4169921875 0.3994140625 0.412109375
5 0.41015625 0.46484375 0.41455078125 0.46484375 0.4150390625 0.46875 0.41796875 0.4677734375 0.41845703125 0.4658203125 0.4189453125 0.4677734375 0.42138671875 0.466796875 0.42138671875 0.4580078125 0.42041015625 0.4443359375 0.419921875 0.4384765625 0.41943359375 0.4375 0.42041015625 0.4365234375 0.42041015625 0.435546875 0.4189453125 0.4326171875 0.41796875 0.4326171875 0.4169921875 0.4267578125 0.41455078125 0.421875 0.4140625 0.421875 0.408203125 0.4208984375 0.4033203125 0.421875
5 0.39208984375 0.41796875 0.3828125 0.41796875 0.38037109375 0.419921875 0.37646484375 0.4267578125 0.3740234375 0.435546875 0.373046875 0.4345703125 0.37109375 0.4345703125 0.3701171875 0.4365234375 0.37109375 0.4384765625 0.37353515625 0.439453125 0.37255859375 0.443359375 0.36962890625 0.447265625 0.36962890625 0.453125 0.36962890625 0.458984375 0.36962890625 0.4677734375 0.3701171875 0.47265625 0.37158203125 0.474609375 0.375 0.474609375 0.37548828125 0.47265625 0.3759765625 0.4677734375 0.37744140625 0.4677734375 0.37744140625 0.47265625 0.37890625 0.474609375 0.38037109375 0.474609375 0.3818359375 0.4736328125 0.3818359375 0.46875 0.400390625 0.4677734375 0.40087890625 0.4716796875 0.40283203125 0.47265625 0.40478515625 0.47265625 0.40673828125 0.4716796875 0.408203125 0.4716796875 0.40966796875 0.4716796875 0.4111328125 0.4697265625 0.4111328125 0.4619140625 0.41064453125 0.4501953125 0.4091796875 0.4375 0.40966796875 0.4365234375 0.4091796875 0.43359375 0.408203125 0.431640625 0.40576171875 0.423828125 0.40234375 0.41796875 0.396484375 0.41796875
4 0.35595703125 0.4384765625 0.357421875 0.4365234375 0.35986328125 0.4326171875 0.361328125 0.43359375 0.36279296875 0.4375 0.3642578125 0.4423828125 0.3642578125 0.4453125 0.36376953125 0.44921875 0.36328125 0.453125 0.361328125 0.4541015625 0.35888671875 0.453125
5 0.3359375 0.423828125 0.3515625 0.421875 0.35302734375 0.42578125 0.35400390625 0.4326171875 0.3544921875 0.4365234375 0.357421875 0.4375 0.35888671875 0.439453125 0.3603515625 0.44921875 0.35986328125 0.455078125 0.36083984375 0.46484375 0.36083984375 0.474609375 0.35888671875 0.4765625 0.3564453125 0.4755859375 0.35498046875 0.47265625 0.35498046875 0.4765625 0.35302734375 0.4775390625 0.35009765625 0.4765625 0.34912109375 0.47265625 0.33837890625 0.4736328125
4 0.0615234375 0.4306640625 0.06298828125 0.42578125 0.06640625 0.4228515625 0.06982421875 0.421875 0.07177734375 0.4189453125 0.0751953125 0.4130859375 0.07861328125 0.4130859375 0.083984375 0.416015625 0.08837890625 0.4169921875 0.0908203125 0.4189453125 0.09521484375 0.4140625 0.10009765625 0.4111328125 0.103515625 0.412109375 0.1083984375 0.412109375 0.11279296875 0.41015625 0.1171875 0.4130859375 0.1201171875 0.4189453125 0.1240234375 0.4150390625 0.12890625 0.4150390625 0.13232421875 0.416015625 0.1376953125 0.416015625 0.142578125 0.416015625 0.1474609375 0.412109375 0.150390625 0.41015625 0.1533203125 0.4111328125 0.15673828125 0.4130859375 0.16162109375 0.4130859375 0.16455078125 0.412109375 0.16845703125 0.4091796875 0.171875 0.4189453125 0.17333984375 0.4228515625 0.1767578125 0.4248046875 0.1796875 0.4287109375 0.1796875 0.4296875 0.08251953125 0.4541015625
5 0.1708984375 0.4296875 0.1806640625 0.42578125 0.1923828125 0.4228515625 0.20166015625 0.423828125 0.21142578125 0.4248046875 0.21875 0.4248046875 0.2255859375 0.4267578125 0.23388671875 0.4326171875 0.224609375 0.490234375 0.22314453125 0.4921875 0.2177734375 0.4921875 0.21484375 0.484375 0.21240234375 0.486328125 0.2109375 0.48828125 0.208984375 0.4921875 0.2060546875 0.494140625 0.201171875 0.494140625 0.1982421875 0.4921875 0.19677734375 0.4873046875 0.189453125 0.48828125 0.17919921875 0.4873046875
5 0.287109375 0.4013671875 0.310546875 0.4013671875 0.3212890625 0.40234375 0.32958984375 0.4052734375 0.33154296875 0.4072265625 0.33203125 0.4130859375 0.33935546875 0.4248046875 0.33984375 0.427734375 0.34326171875 0.4345703125 0.34375 0.4423828125 0.34375 0.4541015625 0.3447265625 0.462890625 0.345703125 0.4677734375 0.34521484375 0.470703125 0.34228515625 0.474609375 0.337890625 0.4765625 0.3349609375 0.478515625 0.33349609375 0.484375 0.3310546875 0.4892578125 0.32763671875 0.4931640625 0.32275390625 0.494140625 0.31982421875 0.4912109375 0.31591796875 0.4873046875 0.31201171875 0.4931640625 0.30712890625 0.4951171875 0.30224609375 0.4931640625 0.29833984375 0.4912109375 0.294921875 0.482421875 0.259765625 0.4833984375 0.2578125 0.490234375 0.25390625 0.4931640625 0.24755859375 0.494140625 0.24267578125 0.4892578125 0.2412109375 0.4853515625 0.240234375 0.484375 0.2373046875 0.490234375 0.234375 0.4951171875 0.2275390625 0.4951171875 0.220703125 0.490234375 0.21728515625 0.4814453125 0.216796875 0.4775390625 0.21240234375 0.4775390625 0.2109375 0.470703125 0.2109375 0.4599609375 0.21142578125 0.453125 0.2158203125 0.4453125 0.2197265625 0.4384765625 0.224609375 0.435546875 0.23046875 0.43359375 0.23828125 0.4306640625 0.24169921875 0.4296875 0.24365234375 0.4306640625 0.25146484375 0.4189453125 0.25830078125 0.412109375 0.26220703125 0.4072265625 0.26513671875 0.404296875 0.27099609375 0.40234375 0.279296875 0.4013671875
5 0.091796875 0.4482421875 0.08056640625 0.4306640625 0.06787109375 0.427734375 0.0458984375 0.4267578125 0.029296875 0.4287109375 0.01904296875 0.4384765625 0.013671875 0.4462890625 0.00634765625 0.451171875 0.0 0.4560546875 -0.0009765625 0.4794921875 0.06103515625 0.4931640625 0.064453125 0.4921875 0.06591796875 0.48828125 0.06591796875 0.486328125 0.07177734375 0.486328125 0.07275390625 0.4912109375 0.07421875 0.4931640625 0.0771484375 0.4951171875 0.08056640625 0.4951171875 0.08154296875 0.494140625 0.08349609375 0.490234375
5 0.1494140625 0.419921875 0.125 0.419921875 0.11669921875 0.4248046875 0.103515625 0.435546875 0.0966796875 0.4443359375 0.09326171875 0.447265625 0.08642578125 0.44921875 0.0810546875 0.453125 0.07861328125 0.45703125 0.07568359375 0.466796875 0.0751953125 0.4765625 0.07568359375 0.484375 0.078125 0.4892578125 0.08154296875 0.4912109375 0.08251953125 0.4921875 0.08349609375 0.494140625 0.0859375 0.4970703125 0.08984375 0.498046875 0.09375 0.498046875 0.0966796875 0.49609375 0.0986328125 0.4912109375 0.10546875 0.490234375 0.10693359375 0.494140625 0.11083984375 0.498046875 0.1142578125 0.498046875 0.11865234375 0.4931640625 0.11962890625 0.4892578125 0.13330078125 0.48828125 0.14404296875 0.4873046875 0.1455078125 0.4931640625 0.1474609375 0.4951171875 0.15087890625 0.4970703125 0.1552734375 0.4970703125 0.15966796875 0.494140625 0.16162109375 0.48828125 0.16845703125 0.48828125 0.16943359375 0.4921875 0.17138671875 0.49609375 0.17529296875 0.49609375 0.1787109375 0.4951171875 0.18115234375 0.48828125 0.185546875 0.4794921875 0.18505859375 0.46484375 0.1845703125 0.455078125 0.181640625 0.4462890625 0.17333984375 0.4296875 0.16796875 0.4228515625 0.15673828125 0.421875
5 0.958984375 0.361328125 0.998046875 0.359375 0.994140625 0.4189453125 0.96044921875 0.4599609375 0.94677734375 0.4609375 0.9375 0.455078125 0.931640625 0.4482421875 0.9306640625 0.3994140625 0.94189453125 0.3818359375 0.95263671875 0.3671875
3 0.97314453125 0.416015625 0.94482421875 0.4150390625 0.9462890625 0.4765625 0.95947265625 0.4765625
3 0.787109375 0.5029296875 0.8427734375 0.501953125 0.93505859375 0.505859375 0.94921875 0.5048828125 0.947265625 0.4140625 0.88525390625 0.416015625 0.8115234375 0.41796875 0.75341796875 0.41796875 0.7431640625 0.421875 0.74365234375 0.453125
5 0.99853515625 0.53515625 0.98779296875 0.5322265625 0.9814453125 0.521484375 0.978515625 0.51171875 0.97021484375 0.5126953125 0.9619140625 0.5107421875 0.9599609375 0.5009765625 0.95703125 0.494140625 0.95703125 0.47265625 0.9599609375 0.451171875 0.96240234375 0.4375 0.96630859375 0.419921875 0.97265625 0.404296875 0.97998046875 0.390625 0.97607421875 0.3818359375 0.9755859375 0.3779296875 0.9814453125 0.3759765625 0.990234375 0.3740234375 0.99755859375 0.3740234375
5 0.51416015625 0.427734375 0.52490234375 0.3974609375 0.52978515625 0.38671875 0.54833984375 0.3818359375 0.57177734375 0.37890625 0.58935546875 0.375 0.62158203125 0.3701171875 0.7333984375 0.443359375 0.74609375 0.447265625 0.7587890625 0.44921875 0.77001953125 0.4560546875 0.78271484375 0.4658203125 0.78955078125 0.484375 0.794921875 0.50390625 0.794921875 0.5126953125 0.79248046875 0.525390625 0.7939453125 0.537109375 0.78759765625 0.5478515625 0.771484375 0.5517578125 0.76318359375 0.552734375 0.7529296875 0.5576171875 0.75146484375 0.564453125 0.74951171875 0.5712890625 0.7431640625 0.5771484375 0.73291015625 0.5791015625 0.72216796875 0.578125 0.716796875 0.5712890625 0.7119140625 0.560546875 0.5703125 0.552734375 0.56591796875 0.5625 0.5595703125 0.5703125 0.5517578125 0.57421875 0.5439453125 0.5732421875 0.5390625 0.568359375 0.5341796875 0.560546875 0.53076171875 0.552734375 0.52978515625 0.5458984375 0.515625 0.546875 0.5087890625 0.544921875 0.505859375 0.5322265625 0.50341796875 0.5107421875 0.50244140625 0.5009765625 0.5048828125 0.4931640625 0.50634765625 0.484375 0.5048828125 0.4736328125 0.50537109375 0.45703125 0.50830078125 0.4423828125
