0 -0.0009765625 0.5546875 0.48193359375 0.423828125 0.5595703125 0.3798828125 0.58154296875 0.3564453125 0.5908203125 0.3271484375 0.6142578125 0.3310546875 0.6591796875 0.423828125 0.85205078125 0.5673828125 0.99853515625 0.708984375 0.998046875 0.998046875 0.53369140625 0.998046875 0.0 0.99609375
1 -0.0009765625 0.5126953125 0.4423828125 0.4130859375 0.5615234375 0.37109375 0.57373046875 0.3740234375 0.55810546875 0.3955078125 0.55322265625 0.40234375 0.54541015625 0.412109375 0.53515625 0.4189453125 0.51953125 0.4248046875 0.39599609375 0.4765625 0.3388671875 0.4951171875 0.328125 0.498046875 0.22802734375 0.52734375 0.173828125 0.5458984375 0.0732421875 0.568359375 -0.0009765625 0.591796875
1 0.611328125 0.375 0.638671875 0.3759765625 0.79638671875 0.458984375 0.98388671875 0.49609375 0.99853515625 0.5 0.99853515625 0.7451171875 0.9150390625 0.6748046875 0.81494140625 0.583984375 0.732421875 0.51171875 0.69970703125 0.4912109375 0.6220703125 0.408203125 0.6171875 0.3994140625
2 0.65625 0.203125 0.62158203125 0.2412109375 0.6142578125 0.2861328125 0.61279296875 0.3671875 0.6162109375 0.3837890625 0.6337890625 0.390625 0.666015625 0.3642578125 0.6591796875 0.20703125
4 0.64990234375 0.1435546875 0.64501953125 0.13671875 0.640625 0.13671875 0.6396484375 0.1455078125 0.642578125 0.1494140625 0.642578125 0.154296875 0.63818359375 0.1552734375 0.63818359375 0.1640625 0.642578125 0.1650390625 0.64404296875 0.1669921875 0.6416015625 0.1728515625 0.642578125 0.1767578125 0.64404296875 0.1787109375 0.64404296875 0.1826171875 0.64697265625 0.1845703125 0.650390625 0.185546875 0.6572265625 0.1748046875 0.6572265625 0.154296875
4 0.65283203125 0.2275390625 0.64697265625 0.2333984375 0.63818359375 0.2392578125 0.63330078125 0.244140625 0.625 0.248046875 0.62109375 0.2490234375 0.6171875 0.2568359375 0.6171875 0.2587890625 0.6162109375 0.267578125 0.61474609375 0.2734375 0.6142578125 0.2783203125 0.6142578125 0.29296875 0.61376953125 0.2978515625 0.61767578125 0.3017578125 0.61767578125 0.30859375 0.61865234375 0.3115234375 0.61669921875 0.31640625 0.61376953125 0.32421875 0.61181640625 0.330078125 0.6123046875 0.337890625 0.6142578125 0.34375 0.61669921875 0.3486328125 0.6220703125 0.353515625 0.62890625 0.3544921875 0.64013671875 0.3505859375 0.6533203125 0.3330078125 0.6572265625 0.26953125
5 0.5947265625 0.3701171875 0.59375 0.36328125 0.595703125 0.3603515625 0.60009765625 0.3623046875 0.60009765625 0.3662109375 0.59912109375 0.3701171875
2 0.650390625 0.3076171875 0.65087890625 0.16796875 0.650390625 0.1142578125 0.63916015625 0.1142578125 0.65185546875 0.013671875 0.6533203125 0.0009765625 0.99853515625 0.0 0.9970703125 0.4990234375 0.8505859375 0.4775390625 0.802734375 0.4775390625 0.77294921875 0.4638671875 0.7373046875 0.4482421875 0.7236328125 0.4423828125 0.7138671875 0.4423828125 0.70263671875 0.4384765625 0.681640625 0.3935546875 0.66162109375 0.34375
2 0.79541015625 0.24609375 0.837890625 0.212890625 0.94921875 0.220703125 0.9541015625 0.2353515625 0.951171875 0.240234375 0.947265625 0.5224609375 0.94140625 0.521484375 0.9423828125 0.4931640625 0.91064453125 0.494140625 0.90087890625 0.49609375 0.89306640625 0.4931640625 0.89306640625 0.501953125 0.88525390625 0.501953125 0.88427734375 0.490234375 0.85693359375 0.48828125 0.8486328125 0.4775390625 0.84521484375 0.4169921875 0.8359375 0.283203125 0.8349609375 0.259765625 0.80859375 0.255859375 0.8046875 0.251953125
2 0.94482421875 0.2529296875 0.8837890625 0.2548828125 0.89111328125 0.357421875 0.89990234375 0.4951171875 0.9052734375 0.50390625 0.94189453125 0.5048828125
2 0.5703125 0.26171875 0.583984375 0.2626953125 0.58544921875 0.35546875 0.55810546875 0.37890625 0.54638671875 0.3896484375 0.525390625 0.4013671875 0.47705078125 0.19140625 0.47802734375 0.09375 0.48876953125 0.1259765625 0.49267578125 0.1328125 0.5224609375 0.1318359375 0.53662109375 0.1708984375 0.53515625 0.17578125 0.53466796875 0.203125 0.5419921875 0.236328125 0.5625 0.263671875
4 0.482421875 0.1611328125 0.482421875 0.1494140625 0.4853515625 0.1494140625 0.48779296875 0.1474609375 0.49169921875 0.146484375 0.4951171875 0.146484375 0.4970703125 0.1435546875 0.49853515625 0.1376953125 0.5 0.1357421875 0.5029296875 0.1279296875 0.5068359375 0.130859375 0.5126953125 0.126953125 0.51416015625 0.138671875 0.517578125 0.1474609375 0.51953125 0.1552734375 0.5205078125 0.1650390625 0.5224609375 0.16796875 0.5244140625 0.169921875 0.52783203125 0.1728515625 0.53173828125 0.177734375 0.53564453125 0.185546875 0.53759765625 0.1923828125 0.53857421875 0.1943359375 0.53857421875 0.1884765625 0.53857421875 0.185546875 0.541015625 0.1806640625 0.54296875 0.17578125 0.5439453125 0.1708984375 0.5478515625 0.16796875 0.55078125 0.1630859375 0.556640625 0.1611328125 0.55859375 0.1630859375 0.56005859375 0.1669921875 0.564453125 0.169921875 0.56640625 0.177734375 0.56787109375 0.1845703125 0.56982421875 0.189453125 0.568359375 0.197265625 0.568359375 0.2021484375 0.5712890625 0.205078125 0.5732421875 0.2119140625 0.57568359375 0.2216796875 0.57568359375 0.2353515625 0.57421875 0.2431640625 0.57275390625 0.2607421875 0.572265625 0.26953125 0.57421875 0.2802734375 0.57421875 0.2890625 0.57421875 0.2939453125 0.57470703125 0.3037109375 0.57421875 0.3095703125 0.572265625 0.3125 0.5634765625 0.3125 0.5556640625 0.32421875 0.55859375 0.3310546875 0.556640625 0.337890625 0.55517578125 0.34765625 0.546875 0.353515625 0.5458984375 0.3603515625 0.54150390625 0.3662109375 0.53564453125 0.380859375 0.53515625 0.3955078125 0.470703125 0.423828125
2 0.4443359375 0.0009765625 0.462890625 0.0009765625 0.48779296875 0.07421875 0.482421875 0.078125 0.484375 0.359375 0.48095703125 0.361328125 0.48095703125 0.4091796875 0.3955078125 0.44921875 0.373046875 0.453125 0.34765625 0.458984375 0.3115234375 0.4658203125 0.2822265625 0.4697265625 0.2763671875 0.470703125 0.2578125 0.47265625 0.14990234375 0.498046875 0.09375 0.509765625 0.0859375 0.513671875 0.06982421875 0.5166015625 0.056640625 0.5107421875 0.044921875 0.5126953125 0.0234375 0.5234375 -0.0009765625 0.52734375 -0.00048828125 0.0
5 0.5732421875 0.3955078125 0.57080078125 0.3916015625 0.57177734375 0.3828125 0.58056640625 0.3818359375 0.58251953125 0.392578125
5 0.57080078125 0.396484375 0.57177734375 0.390625 0.580078125 0.388671875 0.5859375 0.390625 0.58837890625 0.400390625 0.5888671875 0.4189453125 0.5888671875 0.4248046875 0.58837890625 0.427734375 0.58740234375 0.427734375 0.5859375 0.4267578125 0.58544921875 0.4248046875 0.57666015625 0.423828125 0.57373046875 0.423828125 0.5732421875 0.42578125 0.57275390625 0.427734375 0.5712890625 0.427734375 0.5703125 0.42578125 0.56982421875 0.4130859375 0.56982421875 0.404296875 0.56982421875 0.4013671875
5 0.5107421875 0.412109375 0.51171875 0.4033203125 0.513671875 0.3994140625 0.52392578125 0.396484375 0.5302734375 0.4052734375 0.53125 0.4189453125 0.53076171875 0.427734375 0.5302734375 0.4296875 0.5283203125 0.4306640625 0.5263671875 0.4326171875 0.52392578125 0.431640625 0.52392578125 0.4287109375 0.521484375 0.423828125 0.5166015625 0.4189453125
5 0.50537109375 0.4052734375 0.50830078125 0.40234375 0.5126953125 0.400390625 0.51708984375 0.40234375 0.52001953125 0.4052734375 0.521484375 0.41015625 0.5234375 0.4150390625 0.5234375 0.4228515625 0.5234375 0.4287109375 0.5234375 0.431640625 0.52197265625 0.4326171875 0.51953125 0.43359375 0.517578125 0.4345703125 0.5107421875 0.41796875
5 0.4990234375 0.408203125 0.49609375 0.40234375 0.49853515625 0.3994140625 0.5029296875 0.3984375 0.5078125 0.3994140625 0.51171875 0.4013671875 0.51318359375 0.4052734375 0.51513671875 0.4130859375 0.517578125 0.41796875 0.5185546875 0.4287109375 0.51904296875 0.4326171875 0.5146484375 0.435546875 0.51220703125 0.4326171875 0.50830078125 0.427734375
5 0.48876953125 0.443359375 0.484375 0.4443359375 0.48291015625 0.4365234375 0.48291015625 0.427734375 0.48291015625 0.419921875 0.4853515625 0.412109375 0.48681640625 0.404296875 0.48876953125 0.40234375 0.49560546875 0.4013671875 0.50146484375 0.40234375 0.5029296875 0.40234375 0.505859375 0.404296875 0.50927734375 0.416015625 0.5107421875 0.423828125 0.51171875 0.435546875 0.5107421875 0.4375 0.5087890625 0.4375 0.50732421875 0.4384765625 0.50537109375 0.44140625 0.50244140625 0.44140625 0.501953125 0.4404296875 0.5009765625 0.4375 0.49462890625 0.4365234375 0.490234375 0.4384765625
5 0.45751953125 0.40234375 0.46044921875 0.3974609375 0.46630859375 0.3974609375 0.4736328125 0.3974609375 0.47607421875 0.4033203125 0.47900390625 0.41015625 0.48193359375 0.41015625 0.48193359375 0.4169921875 0.482421875 0.421875 0.48388671875 0.4287109375 0.48291015625 0.44140625 0.482421875 0.451171875 0.48046875 0.451171875 0.478515625 0.453125 0.47607421875 0.4541015625 0.474609375 0.453125 0.4736328125 0.44921875 0.46142578125 0.44921875 0.45654296875 0.4072265625
5 0.42138671875 0.404296875 0.42236328125 0.3994140625 0.42529296875 0.392578125 0.43408203125 0.3896484375 0.4443359375 0.388671875 0.453125 0.3896484375 0.45751953125 0.392578125 0.4609375 0.40625 0.46240234375 0.4296875 0.46337890625 0.44921875 0.462890625 0.4580078125 0.46142578125 0.4599609375 0.4580078125 0.458984375 0.45703125 0.4560546875 0.45458984375 0.455078125 0.45458984375 0.4619140625 0.45263671875 0.46484375 0.44921875 0.4638671875 0.447265625 0.4560546875 0.44189453125 0.4521484375
5 0.4033203125 0.4345703125 0.40478515625 0.4228515625 0.40869140625 0.4052734375 0.41455078125 0.3994140625 0.4267578125 0.3984375 0.43701171875 0.3984375 0.44091796875 0.4091796875 0.44287109375 0.41796875 0.4443359375 0.4189453125 0.447265625 0.44140625 0.4482421875 0.4541015625 0.4482421875 0.462890625 0.44677734375 0.466796875 0.44482421875 0.466796875 0.44384765625 0.4638671875 0.44384765625 0.4609375 0.4423828125 0.4609375 0.44189453125 0.466796875 0.439453125 0.46875 0.43603515625 0.46875 0.43505859375 0.466796875 0.43408203125 0.4638671875 0.43408203125 0.4609375 0.42626953125 0.4619140625 0.4111328125 0.462890625
