4 0.53173828125 0.2578125 0.51611328125 0.2451171875 0.50390625 0.2509765625 0.4931640625 0.2685546875 0.48388671875 0.2607421875 0.474609375 0.265625 0.47314453125 0.2841796875 0.486328125 0.2919921875 0.52099609375 0.287109375 0.54345703125 0.2841796875 0.560546875 0.2841796875 0.57080078125 0.2734375 0.57568359375 0.2626953125 0.57568359375 0.2490234375 0.5703125 0.2431640625 0.560546875 0.25390625 0.55419921875 0.23828125 0.54931640625 0.2470703125 0.54248046875 0.23828125 0.5380859375 0.2470703125
2 0.5537109375 0.453125 0.49365234375 0.45703125 0.4873046875 0.3681640625 0.47509765625 0.30078125 0.47314453125 0.2734375 0.48974609375 0.2734375 0.49853515625 0.2734375 0.5087890625 0.263671875 0.52490234375 0.271484375 0.5380859375 0.2646484375 0.54736328125 0.265625 0.55615234375 0.26171875 0.5625 0.2626953125 0.56982421875 0.2578125 0.56640625 0.1923828125 0.56494140625 0.1796875 0.5703125 0.166015625 0.57763671875 0.154296875 0.6005859375 0.150390625 0.61181640625 0.1611328125 0.6201171875 0.1630859375 0.6357421875 0.162109375 0.642578125 0.177734375 0.6435546875 0.31640625 0.61572265625 0.4287109375 0.6064453125 0.447265625 0.57373046875 0.44921875
4 0.701171875 0.30859375 0.697265625 0.1396484375 0.69140625 0.123046875 0.68017578125 0.1123046875 0.66748046875 0.1123046875 0.65625 0.12890625 0.64306640625 0.123046875 0.64208984375 0.1474609375 0.6357421875 0.1669921875 0.6279296875 0.1767578125 0.625 0.1865234375 0.59814453125 0.1845703125 0.5927734375 0.21875 0.58056640625 0.24609375 0.57421875 0.2666015625 0.5791015625 0.3173828125 0.572265625 0.3154296875 0.55810546875 0.3076171875 0.5517578125 0.318359375 0.54345703125 0.3359375 0.537109375 0.349609375 0.525390625 0.3642578125 0.541015625 0.3896484375 0.5439453125 0.400390625 0.5634765625 0.400390625 0.58642578125 0.4013671875 0.60498046875 0.412109375 0.625 0.41015625 0.63916015625 0.4189453125 0.64501953125 0.462890625 0.650390625 0.4794921875 0.67431640625 0.484375 0.6953125 0.484375 0.69677734375 0.443359375 0.697265625 0.41015625 0.69775390625 0.3828125 0.70068359375 0.3427734375
2 0.7275390625 0.3017578125 0.69189453125 0.326171875 0.6796875 0.0009765625 0.919921875 0.001953125 0.9345703125 0.470703125 0.7353515625 0.46875
4 0.68603515625 0.2939453125 0.66796875 0.3154296875 0.65673828125 0.337890625 0.65673828125 0.37109375 0.66259765625 0.3994140625 0.65283203125 0.41796875 0.646484375 0.427734375 0.64501953125 0.4716796875 0.65576171875 0.482421875 0.68505859375 0.4873046875 0.94873046875 0.5458984375 0.9970703125 0.55078125 0.998046875 0.001953125 0.74658203125 0.00390625 0.7412109375 0.021484375 0.72705078125 0.03515625 0.72412109375 0.0576171875 0.712890625 0.0703125 0.70068359375 0.080078125 0.693359375 0.107421875 0.70166015625 0.1376953125 0.70458984375 0.1630859375 0.71142578125 0.18359375 0.708984375 0.2060546875 0.70947265625 0.2314453125 0.71533203125 0.2587890625 0.71142578125 0.2744140625 0.7041015625 0.2841796875 0.69482421875 0.2958984375
2 0.39599609375 0.3037109375 0.384765625 0.181640625 0.34228515625 0.1162109375 0.31396484375 0.1630859375 0.2412109375 0.125 0.2177734375 0.08203125 0.16845703125 0.095703125 0.1611328125 0.07421875 0.087890625 0.06640625 0.07568359375 0.0517578125 0.07470703125 0.0 0.0 0.0 0.0 0.55078125 0.09814453125 0.541015625 0.19677734375 0.5224609375 0.2626953125 0.494140625 0.3271484375 0.4853515625 0.36962890625 0.4697265625 0.39794921875 0.47265625
4 0.484375 0.232421875 0.4736328125 0.21484375 0.47021484375 0.189453125 0.455078125 0.1748046875 0.4365234375 0.1708984375 0.4072265625 0.15234375 0.40380859375 0.1318359375 0.3935546875 0.091796875 0.39697265625 0.060546875 0.39404296875 0.037109375 0.3876953125 0.02734375 0.3701171875 0.0322265625 0.36669921875 0.0771484375 0.36279296875 0.1357421875 0.349609375 0.1162109375 0.33984375 0.115234375 0.3193359375 0.138671875 0.29541015625 0.119140625 0.294921875 0.0927734375 0.28564453125 0.0634765625 0.2744140625 0.06640625 0.26904296875 0.0439453125 0.24853515625 0.015625 0.2353515625 0.0205078125 0.21630859375 0.0205078125 0.18701171875 0.021484375 0.18017578125 0.0361328125 0.16650390625 0.05859375 0.146484375 0.0732421875 0.13720703125 0.087890625 0.126953125 0.1162109375 0.1259765625 0.1923828125 0.12451171875 0.2265625 0.1103515625 0.2607421875 0.11328125 0.3212890625 0.12744140625 0.32421875 0.1455078125 0.42578125 0.18212890625 0.4521484375 0.2236328125 0.46875 0.267578125 0.4755859375 0.3603515625 0.474609375 0.3994140625 0.4755859375 0.451171875 0.4755859375 0.48974609375 0.4619140625 0.51513671875 0.46484375 0.51513671875 0.4267578125 0.51171875 0.375 0.50927734375 0.34375 0.4990234375 0.318359375 0.48095703125 0.2509765625
0 0.5673828125 0.4453125 0.50341796875 0.4521484375 0.4365234375 0.4658203125 0.3701171875 0.4677734375 0.32421875 0.4736328125 0.2568359375 0.494140625 0.1982421875 0.501953125 0.1181640625 0.5166015625 0.0830078125 0.5185546875 0.0634765625 0.5419921875 0.0 0.5556640625 -0.0009765625 0.9970703125 0.99755859375 0.998046875 0.99755859375 0.6611328125 0.9794921875 0.6376953125 0.97119140625 0.5927734375 0.9580078125 0.5703125 0.93310546875 0.5556640625 0.91162109375 0.5439453125 0.689453125 0.4853515625 0.64501953125 0.47265625 0.59619140625 0.4580078125
3 0.4404296875 0.45703125 0.3681640625 0.4580078125 0.3681640625 0.4765625 0.41015625 0.478515625 0.45361328125 0.4765625 0.4541015625 0.4580078125
5 0.4794921875 0.439453125 0.47705078125 0.4365234375 0.47216796875 0.4365234375 0.4658203125 0.4365234375 0.4580078125 0.4375 0.453125 0.447265625 0.45068359375 0.462890625 0.45068359375 0.474609375 0.45361328125 0.474609375 0.455078125 0.4716796875 0.4599609375 0.4716796875 0.4599609375 0.4736328125 0.46533203125 0.4736328125 0.46533203125 0.46875 0.47607421875 0.46875 0.47607421875 0.47265625 0.4814453125 0.4716796875 0.4814453125 0.44921875
5 0.572265625 0.431640625 0.55615234375 0.4365234375 0.560546875 0.4755859375 0.5654296875 0.482421875 0.5712890625 0.4658203125
5 0.58740234375 0.4345703125 0.56884765625 0.4375 0.5654296875 0.455078125 0.56396484375 0.46484375 0.56396484375 0.46875 0.56396484375 0.474609375 0.5673828125 0.4794921875 0.5703125 0.48046875 0.5732421875 0.48046875 0.57470703125 0.474609375 0.58984375 0.47265625
5 0.59619140625 0.4208984375 0.58837890625 0.42578125 0.58447265625 0.443359375 0.583984375 0.453125 0.58349609375 0.47265625 0.583984375 0.486328125 0.5888671875 0.4873046875 0.59521484375 0.4755859375
5 0.501953125 0.4384765625 0.48583984375 0.4384765625 0.4814453125 0.4521484375 0.482421875 0.4814453125 0.4833984375 0.4833984375 0.48388671875 0.4833984375 0.48486328125 0.4814453125 0.48486328125 0.4775390625 0.50341796875 0.4775390625 0.50341796875 0.48046875 0.5048828125 0.4814453125 0.505859375 0.4814453125 0.5068359375 0.48046875 0.50732421875 0.46484375
5 0.30615234375 0.4423828125 0.29345703125 0.44921875 0.3017578125 0.48828125 0.3076171875 0.501953125 0.322265625 0.498046875 0.3251953125 0.4912109375 0.3232421875 0.4716796875 0.31689453125 0.4462890625
3 0.18310546875 0.384765625 0.142578125 0.384765625 0.13818359375 0.416015625 0.0888671875 0.4287109375 0.08349609375 0.4375 0.0732421875 0.4365234375 0.0751953125 0.521484375 0.12744140625 0.51953125 0.2509765625 0.4990234375 0.2783203125 0.4853515625 0.2783203125 0.4521484375 0.255859375 0.4541015625 0.25390625 0.421875 0.1953125 0.41796875 0.19384765625 0.3837890625
1 0.27392578125 0.501953125 0.25537109375 0.509765625 0.189453125 0.51953125 0.12158203125 0.5244140625 0.103515625 0.5205078125 0.11474609375 0.513671875 0.13720703125 0.51171875 0.251953125 0.4912109375 0.2685546875 0.4794921875 0.2744140625 0.48046875
5 0.29345703125 0.447265625 0.279296875 0.4462890625 0.27490234375 0.451171875 0.27197265625 0.46484375 0.26611328125 0.4814453125 0.2666015625 0.5029296875 0.271484375 0.5029296875 0.27197265625 0.498046875 0.29345703125 0.4970703125 0.2939453125 0.501953125 0.29931640625 0.5009765625 0.29931640625 0.4951171875 0.30224609375 0.4931640625 0.30322265625 0.5 0.30810546875 0.4990234375 0.3056640625 0.462890625 0.2998046875 0.4501953125
5 0.1669921875 0.453125 0.15966796875 0.4677734375 0.15380859375 0.4892578125 0.17626953125 0.4951171875 0.19677734375 0.4921875 0.19091796875 0.4677734375 0.18798828125 0.4521484375 0.1796875 0.451171875
5 0.25048828125 0.5078125 0.25341796875 0.498046875 0.25 0.48046875 0.22216796875 0.478515625 0.20703125 0.458984375 0.173828125 0.4619140625 0.16064453125 0.4814453125 0.14501953125 0.4873046875 0.1455078125 0.513671875 0.1611328125 0.5146484375 0.1630859375 0.5244140625 0.16748046875 0.5283203125 0.171875 0.5283203125 0.17529296875 0.525390625 0.17919921875 0.51953125 0.22705078125 0.513671875 0.23046875 0.5205078125 0.23681640625 0.5205078125 0.240234375 0.5166015625 0.24365234375 0.5107421875
1 0.14208984375 0.541015625 0.0 0.583984375 0.00048828125 0.5361328125 0.06005859375 0.5224609375 0.11181640625 0.51171875 0.13818359375 0.5166015625 0.15478515625 0.521484375 0.16162109375 0.5234375 0.1611328125 0.5341796875
5 0.56103515625 0.521484375 0.5654296875 0.51953125 0.56298828125 0.4560546875 0.56689453125 0.455078125 0.56689453125 0.451171875 0.5654296875 0.447265625 0.5615234375 0.447265625 0.556640625 0.4189453125 0.52001953125 0.4189453125 0.51416015625 0.447265625 0.50634765625 0.4501953125 0.50732421875 0.458984375 0.51318359375 0.4580078125 0.5107421875 0.4794921875 0.51123046875 0.5205078125 0.51611328125 0.5224609375 0.5185546875 0.5205078125 0.52099609375 0.5126953125 0.55419921875 0.509765625 0.5576171875 0.5205078125
1 0.68408203125 0.515625 0.64453125 0.4931640625 0.640625 0.48046875 0.6513671875 0.470703125 0.66357421875 0.4775390625 0.68994140625 0.484375 0.95947265625 0.53515625 0.998046875 0.5439453125 0.998046875 0.6845703125 0.94677734375 0.6572265625 0.93115234375 0.6474609375 0.927734375 0.6337890625 0.93017578125 0.6171875 0.93994140625 0.59765625 0.9453125 0.587890625 0.9306640625 0.58203125 0.90185546875 0.5703125 0.7333984375 0.5244140625
5 0.73876953125 0.3876953125 0.72412109375 0.3876953125 0.70751953125 0.3916015625 0.70068359375 0.40234375 0.69580078125 0.4287109375 0.6884765625 0.4482421875 0.68310546875 0.47265625 0.68310546875 0.4921875 0.6845703125 0.52734375 0.68798828125 0.53125 0.69189453125 0.53125 0.69580078125 0.52734375 0.6962890625 0.51953125 0.70556640625 0.5205078125 0.70751953125 0.5341796875 0.70947265625 0.5400390625 0.71533203125 0.541015625 0.7197265625 0.5390625 0.7216796875 0.525390625 0.74755859375 0.525390625 0.75048828125 0.541015625 0.75634765625 0.5390625 0.79345703125 0.4287109375 0.78564453125 0.4033203125 0.77197265625 0.3857421875 0.75146484375 0.38671875
5 0.9140625 0.541015625 0.91650390625 0.51953125 0.916015625 0.50390625 0.91748046875 0.4833984375 0.91357421875 0.4521484375 0.90234375 0.421875 0.88818359375 0.4013671875 0.8740234375 0.39453125 0.85791015625 0.3916015625 0.83837890625 0.3974609375 0.8251953125 0.3955078125 0.80419921875 0.3984375 0.79052734375 0.4072265625 0.7705078125 0.4482421875 0.7587890625 0.4501953125 0.75634765625 0.455078125 0.75634765625 0.4619140625 0.75830078125 0.466796875 0.7666015625 0.4658203125 0.759765625 0.4775390625 0.7548828125 0.486328125 0.751953125 0.5009765625 0.75146484375 0.51953125 0.751953125 0.5390625 0.75390625 0.552734375 0.755859375 0.5615234375 0.7607421875 0.564453125 0.76708984375 0.5634765625 0.77197265625 0.560546875 0.77294921875 0.5517578125 0.7890625 0.5556640625 0.791015625 0.57421875 0.79296875 0.58203125 0.798828125 0.5830078125 0.8056640625 0.583984375 0.810546875 0.58203125 0.81396484375 0.5751953125 0.81591796875 0.56640625 0.88427734375 0.56640625 0.88818359375 0.578125 0.89404296875 0.58203125 0.90234375 0.5810546875 0.908203125 0.5732421875 0.90869140625 0.55078125
5 0.611328125 0.4013671875 0.59423828125 0.4091796875 0.59130859375 0.4365234375 0.5908203125 0.455078125 0.59033203125 0.4677734375 0.59033203125 0.4697265625 0.59033203125 0.4736328125 0.5888671875 0.4775390625 0.5888671875 0.484375 0.5908203125 0.4912109375 0.59521484375 0.4951171875 0.5986328125 0.4931640625 0.6015625 0.490234375 0.6015625 0.484375 0.60302734375 0.484375 0.60302734375 0.4931640625 0.60498046875 0.49609375 0.60791015625 0.49609375 0.60986328125 0.4931640625 0.60986328125 0.48828125 0.615234375 0.48828125 0.6357421875 0.48828125 0.64208984375 0.486328125 0.642578125 0.4921875 0.64404296875 0.4931640625 0.64697265625 0.4931640625 0.6494140625 0.4921875 0.650390625 0.4775390625 0.64990234375 0.400390625 0.62451171875 0.40234375
