0 -0.0009765625 0.5712890625 0.26904296875 0.4951171875 0.40771484375 0.44921875 0.42578125 0.4345703125 0.4873046875 0.4306640625 0.54345703125 0.4931640625 0.59423828125 0.5302734375 0.99853515625 0.5380859375 0.99755859375 0.9970703125 0.5791015625 0.9990234375 0.3017578125 0.998046875 0.0 0.99609375
1 0.11767578125 0.505859375 0.12109375 0.5537109375 0.224609375 0.5234375 0.259765625 0.5146484375 0.271484375 0.4814453125
2 0.3798828125 0.23828125 0.39306640625 0.23828125 0.39990234375 0.251953125 0.4013671875 0.2568359375 0.40380859375 0.3193359375 0.40087890625 0.439453125 0.38134765625 0.4384765625
4 0.380859375 0.2783203125 0.37890625 0.2724609375 0.3828125 0.2685546875 0.38330078125 0.2646484375 0.3837890625 0.26171875 0.38623046875 0.2578125 0.3896484375 0.26171875 0.3916015625 0.2646484375 0.39404296875 0.2685546875 0.39697265625 0.279296875 0.39892578125 0.28515625 0.40234375 0.2841796875 0.4052734375 0.2880859375 0.408203125 0.294921875 0.41015625 0.2890625 0.4130859375 0.2861328125 0.4169921875 0.2841796875 0.4228515625 0.2880859375 0.4267578125 0.29296875 0.42919921875 0.296875 0.4306640625 0.318359375 0.43115234375 0.3251953125 0.43505859375 0.328125 0.4384765625 0.337890625 0.43896484375 0.3505859375 0.43896484375 0.3515625 0.4375 0.37109375 0.40283203125 0.4072265625 0.39404296875 0.4140625 0.3935546875 0.4208984375 0.39208984375 0.4287109375 0.3828125 0.4267578125 0.3798828125 0.419921875 0.37646484375 0.2822265625
2 0.2744140625 0.060546875 0.28564453125 0.0771484375 0.30517578125 0.099609375 0.32080078125 0.1318359375 0.328125 0.1396484375 0.33154296875 0.1455078125 0.3427734375 0.1611328125 0.345703125 0.1630859375 0.345703125 0.1650390625 0.3486328125 0.16796875 0.349609375 0.1689453125 0.3525390625 0.17578125 0.3583984375 0.181640625 0.36279296875 0.19140625 0.36962890625 0.1923828125 0.3701171875 0.20703125 0.380859375 0.2373046875 0.3828125 0.435546875 0.38037109375 0.451171875 0.35595703125 0.458984375 0.2763671875 0.462890625 0.26953125 0.068359375
2 0.27294921875 0.0 0.27099609375 0.0048828125 0.27099609375 0.0166015625 0.2763671875 0.0302734375 0.27392578125 0.0341796875 0.2744140625 0.060546875 0.27783203125 0.2216796875 0.28076171875 0.3203125 0.27783203125 0.3232421875 0.2802734375 0.4384765625 0.2578125 0.494140625 0.2373046875 0.498046875 0.224609375 0.498046875 0.21240234375 0.501953125 -0.0009765625 0.5400390625 0.0 0.0
5 0.283203125 0.4365234375 0.28466796875 0.421875 0.2880859375 0.4111328125 0.3076171875 0.4091796875 0.3212890625 0.4111328125 0.32763671875 0.412109375 0.330078125 0.4365234375 0.3251953125 0.45703125 0.28369140625 0.4501953125
5 0.32421875 0.4482421875 0.328125 0.43359375 0.3330078125 0.4287109375 0.34765625 0.4267578125 0.3603515625 0.4267578125 0.36572265625 0.4326171875 0.37109375 0.4580078125 0.3740234375 0.466796875 0.3740234375 0.4755859375 0.3740234375 0.4833984375 0.37451171875 0.494140625 0.3740234375 0.5078125 0.37158203125 0.509765625 0.3681640625 0.513671875 0.36376953125 0.51171875 0.36328125 0.5048828125 0.35986328125 0.501953125 0.3466796875 0.501953125 0.3349609375 0.501953125 0.32666015625 0.4794921875 0.32421875 0.4619140625
5 0.26904296875 0.455078125 0.2734375 0.447265625 0.27734375 0.4365234375 0.2822265625 0.4326171875 0.2861328125 0.4326171875 0.2890625 0.4345703125 0.314453125 0.435546875 0.3154296875 0.431640625 0.31787109375 0.4306640625 0.3232421875 0.4375 0.3291015625 0.451171875 0.3330078125 0.4677734375 0.3359375 0.4892578125 0.33544921875 0.521484375 0.3359375 0.53125 0.3349609375 0.5341796875 0.32666015625 0.53515625 0.32666015625 0.525390625 0.32421875 0.525390625 0.32470703125 0.5380859375 0.322265625 0.5439453125 0.31884765625 0.5458984375 0.31396484375 0.54296875 0.31201171875 0.53515625 0.3115234375 0.529296875 0.3076171875 0.53125 0.30078125 0.5322265625 0.2998046875 0.529296875 0.291015625 0.529296875 0.2802734375 0.5302734375 0.27880859375 0.5341796875 0.2734375 0.53515625 0.2705078125 0.53125 0.2666015625 0.5302734375 0.265625 0.5361328125 0.2646484375 0.5439453125 0.259765625 0.546875 0.255859375 0.54296875 0.25439453125 0.5146484375 0.25390625 0.4990234375 0.25537109375 0.484375 0.2587890625 0.4765625 0.2578125 0.47265625 0.2578125 0.466796875 0.2607421875 0.4658203125 0.2646484375 0.46484375 0.265625 0.462890625 0.26708984375 0.4599609375
5 0.14306640625 0.462890625 0.15087890625 0.4453125 0.1552734375 0.443359375 0.17626953125 0.4423828125 0.1923828125 0.4423828125 0.20263671875 0.4453125 0.20849609375 0.4619140625 0.21435546875 0.484375 0.21728515625 0.5107421875 0.21630859375 0.5361328125 0.21435546875 0.544921875 0.20654296875 0.5458984375 0.20458984375 0.5361328125 0.1982421875 0.5380859375 0.19287109375 0.5380859375 0.19287109375 0.544921875 0.19189453125 0.5478515625 0.189453125 0.552734375 0.18359375 0.5546875 0.1787109375 0.5517578125 0.17626953125 0.54296875 0.1640625 0.5458984375 0.15185546875 0.546875 0.14990234375 0.5205078125 0.14453125 0.486328125
5 -0.0009765625 0.279296875 0.021484375 0.28125 0.05517578125 0.28125 0.0654296875 0.2880859375 0.06884765625 0.3037109375 0.06982421875 0.3173828125 0.0673828125 0.3212890625 0.08203125 0.32421875 0.10205078125 0.33203125 0.11865234375 0.3388671875 0.13525390625 0.3525390625 0.142578125 0.369140625 0.1474609375 0.4013671875 0.15380859375 0.474609375 0.15478515625 0.5654296875 0.15380859375 0.583984375 0.15234375 0.5888671875 0.15283203125 0.59765625 0.14990234375 0.6142578125 0.14404296875 0.623046875 0.14013671875 0.626953125 0.14013671875 0.6484375 0.13818359375 0.66796875 0.1337890625 0.685546875 0.126953125 0.6943359375 0.115234375 0.6943359375 0.1064453125 0.689453125 0.10302734375 0.673828125 0.10302734375 0.666015625 0.0927734375 0.666015625 0.0908203125 0.6640625 0.0166015625 0.72265625 0.015625 0.75 0.00927734375 0.7734375 0.0 0.791015625 0.0 0.49609375 -0.0009765625 0.3623046875
2 0.48046875 0.2890625 0.4638671875 0.3046875 0.46337890625 0.4189453125 0.4912109375 0.4189453125 0.486328125 0.2783203125
1 0.47998046875 0.4462890625 0.515625 0.4501953125 0.5498046875 0.46484375 0.63330078125 0.4892578125 0.71484375 0.501953125 0.9501953125 0.49609375 0.99853515625 0.5 0.99755859375 0.548828125 0.939453125 0.5498046875 0.8583984375 0.5537109375 0.7705078125 0.556640625 0.70068359375 0.55078125 0.6396484375 0.5517578125 0.59814453125 0.5478515625 0.5673828125 0.5341796875 0.54443359375 0.515625 0.521484375 0.494140625 0.49658203125 0.4755859375 0.48388671875 0.462890625 0.47802734375 0.45703125
2 0.52978515625 0.0 0.99853515625 0.0009765625 0.99755859375 0.52734375 0.88330078125 0.5322265625 0.837890625 0.5302734375 0.81982421875 0.5224609375 0.81982421875 0.5166015625 0.75146484375 0.5185546875 0.703125 0.517578125 0.68994140625 0.5244140625 0.6689453125 0.5244140625 0.66943359375 0.5126953125 0.64453125 0.51171875 0.6376953125 0.5107421875 0.6376953125 0.505859375 0.630859375 0.505859375 0.6259765625 0.505859375 0.61279296875 0.49609375 0.5888671875 0.486328125 0.55810546875 0.474609375 0.53564453125 0.4638671875 0.52783203125 0.4638671875 0.51806640625 0.45703125 0.50146484375 0.453125 0.4921875 0.4482421875 0.482421875 0.4423828125 0.4814453125 0.412109375 0.47900390625 0.2705078125 0.47900390625 0.255859375 0.47314453125 0.2548828125 0.47509765625 0.2353515625 0.47900390625 0.20703125 0.48193359375 0.2041015625 0.48486328125 0.201171875 0.484375 0.1884765625 0.48193359375 0.1875 0.4833984375 0.177734375 0.48681640625 0.1708984375 0.486328125 0.1640625 0.4931640625 0.142578125 0.49755859375 0.1318359375 0.49853515625 0.1162109375 0.50732421875 0.1064453125 0.5126953125 0.1005859375 0.51318359375 0.0947265625 0.51220703125 0.0869140625 0.51318359375 0.08203125 0.50830078125 0.0751953125 0.51123046875 0.05859375 0.51123046875 0.041015625 0.51513671875 0.0205078125 0.5263671875 0.0166015625 0.52734375 0.01171875 0.52734375 0.0078125
2 0.49755859375 0.4033203125 0.505859375 0.40234375 0.5185546875 0.4052734375 0.51904296875 0.455078125 0.50390625 0.453125 0.50341796875 0.4326171875 0.50244140625 0.4150390625 0.50048828125 0.4150390625 0.49951171875 0.41015625
4 0.54345703125 0.4599609375 0.53759765625 0.4599609375 0.5361328125 0.45703125 0.53369140625 0.451171875 0.53466796875 0.4423828125 0.533203125 0.439453125 0.53173828125 0.4326171875 0.53173828125 0.4287109375 0.53076171875 0.4228515625 0.53369140625 0.4189453125 0.53662109375 0.41796875 0.53857421875 0.41796875 0.541015625 0.4189453125 0.54443359375 0.419921875 0.54736328125 0.419921875 0.552734375 0.41796875 0.5556640625 0.41796875 0.5576171875 0.427734375 0.5576171875 0.4326171875 0.56103515625 0.4384765625 0.55859375 0.4453125 0.55615234375 0.4482421875 0.5517578125 0.4521484375 0.54931640625 0.455078125 0.54931640625 0.4599609375 0.548828125 0.4658203125 0.54638671875 0.46484375 0.544921875 0.462890625
