4 0.439453125 0.1806640625 0.45361328125 0.1826171875 0.46044921875 0.18359375 0.46875 0.18359375 0.47900390625 0.185546875 0.4873046875 0.1875 0.4921875 0.18359375 0.49853515625 0.1865234375 0.5068359375 0.1865234375 0.51123046875 0.18359375 0.5224609375 0.18359375 0.5322265625 0.1806640625 0.5439453125 0.1806640625 0.55419921875 0.18359375 0.56396484375 0.1806640625 0.5732421875 0.1826171875 0.58154296875 0.1787109375 0.58740234375 0.177734375 0.59521484375 0.1748046875 0.5888671875 0.30859375 0.462890625 0.3115234375
0 -0.0009765625 0.5859375 0.4736328125 0.4140625 0.4990234375 0.3837890625 0.5419921875 0.3818359375 0.99853515625 0.6279296875 0.998046875 0.9970703125 0.61474609375 0.998046875 0.322265625 0.998046875 -0.0009765625 0.9951171875
1 0.0 0.5205078125 0.1083984375 0.490234375 0.10546875 0.576171875 0.05517578125 0.59375 -0.0009765625 0.6142578125 -0.0009765625 0.5712890625 -0.0009765625 0.5380859375
1 0.43408203125 0.431640625 0.47021484375 0.4228515625 0.478515625 0.42578125 0.46533203125 0.44140625 0.46142578125 0.447265625 0.45068359375 0.451171875 0.43359375 0.44921875
1 0.767578125 0.4853515625 0.828125 0.48046875 0.99853515625 0.509765625 0.998046875 0.6650390625 0.95068359375 0.642578125 0.865234375 0.59765625 0.80224609375 0.5693359375 0.75830078125 0.546875 0.755859375 0.4970703125
1 0.404296875 0.458984375 0.4453125 0.458984375 0.44189453125 0.4619140625 0.4345703125 0.4638671875 0.42333984375 0.4658203125 0.4072265625 0.470703125 0.39599609375 0.4736328125 0.32666015625 0.5 0.3173828125 0.482421875
2 0.0 0.0 0.390625 0.0 0.40576171875 0.0087890625 0.4228515625 0.060546875 0.42138671875 0.0712890625 0.423828125 0.078125 0.42919921875 0.0927734375 0.43212890625 0.0927734375 0.44140625 0.123046875 0.44140625 0.1845703125 0.4541015625 0.2060546875 0.45947265625 0.2109375 0.46826171875 0.2158203125 0.47802734375 0.22265625 0.47998046875 0.22265625 0.48046875 0.2490234375 0.48291015625 0.2529296875 0.494140625 0.28515625 0.49609375 0.37890625 0.49267578125 0.3994140625 0.47314453125 0.4189453125 0.455078125 0.4296875 0.44189453125 0.439453125 0.3544921875 0.466796875 0.08203125 0.51171875 0.0 0.5302734375 -0.0009765625 0.244140625 0.0 0.0478515625
4 0.5390625 0.375 0.5283203125 0.361328125 0.52783203125 0.34765625 0.52294921875 0.3359375 0.52001953125 0.3232421875 0.52294921875 0.3173828125 0.52685546875 0.322265625 0.5263671875 0.3115234375 0.5283203125 0.3017578125 0.52978515625 0.2880859375 0.533203125 0.2822265625 0.5380859375 0.2646484375 0.54248046875 0.2490234375 0.54541015625 0.2392578125 0.54736328125 0.2353515625 0.564453125 0.2578125 0.5693359375 0.390625 0.5537109375 0.39453125 0.544921875 0.388671875
2 0.55615234375 0.375 0.55419921875 0.224609375 0.56591796875 0.2236328125 0.572265625 0.19140625 0.578125 0.18359375 0.58447265625 0.1826171875 0.5859375 0.1025390625 0.6005859375 0.041015625 0.63623046875 0.041015625 0.63671875 0.0 0.998046875 0.0 0.998046875 0.541015625 0.849609375 0.501953125 0.85009765625 0.4970703125 0.8232421875 0.49609375 0.81494140625 0.494140625 0.57421875 0.4287109375 0.56298828125 0.41015625 0.55859375 0.3916015625
5 0.52001953125 0.3896484375 0.52099609375 0.3818359375 0.525390625 0.380859375 0.52880859375 0.38671875 0.52978515625 0.3935546875 0.52587890625 0.3955078125 0.52294921875 0.396484375 0.52001953125 0.39453125
5 0.56884765625 0.435546875 0.5712890625 0.4169921875 0.57568359375 0.4072265625 0.595703125 0.4072265625 0.60302734375 0.423828125 0.595703125 0.4599609375 0.57373046875 0.4599609375 0.57177734375 0.46484375 0.56982421875 0.46484375 0.56787109375 0.4619140625 0.5673828125 0.45703125 0.5673828125 0.4462890625
5 0.5966796875 0.4267578125 0.60107421875 0.412109375 0.60791015625 0.408203125 0.62255859375 0.40625 0.6357421875 0.4091796875 0.6455078125 0.4169921875 0.62841796875 0.4892578125 0.623046875 0.4853515625 0.6142578125 0.486328125 0.60791015625 0.490234375 0.6044921875 0.4873046875 0.603515625 0.49609375 0.6015625 0.4990234375 0.5986328125 0.4990234375 0.595703125 0.49609375 0.59423828125 0.4912109375 0.59130859375 0.490234375 0.591796875 0.47265625 0.591796875 0.453125 0.59130859375 0.4462890625 0.59375 0.439453125 0.58984375 0.4375 0.58935546875 0.435546875 0.5908203125 0.431640625 0.59228515625 0.4296875
5 0.63623046875 0.4228515625 0.64013671875 0.4130859375 0.64599609375 0.4052734375 0.6591796875 0.404296875 0.6748046875 0.40625 0.6591796875 0.5 0.64794921875 0.5009765625 0.64794921875 0.5087890625 0.64453125 0.51171875 0.64111328125 0.51171875 0.63818359375 0.509765625 0.63671875 0.50390625 0.63623046875 0.498046875 0.6337890625 0.4970703125 0.63134765625 0.50390625 0.62890625 0.50390625 0.6259765625 0.5029296875 0.62451171875 0.5 0.62353515625 0.4951171875 0.6220703125 0.470703125 0.625 0.447265625 0.62841796875 0.4404296875 0.62548828125 0.4375 0.62548828125 0.4287109375 0.6318359375 0.4287109375
5 0.6640625 0.42578125 0.66845703125 0.41015625 0.67138671875 0.4052734375 0.68896484375 0.400390625 0.7119140625 0.4013671875 0.68505859375 0.5185546875 0.6748046875 0.5166015625 0.673828125 0.5263671875 0.67236328125 0.5322265625 0.66845703125 0.533203125 0.66552734375 0.53125 0.6640625 0.52734375 0.66259765625 0.5166015625 0.66064453125 0.515625 0.6591796875 0.521484375 0.65625 0.5224609375 0.6533203125 0.5205078125 0.65234375 0.513671875 0.65234375 0.5 0.65234375 0.4638671875 0.65576171875 0.4482421875 0.65087890625 0.4423828125 0.65087890625 0.431640625 0.6572265625 0.4326171875 0.65966796875 0.43359375 0.66162109375 0.4306640625
5 0.69921875 0.4169921875 0.7080078125 0.3994140625 0.71240234375 0.3916015625 0.7177734375 0.3857421875 0.72900390625 0.3828125 0.73779296875 0.3857421875 0.74072265625 0.3896484375 0.7578125 0.390625 0.77197265625 0.390625 0.794921875 0.396484375 0.7998046875 0.400390625 0.80908203125 0.4228515625 0.814453125 0.447265625 0.81884765625 0.46875 0.8203125 0.5126953125 0.8193359375 0.5302734375 0.81640625 0.5380859375 0.81640625 0.5576171875 0.8134765625 0.568359375 0.81201171875 0.5751953125 0.79833984375 0.57421875 0.794921875 0.55078125 0.7783203125 0.55078125 0.77099609375 0.5556640625 0.76171875 0.5498046875 0.7587890625 0.5458984375 0.74609375 0.546875 0.71875 0.548828125 0.7177734375 0.5595703125 0.7158203125 0.5693359375 0.70947265625 0.5703125 0.7041015625 0.568359375 0.7021484375 0.5615234375 0.70166015625 0.55078125 0.70166015625 0.5400390625 0.6943359375 0.537109375 0.69189453125 0.546875 0.6875 0.5498046875 0.67919921875 0.5458984375 0.67626953125 0.5166015625 0.6787109375 0.4765625 0.6845703125 0.45703125 0.67919921875 0.447265625 0.67822265625 0.435546875 0.6806640625 0.43359375 0.68701171875 0.4326171875 0.69140625 0.443359375 0.693359375 0.4326171875 0.697265625 0.423828125
5 0.4765625 0.4052734375 0.4873046875 0.404296875 0.4921875 0.40625 0.49560546875 0.4189453125 0.49462890625 0.4306640625 0.494140625 0.443359375 0.49072265625 0.443359375 0.48974609375 0.439453125 0.47705078125 0.439453125 0.47314453125 0.443359375 0.4716796875 0.4326171875 0.47119140625 0.421875 0.4716796875 0.4169921875 0.47314453125 0.4130859375
5 0.32958984375 0.4130859375 0.33056640625 0.40234375 0.33349609375 0.4013671875 0.33935546875 0.3720703125 0.34228515625 0.359375 0.34423828125 0.3505859375 0.35546875 0.34765625 0.36962890625 0.3466796875 0.38427734375 0.34765625 0.39404296875 0.34765625 0.39697265625 0.3623046875 0.4013671875 0.3896484375 0.404296875 0.416015625 0.40478515625 0.4521484375 0.4033203125 0.4697265625 0.40283203125 0.4794921875 0.40087890625 0.48828125 0.3974609375 0.4912109375 0.39404296875 0.4912109375 0.3916015625 0.48828125 0.39013671875 0.48046875 0.39013671875 0.486328125 0.39013671875 0.4931640625 0.38720703125 0.4970703125 0.3828125 0.49609375 0.38134765625 0.4912109375 0.380859375 0.4853515625 0.35205078125 0.4853515625 0.34326171875 0.484375 0.3427734375 0.4921875 0.3408203125 0.498046875 0.33837890625 0.5 0.3349609375 0.5 0.3330078125 0.49609375 0.33251953125 0.484375 0.3310546875 0.4619140625 0.330078125 0.4296875
5 0.197265625 0.3984375 0.2099609375 0.3466796875 0.21484375 0.3251953125 0.21728515625 0.322265625 0.2470703125 0.3173828125 0.28369140625 0.3154296875 0.29638671875 0.3212890625 0.31982421875 0.3271484375 0.32421875 0.33203125 0.32666015625 0.3486328125 0.32958984375 0.3740234375 0.33251953125 0.4140625 0.33349609375 0.4501953125 0.33251953125 0.4833984375 0.3310546875 0.4912109375 0.32958984375 0.4970703125 0.32861328125 0.5126953125 0.328125 0.521484375 0.32666015625 0.5244140625 0.32275390625 0.525390625 0.31884765625 0.5244140625 0.31640625 0.5205078125 0.3154296875 0.5126953125 0.31494140625 0.50390625 0.30712890625 0.5087890625 0.294921875 0.5126953125 0.294921875 0.5205078125 0.2939453125 0.53125 0.29296875 0.5380859375 0.291015625 0.541015625 0.287109375 0.5419921875 0.283203125 0.541015625 0.279296875 0.5361328125 0.27783203125 0.5234375 0.265625 0.5234375 0.25732421875 0.5244140625 0.2490234375 0.5283203125 0.24169921875 0.5234375 0.22412109375 0.4638671875 0.20361328125 0.408203125
5 0.52197265625 0.4189453125 0.525390625 0.4140625 0.54345703125 0.4130859375 0.546875 0.419921875 0.5498046875 0.423828125 0.55078125 0.4296875 0.54833984375 0.43359375 0.54833984375 0.4521484375 0.54833984375 0.4609375 0.5458984375 0.4619140625 0.5439453125 0.4599609375 0.5439453125 0.4580078125 0.5439453125 0.4560546875 0.53564453125 0.4560546875 0.5224609375 0.455078125 0.5224609375 0.4599609375 0.5205078125 0.4619140625 0.51904296875 0.4609375 0.5185546875 0.4560546875 0.51806640625 0.4482421875 0.5185546875 0.4365234375 0.5185546875 0.4326171875 0.515625 0.4296875 0.515625 0.4248046875 0.51806640625 0.4248046875 0.5205078125 0.4267578125
