2 0.2939453125 0.0537109375 0.31005859375 0.033203125 0.31005859375 0.015625 0.31689453125 0.0 0.38330078125 0.0 0.38330078125 0.0185546875 0.39306640625 0.021484375 0.396484375 0.0380859375 0.396484375 0.046875 0.4072265625 0.0498046875 0.4111328125 0.0693359375 0.4091796875 0.0703125 0.41015625 0.19921875 0.443359375 0.2021484375 0.44970703125 0.2109375 0.44970703125 0.224609375 0.482421875 0.2236328125 0.48291015625 0.1826171875 0.54443359375 0.1640625 0.55029296875 0.1640625 0.5478515625 0.421875 0.3603515625 0.431640625 0.29296875 0.421875
0 0.845703125 0.779296875 0.52197265625 0.421875 0.34130859375 0.421875 -0.00048828125 0.4775390625 -0.00048828125 0.5078125 -0.0009765625 0.9970703125 0.99853515625 0.9970703125 0.9990234375 0.9345703125
1 0.9990234375 0.5703125 0.74072265625 0.4833984375 0.57958984375 0.4208984375 0.53857421875 0.4189453125 0.51904296875 0.427734375 0.52294921875 0.4375 0.5390625 0.455078125 0.56298828125 0.4853515625 0.56787109375 0.486328125 0.59326171875 0.521484375 0.64404296875 0.5849609375 0.689453125 0.6337890625 0.73974609375 0.697265625 0.7919921875 0.7607421875 0.86083984375 0.845703125 0.939453125 0.94140625 0.95263671875 0.9677734375 0.97802734375 0.9990234375 0.998046875 0.998046875
1 -0.00048828125 0.41015625 0.26220703125 0.4013671875 0.33251953125 0.419921875 0.34716796875 0.419921875 0.3505859375 0.419921875 0.36865234375 0.4189453125 0.375 0.4228515625 0.35107421875 0.423828125 0.32470703125 0.4287109375 0.2587890625 0.4384765625 -0.00048828125 0.4755859375
4 0.40234375 0.2724609375 0.40283203125 0.265625 0.40185546875 0.2626953125 0.40234375 0.2587890625 0.4033203125 0.25390625 0.408203125 0.2587890625 0.4091796875 0.2578125 0.40966796875 0.25 0.41259765625 0.255859375 0.4140625 0.255859375 0.41552734375 0.259765625 0.41796875 0.2626953125 0.42041015625 0.259765625 0.4228515625 0.259765625 0.42529296875 0.2607421875 0.4287109375 0.2626953125 0.431640625 0.271484375 0.4384765625 0.2919921875 0.43896484375 0.2978515625 0.4404296875 0.30078125 0.44189453125 0.30078125 0.44287109375 0.302734375 0.4423828125 0.3076171875 0.44091796875 0.30859375 0.43994140625 0.3115234375 0.4404296875 0.3154296875 0.44287109375 0.318359375 0.44384765625 0.3232421875 0.41259765625 0.3232421875 0.40087890625 0.279296875
4 0.47607421875 0.3828125 0.47705078125 0.3779296875 0.47802734375 0.375 0.47900390625 0.37109375 0.48095703125 0.3701171875 0.482421875 0.3759765625 0.484375 0.37890625 0.48583984375 0.3828125 0.48681640625 0.3896484375 0.48681640625 0.3974609375 0.48583984375 0.4013671875 0.48388671875 0.4052734375 0.482421875 0.41015625 0.48193359375 0.4150390625 0.47998046875 0.4130859375 0.478515625 0.408203125 0.47705078125 0.4052734375 0.47607421875 0.4033203125 0.4736328125 0.4013671875 0.47314453125 0.3857421875
5 0.53662109375 0.392578125 0.5166015625 0.392578125 0.5205078125 0.4267578125 0.52587890625 0.4287109375 0.53173828125 0.4267578125 0.53759765625 0.427734375 0.54150390625 0.4248046875 0.541015625 0.3916015625
4 0.5390625 0.3037109375 0.53759765625 0.3095703125 0.53466796875 0.310546875 0.53125 0.3095703125 0.52978515625 0.3095703125 0.52783203125 0.3125 0.52587890625 0.318359375 0.52392578125 0.318359375 0.521484375 0.3193359375 0.5185546875 0.326171875 0.517578125 0.3369140625 0.5166015625 0.34765625 0.515625 0.3525390625 0.5146484375 0.3515625 0.51220703125 0.3564453125 0.51123046875 0.3603515625 0.51123046875 0.3662109375 0.51220703125 0.375 0.51220703125 0.376953125 0.51416015625 0.3828125 0.51513671875 0.3876953125 0.515625 0.3916015625 0.51806640625 0.3916015625 0.51904296875 0.3955078125 0.52099609375 0.3984375 0.52294921875 0.400390625 0.52490234375 0.396484375 0.52734375 0.39453125 0.52880859375 0.3896484375 0.53076171875 0.3857421875 0.533203125 0.3828125 0.54052734375 0.3662109375
4 0.32763671875 0.390625 0.3330078125 0.3916015625 0.3369140625 0.3916015625 0.3369140625 0.4140625 0.33837890625 0.4169921875 0.33935546875 0.3916015625 0.34521484375 0.3916015625 0.35009765625 0.3916015625 0.35302734375 0.388671875 0.35595703125 0.3818359375 0.357421875 0.373046875 0.357421875 0.3701171875 0.35888671875 0.3623046875 0.36083984375 0.35546875 0.3583984375 0.3515625 0.3544921875 0.349609375 0.353515625 0.34765625 0.35400390625 0.33984375 0.35107421875 0.322265625 0.3154296875 0.3310546875 0.31494140625 0.34765625 0.31591796875 0.3544921875 0.31689453125 0.369140625 0.32080078125 0.388671875
4 0.380859375 0.31640625 0.37646484375 0.3154296875 0.376953125 0.3203125 0.37744140625 0.330078125 0.37451171875 0.3271484375 0.37353515625 0.3310546875 0.37548828125 0.3408203125 0.37158203125 0.341796875 0.36865234375 0.3486328125 0.37060546875 0.3525390625 0.37255859375 0.3583984375 0.37255859375 0.3671875 0.37255859375 0.37109375 0.37646484375 0.3720703125 0.37939453125 0.375 0.38134765625 0.3779296875 0.38525390625 0.3779296875 0.390625 0.369140625 0.39501953125 0.3544921875
5 0.49462890625 0.4404296875 0.49951171875 0.4404296875 0.49951171875 0.4375 0.50341796875 0.4375 0.5048828125 0.416015625 0.50146484375 0.416015625 0.49853515625 0.416015625 0.49658203125 0.419921875 0.4951171875 0.42578125 0.49462890625 0.43359375
5 0.48046875 0.4365234375 0.49072265625 0.4365234375 0.49072265625 0.4384765625 0.4931640625 0.4384765625 0.4931640625 0.43359375 0.4931640625 0.4267578125 0.49169921875 0.41796875 0.48974609375 0.4140625 0.48583984375 0.4130859375 0.48193359375 0.4140625 0.48046875 0.416015625 0.47900390625 0.4228515625 0.478515625 0.4296875 0.478515625 0.4384765625 0.48046875 0.4384765625
5 0.52294921875 0.4462890625 0.5234375 0.427734375 0.52294921875 0.4111328125 0.52197265625 0.3994140625 0.52099609375 0.3955078125 0.51318359375 0.39453125 0.50732421875 0.39453125 0.50537109375 0.3955078125 0.50439453125 0.3974609375 0.50341796875 0.4091796875 0.50244140625 0.4248046875 0.501953125 0.4404296875 0.50244140625 0.4443359375 0.5029296875 0.4453125 0.50439453125 0.4453125 0.5048828125 0.44140625 0.52001953125 0.4423828125 0.52001953125 0.4462890625 0.521484375 0.447265625
2 0.55126953125 0.1259765625 0.53759765625 0.1962890625 0.53759765625 0.322265625 0.537109375 0.3681640625 0.5400390625 0.3955078125 0.53955078125 0.4287109375 0.5400390625 0.4306640625 0.57177734375 0.4423828125 0.578125 0.439453125 0.61962890625 0.45703125 0.62255859375 0.4560546875 0.62646484375 0.45703125 0.64501953125 0.46875 0.66357421875 0.474609375 0.67724609375 0.47265625 0.681640625 0.474609375 0.681640625 0.478515625 0.71337890625 0.4912109375 0.72705078125 0.4921875 0.75390625 0.501953125 0.81005859375 0.5205078125 0.9169921875 0.564453125 0.95849609375 0.5703125 0.99853515625 0.583984375 0.998046875 0.0 0.5654296875 0.0
5 0.34130859375 0.4130859375 0.34423828125 0.408203125 0.34912109375 0.408203125 0.3505859375 0.4140625 0.35107421875 0.4228515625 0.3466796875 0.423828125 0.3408203125 0.423828125 0.34130859375 0.4140625
5 0.333984375 0.408203125 0.32958984375 0.4091796875 0.32666015625 0.4140625 0.32763671875 0.4248046875 0.32861328125 0.42578125 0.3349609375 0.42578125 0.33740234375 0.42578125 0.341796875 0.423828125 0.34228515625 0.41796875 0.341796875 0.412109375 0.33935546875 0.408203125 0.3369140625 0.4072265625
2 0.0 0.0 0.19921875 0.0 0.29638671875 0.1943359375 0.29443359375 0.4189453125 0.2734375 0.4228515625 0.25830078125 0.4248046875 0.2470703125 0.4228515625 0.22998046875 0.423828125 0.18115234375 0.4375 0.16162109375 0.4404296875 0.10400390625 0.4296875 0.07861328125 0.427734375 0.0732421875 0.431640625 0.0546875 0.4296875 0.02734375 0.4326171875 0.0166015625 0.4267578125 0.00341796875 0.42578125 -0.0009765625 0.423828125
4 0.26904296875 0.3876953125 0.265625 0.384765625 0.26416015625 0.388671875 0.26513671875 0.392578125 0.265625 0.3955078125 0.26513671875 0.3994140625 0.26220703125 0.4013671875 0.26220703125 0.40625 0.26220703125 0.412109375 0.263671875 0.4169921875 0.26416015625 0.4248046875 0.26416015625 0.4287109375 0.26806640625 0.4287109375 0.267578125 0.421875 0.26806640625 0.4189453125 0.2705078125 0.419921875 0.27197265625 0.4140625 0.271484375 0.40234375 0.2705078125 0.392578125 0.27197265625 0.390625 0.271484375 0.3876953125
4 0.158203125 0.013671875 0.162109375 0.013671875 0.1650390625 0.017578125 0.16650390625 0.0107421875 0.16650390625 0.0 0.23974609375 0.0 0.240234375 0.00390625 0.24267578125 0.01171875 0.24365234375 0.0048828125 0.24755859375 0.001953125 0.2509765625 0.0 0.255859375 0.00390625 0.2587890625 0.00390625 0.26220703125 0.0068359375 0.26318359375 0.009765625 0.2685546875 0.0107421875 0.26953125 0.0185546875 0.271484375 0.025390625 0.27294921875 0.033203125 0.2744140625 0.0400390625 0.279296875 0.0390625 0.283203125 0.037109375 0.2880859375 0.0341796875 0.29248046875 0.0341796875 0.29638671875 0.0322265625 0.30029296875 0.0361328125 0.3037109375 0.044921875 0.3046875 0.05078125 0.3076171875 0.0537109375 0.30712890625 0.060546875 0.3076171875 0.0654296875 0.306640625 0.0703125 0.3076171875 0.07421875 0.31201171875 0.0732421875 0.31396484375 0.0830078125 0.3193359375 0.083984375 0.32080078125 0.0908203125 0.3203125 0.1025390625 0.31982421875 0.1083984375 0.322265625 0.1142578125 0.3251953125 0.1240234375 0.32861328125 0.1240234375 0.33251953125 0.125 0.33154296875 0.1337890625 0.33251953125 0.1357421875 0.333984375 0.1416015625 0.3359375 0.1455078125 0.33642578125 0.1513671875 0.33740234375 0.16015625 0.3359375 0.1640625 0.3359375 0.16796875 0.33349609375 0.16796875 0.33056640625 0.171875 0.33349609375 0.1748046875 0.33642578125 0.173828125 0.3388671875 0.1787109375 0.3408203125 0.1845703125 0.3427734375 0.1845703125 0.34228515625 0.19140625 0.341796875 0.2001953125 0.33935546875 0.203125 0.33447265625 0.2080078125 0.33984375 0.212890625 0.34033203125 0.2177734375 0.33837890625 0.2255859375 0.33935546875 0.228515625 0.341796875 0.2265625 0.34228515625 0.234375 0.341796875 0.2373046875 0.34228515625 0.2412109375 0.34375 0.244140625 0.34228515625 0.248046875 0.3388671875 0.25 0.33642578125 0.2529296875 0.3388671875 0.2548828125 0.34033203125 0.2578125 0.337890625 0.2607421875 0.33642578125 0.2626953125 0.3369140625 0.26953125 0.3388671875 0.2744140625 0.33837890625 0.279296875 0.3369140625 0.2822265625 0.33544921875 0.28515625 0.33203125 0.2861328125 0.3330078125 0.2880859375 0.33203125 0.2919921875 0.3310546875 0.296875 0.32861328125 0.3037109375 0.326171875 0.30859375 0.33056640625 0.30859375 0.33251953125 0.3115234375 0.33203125 0.31640625 0.33251953125 0.3232421875 0.32958984375 0.328125 0.32568359375 0.3330078125 0.32177734375 0.337890625 0.31982421875 0.3603515625 0.3193359375 0.384765625 0.31787109375 0.3857421875 0.31591796875 0.3857421875 0.3154296875 0.38671875 0.31591796875 0.4033203125 0.3154296875 0.412109375 0.31396484375 0.412109375 0.31396484375 0.3876953125 0.3125 0.3876953125 0.310546875 0.384765625 0.30712890625 0.3828125 0.30419921875 0.3828125 0.3017578125 0.3818359375 0.30029296875 0.3798828125 0.29638671875 0.3798828125 0.296875 0.4091796875 0.294921875 0.4091796875 0.294921875 0.380859375 0.29345703125 0.380859375 0.291015625 0.3818359375 0.28857421875 0.3828125 0.287109375 0.376953125 0.28564453125 0.3798828125 0.28369140625 0.3818359375 0.2841796875 0.41796875 0.2841796875 0.4345703125 0.27685546875 0.4326171875 0.2763671875 0.396484375 0.2763671875 0.3759765625 0.2744140625 0.375 0.27197265625 0.3759765625 0.2705078125 0.3759765625 0.26611328125 0.3759765625 0.26318359375 0.3720703125 0.25830078125 0.3740234375 0.25732421875 0.3955078125 0.25732421875 0.40625 0.2578125 0.427734375 0.25048828125 0.427734375 0.251953125 0.404296875 0.2529296875 0.3876953125 0.251953125 0.376953125 0.25146484375 0.3828125 0.2490234375 0.3876953125 0.24609375 0.3896484375 0.24267578125 0.3916015625 0.2412109375 0.3916015625 0.240234375 0.40625 0.240234375 0.421875 0.2421875 0.4306640625 0.232421875 0.4306640625 0.23486328125 0.4169921875 0.2353515625 0.404296875 0.23583984375 0.388671875 0.232421875 0.3974609375 0.22998046875 0.39453125 0.2314453125 0.388671875 0.23291015625 0.3798828125 0.22998046875 0.3740234375 0.228515625 0.3681640625 0.22900390625 0.36328125 0.22705078125 0.357421875 0.2275390625 0.3740234375 0.22998046875 0.3759765625 0.23095703125 0.380859375 0.2294921875 0.388671875 0.2275390625 0.3896484375 0.22802734375 0.4091796875 0.2236328125 0.40234375 0.21826171875 0.3837890625 0.21923828125 0.376953125 0.220703125 0.3720703125 0.22021484375 0.3642578125 0.2197265625 0.3583984375 0.216796875 0.3623046875 0.1806640625 0.34375 0.17822265625 0.3388671875 0.17529296875 0.333984375 0.1728515625 0.3330078125 0.17333984375 0.3388671875 0.1728515625 0.3466796875 0.169921875 0.3515625 0.166015625 0.3515625 0.1630859375 0.3466796875 0.15869140625 0.3447265625 0.1552734375 0.345703125 0.15380859375 0.3525390625 0.1494140625 0.3564453125 0.14501953125 0.3564453125 0.1455078125 0.3671875 0.1435546875 0.37109375 0.14013671875 0.3779296875 0.1337890625 0.3798828125 0.13037109375 0.376953125 0.126953125 0.373046875 0.1220703125 0.37109375 0.11865234375 0.3662109375 0.1181640625 0.359375 0.11669921875 0.349609375 0.11669921875 0.341796875 0.11376953125 0.33984375 0.10595703125 0.33984375 0.10009765625 0.3408203125 0.095703125 0.33984375 0.0947265625 0.333984375 0.09521484375 0.326171875 0.1005859375 0.3251953125 0.10693359375 0.3154296875 0.11181640625 0.2060546875 0.12841796875 0.1328125 0.12890625 0.123046875 0.12890625 0.111328125 0.1318359375 0.103515625 0.12890625 0.0947265625 0.130859375 0.083984375 0.1328125 0.0771484375 0.13671875 0.076171875 0.13671875 0.0673828125 0.13818359375 0.0595703125 0.13818359375 0.05078125 0.1396484375 0.0400390625 0.142578125 0.0380859375 0.14306640625 0.0302734375 0.1494140625 0.0166015625 0.15283203125 0.0185546875
5 0.30224609375 0.404296875 0.29345703125 0.404296875 0.28662109375 0.412109375 0.2841796875 0.4130859375 0.28271484375 0.4150390625 0.2802734375 0.421875 0.2802734375 0.4287109375 0.28173828125 0.4375 0.31005859375 0.43359375 0.30908203125 0.421875 0.30712890625 0.412109375 0.30517578125 0.4072265625
4 0.279296875 0.439453125 0.27880859375 0.400390625 0.2783203125 0.3740234375 0.275390625 0.373046875 0.2724609375 0.3701171875 0.26904296875 0.3642578125 0.26806640625 0.353515625 0.26513671875 0.345703125 0.26220703125 0.337890625 0.25732421875 0.3291015625 0.25341796875 0.3232421875 0.25048828125 0.314453125 0.25 0.302734375 0.2509765625 0.291015625 0.25341796875 0.2822265625 0.255859375 0.2763671875 0.25732421875 0.26953125 0.259765625 0.2646484375 0.25927734375 0.2548828125 0.2568359375 0.244140625 0.25830078125 0.2314453125 0.26416015625 0.220703125 0.26904296875 0.216796875 0.275390625 0.2138671875 0.283203125 0.2138671875 0.28759765625 0.224609375 0.29345703125 0.240234375 0.29638671875 0.25390625 0.2978515625 0.265625 0.30126953125 0.2744140625 0.30224609375 0.283203125 0.30810546875 0.2978515625 0.30810546875 0.3056640625 0.3076171875 0.31640625 0.3076171875 0.326171875 0.3046875 0.3359375 0.30126953125 0.3427734375 0.29638671875 0.349609375 0.2919921875 0.3583984375 0.287109375 0.365234375 0.28369140625 0.3671875 0.2802734375 0.369140625 0.28125 0.4365234375
5 0.1298828125 0.396484375 0.1220703125 0.3984375 0.1171875 0.4033203125 0.10888671875 0.419921875 0.109375 0.453125 0.1669921875 0.44921875 0.166015625 0.43359375 0.1640625 0.4189453125 0.16015625 0.404296875 0.1552734375 0.3984375 0.146484375 0.396484375 0.134765625 0.396484375
4 -0.00048828125 0.0 0.1572265625 0.0 0.15673828125 0.0048828125 0.15625 0.01171875 0.1533203125 0.0146484375 0.15234375 0.017578125 0.1455078125 0.01953125 0.1416015625 0.015625 0.1396484375 0.0224609375 0.13818359375 0.02734375 0.13916015625 0.03515625 0.140625 0.0458984375 0.14111328125 0.0537109375 0.13671875 0.0517578125 0.13134765625 0.0537109375 0.1279296875 0.0595703125 0.12890625 0.068359375 0.1259765625 0.072265625 0.12255859375 0.072265625 0.11669921875 0.0732421875 0.119140625 0.08203125 0.12353515625 0.08203125 0.1298828125 0.0810546875 0.13232421875 0.08984375 0.13134765625 0.095703125 0.12890625 0.09765625 0.12646484375 0.1044921875 0.12548828125 0.1103515625 0.125 0.1171875 0.12548828125 0.125 0.1298828125 0.1376953125 0.13134765625 0.1494140625 0.12939453125 0.1630859375 0.12841796875 0.1708984375 0.12451171875 0.1767578125 0.12109375 0.18359375 0.12109375 0.189453125 0.119140625 0.1953125 0.1181640625 0.2041015625 0.1142578125 0.2041015625 0.11279296875 0.2001953125 0.11083984375 0.203125 0.10888671875 0.2021484375 0.10693359375 0.2021484375 0.10205078125 0.205078125 0.09912109375 0.203125 0.09912109375 0.208984375 0.09619140625 0.2060546875 0.091796875 0.205078125 0.08984375 0.2001953125 0.0888671875 0.205078125 0.08447265625 0.2080078125 0.08154296875 0.212890625 0.08251953125 0.216796875 0.08154296875 0.2197265625 0.07373046875 0.228515625 0.0703125 0.220703125 0.06787109375 0.2158203125 0.06591796875 0.2080078125 0.06201171875 0.2041015625 0.05859375 0.2021484375 0.05419921875 0.2080078125 0.0517578125 0.197265625 0.05078125 0.193359375 0.04833984375 0.1875 0.04541015625 0.185546875 0.0419921875 0.181640625 0.03857421875 0.173828125 0.03466796875 0.1650390625 0.0322265625 0.1640625 0.029296875 0.1689453125 0.02587890625 0.173828125 0.0244140625 0.1806640625 -0.0009765625 0.185546875
4 0.0205078125 0.4248046875 0.021484375 0.380859375 0.02099609375 0.3466796875 0.02001953125 0.33984375 0.01953125 0.3349609375 0.0185546875 0.3310546875 0.01416015625 0.3271484375 0.00927734375 0.328125 0.00732421875 0.3271484375 0.0048828125 0.3251953125 -0.0009765625 0.328125 0.0 0.181640625 0.00146484375 0.18359375 0.00439453125 0.181640625 0.00634765625 0.1767578125 0.00927734375 0.173828125 0.013671875 0.171875 0.01806640625 0.17578125 0.0224609375 0.1767578125 0.02783203125 0.1845703125 0.03125 0.19140625 0.03369140625 0.197265625 0.037109375 0.1962890625 0.04150390625 0.1953125 0.04345703125 0.201171875 0.0439453125 0.2080078125 0.04541015625 0.2177734375 0.04541015625 0.2265625 0.046875 0.2333984375 0.04833984375 0.2431640625 0.048828125 0.248046875 0.0537109375 0.2470703125 0.0537109375 0.25390625 0.05126953125 0.2685546875 0.04931640625 0.27734375 0.0478515625 0.2841796875 0.04931640625 0.2900390625 0.05126953125 0.29296875 0.04931640625 0.3017578125 0.048828125 0.3115234375 0.048828125 0.31640625 0.04541015625 0.3232421875 0.04150390625 0.328125 0.03759765625 0.3310546875 0.0341796875 0.3359375 0.03173828125 0.3408203125 0.03076171875 0.345703125 0.0263671875 0.3466796875 0.02685546875 0.3759765625 0.02685546875 0.4228515625 0.02685546875 0.427734375
4 0.00634765625 0.4345703125 0.009765625 0.4287109375 0.01318359375 0.4248046875 0.01611328125 0.421875 0.0185546875 0.421875 0.02099609375 0.4208984375 0.02392578125 0.419921875 0.0263671875 0.4208984375 0.0302734375 0.4228515625 0.03466796875 0.42578125 0.0390625 0.4296875 0.0419921875 0.4296875 0.04541015625 0.4296875 0.04833984375 0.4306640625 0.0498046875 0.4326171875 0.05224609375 0.4375 0.05322265625 0.4404296875 0.05322265625 0.4453125 0.05224609375 0.4541015625 0.0068359375 0.4609375
5 0.00146484375 0.40625 0.00634765625 0.419921875 0.00830078125 0.4287109375 0.00927734375 0.44140625 0.00927734375 0.4560546875 0.005859375 0.4619140625 -0.0009765625 0.4638671875 -0.0009765625 0.4033203125
5 0.37646484375 0.4267578125 0.373046875 0.4267578125 0.373046875 0.419921875 0.37353515625 0.4111328125 0.37548828125 0.4052734375 0.37841796875 0.4052734375
