4 0.4443359375 0.2216796875 0.45458984375 0.224609375 0.46484375 0.2265625 0.48046875 0.23046875 0.49365234375 0.2333984375 0.50439453125 0.2353515625 0.5146484375 0.236328125 0.52294921875 0.236328125 0.53515625 0.234375 0.5595703125 0.2353515625 0.5576171875 0.3388671875 0.45703125 0.2998046875
0 -0.0009765625 0.552734375 0.189453125 0.5 0.4306640625 0.44921875 0.4892578125 0.4248046875 0.53271484375 0.4306640625 0.5341796875 0.4765625 0.56298828125 0.486328125 0.5986328125 0.5439453125 0.72802734375 0.6064453125 0.99853515625 0.6396484375 0.998046875 0.9970703125 0.6416015625 0.9990234375 0.3740234375 0.9990234375 0.0 0.99609375 -0.0009765625 0.7744140625 -0.0009765625 0.6015625
1 0.0 0.5146484375 0.08642578125 0.5029296875 0.1357421875 0.4921875 0.13232421875 0.5400390625 0.0830078125 0.560546875 0.04296875 0.564453125 -0.0009765625 0.5751953125 -0.0009765625 0.5458984375 -0.0009765625 0.5263671875
1 0.40576171875 0.4453125 0.431640625 0.4453125 0.4287109375 0.45703125 0.408203125 0.4609375
1 0.54443359375 0.447265625 0.52783203125 0.44921875 0.5244140625 0.462890625 0.5205078125 0.474609375 0.52197265625 0.4794921875 0.53955078125 0.48828125 0.5556640625 0.4951171875 0.5673828125 0.525390625 0.59228515625 0.5595703125 0.64306640625 0.6064453125 0.74462890625 0.6337890625 0.8671875 0.65234375 0.99658203125 0.6640625 0.99853515625 0.5751953125 0.66455078125 0.513671875 0.603515625 0.466796875
4 0.54248046875 0.43359375 0.529296875 0.4189453125 0.5263671875 0.4091796875 0.5244140625 0.400390625 0.52001953125 0.400390625 0.5146484375 0.4013671875 0.50830078125 0.392578125 0.50732421875 0.3720703125 0.5087890625 0.361328125 0.50927734375 0.3544921875 0.49951171875 0.3447265625 0.49658203125 0.3330078125 0.498046875 0.3193359375 0.5029296875 0.32421875 0.50634765625 0.3232421875 0.51123046875 0.32421875 0.5107421875 0.314453125 0.5107421875 0.298828125 0.5126953125 0.2861328125 0.5126953125 0.26953125 0.513671875 0.2626953125 0.51806640625 0.265625 0.521484375 0.2744140625 0.52197265625 0.265625 0.52197265625 0.2548828125 0.525390625 0.25 0.52587890625 0.2392578125 0.52685546875 0.23046875 0.52978515625 0.2236328125 0.53271484375 0.23046875 0.5341796875 0.2216796875 0.53515625 0.2109375 0.537109375 0.20703125 0.54150390625 0.2109375 0.54541015625 0.224609375 0.5517578125 0.2314453125 0.556640625 0.236328125 0.55810546875 0.3564453125 0.55419921875 0.4228515625
2 -0.00048828125 0.0 0.337890625 0.0 0.3662109375 0.0693359375 0.38427734375 0.0751953125 0.40185546875 0.1220703125 0.4072265625 0.1201171875 0.41259765625 0.1259765625 0.41650390625 0.130859375 0.42138671875 0.1328125 0.42578125 0.134765625 0.42822265625 0.1396484375 0.4287109375 0.1435546875 0.43701171875 0.14453125 0.4345703125 0.1513671875 0.4306640625 0.1630859375 0.4296875 0.173828125 0.44482421875 0.173828125 0.44921875 0.1806640625 0.44873046875 0.2216796875 0.455078125 0.23046875 0.46533203125 0.251953125 0.4716796875 0.2734375 0.482421875 0.302734375 0.47998046875 0.3818359375 0.47802734375 0.4365234375 0.4248046875 0.4443359375 0.40234375 0.44921875 0.19287109375 0.4775390625 0.12646484375 0.4931640625 0.08935546875 0.5029296875 -0.0009765625 0.5146484375 -0.0009765625 0.248046875 -0.00048828125 0.0517578125
5 0.51025390625 0.431640625 0.51416015625 0.4326171875 0.5166015625 0.4404296875 0.517578125 0.453125 0.5166015625 0.4658203125 0.513671875 0.4677734375 0.51220703125 0.4638671875 0.5087890625 0.4580078125 0.5087890625 0.44140625
2 0.54638671875 0.443359375 0.55224609375 0.2841796875 0.5478515625 0.267578125 0.552734375 0.234375 0.55712890625 0.1943359375 0.54931640625 0.189453125 0.55029296875 0.173828125 0.55517578125 0.173828125 0.5576171875 0.1630859375 0.55029296875 0.150390625 0.552734375 0.1298828125 0.55615234375 0.125 0.5576171875 0.09765625 0.580078125 0.099609375 0.59130859375 0.0869140625 0.591796875 0.078125 0.60107421875 0.0771484375 0.6240234375 0.0498046875 0.6259765625 0.0009765625 0.998046875 0.0009765625 0.99755859375 0.6201171875 0.927734375 0.6142578125 0.8603515625 0.607421875 0.75341796875 0.5859375 0.732421875 0.576171875 0.67626953125 0.537109375 0.60107421875 0.484375 0.54931640625 0.478515625 0.54931640625 0.4658203125 0.5478515625 0.4560546875
5 0.57080078125 0.439453125 0.57763671875 0.439453125 0.58203125 0.4423828125 0.5849609375 0.453125 0.5849609375 0.484375 0.58203125 0.484375 0.57666015625 0.4833984375 0.57275390625 0.4814453125 0.5693359375 0.4658203125 0.5693359375 0.451171875
5 0.603515625 0.4453125 0.61572265625 0.4443359375 0.6044921875 0.486328125 0.59912109375 0.484375 0.59765625 0.46875 0.59716796875 0.45703125 0.5986328125 0.453125 0.6005859375 0.4501953125
5 0.53955078125 0.4248046875 0.54296875 0.419921875 0.56591796875 0.419921875 0.56982421875 0.421875 0.572265625 0.427734375 0.57470703125 0.447265625 0.5751953125 0.453125 0.57763671875 0.453125 0.57861328125 0.4599609375 0.576171875 0.4599609375 0.57568359375 0.48046875 0.57568359375 0.4921875 0.5732421875 0.49609375 0.5712890625 0.49609375 0.5703125 0.4931640625 0.56982421875 0.490234375 0.55908203125 0.490234375 0.54541015625 0.490234375 0.54541015625 0.4931640625 0.5439453125 0.4970703125 0.5419921875 0.498046875 0.53955078125 0.49609375 0.5390625 0.490234375 0.53759765625 0.462890625 0.5380859375 0.439453125
5 0.291015625 0.4482421875 0.296875 0.44140625 0.30322265625 0.43359375 0.31396484375 0.4306640625 0.33056640625 0.4326171875 0.337890625 0.4345703125 0.34716796875 0.4443359375 0.34326171875 0.4921875 0.3359375 0.4990234375 0.3349609375 0.501953125 0.32958984375 0.5048828125 0.3232421875 0.5048828125 0.32080078125 0.5009765625 0.31298828125 0.501953125 0.3095703125 0.50390625 0.30078125 0.50390625 0.29931640625 0.4990234375 0.29296875 0.494140625 0.2919921875 0.47265625 0.29052734375 0.458984375
5 0.35009765625 0.42578125 0.353515625 0.412109375 0.359375 0.40625 0.38134765625 0.4072265625 0.3994140625 0.4072265625 0.4052734375 0.41015625 0.41064453125 0.439453125 0.41162109375 0.4755859375 0.4072265625 0.5087890625 0.404296875 0.5126953125 0.4033203125 0.5244140625 0.40087890625 0.5302734375 0.3974609375 0.53125 0.3935546875 0.5302734375 0.39208984375 0.5244140625 0.39111328125 0.5166015625 0.37890625 0.5185546875 0.3583984375 0.5166015625 0.3544921875 0.5166015625 0.3515625 0.5166015625 0.35009765625 0.52734375 0.34716796875 0.5302734375 0.34423828125 0.5302734375 0.34130859375 0.525390625 0.34033203125 0.5185546875 0.33935546875 0.4970703125 0.3408203125 0.46875 0.3447265625 0.4541015625 0.3388671875 0.44921875 0.3388671875 0.4404296875 0.3447265625 0.439453125 0.34619140625 0.443359375 0.34716796875 0.4375 0.34765625 0.4345703125
4 0.24951171875 0.35546875 0.25537109375 0.3544921875 0.2587890625 0.361328125 0.2646484375 0.3701171875 0.27001953125 0.3759765625 0.2705078125 0.38671875 0.26953125 0.392578125 0.265625 0.3984375 0.26171875 0.400390625 0.25634765625 0.40625 0.25390625 0.4072265625 0.25439453125 0.41796875 0.25 0.4189453125 0.2509765625 0.4013671875 0.24755859375 0.3994140625 0.24755859375 0.3759765625 0.24755859375 0.36328125
5 0.2646484375 0.4208984375 0.27197265625 0.41796875 0.28173828125 0.4208984375 0.28857421875 0.4248046875 0.29345703125 0.4443359375 0.29736328125 0.47265625 0.298828125 0.490234375 0.298828125 0.50390625 0.298828125 0.5078125 0.294921875 0.5107421875 0.2900390625 0.5107421875 0.2900390625 0.5 0.28564453125 0.50390625 0.28173828125 0.494140625 0.2744140625 0.4619140625 0.26806640625 0.4365234375 0.26513671875 0.4287109375
5 0.2373046875 0.4189453125 0.25439453125 0.41796875 0.25634765625 0.4150390625 0.27099609375 0.4150390625 0.275390625 0.431640625 0.28125 0.4541015625 0.28466796875 0.46484375 0.28466796875 0.474609375 0.2841796875 0.4970703125 0.28369140625 0.515625 0.28173828125 0.5244140625 0.2763671875 0.52734375 0.27197265625 0.5234375 0.2685546875 0.515625 0.265625 0.5146484375 0.2626953125 0.5166015625 0.2626953125 0.5244140625 0.26220703125 0.529296875 0.26025390625 0.5341796875 0.2529296875 0.53515625 0.25 0.53515625 0.24169921875 0.5302734375 0.24072265625 0.4990234375 0.23779296875 0.4365234375
5 0.1416015625 0.4501953125 0.15087890625 0.41796875 0.15673828125 0.408203125 0.17333984375 0.400390625 0.19287109375 0.3994140625 0.21826171875 0.40234375 0.234375 0.4072265625 0.2392578125 0.4091796875 0.2451171875 0.4375 0.24609375 0.4580078125 0.24609375 0.478515625 0.24755859375 0.4931640625 0.248046875 0.5146484375 0.248046875 0.5302734375 0.24658203125 0.5400390625 0.24462890625 0.5498046875 0.24072265625 0.5517578125 0.23681640625 0.55078125 0.23388671875 0.546875 0.232421875 0.537109375 0.22509765625 0.5390625 0.21826171875 0.541015625 0.21826171875 0.55078125 0.216796875 0.55859375 0.2138671875 0.5634765625 0.20947265625 0.564453125 0.205078125 0.5615234375 0.20263671875 0.5546875 0.2021484375 0.5439453125 0.18017578125 0.546875 0.1533203125 0.5478515625 0.14501953125 0.546875 0.14404296875 0.55859375 0.140625 0.5634765625 0.13427734375 0.564453125 0.130859375 0.5595703125 0.12890625 0.5478515625 0.12646484375 0.5205078125 0.1259765625 0.5078125 0.12939453125 0.4814453125 0.1337890625 0.4677734375 0.13525390625 0.4638671875 0.13037109375 0.4599609375 0.1298828125 0.44921875 0.13330078125 0.447265625 0.13720703125 0.4462890625
5 0.4150390625 0.48046875 0.4267578125 0.435546875 0.4306640625 0.427734375 0.43408203125 0.4296875 0.43505859375 0.4326171875 0.4833984375 0.4345703125 0.4921875 0.4345703125 0.4951171875 0.431640625 0.498046875 0.431640625 0.50146484375 0.439453125 0.51123046875 0.484375 0.5166015625 0.4873046875 0.52392578125 0.4912109375 0.525390625 0.501953125 0.51904296875 0.50390625 0.51953125 0.521484375 0.521484375 0.5322265625 0.5205078125 0.5615234375 0.52001953125 0.6103515625 0.5185546875 0.6171875 0.51513671875 0.6201171875 0.51025390625 0.62109375 0.50341796875 0.6201171875 0.50048828125 0.6103515625 0.49853515625 0.595703125 0.458984375 0.5947265625 0.42138671875 0.59375 0.41796875 0.611328125 0.41357421875 0.615234375 0.40625 0.6142578125 0.40380859375 0.6044921875 0.4033203125 0.5869140625 0.40380859375 0.5283203125 0.4072265625 0.4931640625 0.40673828125 0.4833984375 0.41162109375 0.4814453125
