0 0.0 0.583984375 0.47314453125 0.4248046875 0.58447265625 0.4189453125 0.99853515625 0.7021484375 0.99755859375 0.9970703125 0.58984375 0.9990234375 0.1865234375 0.99609375 -0.0009765625 0.9970703125
2 0.55029296875 0.4130859375 0.55126953125 0.3271484375 0.5537109375 0.318359375 0.5576171875 0.3095703125 0.5634765625 0.4111328125 0.55126953125 0.419921875
4 0.56201171875 0.3359375 0.560546875 0.392578125 0.5576171875 0.396484375 0.5546875 0.3955078125 0.55419921875 0.4130859375 0.55126953125 0.412109375 0.55126953125 0.400390625 0.5458984375 0.40234375 0.53466796875 0.39453125 0.533203125 0.388671875 0.53369140625 0.3828125 0.5341796875 0.376953125 0.53271484375 0.3720703125 0.5322265625 0.3623046875 0.533203125 0.35546875 0.53515625 0.349609375 0.537109375 0.349609375 0.5390625 0.34375 0.54052734375 0.3388671875 0.54052734375 0.333984375 0.53955078125 0.330078125 0.54150390625 0.32421875 0.54345703125 0.3212890625 0.546875 0.322265625 0.54833984375 0.322265625 0.55126953125 0.3203125 0.55419921875 0.3232421875 0.55810546875 0.3291015625 0.5615234375 0.3291015625
2 0.5576171875 0.421875 0.55859375 0.3984375 0.55859375 0.37890625 0.55615234375 0.3779296875 0.5546875 0.3505859375 0.55810546875 0.349609375 0.55810546875 0.310546875 0.560546875 0.3076171875 0.56201171875 0.29296875 0.5654296875 0.291015625 0.5654296875 0.2880859375 0.564453125 0.2880859375 0.56982421875 0.2607421875 0.57177734375 0.2578125 0.57421875 0.24609375 0.5859375 0.234375 0.58740234375 0.228515625 0.58935546875 0.2265625 0.58935546875 0.2177734375 0.58935546875 0.2138671875 0.5908203125 0.2109375 0.59228515625 0.20703125 0.59228515625 0.201171875 0.5859375 0.205078125 0.58642578125 0.1982421875 0.5908203125 0.171875 0.5908203125 0.169921875 0.59716796875 0.1337890625 0.59423828125 0.126953125 0.61767578125 0.0 0.99853515625 0.0 0.99853515625 0.6123046875
1 -0.0009765625 0.5322265625 0.15771484375 0.4970703125 0.39697265625 0.4453125 0.38427734375 0.4765625 0.35498046875 0.490234375 0.2099609375 0.5400390625 0.0 0.625
2 0.15869140625 0.0 0.37255859375 0.0009765625 0.3974609375 0.0751953125 0.408203125 0.1103515625 0.408203125 0.103515625 0.4150390625 0.10546875 0.4150390625 0.111328125 0.419921875 0.111328125 0.42138671875 0.1171875 0.41796875 0.1162109375 0.41796875 0.119140625 0.43896484375 0.1259765625 0.44384765625 0.1455078125 0.44140625 0.1513671875 0.44140625 0.1552734375 0.44287109375 0.1640625 0.4580078125 0.1630859375 0.4638671875 0.1865234375 0.46435546875 0.22265625 0.46533203125 0.224609375 0.4658203125 0.236328125 0.4658203125 0.23828125 0.47021484375 0.25390625 0.47412109375 0.259765625 0.478515625 0.2763671875 0.478515625 0.3173828125 0.4794921875 0.35546875 0.484375 0.365234375 0.48583984375 0.4189453125 0.38427734375 0.4580078125 0.353515625 0.4658203125 0.21337890625 0.4794921875 0.0 0.4765625 0.0 0.0009765625
5 0.56689453125 0.4501953125 0.56103515625 0.4443359375 0.5615234375 0.4287109375 0.56396484375 0.421875 0.5673828125 0.39453125 0.57958984375 0.39453125 0.58203125 0.3916015625 0.5830078125 0.3916015625 0.58447265625 0.3955078125 0.58740234375 0.3955078125 0.58837890625 0.392578125 0.58837890625 0.4423828125 0.57177734375 0.453125
5 0.587890625 0.4169921875 0.58935546875 0.41015625 0.59228515625 0.4033203125 0.6025390625 0.4013671875 0.61328125 0.40234375 0.6181640625 0.4033203125 0.619140625 0.412109375 0.59375 0.46875 0.591796875 0.4697265625 0.587890625 0.4697265625 0.58740234375 0.4658203125 0.583984375 0.4658203125 0.58251953125 0.4619140625 0.58154296875 0.453125 0.58349609375 0.4453125 0.58447265625 0.439453125 0.58544921875 0.431640625 0.583984375 0.4296875 0.58154296875 0.427734375 0.58154296875 0.421875 0.58349609375 0.421875 0.5859375 0.4208984375 0.58837890625 0.416015625 0.58642578125 0.4208984375
5 0.59716796875 0.4267578125 0.599609375 0.41796875 0.6015625 0.4150390625 0.60595703125 0.412109375 0.61962890625 0.4130859375 0.63134765625 0.4169921875 0.609375 0.4755859375 0.60498046875 0.4755859375 0.60498046875 0.4814453125 0.60009765625 0.4814453125 0.5966796875 0.4775390625 0.59375 0.47265625 0.5927734375 0.4697265625 0.59228515625 0.466796875 0.5927734375 0.4580078125 0.5927734375 0.44921875 0.59375 0.44140625 0.5966796875 0.4345703125 0.5966796875 0.43359375
5 0.615234375 0.494140625 0.611328125 0.4892578125 0.60888671875 0.482421875 0.6083984375 0.4716796875 0.6103515625 0.4619140625 0.61328125 0.4482421875 0.6142578125 0.4423828125 0.609375 0.443359375 0.609375 0.4375 0.6123046875 0.4365234375 0.615234375 0.4384765625 0.6181640625 0.4287109375 0.62353515625 0.4150390625 0.62939453125 0.4150390625 0.63916015625 0.4150390625 0.6181640625 0.49609375
5 0.63134765625 0.4267578125 0.634765625 0.419921875 0.63818359375 0.4140625 0.64404296875 0.4130859375 0.6572265625 0.4130859375 0.67236328125 0.4169921875 0.67626953125 0.4150390625 0.68408203125 0.4248046875 0.6640625 0.5 0.64990234375 0.5 0.642578125 0.5 0.63916015625 0.501953125 0.63671875 0.5107421875 0.63037109375 0.509765625 0.6279296875 0.5048828125 0.62451171875 0.5029296875 0.61962890625 0.5 0.61767578125 0.490234375 0.61865234375 0.4755859375 0.61865234375 0.4658203125 0.619140625 0.4541015625 0.6240234375 0.4443359375 0.625 0.44140625 0.623046875 0.4384765625 0.623046875 0.4326171875 0.6259765625 0.4306640625 0.6279296875 0.4306640625
5 0.67236328125 0.4443359375 0.67626953125 0.4345703125 0.68310546875 0.4189453125 0.68798828125 0.412109375 0.69970703125 0.4072265625 0.72216796875 0.4091796875 0.73828125 0.41015625 0.7529296875 0.4130859375 0.75830078125 0.4189453125 0.76708984375 0.4580078125 0.75634765625 0.5439453125 0.74267578125 0.544921875 0.73291015625 0.544921875 0.6962890625 0.544921875 0.6943359375 0.5595703125 0.69091796875 0.5625 0.6845703125 0.5615234375 0.68017578125 0.5595703125 0.67919921875 0.55078125 0.67919921875 0.5361328125 0.67236328125 0.533203125 0.67236328125 0.5400390625 0.67138671875 0.5458984375 0.66796875 0.546875 0.66455078125 0.5458984375 0.6611328125 0.544921875 0.66015625 0.5361328125 0.66015625 0.521484375 0.66064453125 0.5009765625 0.66162109375 0.4814453125 0.66748046875 0.4658203125 0.66259765625 0.4638671875 0.66015625 0.458984375 0.66162109375 0.4501953125 0.6689453125 0.44921875 0.669921875 0.455078125 0.67138671875 0.4580078125 0.67138671875 0.4521484375 0.67138671875 0.4501953125
5 0.77783203125 0.4267578125 0.79052734375 0.4091796875 0.80224609375 0.4033203125 0.8330078125 0.4013671875 0.857421875 0.4033203125 0.861328125 0.4033203125 0.86474609375 0.3896484375 0.86572265625 0.388671875 0.86474609375 0.4052734375 0.88525390625 0.4091796875 0.89794921875 0.4150390625 0.90966796875 0.419921875 0.9140625 0.42578125 0.91748046875 0.4384765625 0.8349609375 0.6142578125 0.81494140625 0.61328125 0.81494140625 0.6298828125 0.814453125 0.638671875 0.81103515625 0.64453125 0.8076171875 0.6474609375 0.80224609375 0.6474609375 0.79736328125 0.646484375 0.79248046875 0.6435546875 0.78955078125 0.6357421875 0.787109375 0.6259765625 0.78662109375 0.6181640625 0.78662109375 0.6083984375 0.78662109375 0.6005859375 0.76953125 0.591796875 0.76416015625 0.5888671875 0.7626953125 0.5966796875 0.7607421875 0.609375 0.75439453125 0.6123046875 0.74755859375 0.6103515625 0.74365234375 0.607421875 0.74169921875 0.59375 0.74072265625 0.5791015625 0.74169921875 0.552734375 0.7421875 0.52734375 0.74853515625 0.4921875 0.75146484375 0.484375 0.7548828125 0.4765625 0.74609375 0.4736328125 0.74609375 0.4677734375 0.74853515625 0.4599609375 0.7548828125 0.4560546875 0.759765625 0.4580078125 0.7607421875 0.4658203125 0.76611328125 0.4501953125 0.771484375 0.439453125 0.7744140625 0.4345703125 0.77587890625 0.431640625
5 0.88623046875 0.486328125 0.90087890625 0.4580078125 0.91943359375 0.43359375 0.9384765625 0.423828125 0.95947265625 0.4189453125 0.9873046875 0.419921875 0.998046875 0.4189453125 0.99951171875 0.7568359375 0.9677734375 0.7509765625 0.96533203125 0.7626953125 0.962890625 0.7744140625 0.9599609375 0.783203125 0.95654296875 0.787109375 0.94970703125 0.78515625 0.94287109375 0.7841796875 0.93505859375 0.78125 0.93115234375 0.7734375 0.92822265625 0.765625 0.92578125 0.7568359375 0.923828125 0.748046875 0.9228515625 0.736328125 0.92236328125 0.720703125 0.888671875 0.69140625 0.86669921875 0.677734375 0.865234375 0.685546875 0.86376953125 0.6923828125 0.86083984375 0.6982421875 0.85546875 0.69921875 0.85009765625 0.6982421875 0.84521484375 0.6953125 0.8408203125 0.693359375 0.8369140625 0.6884765625 0.83447265625 0.6796875 0.83349609375 0.6689453125 0.83349609375 0.66015625 0.8330078125 0.6513671875 0.83251953125 0.6396484375 0.83251953125 0.6298828125 0.8330078125 0.6171875 0.8330078125 0.6005859375 0.83837890625 0.5712890625 0.849609375 0.5458984375 0.861328125 0.5341796875 0.8671875 0.5263671875 0.859375 0.51953125 0.85595703125 0.5126953125 0.8583984375 0.5029296875 0.865234375 0.4970703125 0.86962890625 0.4990234375 0.87353515625 0.5048828125 0.87548828125 0.5068359375 0.8798828125 0.5029296875 0.88330078125 0.494140625
5 0.4580078125 0.419921875 0.4609375 0.4150390625 0.46923828125 0.416015625 0.47314453125 0.4208984375 0.47509765625 0.4365234375 0.4755859375 0.4482421875 0.47314453125 0.4501953125 0.47216796875 0.44921875 0.47216796875 0.4482421875 0.46142578125 0.4482421875
5 0.447265625 0.42578125 0.44921875 0.419921875 0.453125 0.4169921875 0.4599609375 0.41796875 0.462890625 0.427734375 0.46435546875 0.4404296875 0.46533203125 0.4521484375 0.46533203125 0.4541015625 0.46044921875 0.4560546875 0.45751953125 0.4560546875 0.45751953125 0.4521484375 0.45166015625 0.4482421875
5 0.4404296875 0.4267578125 0.44384765625 0.419921875 0.45166015625 0.4189453125 0.4560546875 0.427734375 0.45703125 0.4287109375 0.45751953125 0.4326171875 0.45654296875 0.435546875 0.45654296875 0.4404296875 0.455078125 0.4560546875 0.453125 0.45703125 0.45166015625 0.45703125 0.45068359375 0.455078125 0.44970703125 0.4521484375 0.4462890625 0.4521484375
5 0.42529296875 0.4248046875 0.43017578125 0.416015625 0.44384765625 0.4150390625 0.4482421875 0.4287109375 0.44970703125 0.4287109375 0.45068359375 0.4384765625 0.44970703125 0.453125 0.44970703125 0.458984375 0.44921875 0.462890625 0.447265625 0.4658203125 0.44384765625 0.4658203125 0.4423828125 0.4609375 0.43701171875 0.4599609375
5 0.408203125 0.42578125 0.4169921875 0.4150390625 0.42919921875 0.4150390625 0.4326171875 0.4189453125 0.43603515625 0.427734375 0.4375 0.4287109375 0.439453125 0.4384765625 0.44091796875 0.4501953125 0.44091796875 0.46484375 0.4404296875 0.46875 0.4375 0.470703125 0.43359375 0.47265625 0.4306640625 0.47265625 0.4296875 0.46875 0.4296875 0.4677734375 0.4208984375 0.4677734375 0.41748046875 0.455078125 0.41259765625 0.43359375
5 0.38818359375 0.4208984375 0.39208984375 0.4140625 0.396484375 0.412109375 0.4052734375 0.4111328125 0.4140625 0.4111328125 0.41650390625 0.4111328125 0.419921875 0.421875 0.42138671875 0.427734375 0.4228515625 0.431640625 0.4228515625 0.43359375 0.42333984375 0.4384765625 0.42333984375 0.44140625 0.423828125 0.4443359375 0.42431640625 0.4609375 0.4248046875 0.4716796875 0.421875 0.474609375 0.41748046875 0.4775390625 0.41259765625 0.478515625 0.4111328125 0.47265625 0.39599609375 0.47265625 0.3935546875 0.4765625 0.390625 0.4775390625 0.3896484375 0.4755859375 0.388671875 0.4775390625 0.38330078125 0.4775390625 0.38232421875 0.4677734375 0.38232421875 0.451171875 0.38330078125 0.4443359375 0.38525390625 0.4375 0.3857421875 0.435546875 0.38134765625 0.435546875 0.38037109375 0.4326171875 0.38232421875 0.4287109375 0.3857421875 0.4306640625 0.38671875 0.4287109375 0.3876953125 0.42578125
5 0.4912109375 0.4189453125 0.49365234375 0.4140625 0.4970703125 0.4111328125 0.505859375 0.4111328125 0.51318359375 0.4140625 0.50927734375 0.443359375 0.50244140625 0.4443359375 0.49365234375 0.443359375 0.49267578125 0.4482421875 0.490234375 0.4482421875 0.48876953125 0.4423828125 0.48876953125 0.4287109375 0.490234375 0.42578125 0.48828125 0.4228515625 0.4892578125 0.419921875
5 0.5107421875 0.4013671875 0.51318359375 0.39453125 0.51513671875 0.3935546875 0.53857421875 0.39453125 0.54150390625 0.3974609375 0.54345703125 0.4072265625 0.544921875 0.419921875 0.546875 0.41796875 0.54833984375 0.41796875 0.5498046875 0.421875 0.548828125 0.4267578125 0.544921875 0.427734375 0.54541015625 0.4365234375 0.5458984375 0.4404296875 0.5458984375 0.4501953125 0.54541015625 0.45703125 0.54541015625 0.466796875 0.544921875 0.4697265625 0.54296875 0.4716796875 0.54150390625 0.4716796875 0.54052734375 0.46875 0.54052734375 0.4619140625 0.53173828125 0.4619140625 0.51953125 0.4609375 0.51513671875 0.4619140625 0.51416015625 0.4677734375 0.5126953125 0.46875 0.5107421875 0.46875 0.50927734375 0.4677734375 0.5078125 0.4658203125 0.5078125 0.4619140625 0.5078125 0.45703125 0.5078125 0.4443359375 0.5078125 0.4345703125 0.5078125 0.42578125 0.50634765625 0.4248046875 0.50537109375 0.421875 0.5068359375 0.41796875 0.5087890625 0.4150390625 0.50927734375 0.41015625 0.509765625 0.4072265625
5 0.01953125 0.4658203125 0.02099609375 0.447265625 0.02099609375 0.4365234375 0.0224609375 0.42578125 0.02587890625 0.41796875 0.02685546875 0.408203125 0.02978515625 0.4013671875 0.04833984375 0.396484375 0.07373046875 0.3955078125 0.0849609375 0.396484375 0.09375 0.40625 0.1025390625 0.4228515625 0.1064453125 0.421875 0.10986328125 0.4306640625 0.10546875 0.4853515625 0.06982421875 0.5 0.064453125 0.48828125 0.05517578125 0.4853515625 0.0341796875 0.4853515625 0.033203125 0.4921875 0.02880859375 0.4970703125 0.0234375 0.49609375 0.02001953125 0.486328125 0.01953125 0.4755859375 0.01953125 0.47265625
3 0.06982421875 0.4375 0.07421875 0.4384765625 0.08642578125 0.443359375 0.095703125 0.4423828125 0.10400390625 0.4375 0.10400390625 0.4306640625 0.10693359375 0.4306640625 0.107421875 0.4365234375 0.119140625 0.4375 0.12939453125 0.4375 0.13525390625 0.435546875 0.13720703125 0.43359375 0.13720703125 0.4404296875 0.142578125 0.439453125 0.15673828125 0.435546875 0.16162109375 0.4345703125 0.16162109375 0.4306640625 0.16357421875 0.4306640625 0.1640625 0.43359375 0.17041015625 0.435546875 0.177734375 0.4345703125 0.177734375 0.4306640625 0.17919921875 0.4306640625 0.18017578125 0.43359375 0.18408203125 0.431640625 0.1845703125 0.4287109375 0.1865234375 0.427734375 0.18798828125 0.431640625 0.19287109375 0.43359375 0.2021484375 0.4326171875 0.20849609375 0.4306640625 0.2080078125 0.42578125 0.2109375 0.4248046875 0.2119140625 0.4306640625 0.2138671875 0.4365234375 0.2197265625 0.443359375 0.22900390625 0.4404296875 0.2314453125 0.431640625 0.234375 0.4228515625 0.23583984375 0.4228515625 0.23681640625 0.421875 0.23291015625 0.4873046875 0.1533203125 0.5078125 0.0693359375 0.5322265625 0.0693359375 0.4951171875 0.06982421875 0.45703125
5 0.29541015625 0.4248046875 0.3037109375 0.4091796875 0.3095703125 0.4052734375 0.3291015625 0.4033203125 0.34521484375 0.4033203125 0.35009765625 0.4091796875 0.35546875 0.4296875 0.357421875 0.4345703125 0.35986328125 0.4404296875 0.3603515625 0.4482421875 0.3623046875 0.455078125 0.36328125 0.4697265625 0.36328125 0.484375 0.36279296875 0.5 0.3623046875 0.5048828125 0.35986328125 0.5078125 0.35693359375 0.5078125 0.35498046875 0.5078125 0.3544921875 0.50390625 0.3544921875 0.5 0.353515625 0.4970703125 0.35107421875 0.4990234375 0.35107421875 0.5068359375 0.35009765625 0.5126953125 0.34716796875 0.513671875 0.3447265625 0.513671875 0.3427734375 0.51171875 0.3408203125 0.5068359375 0.3408203125 0.5009765625 0.32470703125 0.50390625 0.31640625 0.48046875 0.30419921875 0.4443359375
5 0.2412109375 0.419921875 0.24462890625 0.4150390625 0.2490234375 0.4111328125 0.26611328125 0.408203125 0.28369140625 0.4072265625 0.2978515625 0.4091796875 0.306640625 0.412109375 0.3134765625 0.4287109375 0.3212890625 0.4482421875 0.32421875 0.4619140625 0.32763671875 0.474609375 0.32861328125 0.4873046875 0.328125 0.498046875 0.32763671875 0.5185546875 0.32666015625 0.5263671875 0.32275390625 0.5302734375 0.31884765625 0.5302734375 0.3154296875 0.5263671875 0.314453125 0.51953125 0.3056640625 0.5224609375 0.30517578125 0.529296875 0.3037109375 0.5390625 0.29931640625 0.54296875 0.29296875 0.54296875 0.29052734375 0.5380859375 0.28955078125 0.5302734375 0.25634765625 0.533203125 0.2275390625 0.5341796875 0.2255859375 0.5439453125 0.22314453125 0.546875 0.21435546875 0.546875 0.21044921875 0.537109375 0.2099609375 0.5146484375 0.20947265625 0.4921875 0.21142578125 0.4775390625 0.212890625 0.46875 0.21923828125 0.4599609375 0.22314453125 0.455078125 0.22607421875 0.453125 0.22119140625 0.4501953125 0.21923828125 0.4462890625 0.2197265625 0.4404296875 0.2216796875 0.4375 0.22705078125 0.4345703125 0.2294921875 0.4375 0.22998046875 0.439453125 0.234375 0.4326171875 0.2373046875 0.42578125
