4 0.39111328125 0.1357421875 0.4052734375 0.1416015625 0.40966796875 0.1416015625 0.41162109375 0.14453125 0.41259765625 0.1474609375 0.416015625 0.14453125 0.41748046875 0.14453125 0.41796875 0.1484375 0.42138671875 0.1484375 0.43017578125 0.138671875 0.43408203125 0.1396484375 0.43505859375 0.14453125 0.4365234375 0.1455078125 0.4375 0.14453125 0.44091796875 0.14453125 0.44189453125 0.1494140625 0.43994140625 0.1552734375 0.4404296875 0.158203125 0.4423828125 0.1611328125 0.44482421875 0.166015625 0.44775390625 0.1689453125 0.45068359375 0.173828125 0.45263671875 0.177734375 0.45458984375 0.17578125 0.4560546875 0.1796875 0.45849609375 0.1845703125 0.458984375 0.189453125 0.45947265625 0.193359375 0.46240234375 0.193359375 0.46484375 0.19140625 0.462890625 0.1875 0.466796875 0.18359375 0.46826171875 0.1796875 0.470703125 0.1796875 0.47265625 0.173828125 0.4755859375 0.1748046875 0.4794921875 0.16796875 0.4833984375 0.166015625 0.48583984375 0.162109375 0.48681640625 0.1630859375 0.48974609375 0.16015625 0.49169921875 0.1591796875 0.494140625 0.15234375 0.4990234375 0.1533203125 0.5029296875 0.150390625 0.50732421875 0.1494140625 0.51025390625 0.150390625 0.51708984375 0.1455078125 0.52294921875 0.142578125 0.52978515625 0.140625 0.53125 0.146484375 0.53564453125 0.1513671875 0.5322265625 0.1572265625 0.537109375 0.1591796875 0.537109375 0.1640625 0.53955078125 0.171875 0.53857421875 0.1796875 0.54150390625 0.1845703125 0.54150390625 0.1943359375 0.54345703125 0.1982421875 0.54443359375 0.208984375 0.5673828125 0.2158203125 0.568359375 0.2783203125 0.404296875 0.294921875
5 0.505859375 0.2705078125 0.5068359375 0.255859375 0.5146484375 0.2548828125 0.5185546875 0.255859375 0.52001953125 0.2578125 0.52001953125 0.26953125
4 0.40380859375 0.205078125 0.41357421875 0.2109375 0.4150390625 0.2138671875 0.416015625 0.2158203125 0.41796875 0.21875 0.41845703125 0.2236328125 0.41845703125 0.2255859375 0.41845703125 0.2333984375 0.42138671875 0.2392578125 0.42333984375 0.2421875 0.42431640625 0.244140625 0.42626953125 0.244140625 0.42822265625 0.244140625 0.4306640625 0.2412109375 0.43115234375 0.2412109375 0.43310546875 0.2412109375 0.43310546875 0.2412109375 0.43408203125 0.244140625 0.43408203125 0.2470703125 0.43408203125 0.25 0.4345703125 0.25390625 0.4345703125 0.2568359375 0.43505859375 0.26171875 0.435546875 0.265625 0.43408203125 0.2734375 0.42431640625 0.283203125 0.42138671875 0.27734375 0.42138671875 0.2705078125 0.42138671875 0.2666015625 0.42138671875 0.263671875 0.42041015625 0.2626953125 0.4169921875 0.26171875 0.41357421875 0.265625 0.4091796875 0.263671875 0.4052734375 0.26171875
5 0.52587890625 0.267578125 0.525390625 0.2578125 0.52734375 0.2509765625 0.53125 0.251953125 0.5322265625 0.267578125
5 0.46337890625 0.267578125 0.46630859375 0.267578125 0.46630859375 0.2548828125 0.4638671875 0.2490234375 0.4609375 0.2490234375
0 -0.0009765625 0.58203125 0.427734375 0.314453125 0.45947265625 0.2685546875 0.552734375 0.2685546875 0.6328125 0.4052734375 0.998046875 0.5107421875 0.99755859375 0.99609375 -0.0009765625 0.9951171875
2 0.5791015625 0.0 0.5791015625 0.0078125 0.57568359375 0.0107421875 0.57080078125 0.0126953125 0.56787109375 0.0234375 0.56201171875 0.0224609375 0.5537109375 0.029296875 0.5546875 0.0986328125 0.55224609375 0.10546875 0.55419921875 0.107421875 0.55419921875 0.109375 0.55029296875 0.109375 0.55029296875 0.123046875 0.546875 0.126953125 0.54736328125 0.138671875 0.54736328125 0.14453125 0.5478515625 0.154296875 0.54638671875 0.1591796875 0.544921875 0.1640625 0.54638671875 0.166015625 0.5478515625 0.185546875 0.544921875 0.1865234375 0.544921875 0.197265625 0.5478515625 0.2001953125 0.54736328125 0.212890625 0.54931640625 0.216796875 0.5498046875 0.2470703125 0.5478515625 0.248046875 0.5478515625 0.263671875 0.5712890625 0.271484375 0.58203125 0.2822265625 0.6435546875 0.3759765625 0.65673828125 0.3876953125 0.70166015625 0.38671875 0.69873046875 0.0
1 0.54443359375 0.265625 0.55810546875 0.2646484375 0.58154296875 0.283203125 0.62158203125 0.3349609375 0.642578125 0.375 0.6572265625 0.3876953125 0.6806640625 0.3876953125 0.70947265625 0.3916015625 0.60595703125 0.5029296875 0.587890625 0.478515625 0.58154296875 0.46875 0.58447265625 0.4619140625 0.58544921875 0.4541015625 0.58251953125 0.4453125 0.57666015625 0.435546875 0.55126953125 0.3701171875 0.55126953125 0.3671875 0.57275390625 0.365234375 0.59228515625 0.357421875 0.5595703125 0.2978515625 0.5546875 0.2861328125
2 0.69384765625 0.0 0.69384765625 0.0673828125 0.6904296875 0.07421875 0.689453125 0.0751953125 0.68798828125 0.0830078125 0.693359375 0.091796875 0.69384765625 0.1376953125 0.6943359375 0.3623046875 0.6875 0.3671875 0.6826171875 0.4072265625 0.68017578125 0.494140625 0.9990234375 0.6513671875 0.998046875 0.0
2 0.36572265625 0.0 0.369140625 0.0078125 0.36962890625 0.015625 0.373046875 0.0234375 0.3740234375 0.0263671875 0.373046875 0.029296875 0.36865234375 0.0283203125 0.36865234375 0.03515625 0.3798828125 0.0458984375 0.38671875 0.056640625 0.39404296875 0.0576171875 0.39501953125 0.0791015625 0.40185546875 0.0849609375 0.41455078125 0.1201171875 0.41357421875 0.1220703125 0.41162109375 0.1220703125 0.40625 0.125 0.40673828125 0.1884765625 0.4072265625 0.25390625 0.408203125 0.2587890625 0.40869140625 0.2646484375 0.40966796875 0.3125 -0.0009765625 0.4716796875 0.0 0.0
1 0.45556640625 0.2666015625 0.43798828125 0.259765625 0.41455078125 0.287109375 0.38720703125 0.310546875 0.38720703125 0.3330078125 0.4541015625 0.2685546875
5 0.451171875 0.2470703125 0.45263671875 0.2431640625 0.46044921875 0.2431640625 0.46240234375 0.248046875 0.46435546875 0.2626953125 0.46435546875 0.2685546875 0.462890625 0.2685546875 0.45751953125 0.2685546875
5 0.44921875 0.25 0.45068359375 0.2470703125 0.4541015625 0.24609375 0.4580078125 0.2470703125 0.46044921875 0.2509765625 0.46337890625 0.2685546875 0.45751953125 0.2685546875
5 0.44775390625 0.251953125 0.4501953125 0.2490234375 0.45703125 0.25 0.4609375 0.2578125 0.46142578125 0.267578125 0.45947265625 0.26953125
5 0.4462890625 0.2529296875 0.44921875 0.2509765625 0.4541015625 0.2529296875 0.458984375 0.259765625 0.4609375 0.2685546875 0.4599609375 0.2724609375 0.4580078125 0.2724609375 0.45751953125 0.2734375 0.45751953125 0.2763671875 0.455078125 0.27734375 0.45263671875 0.2724609375
5 0.4375 0.265625 0.4384765625 0.2607421875 0.44287109375 0.255859375 0.44873046875 0.2548828125 0.453125 0.2626953125 0.4560546875 0.27734375 0.455078125 0.279296875 0.4521484375 0.279296875 0.4462890625 0.2783203125
5 0.4375 0.267578125 0.4404296875 0.265625 0.4482421875 0.2646484375 0.45068359375 0.2724609375 0.4521484375 0.2763671875 0.4521484375 0.279296875 0.4521484375 0.283203125 0.43994140625 0.28515625
5 0.4306640625 0.271484375 0.43212890625 0.267578125 0.439453125 0.2666015625 0.44189453125 0.271484375 0.4423828125 0.2841796875 0.4384765625 0.28515625
5 0.43017578125 0.2705078125 0.43359375 0.26953125 0.439453125 0.26953125 0.4404296875 0.2734375 0.44189453125 0.28515625 0.431640625 0.2841796875
5 0.42431640625 0.28515625 0.4248046875 0.279296875 0.4267578125 0.2744140625 0.4365234375 0.275390625 0.43994140625 0.2890625 0.43994140625 0.2978515625 0.43505859375 0.2978515625
5 0.41748046875 0.2861328125 0.42041015625 0.2802734375 0.4228515625 0.279296875 0.43359375 0.279296875 0.43701171875 0.287109375 0.4384765625 0.2890625 0.4384765625 0.2919921875 0.4384765625 0.294921875 0.4384765625 0.306640625 0.4345703125 0.3125
5 0.4140625 0.2900390625 0.4169921875 0.28515625 0.4228515625 0.2841796875 0.43017578125 0.28515625 0.431640625 0.2939453125 0.4326171875 0.294921875 0.43408203125 0.2939453125 0.43505859375 0.296875 0.43408203125 0.298828125 0.435546875 0.306640625 0.435546875 0.314453125 0.435546875 0.3173828125 0.43408203125 0.318359375 0.43408203125 0.3193359375 0.431640625 0.3212890625 0.42724609375 0.322265625
5 0.40625 0.30078125 0.4091796875 0.29296875 0.41162109375 0.2890625 0.41650390625 0.2880859375 0.421875 0.2880859375 0.4248046875 0.2900390625 0.4267578125 0.296875 0.42822265625 0.3115234375 0.4287109375 0.318359375 0.4287109375 0.326171875 0.427734375 0.328125 0.42529296875 0.3291015625 0.4228515625 0.330078125 0.42041015625 0.3291015625 0.41162109375 0.328125
5 0.39111328125 0.2998046875 0.39892578125 0.294921875 0.40576171875 0.2939453125 0.40966796875 0.294921875 0.41162109375 0.298828125 0.4130859375 0.30859375 0.4140625 0.3232421875 0.41455078125 0.333984375 0.4140625 0.345703125 0.41259765625 0.34765625 0.4111328125 0.34765625 0.4111328125 0.3515625 0.4091796875 0.353515625 0.40185546875 0.34375
5 0.3916015625 0.32421875 0.392578125 0.3203125 0.404296875 0.3203125 0.40673828125 0.328125 0.40771484375 0.337890625 0.40869140625 0.3486328125 0.40869140625 0.353515625 0.40869140625 0.3583984375 0.40625 0.359375 0.40576171875 0.359375 0.40576171875 0.36328125 0.40380859375 0.3662109375 0.40087890625 0.3662109375 0.400390625 0.365234375 0.39501953125 0.3642578125
5 0.474609375 0.251953125 0.47216796875 0.2587890625 0.47021484375 0.2587890625 0.470703125 0.2607421875 0.4716796875 0.2626953125 0.47119140625 0.2685546875 0.47119140625 0.2734375 0.47119140625 0.27734375 0.47216796875 0.2783203125 0.47412109375 0.27734375 0.48388671875 0.2783203125 0.48486328125 0.279296875 0.486328125 0.27734375 0.486328125 0.2666015625 0.486328125 0.2626953125 0.48779296875 0.26171875 0.48779296875 0.259765625 0.48583984375 0.259765625 0.484375 0.2529296875 0.482421875 0.2509765625 0.4775390625 0.2509765625
5 0.439453125 0.3251953125 0.43896484375 0.31640625 0.43701171875 0.31640625 0.43603515625 0.3076171875 0.43896484375 0.3076171875 0.4404296875 0.3076171875 0.44140625 0.291015625 0.44287109375 0.28515625 0.4453125 0.28125 0.46533203125 0.2802734375 0.4697265625 0.2841796875 0.47119140625 0.3056640625 0.47265625 0.306640625 0.4736328125 0.31640625 0.47119140625 0.3173828125 0.4716796875 0.3369140625 0.4716796875 0.3505859375 0.47021484375 0.3525390625 0.47021484375 0.3583984375 0.4697265625 0.3603515625 0.46484375 0.3603515625 0.4638671875 0.35546875 0.4638671875 0.353515625 0.45263671875 0.353515625
5 0.431640625 0.326171875 0.45703125 0.326171875 0.458984375 0.330078125 0.46142578125 0.345703125 0.46240234375 0.3486328125 0.46337890625 0.3564453125 0.46240234375 0.361328125 0.462890625 0.3828125 0.462890625 0.388671875 0.462890625 0.3916015625 0.4599609375 0.3916015625 0.45947265625 0.39453125 0.4580078125 0.3974609375 0.45458984375 0.3974609375 0.45361328125 0.39453125 0.44921875 0.3935546875 0.44775390625 0.3916015625 0.43310546875 0.3916015625 0.42919921875 0.3935546875 0.42822265625 0.396484375 0.42626953125 0.400390625 0.423828125 0.3984375 0.4228515625 0.3935546875 0.42333984375 0.380859375 0.4228515625 0.3720703125 0.42333984375 0.365234375 0.42431640625 0.3583984375 0.4208984375 0.357421875 0.42041015625 0.3515625 0.421875 0.34765625 0.42333984375 0.34765625 0.42529296875 0.349609375 0.42529296875 0.349609375 0.42822265625 0.3330078125 0.4287109375 0.3310546875 0.4296875 0.330078125
5 0.537109375 0.2470703125 0.53173828125 0.248046875 0.53076171875 0.251953125 0.52978515625 0.2529296875 0.529296875 0.2548828125 0.5283203125 0.2646484375 0.52978515625 0.267578125 0.53466796875 0.2685546875 0.5380859375 0.25
5 0.53515625 0.2724609375 0.5322265625 0.271484375 0.53125 0.2626953125 0.5322265625 0.255859375 0.53369140625 0.2529296875 0.53564453125 0.2490234375 0.5419921875 0.2490234375 0.54638671875 0.25390625 0.544921875 0.2724609375
5 0.53564453125 0.2734375 0.53515625 0.2705078125 0.53564453125 0.2646484375 0.53564453125 0.259765625 0.53662109375 0.259765625 0.53955078125 0.25390625 0.54736328125 0.25390625 0.54931640625 0.2587890625 0.53857421875 0.2744140625
5 0.5380859375 0.2822265625 0.5361328125 0.28125 0.53564453125 0.2763671875 0.5361328125 0.2705078125 0.53564453125 0.26953125 0.5361328125 0.265625 0.53759765625 0.265625 0.53955078125 0.2578125 0.54833984375 0.2568359375 0.55078125 0.259765625 0.55078125 0.2626953125
5 0.541015625 0.291015625 0.53857421875 0.291015625 0.53857421875 0.2822265625 0.53857421875 0.2763671875 0.5380859375 0.271484375 0.5400390625 0.265625 0.541015625 0.2626953125 0.5517578125 0.2626953125 0.55419921875 0.271484375 0.5546875 0.279296875 0.55419921875 0.291015625 0.552734375 0.2919921875 0.5517578125 0.2880859375 0.5419921875 0.287109375
5 0.55859375 0.25 0.56201171875 0.244140625 0.56787109375 0.244140625 0.572265625 0.251953125 0.5673828125 0.263671875 0.56201171875 0.2646484375 0.56103515625 0.267578125 0.55908203125 0.267578125 0.55859375 0.2587890625 0.55859375 0.255859375 0.5576171875 0.2548828125
5 0.56689453125 0.2802734375 0.5654296875 0.279296875 0.5634765625 0.2783203125 0.56396484375 0.267578125 0.56396484375 0.26171875 0.56298828125 0.259765625 0.564453125 0.2578125 0.56591796875 0.2568359375 0.5673828125 0.2509765625 0.572265625 0.25 0.576171875 0.25 0.5791015625 0.2568359375 0.57861328125 0.2783203125 0.576171875 0.2783203125 0.57568359375 0.275390625 0.568359375 0.275390625
2 0.6005859375 0.27734375 0.56884765625 0.275390625 0.56640625 0.2841796875 0.57080078125 0.2861328125 0.5810546875 0.2890625 0.5810546875 0.2919921875 0.57568359375 0.2919921875 0.5751953125 0.3544921875 0.603515625 0.3544921875 0.60205078125 0.27734375
5 0.55615234375 0.3095703125 0.56005859375 0.2998046875 0.56396484375 0.298828125 0.5693359375 0.298828125 0.57421875 0.3056640625 0.5732421875 0.3447265625 0.55810546875 0.337890625 0.5576171875 0.337890625 0.55712890625 0.3408203125 0.55517578125 0.341796875 0.55322265625 0.33984375 0.55419921875 0.330078125 0.5537109375 0.322265625 0.55419921875 0.31640625 0.552734375 0.3154296875 0.552734375 0.3095703125 0.5546875 0.3095703125
5 0.55908203125 0.3525390625 0.5576171875 0.3544921875 0.5556640625 0.3525390625 0.5556640625 0.3447265625 0.556640625 0.337890625 0.5576171875 0.3310546875 0.55859375 0.3251953125 0.5576171875 0.3251953125 0.5576171875 0.3212890625 0.5595703125 0.3212890625 0.56201171875 0.3173828125 0.564453125 0.3125 0.57275390625 0.3125 0.57373046875 0.3525390625 0.56396484375 0.3515625 0.56396484375 0.3564453125 0.56298828125 0.3583984375 0.56103515625 0.3583984375 0.55908203125 0.3564453125
5 0.60888671875 0.345703125 0.6064453125 0.3447265625 0.60498046875 0.34375 0.60400390625 0.3330078125 0.6044921875 0.3212890625 0.60546875 0.318359375 0.60693359375 0.3154296875 0.611328125 0.3076171875 0.6142578125 0.3046875 0.62890625 0.3037109375 0.6337890625 0.314453125 0.63623046875 0.3447265625 0.6162109375 0.3486328125 0.61181640625 0.3486328125 0.61083984375 0.3505859375 0.609375 0.3505859375
5 0.61865234375 0.3662109375 0.61767578125 0.353515625 0.619140625 0.33203125 0.6220703125 0.3193359375 0.62353515625 0.3173828125 0.6298828125 0.3154296875 0.64306640625 0.3154296875 0.64404296875 0.3330078125 0.64306640625 0.3369140625 0.64404296875 0.341796875 0.64306640625 0.37109375 0.630859375 0.369140625 0.62939453125 0.3740234375 0.6259765625 0.3740234375 0.62451171875 0.3681640625 0.6240234375 0.3623046875 0.6220703125 0.361328125 0.6220703125 0.3662109375 0.62158203125 0.3681640625 0.62109375 0.3681640625 0.62060546875 0.3681640625
5 0.537109375 0.3740234375 0.560546875 0.3779296875 0.5703125 0.396484375 0.5751953125 0.41796875 0.57666015625 0.416015625 0.58056640625 0.4189453125 0.5810546875 0.4267578125 0.57958984375 0.4296875 0.58154296875 0.451171875 0.58251953125 0.4716796875 0.58251953125 0.4853515625 0.58154296875 0.5 0.58056640625 0.5322265625 0.576171875 0.5380859375 0.56982421875 0.5380859375 0.5654296875 0.52734375 0.56396484375 0.5126953125 0.52880859375 0.5126953125 0.5224609375 0.5146484375 0.5146484375 0.5166015625 0.51025390625 0.513671875 0.5078125 0.509765625 0.5029296875 0.5087890625 0.5009765625 0.5126953125 0.49951171875 0.5322265625 0.49365234375 0.537109375 0.4873046875 0.5341796875 0.48583984375 0.5244140625 0.48486328125 0.490234375 0.48388671875 0.4716796875 0.48388671875 0.4423828125 0.4873046875 0.431640625 0.48095703125 0.4287109375 0.48095703125 0.421875 0.482421875 0.4189453125 0.48974609375 0.4169921875 0.494140625 0.400390625 0.50048828125 0.3798828125 0.5126953125 0.3759765625 0.51708984375 0.375 0.52294921875 0.375 0.52978515625 0.3740234375
