2 0.5400390625 0.2783203125 0.52734375 0.2783203125 0.44921875 0.275390625 0.43994140625 0.1826171875 0.427734375 0.11328125 0.4169921875 0.046875 0.41455078125 0.017578125 0.41015625 0.001953125 0.0 0.0009765625 0.0 0.6171875 0.17578125 0.56640625 0.3154296875 0.5068359375 0.380859375 0.478515625 0.44091796875 0.4580078125 0.4814453125 0.458984375 0.51904296875 0.4521484375 0.54296875 0.447265625 0.65283203125 0.4921875 0.83935546875 0.578125 0.99853515625 0.65625 0.998046875 0.0 0.5751953125 0.0029296875 0.568359375 0.0390625 0.5673828125 0.0625 0.560546875 0.06640625 0.56201171875 0.07421875 0.5673828125 0.0771484375 0.57080078125 0.1337890625 0.56005859375 0.138671875 0.56005859375 0.1474609375 0.55859375 0.154296875 0.556640625 0.1787109375 0.55322265625 0.201171875 0.55029296875 0.21484375 0.546875 0.220703125 0.54296875 0.2529296875 0.54150390625 0.2529296875
0 0.52685546875 0.4443359375 0.4970703125 0.443359375 0.48291015625 0.4462890625 0.46728515625 0.447265625 0.40234375 0.46875 0.240234375 0.529296875 0.16259765625 0.5556640625 -0.0009765625 0.6259765625 -0.0009765625 0.9970703125 0.998046875 0.998046875 0.998046875 0.64453125 0.79931640625 0.548828125 0.63134765625 0.4736328125 0.54541015625 0.4462890625
4 0.57373046875 0.2880859375 0.56591796875 0.2900390625 0.5625 0.2939453125 0.5615234375 0.3046875 0.56005859375 0.3134765625 0.55810546875 0.3203125 0.55322265625 0.322265625 0.5478515625 0.326171875 0.5458984375 0.3330078125 0.54736328125 0.3427734375 0.5498046875 0.3525390625 0.54638671875 0.36328125 0.54443359375 0.3740234375 0.54443359375 0.388671875 0.546875 0.3935546875 0.55224609375 0.3857421875 0.556640625 0.3818359375 0.5615234375 0.388671875 0.564453125 0.3916015625 0.56982421875 0.3935546875 0.57373046875 0.3916015625 0.57568359375 0.3974609375 0.57958984375 0.3974609375 0.57958984375 0.375 0.578125 0.3623046875 0.578125 0.349609375 0.57958984375 0.31640625 0.57568359375 0.3134765625 0.57373046875 0.3056640625
4 0.49365234375 0.439453125 0.49755859375 0.4130859375 0.5078125 0.4248046875 0.5107421875 0.4130859375 0.509765625 0.3994140625 0.51611328125 0.3740234375 0.52099609375 0.361328125 0.52294921875 0.3388671875 0.52978515625 0.3291015625 0.533203125 0.3193359375 0.5341796875 0.2958984375 0.52734375 0.2861328125 0.52099609375 0.2744140625 0.5205078125 0.2509765625 0.515625 0.2314453125 0.5029296875 0.2177734375 0.48974609375 0.2265625 0.47412109375 0.2265625 0.44287109375 0.23046875 0.43115234375 0.255859375 0.435546875 0.306640625 0.44970703125 0.3720703125 0.45654296875 0.41015625 0.46484375 0.42578125 0.466796875 0.4453125 0.4697265625 0.455078125 0.4765625 0.4375 0.48486328125 0.439453125 0.4873046875 0.44921875
5 0.51318359375 0.4296875 0.505859375 0.4296875 0.4990234375 0.4306640625 0.49365234375 0.4375 0.49267578125 0.4375 0.48779296875 0.4375 0.48828125 0.4521484375 0.49462890625 0.45703125 0.50390625 0.45703125 0.51025390625 0.45703125 0.51416015625 0.4501953125
5 0.52490234375 0.4296875 0.5107421875 0.4287109375 0.509765625 0.43359375 0.50439453125 0.4404296875 0.505859375 0.4482421875 0.5068359375 0.458984375 0.50927734375 0.462890625 0.51708984375 0.4599609375 0.5244140625 0.4619140625 0.52978515625 0.4619140625 0.52978515625 0.4453125
5 0.4775390625 0.4267578125 0.46923828125 0.4267578125 0.4658203125 0.4365234375 0.4658203125 0.447265625 0.466796875 0.4619140625 0.47314453125 0.46484375 0.47900390625 0.4638671875 0.486328125 0.4658203125 0.4921875 0.4599609375 0.49169921875 0.4384765625 0.48681640625 0.4248046875
4 0.43310546875 0.3896484375 0.443359375 0.390625 0.45556640625 0.3828125 0.4658203125 0.353515625 0.474609375 0.3349609375 0.47802734375 0.3095703125 0.4892578125 0.30859375 0.49072265625 0.2919921875 0.48388671875 0.28125 0.48291015625 0.2646484375 0.48828125 0.2529296875 0.49072265625 0.236328125 0.486328125 0.220703125 0.4892578125 0.2021484375 0.4912109375 0.173828125 0.4921875 0.154296875 0.48779296875 0.150390625 0.48193359375 0.138671875 0.47265625 0.134765625 0.47314453125 0.1103515625 0.4609375 0.103515625 0.453125 0.1103515625 0.4404296875 0.11328125 0.4345703125 0.107421875 0.4326171875 0.0859375 0.4306640625 0.0732421875 0.42578125 0.0556640625 0.41455078125 0.0576171875 0.3916015625 0.0791015625 0.38525390625 0.087890625 0.38525390625 0.1171875 0.38330078125 0.1572265625 0.37353515625 0.1708984375 0.36572265625 0.1875 0.3623046875 0.2109375 0.36474609375 0.228515625 0.373046875 0.2353515625 0.3740234375 0.244140625 0.3681640625 0.24609375 0.36181640625 0.25390625 0.361328125 0.267578125 0.3623046875 0.29296875 0.37158203125 0.291015625 0.37646484375 0.2958984375 0.38330078125 0.3076171875 0.38818359375 0.31640625 0.3876953125 0.3291015625 0.3857421875 0.3603515625 0.39697265625 0.3525390625 0.39794921875 0.3740234375 0.39453125 0.3974609375 0.39794921875 0.4091796875 0.40869140625 0.380859375 0.41552734375 0.3818359375 0.41748046875 0.4423828125 0.42529296875 0.44140625 0.4248046875 0.41015625 0.4248046875 0.3896484375
5 0.44775390625 0.47265625 0.4482421875 0.466796875 0.44677734375 0.4462890625 0.44091796875 0.4296875 0.427734375 0.4296875 0.42041015625 0.43359375 0.41650390625 0.4736328125 0.43603515625 0.47265625 0.4365234375 0.4775390625 0.4404296875 0.4775390625 0.44091796875 0.4736328125 0.44482421875 0.47265625
5 0.40234375 0.4296875 0.4091796875 0.427734375 0.4208984375 0.427734375 0.4248046875 0.443359375 0.42822265625 0.4453125 0.42822265625 0.46484375 0.427734375 0.4833984375 0.423828125 0.486328125 0.42236328125 0.486328125 0.42138671875 0.484375 0.42041015625 0.48046875 0.41162109375 0.486328125
5 0.41552734375 0.484375 0.41455078125 0.4912109375 0.41162109375 0.4921875 0.41015625 0.4912109375 0.4091796875 0.48828125 0.4091796875 0.4931640625 0.40625 0.49609375 0.40380859375 0.4951171875 0.40234375 0.490234375 0.390625 0.490234375 0.38037109375 0.4375 0.3828125 0.427734375 0.40380859375 0.42578125 0.4111328125 0.4375 0.41455078125 0.4501953125 0.41552734375 0.458984375
5 0.625 0.41015625 0.6005859375 0.4091796875 0.595703125 0.427734375 0.595703125 0.4326171875 0.5888671875 0.4375 0.5849609375 0.4423828125 0.58544921875 0.447265625 0.59326171875 0.4501953125 0.58984375 0.48046875 0.58837890625 0.490234375 0.58935546875 0.509765625 0.59423828125 0.51953125 0.59912109375 0.5185546875 0.61669921875 0.453125 0.64111328125 0.4384765625 0.640625 0.4208984375 0.63330078125 0.412109375
5 0.63671875 0.4287109375 0.61572265625 0.427734375 0.611328125 0.435546875 0.6083984375 0.4453125 0.6044921875 0.451171875 0.5966796875 0.453125 0.59716796875 0.4619140625 0.603515625 0.46484375 0.59716796875 0.482421875 0.59716796875 0.5 0.5966796875 0.51953125 0.5986328125 0.5263671875 0.60546875 0.52734375 0.60595703125 0.5185546875 0.60546875 0.5302734375 0.607421875 0.5341796875 0.61181640625 0.5361328125 0.615234375 0.53515625 0.619140625 0.5322265625 0.61962890625 0.525390625 0.658203125 0.52734375 0.66455078125 0.50390625 0.669921875 0.4755859375 0.67138671875 0.4560546875 0.66650390625 0.4375 0.6611328125 0.4287109375
1 0.8251953125 0.626953125 0.78564453125 0.5966796875 0.7607421875 0.5712890625 0.77734375 0.521484375 0.822265625 0.53125 0.828125 0.529296875 0.82861328125 0.544921875 0.84326171875 0.5498046875 0.92724609375 0.57421875 0.94091796875 0.576171875 0.95947265625 0.587890625 0.97021484375 0.595703125 0.98193359375 0.58984375 0.998046875 0.599609375 0.99609375 0.7333984375 0.9052734375 0.673828125
5 0.802734375 0.453125 0.78857421875 0.404296875 0.77490234375 0.39453125 0.7421875 0.390625 0.69140625 0.396484375 0.68017578125 0.408203125 0.67138671875 0.4365234375 0.66845703125 0.4482421875 0.6611328125 0.4462890625 0.65185546875 0.4541015625 0.654296875 0.4677734375 0.662109375 0.470703125 0.65673828125 0.4833984375 0.65380859375 0.5009765625 0.65234375 0.51953125 0.650390625 0.533203125 0.64892578125 0.54296875 0.6484375 0.5673828125 0.65283203125 0.583984375 0.66064453125 0.587890625 0.66650390625 0.5849609375 0.67041015625 0.5810546875 0.671875 0.572265625 0.6748046875 0.57421875 0.6767578125 0.5986328125 0.6796875 0.611328125 0.68603515625 0.6162109375 0.69140625 0.6123046875 0.6953125 0.6064453125 0.697265625 0.5947265625 0.69775390625 0.58203125 0.78271484375 0.5908203125 0.78515625 0.6044921875 0.78759765625 0.6123046875 0.79345703125 0.6162109375 0.79931640625 0.6142578125 0.8037109375 0.6083984375 0.80615234375 0.5791015625 0.8095703125 0.541015625 0.80859375 0.4775390625
5 0.95703125 0.607421875 0.93603515625 0.6279296875 0.923828125 0.64453125 0.91748046875 0.671875 0.91259765625 0.7041015625 0.9072265625 0.7236328125 0.90576171875 0.736328125 0.90869140625 0.7734375 0.91015625 0.794921875 0.91064453125 0.8056640625 0.91259765625 0.8251953125 0.927734375 0.84375 0.92822265625 0.8662109375 0.93115234375 0.888671875 0.93701171875 0.9072265625 0.94775390625 0.927734375 0.9580078125 0.935546875 0.9677734375 0.9365234375 0.97607421875 0.9306640625 0.98095703125 0.9072265625 0.99951171875 0.9248046875 0.99853515625 0.59765625
5 0.3681640625 0.4267578125 0.3515625 0.4287109375 0.345703125 0.431640625 0.34033203125 0.4453125 0.33203125 0.4609375 0.33154296875 0.482421875 0.333984375 0.5068359375 0.3515625 0.5048828125 0.37548828125 0.5029296875 0.376953125 0.509765625 0.38037109375 0.5107421875 0.3828125 0.5087890625 0.384765625 0.5029296875 0.384765625 0.498046875 0.38623046875 0.4970703125 0.38720703125 0.5009765625 0.388671875 0.50390625 0.39111328125 0.50390625 0.39306640625 0.501953125 0.39404296875 0.4951171875 0.39404296875 0.4736328125 0.39111328125 0.451171875 0.38330078125 0.4296875 0.375 0.4267578125
1 0.21337890625 0.56640625 0.0 0.66015625 -0.0009765625 0.5810546875 0.0595703125 0.5625 0.11474609375 0.552734375 0.177734375 0.533203125 0.25 0.4873046875 0.32666015625 0.486328125 0.33203125 0.5087890625 0.232421875 0.5556640625
4 0.3125 0.349609375 0.3125 0.3271484375 0.32275390625 0.3203125 0.3291015625 0.328125 0.3427734375 0.333984375 0.3515625 0.3173828125 0.36474609375 0.3125 0.369140625 0.2841796875 0.369140625 0.25390625 0.37841796875 0.21875 0.3955078125 0.158203125 0.40478515625 0.12890625 0.42626953125 0.119140625 0.42236328125 0.0791015625 0.419921875 0.03125 0.42919921875 0.0029296875 0.1826171875 0.00390625 0.18359375 0.0146484375 0.18408203125 0.0380859375 0.18505859375 0.052734375 0.18994140625 0.0654296875 0.19970703125 0.048828125 0.19970703125 0.0634765625 0.197265625 0.0732421875 0.19287109375 0.083984375 0.18994140625 0.099609375 0.1943359375 0.1142578125 0.19775390625 0.12109375 0.2001953125 0.146484375 0.20556640625 0.142578125 0.20361328125 0.15234375 0.20361328125 0.1611328125 0.20263671875 0.1748046875 0.19921875 0.189453125 0.19677734375 0.193359375 0.19384765625 0.2021484375 0.1943359375 0.2138671875 0.193359375 0.224609375 0.19189453125 0.232421875 0.19189453125 0.23828125 0.197265625 0.248046875 0.20361328125 0.244140625 0.21044921875 0.228515625 0.212890625 0.21875 0.22119140625 0.228515625 0.22802734375 0.2412109375 0.23291015625 0.248046875 0.2275390625 0.2509765625 0.22509765625 0.26171875 0.2265625 0.2763671875 0.22900390625 0.2880859375 0.23291015625 0.3017578125 0.236328125 0.310546875 0.2412109375 0.3203125 0.24853515625 0.3388671875 0.2490234375 0.3251953125 0.2548828125 0.306640625 0.26123046875 0.3134765625 0.259765625 0.333984375 0.26416015625 0.3359375 0.27001953125 0.33203125 0.27490234375 0.32421875 0.28515625 0.3095703125 0.29345703125 0.3173828125 0.294921875 0.341796875 0.29443359375 0.5029296875 0.30810546875 0.498046875
3 0.31884765625 0.361328125 0.34033203125 0.3662109375 0.34326171875 0.37890625 0.3623046875 0.3759765625 0.36865234375 0.5166015625 0.373046875 0.5224609375 0.3544921875 0.5322265625 0.3564453125 0.548828125 0.32666015625 0.5478515625 0.32666015625 0.5634765625 0.3125 0.568359375 0.28515625 0.5654296875 0.27001953125 0.572265625 0.28857421875 0.57421875 0.28857421875 0.595703125 0.24267578125 0.5966796875 0.2412109375 0.591796875 0.21826171875 0.6044921875 0.23486328125 0.607421875 0.23681640625 0.6259765625 0.2265625 0.630859375 0.18505859375 0.63671875 0.18359375 0.61328125 0.1923828125 0.6044921875 0.20703125 0.6083984375 0.2021484375 0.318359375 0.2314453125 0.3369140625 0.26025390625 0.341796875 0.279296875 0.3466796875 0.31201171875 0.361328125
