0 -0.0009765625 0.66015625 0.998046875 0.548828125 0.998046875 0.998046875 0.58984375 0.998046875 0.29150390625 0.998046875 -0.0009765625 0.9951171875 -0.0009765625 0.8681640625 0.0 0.6904296875
2 0.60107421875 0.0 0.998046875 0.0 0.99853515625 0.5126953125 0.60595703125 0.537109375
1 -0.0009765625 0.4912109375 0.99853515625 0.4716796875 0.998046875 0.59765625 0.943359375 0.6025390625 0.94970703125 0.6142578125 0.9501953125 0.6259765625 0.94677734375 0.6376953125 0.9345703125 0.64453125 0.9052734375 0.658203125 0.84814453125 0.669921875 0.79052734375 0.685546875 0.736328125 0.7001953125 0.6767578125 0.7119140625 0.6484375 0.7138671875 0.61181640625 0.720703125 0.548828125 0.732421875 0.47998046875 0.7392578125 0.3994140625 0.748046875 0.33203125 0.751953125 0.26513671875 0.7509765625 0.16943359375 0.7490234375 0.05419921875 0.7353515625 -0.0009765625 0.7216796875 -0.00048828125 0.64453125 -0.00048828125 0.55859375
4 0.0 0.0009765625 0.84619140625 0.0 0.87451171875 0.041015625 0.88232421875 0.0791015625 0.87841796875 0.1826171875 0.876953125 0.193359375 0.87353515625 0.2109375 0.87109375 0.2216796875 0.87109375 0.23046875 0.86767578125 0.2490234375 0.85546875 0.287109375 0.83203125 0.3212890625 0.82666015625 0.341796875 0.8271484375 0.4052734375 0.2685546875 0.46875 -0.0009765625 0.466796875 -0.0009765625 0.248046875 0.0 0.0400390625
5 0.3388671875 0.4169921875 0.349609375 0.40234375 0.37890625 0.400390625 0.4033203125 0.4091796875 0.4306640625 0.4267578125 0.4501953125 0.439453125 0.3359375 0.4482421875
5 0.25244140625 0.447265625 0.25341796875 0.435546875 0.25732421875 0.4228515625 0.26416015625 0.408203125 0.27587890625 0.39453125 0.310546875 0.3916015625 0.3359375 0.400390625 0.3505859375 0.4169921875 0.36181640625 0.431640625 0.3779296875 0.447265625 0.31982421875 0.455078125 0.2587890625 0.4501953125
5 0.86328125 0.408203125 0.87744140625 0.38671875 0.90283203125 0.3759765625 0.9287109375 0.3759765625 0.94970703125 0.3779296875 0.97216796875 0.392578125 0.9970703125 0.4189453125 0.9853515625 0.4375 0.8896484375 0.4375
5 0.80517578125 0.404296875 0.8125 0.3935546875 0.8388671875 0.388671875 0.85107421875 0.41015625 0.8603515625 0.44140625 0.8056640625 0.4423828125 0.8056640625 0.4287109375 0.80419921875 0.4189453125
5 0.7666015625 0.400390625 0.77001953125 0.3935546875 0.80224609375 0.390625 0.81689453125 0.3984375 0.8291015625 0.4140625 0.8359375 0.427734375 0.78369140625 0.435546875 0.767578125 0.4306640625
5 0.69482421875 0.408203125 0.7109375 0.3916015625 0.73876953125 0.390625 0.75390625 0.392578125 0.77099609375 0.40234375 0.78662109375 0.419921875 0.79443359375 0.4287109375 0.798828125 0.453125 0.7138671875 0.44140625 0.68798828125 0.4384765625 0.69140625 0.41796875
4 0.95751953125 0.154296875 0.9521484375 0.1533203125 0.9443359375 0.1533203125 0.94189453125 0.1396484375 0.93603515625 0.134765625 0.92919921875 0.134765625 0.92626953125 0.134765625 0.92578125 0.1455078125 0.9287109375 0.146484375 0.9345703125 0.1484375 0.9384765625 0.162109375 0.93359375 0.1708984375 0.9228515625 0.177734375 0.9208984375 0.1875 0.91748046875 0.2021484375 0.919921875 0.208984375 0.923828125 0.2158203125 0.9228515625 0.2275390625 0.91162109375 0.2275390625 0.90625 0.216796875 0.90234375 0.203125 0.912109375 0.189453125 0.9111328125 0.1787109375 0.9052734375 0.173828125 0.90087890625 0.1767578125 0.90087890625 0.1865234375 0.8935546875 0.189453125 0.8876953125 0.189453125 0.8779296875 0.18359375 0.86962890625 0.17578125 0.86474609375 0.1943359375 0.86328125 0.197265625 0.86328125 0.2060546875 0.861328125 0.216796875 0.86328125 0.259765625 0.86376953125 0.28515625 0.865234375 0.3232421875 0.869140625 0.44140625 0.83251953125 0.44140625 0.83251953125 0.384765625 0.830078125 0.294921875 0.8291015625 0.24609375 0.82275390625 0.1923828125 0.8203125 0.1708984375 0.8056640625 0.1376953125 0.78857421875 0.14453125 0.78076171875 0.13671875 0.7705078125 0.1357421875 0.7578125 0.1328125 0.7509765625 0.1162109375 0.7451171875 0.107421875 0.73291015625 0.1015625 0.7216796875 0.09765625 0.7001953125 0.0849609375 0.68994140625 0.041015625 0.6826171875 0.0 0.99755859375 0.0 0.99755859375 0.298828125 0.990234375 0.2841796875 0.9833984375 0.267578125 0.978515625 0.2607421875 0.9716796875 0.2568359375 0.9619140625 0.2490234375 0.958984375 0.2412109375 0.95703125 0.228515625 0.95654296875 0.21484375 0.95458984375 0.203125 0.951171875 0.1923828125 0.94921875 0.1796875 0.95263671875 0.1767578125 0.95751953125 0.17578125 0.96337890625 0.171875 0.9638671875 0.1640625 0.9599609375 0.16015625
3 0.05224609375 0.4501953125 0.09033203125 0.4423828125 0.130859375 0.443359375 0.13232421875 0.4501953125 0.25390625 0.4326171875 0.25439453125 0.443359375 0.3564453125 0.4306640625 0.357421875 0.439453125 0.43359375 0.4306640625 0.54443359375 0.4287109375 0.7841796875 0.423828125 0.96435546875 0.4228515625 0.99853515625 0.4189453125 0.99658203125 0.4951171875 0.91650390625 0.501953125 0.79150390625 0.5107421875 0.69384765625 0.5166015625 0.60693359375 0.5224609375 0.51708984375 0.5224609375 0.4873046875 0.521484375 0.42578125 0.521484375 0.25341796875 0.5068359375 0.1474609375 0.4931640625 0.14453125 0.5107421875 0.10498046875 0.5029296875 0.07080078125 0.498046875 0.0556640625 0.4921875 0.0537109375 0.4697265625
4 0.03466796875 0.5029296875 0.041015625 0.4931640625 0.04931640625 0.4853515625 0.0517578125 0.484375 0.05908203125 0.4833984375 0.0634765625 0.4833984375 0.0654296875 0.4892578125 0.0712890625 0.482421875 0.0751953125 0.48046875 0.07568359375 0.4853515625 0.07275390625 0.5009765625 0.07470703125 0.5029296875 0.07666015625 0.5078125 0.08203125 0.505859375 0.087890625 0.505859375 0.08740234375 0.517578125 0.08740234375 0.5224609375 0.091796875 0.5263671875 0.09326171875 0.5361328125 0.09619140625 0.544921875 0.10400390625 0.5498046875 0.10400390625 0.5634765625 0.10693359375 0.5732421875 0.1103515625 0.5771484375 0.11376953125 0.583984375 0.11767578125 0.6005859375 0.0966796875 0.603515625 0.05224609375 0.609375 0.03662109375 0.6123046875 0.037109375 0.56640625 0.0341796875 0.5146484375
