2 0.283203125 0.298828125 0.3388671875 0.298828125 0.34033203125 0.4384765625 0.2939453125 0.4326171875
2 0.18994140625 0.2314453125 0.18896484375 0.1494140625 0.2001953125 0.1640625 0.21826171875 0.1298828125 0.23876953125 0.1279296875 0.24560546875 0.1396484375 0.26318359375 0.169921875 0.265625 0.17578125 0.27001953125 0.17578125 0.27490234375 0.189453125 0.28076171875 0.1982421875 0.28466796875 0.2236328125 0.28369140625 0.2265625 0.28369140625 0.283203125 0.2783203125 0.427734375 0.19384765625 0.447265625
0 0.0 0.568359375 0.26953125 0.4375 0.3896484375 0.435546875 0.6689453125 0.5078125 0.998046875 0.591796875 0.998046875 0.9970703125 0.45166015625 0.9990234375 0.13720703125 0.9970703125 -0.0009765625 0.99609375
1 0.40966796875 0.455078125 0.38427734375 0.4619140625 0.38134765625 0.4443359375 0.3974609375 0.4384765625 0.41162109375 0.4404296875
4 0.3486328125 0.314453125 0.345703125 0.326171875 0.34375 0.3369140625 0.3427734375 0.34375 0.3427734375 0.34765625 0.34375 0.353515625 0.33984375 0.35546875 0.3388671875 0.3544921875 0.3359375 0.357421875 0.33544921875 0.3623046875 0.3359375 0.3662109375 0.33642578125 0.3798828125 0.3349609375 0.3828125 0.3369140625 0.38671875 0.337890625 0.3916015625 0.34033203125 0.39453125 0.3408203125 0.4013671875 0.3408203125 0.404296875 0.3427734375 0.4072265625 0.345703125 0.4072265625 0.34814453125 0.408203125 0.3486328125 0.4169921875 0.353515625 0.4208984375 0.3798828125 0.427734375 0.38232421875 0.4384765625 0.39306640625 0.4375 0.39208984375 0.4296875 0.40087890625 0.40625 0.40625 0.3984375 0.408203125 0.3916015625 0.408203125 0.38671875 0.408203125 0.3740234375 0.4111328125 0.36328125 0.416015625 0.3642578125 0.41650390625 0.357421875 0.41455078125 0.3447265625 0.40673828125 0.322265625 0.400390625 0.3076171875 0.38623046875 0.3037109375 0.37548828125 0.302734375 0.3642578125 0.306640625
2 0.46484375 0.36328125 0.41650390625 0.365234375 0.4072265625 0.3642578125 0.40869140625 0.4365234375 0.4404296875 0.4345703125 0.4658203125 0.4306640625 0.46630859375 0.3974609375
2 0.4599609375 0.4375 0.455078125 0.177734375 0.50634765625 0.0986328125 0.54833984375 0.0234375 0.5595703125 0.0 0.99853515625 0.0 0.998046875 0.484375 0.60546875 0.46875
5 0.36083984375 0.44921875 0.35693359375 0.4482421875 0.35546875 0.4443359375 0.35498046875 0.4384765625 0.35498046875 0.4326171875 0.35400390625 0.4287109375 0.357421875 0.4208984375 0.365234375 0.4189453125 0.37109375 0.4189453125 0.37890625 0.439453125
5 0.35986328125 0.431640625 0.36279296875 0.4248046875 0.3642578125 0.4228515625 0.3779296875 0.4228515625 0.3828125 0.427734375 0.3857421875 0.4287109375 0.38720703125 0.4384765625 0.3857421875 0.44140625 0.3857421875 0.4599609375 0.384765625 0.4638671875 0.380859375 0.462890625 0.37939453125 0.4580078125 0.3642578125 0.4580078125 0.3642578125 0.4580078125 0.3623046875 0.4609375 0.3603515625 0.462890625 0.3583984375 0.4619140625 0.35791015625 0.451171875 0.357421875 0.4443359375 0.357421875 0.439453125
2 0.15380859375 0.03515625 0.169921875 0.03515625 0.18115234375 0.041015625 0.18896484375 0.0625 0.19091796875 0.119140625 0.19189453125 0.1220703125 0.19091796875 0.1279296875 0.19287109375 0.134765625 0.1923828125 0.1376953125 0.19287109375 0.1865234375 0.19580078125 0.2568359375 0.19873046875 0.4609375 0.18603515625 0.4638671875 0.052734375 0.521484375 0.0244140625 0.5361328125 0.0 0.552734375 0.0 0.0009765625 0.15234375 0.0
4 0.20166015625 0.4189453125 0.193359375 0.4111328125 0.1923828125 0.400390625 0.1923828125 0.3857421875 0.19091796875 0.3701171875 0.1884765625 0.359375 0.1845703125 0.3564453125 0.181640625 0.35546875 0.1767578125 0.353515625 0.1748046875 0.349609375 0.17431640625 0.33984375 0.177734375 0.333984375 0.17919921875 0.328125 0.18115234375 0.3212890625 0.185546875 0.318359375 0.1904296875 0.318359375 0.18994140625 0.3037109375 0.1875 0.3017578125 0.18505859375 0.3017578125 0.18310546875 0.2998046875 0.1806640625 0.298828125 0.177734375 0.2900390625 0.177734375 0.2822265625 0.177734375 0.2734375 0.17578125 0.263671875 0.1767578125 0.251953125 0.177734375 0.25 0.17919921875 0.2470703125 0.1806640625 0.2392578125 0.18115234375 0.2265625 0.18408203125 0.2197265625 0.185546875 0.2177734375 0.18603515625 0.2138671875 0.18603515625 0.208984375 0.18798828125 0.2021484375 0.19189453125 0.19921875 0.19384765625 0.201171875 0.19580078125 0.20703125 0.1982421875 0.2119140625 0.201171875 0.2138671875 0.20263671875 0.208984375 0.20361328125 0.203125 0.2041015625 0.1953125 0.2060546875 0.1904296875 0.20263671875 0.181640625 0.19873046875 0.177734375 0.20068359375 0.173828125 0.20263671875 0.171875 0.205078125 0.1689453125 0.2099609375 0.166015625 0.2119140625 0.166015625 0.2138671875 0.16015625 0.21533203125 0.16015625 0.2177734375 0.1611328125 0.2197265625 0.1572265625 0.2177734375 0.15234375 0.21630859375 0.1455078125 0.2177734375 0.1376953125 0.22119140625 0.1337890625 0.2275390625 0.1337890625 0.2353515625 0.1328125 0.23876953125 0.1328125 0.240234375 0.140625 0.2431640625 0.140625 0.24658203125 0.150390625 0.24755859375 0.158203125 0.24560546875 0.1640625 0.24853515625 0.1640625 0.25048828125 0.16015625 0.25439453125 0.16015625 0.255859375 0.1689453125 0.25830078125 0.171875 0.263671875 0.173828125 0.26611328125 0.177734375 0.2685546875 0.181640625 0.26953125 0.1865234375 0.2724609375 0.189453125 0.27294921875 0.1943359375 0.2763671875 0.1953125 0.28076171875 0.20703125 0.28076171875 0.21875 0.28271484375 0.2265625 0.28173828125 0.234375 0.28173828125 0.2421875 0.28271484375 0.24609375 0.2841796875 0.2470703125 0.28515625 0.2529296875 0.28466796875 0.263671875 0.28271484375 0.267578125 0.28369140625 0.26953125 0.287109375 0.26953125 0.2890625 0.28125 0.2939453125 0.28515625 0.2958984375 0.28515625 0.2998046875 0.291015625 0.30224609375 0.2958984375 0.3046875 0.30078125 0.302734375 0.310546875 0.30615234375 0.31640625 0.30810546875 0.318359375 0.30859375 0.3251953125 0.310546875 0.330078125 0.31201171875 0.3349609375 0.31591796875 0.3330078125 0.3193359375 0.3369140625 0.3203125 0.3408203125 0.322265625 0.34765625 0.322265625 0.357421875 0.32080078125 0.36328125 0.32373046875 0.3662109375 0.326171875 0.3701171875 0.32666015625 0.375 0.32958984375 0.380859375 0.328125 0.3896484375 0.326171875 0.390625 0.32666015625 0.3935546875 0.32568359375 0.3974609375 0.32763671875 0.40234375 0.32470703125 0.4091796875 0.3232421875 0.4111328125 0.31884765625 0.4189453125 0.318359375 0.4248046875 0.31689453125 0.4287109375 0.29638671875 0.4306640625 0.24853515625 0.427734375 0.22412109375 0.427734375
1 -0.0009765625 0.52734375 0.08154296875 0.5009765625 0.20849609375 0.4560546875 0.19921875 0.486328125 0.1669921875 0.5068359375 0.111328125 0.529296875 0.017578125 0.56640625 -0.0009765625 0.6025390625
2 0.16357421875 0.408203125 0.17333984375 0.4150390625 0.205078125 0.4150390625 0.20556640625 0.458984375 0.1650390625 0.4638671875
5 0.24267578125 0.43359375 0.24365234375 0.421875 0.2451171875 0.41796875 0.2666015625 0.4189453125 0.2705078125 0.4287109375 0.2734375 0.4404296875 0.27587890625 0.45703125 0.27587890625 0.4716796875 0.2744140625 0.4755859375 0.2705078125 0.4765625 0.2685546875 0.474609375 0.26806640625 0.4697265625 0.248046875 0.4697265625 0.244140625 0.453125 0.2421875 0.4404296875
5 0.203125 0.408203125 0.20703125 0.4013671875 0.21875 0.3994140625 0.23388671875 0.3994140625 0.2412109375 0.4052734375 0.24853515625 0.4375 0.25048828125 0.451171875 0.25146484375 0.4794921875 0.25 0.4873046875 0.248046875 0.4873046875 0.2431640625 0.48828125 0.2392578125 0.48828125 0.23876953125 0.4814453125 0.23583984375 0.4814453125 0.23388671875 0.4794921875 0.2158203125 0.4814453125 0.21337890625 0.4814453125 0.21337890625 0.490234375 0.2109375 0.490234375 0.2060546875 0.4921875 0.20263671875 0.4921875 0.2001953125 0.4873046875 0.19775390625 0.46484375 0.19873046875 0.43359375 0.19970703125 0.4208984375
5 0.1044921875 0.4521484375 0.10986328125 0.4404296875 0.11474609375 0.4326171875 0.13232421875 0.4287109375 0.15380859375 0.427734375 0.1650390625 0.427734375 0.169921875 0.4365234375 0.177734375 0.4541015625 0.17919921875 0.4560546875 0.18017578125 0.4501953125 0.18359375 0.4501953125 0.189453125 0.4560546875 0.189453125 0.4599609375 0.1865234375 0.462890625 0.1875 0.466796875 0.19140625 0.4716796875 0.1923828125 0.48828125 0.193359375 0.5087890625 0.19287109375 0.5244140625 0.19091796875 0.5283203125 0.1865234375 0.5302734375 0.18310546875 0.5302734375 0.18115234375 0.5205078125 0.177734375 0.5205078125 0.1767578125 0.53515625 0.171875 0.537109375 0.1669921875 0.537109375 0.1640625 0.5341796875 0.16259765625 0.525390625 0.1298828125 0.52734375 0.1279296875 0.537109375 0.12255859375 0.5390625 0.11962890625 0.5341796875 0.11865234375 0.52734375 0.10888671875 0.5302734375 0.10693359375 0.5400390625 0.10205078125 0.544921875 0.09619140625 0.54296875 0.09228515625 0.5341796875 0.091796875 0.50390625 0.0927734375 0.474609375 0.09521484375 0.4638671875 0.0947265625 0.45703125 0.09619140625 0.4521484375 0.0986328125 0.451171875 0.10009765625 0.451171875
5 0.0 0.5009765625 0.00830078125 0.5224609375 0.013671875 0.5400390625 0.015625 0.568359375 0.01708984375 0.6103515625 0.0146484375 0.6494140625 0.01123046875 0.6611328125 0.0 0.671875 -0.0009765625 0.6162109375 0.0 0.5205078125
4 0.42529296875 0.3876953125 0.4169921875 0.384765625 0.416015625 0.3798828125 0.416015625 0.3701171875 0.41455078125 0.3623046875 0.40771484375 0.359375 0.4052734375 0.3671875 0.404296875 0.3740234375 0.3994140625 0.376953125 0.39404296875 0.3740234375 0.392578125 0.3759765625 0.388671875 0.3798828125 0.3828125 0.376953125 0.37646484375 0.376953125 0.373046875 0.37109375 0.3701171875 0.365234375 0.3623046875 0.3623046875 0.35546875 0.3525390625 0.3505859375 0.3525390625 0.3447265625 0.3544921875 0.3427734375 0.3447265625 0.341796875 0.3388671875 0.341796875 0.3330078125 0.341796875 0.3232421875 0.33984375 0.3134765625 0.3359375 0.31640625 0.3310546875 0.3212890625 0.3232421875 0.322265625 0.32275390625 0.3173828125 0.32177734375 0.3125 0.3193359375 0.3076171875 0.31689453125 0.3017578125 0.3154296875 0.2939453125 0.3154296875 0.2900390625 0.31689453125 0.2822265625 0.31689453125 0.2783203125 0.3134765625 0.2744140625 0.31005859375 0.2685546875 0.3115234375 0.2607421875 0.31201171875 0.251953125 0.31298828125 0.248046875 0.31298828125 0.23828125 0.314453125 0.232421875 0.31591796875 0.2294921875 0.31494140625 0.2158203125 0.31982421875 0.20703125 0.3203125 0.201171875 0.32275390625 0.1953125 0.328125 0.19921875 0.330078125 0.1953125 0.33154296875 0.1923828125 0.3330078125 0.1875 0.33447265625 0.1865234375 0.337890625 0.1865234375 0.33935546875 0.1865234375 0.34423828125 0.1806640625 0.34716796875 0.1748046875 0.34423828125 0.1669921875 0.34521484375 0.1630859375 0.34423828125 0.154296875 0.3466796875 0.140625 0.34765625 0.1357421875 0.34912109375 0.1240234375 0.3515625 0.1162109375 0.353515625 0.1015625 0.3505859375 0.0986328125 0.34716796875 0.1005859375 0.3427734375 0.103515625 0.33837890625 0.0947265625 0.33837890625 0.0810546875 0.3408203125 0.0673828125 0.34326171875 0.0595703125 0.34716796875 0.0517578125 0.353515625 0.044921875 0.35400390625 0.0400390625 0.3525390625 0.0244140625 0.35693359375 0.0166015625 0.36181640625 0.0107421875 0.3681640625 0.001953125 0.3701171875 0.0 0.5888671875 0.0 0.58837890625 0.009765625 0.58154296875 0.0224609375 0.58154296875 0.0283203125 0.57958984375 0.041015625 0.572265625 0.052734375 0.56982421875 0.0654296875 0.56494140625 0.072265625 0.552734375 0.083984375 0.546875 0.091796875 0.5390625 0.09765625 0.537109375 0.107421875 0.54541015625 0.1201171875 0.55224609375 0.1259765625 0.55517578125 0.140625 0.5517578125 0.15234375 0.5517578125 0.154296875 0.55419921875 0.1611328125 0.55712890625 0.1708984375 0.55859375 0.1875 0.55517578125 0.193359375 0.552734375 0.197265625 0.55322265625 0.203125 0.5546875 0.2138671875 0.552734375 0.2255859375 0.55322265625 0.232421875 0.552734375 0.251953125 0.55419921875 0.2666015625 0.55810546875 0.2744140625 0.55859375 0.2841796875 0.5556640625 0.2900390625 0.546875 0.294921875 0.541015625 0.294921875 0.53466796875 0.296875 0.53271484375 0.2998046875 0.53466796875 0.306640625 0.53271484375 0.314453125 0.52734375 0.3251953125 0.52734375 0.3388671875 0.533203125 0.33984375 0.5341796875 0.34765625 0.53271484375 0.3544921875 0.52978515625 0.36328125 0.5322265625 0.4052734375 0.42431640625 0.43359375 0.42333984375 0.40234375 0.423828125 0.396484375
5 0.43896484375 0.3896484375 0.44580078125 0.38671875 0.458984375 0.3837890625 0.4814453125 0.3818359375 0.48583984375 0.3955078125 0.4873046875 0.416015625 0.44873046875 0.4892578125 0.44140625 0.4794921875 0.439453125 0.484375 0.435546875 0.484375 0.43359375 0.48046875 0.43310546875 0.4697265625 0.4326171875 0.4580078125 0.4326171875 0.4453125 0.4326171875 0.4365234375 0.43310546875 0.4228515625 0.43408203125 0.40625 0.43603515625 0.4013671875 0.43701171875 0.3974609375 0.4375 0.396484375
5 0.45361328125 0.4208984375 0.45654296875 0.412109375 0.458984375 0.40625 0.462890625 0.4052734375 0.46923828125 0.408203125 0.482421875 0.4052734375 0.4912109375 0.40234375 0.498046875 0.4033203125 0.48486328125 0.4833984375 0.470703125 0.48828125 0.46240234375 0.48828125 0.45947265625 0.498046875 0.45556640625 0.498046875 0.45263671875 0.49609375 0.4521484375 0.4892578125 0.44873046875 0.4873046875 0.4482421875 0.4931640625 0.4453125 0.4931640625 0.44384765625 0.4853515625 0.443359375 0.4658203125 0.443359375 0.4541015625 0.44677734375 0.4443359375 0.44287109375 0.443359375 0.4423828125 0.4345703125 0.44775390625 0.4296875 0.451171875 0.4287109375 0.45166015625 0.427734375 0.45166015625 0.42578125
5 0.4775390625 0.4306640625 0.482421875 0.4208984375 0.490234375 0.4072265625 0.50341796875 0.40234375 0.51953125 0.4013671875 0.53369140625 0.408203125 0.49609375 0.498046875 0.4833984375 0.498046875 0.48193359375 0.49609375 0.48095703125 0.5048828125 0.47802734375 0.5068359375 0.474609375 0.5068359375 0.47265625 0.5 0.47119140625 0.474609375 0.4716796875 0.4541015625 0.47314453125 0.443359375 0.47119140625 0.44140625 0.47265625 0.43359375
5 0.48388671875 0.4755859375 0.482421875 0.466796875 0.48388671875 0.4560546875 0.48779296875 0.4501953125 0.486328125 0.4482421875 0.48291015625 0.44140625 0.4833984375 0.4365234375 0.49169921875 0.4326171875 0.49560546875 0.427734375 0.49951171875 0.419921875 0.50634765625 0.404296875 0.5146484375 0.4033203125 0.53857421875 0.400390625 0.5244140625 0.5263671875 0.51806640625 0.52734375 0.5126953125 0.53515625 0.50732421875 0.53515625 0.50244140625 0.53125 0.50146484375 0.517578125 0.49853515625 0.515625 0.49658203125 0.5244140625 0.49267578125 0.5263671875 0.48828125 0.5244140625 0.486328125 0.515625 0.48388671875 0.494140625 0.48388671875 0.4892578125 0.48388671875 0.4833984375
1 0.630859375 0.46484375 0.75048828125 0.453125 0.84326171875 0.4443359375 0.81640625 0.591796875 0.7353515625 0.564453125 0.66259765625 0.5439453125 0.63525390625 0.5322265625
5 0.537109375 0.3955078125 0.54296875 0.3837890625 0.552734375 0.380859375 0.5732421875 0.375 0.59423828125 0.3759765625 0.60791015625 0.376953125 0.619140625 0.388671875 0.6318359375 0.416015625 0.63720703125 0.447265625 0.640625 0.4814453125 0.64306640625 0.5126953125 0.64404296875 0.5419921875 0.642578125 0.5517578125 0.6357421875 0.5576171875 0.626953125 0.552734375 0.62548828125 0.537109375 0.60986328125 0.5361328125 0.60791015625 0.5439453125 0.60302734375 0.546875 0.59814453125 0.54296875 0.5966796875 0.5380859375 0.55908203125 0.5400390625 0.55810546875 0.560546875 0.55517578125 0.56640625 0.54736328125 0.568359375 0.541015625 0.5625 0.5390625 0.55078125 0.5390625 0.541015625 0.53564453125 0.5400390625 0.5322265625 0.548828125 0.5224609375 0.548828125 0.517578125 0.5458984375 0.515625 0.537109375 0.51416015625 0.50390625 0.51953125 0.46484375 0.5234375 0.4560546875 0.5146484375 0.451171875 0.51416015625 0.4404296875 0.52001953125 0.4375 0.52587890625 0.4384765625 0.52685546875 0.4345703125 0.5283203125 0.4248046875 0.52978515625 0.419921875 0.5302734375 0.4169921875 0.5322265625 0.412109375 0.53271484375 0.4091796875 0.5341796875 0.4052734375
4 0.7587890625 0.12109375 0.74267578125 0.0 0.77783203125 0.001953125 0.77685546875 0.111328125 0.7783203125 0.2060546875 0.77978515625 0.30078125 0.77978515625 0.3818359375 0.78173828125 0.4404296875 0.787109375 0.5126953125 0.78271484375 0.541015625 0.76123046875 0.5390625 0.76318359375 0.4912109375 0.763671875 0.3623046875 0.76171875 0.240234375 0.7587890625 0.220703125 0.76123046875 0.2021484375 0.76171875 0.1513671875
5 0.83447265625 0.392578125 0.845703125 0.3740234375 0.86181640625 0.361328125 0.88916015625 0.349609375 0.916015625 0.3447265625 0.95654296875 0.33984375 0.99072265625 0.337890625 0.9990234375 0.33984375 0.99560546875 0.7373046875 0.9541015625 0.72265625 0.94580078125 0.748046875 0.93359375 0.7578125 0.9150390625 0.748046875 0.9013671875 0.7265625 0.892578125 0.6904296875 0.89208984375 0.685546875 0.8115234375 0.650390625 0.8095703125 0.6611328125 0.8056640625 0.673828125 0.80126953125 0.6787109375 0.79248046875 0.6796875 0.78466796875 0.673828125 0.77880859375 0.662109375 0.7744140625 0.630859375 0.77001953125 0.5634765625 0.771484375 0.5380859375 0.7783203125 0.5048828125 0.78515625 0.4892578125 0.78955078125 0.4833984375 0.79296875 0.478515625 0.79150390625 0.4716796875 0.79150390625 0.458984375 0.7939453125 0.4541015625 0.796875 0.451171875 0.80078125 0.4482421875 0.80517578125 0.4501953125 0.80810546875 0.4482421875 0.8115234375 0.4384765625 0.814453125 0.431640625 0.81787109375 0.4228515625 0.8203125 0.4189453125 0.82421875 0.41015625 0.82861328125 0.40234375 0.83056640625 0.3974609375
