0 -0.0009765625 0.3798828125 0.2509765625 0.349609375 0.47607421875 0.345703125 0.99853515625 0.337890625 0.998046875 0.998046875 -0.0009765625 0.9970703125
2 0.0 0.0 0.26904296875 0.0 0.2705078125 0.052734375 0.322265625 0.0732421875 0.35302734375 0.15234375 0.515625 0.1474609375 0.51171875 0.34375 0.33154296875 0.349609375 0.2978515625 0.3681640625 0.25830078125 0.37109375 0.1650390625 0.37890625 0.0478515625 0.37890625 -0.0009765625 0.3779296875
4 0.00732421875 0.279296875 0.01171875 0.271484375 0.017578125 0.2705078125 0.0224609375 0.267578125 0.02734375 0.267578125 0.0322265625 0.267578125 0.037109375 0.2646484375 0.041015625 0.2607421875 0.04248046875 0.2666015625 0.048828125 0.263671875 0.05126953125 0.263671875 0.05224609375 0.2705078125 0.05126953125 0.27734375 0.0517578125 0.2861328125 0.0517578125 0.294921875 0.00732421875 0.2900390625
3 0.056640625 0.337890625 0.1103515625 0.3388671875 0.1103515625 0.29296875 0.1240234375 0.2841796875 0.1396484375 0.2939453125 0.1396484375 0.3544921875 0.14306640625 0.35546875 0.146484375 0.3642578125 0.15625 0.365234375 0.15966796875 0.3662109375 0.15966796875 0.3427734375 0.1845703125 0.34375 0.1875 0.3427734375 0.1865234375 0.390625 0.0751953125 0.4091796875 0.05419921875 0.4111328125
5 0.0927734375 0.359375 0.07861328125 0.3603515625 0.0732421875 0.3662109375 0.0654296875 0.380859375 0.064453125 0.38671875 0.06591796875 0.4072265625 0.11865234375 0.3984375 0.11865234375 0.384765625 0.1171875 0.3759765625 0.11376953125 0.3671875 0.107421875 0.361328125 0.09619140625 0.359375
4 0.20654296875 0.072265625 0.20263671875 0.0595703125 0.1962890625 0.0673828125 0.1923828125 0.078125 0.18701171875 0.068359375 0.1904296875 0.0576171875 0.19091796875 0.05078125 0.18603515625 0.0439453125 0.1787109375 0.037109375 0.17431640625 0.0244140625 0.17138671875 0.04296875 0.16943359375 0.0537109375 0.171875 0.064453125 0.16748046875 0.0791015625 0.162109375 0.0791015625 0.16015625 0.0888671875 0.1533203125 0.1015625 0.14599609375 0.091796875 0.13818359375 0.0908203125 0.13671875 0.1015625 0.1318359375 0.09765625 0.1279296875 0.1044921875 0.1279296875 0.1298828125 0.12255859375 0.2724609375 0.12109375 0.2802734375 0.12255859375 0.2939453125 0.12890625 0.2998046875 0.13623046875 0.2978515625 0.14013671875 0.2978515625 0.14501953125 0.296875 0.15283203125 0.30078125 0.1611328125 0.302734375 0.16796875 0.30859375 0.17236328125 0.318359375 0.17529296875 0.3466796875 0.17724609375 0.3623046875 0.17822265625 0.3642578125 0.17529296875 0.357421875 0.17236328125 0.3564453125 0.169921875 0.3603515625 0.16650390625 0.3681640625 0.1669921875 0.3779296875 0.17138671875 0.37890625 0.17431640625 0.3759765625 0.1767578125 0.376953125 0.17822265625 0.37890625 0.1796875 0.3837890625 0.18310546875 0.388671875 0.18896484375 0.3935546875 0.1865234375 0.361328125 0.18212890625 0.3603515625 0.17919921875 0.35546875 0.17822265625 0.3486328125 0.17822265625 0.3427734375 0.17578125 0.3212890625 0.18017578125 0.3115234375 0.185546875 0.302734375 0.21826171875 0.23828125
5 0.2978515625 0.361328125 0.28955078125 0.3603515625 0.2841796875 0.3623046875 0.27978515625 0.369140625 0.27978515625 0.3818359375 0.29833984375 0.380859375
5 0.263671875 0.380859375 0.28125 0.37890625 0.28125 0.373046875 0.2783203125 0.3603515625 0.27685546875 0.3583984375 0.26904296875 0.3583984375 0.26171875 0.3603515625
4 0.3828125 0.33203125 0.3857421875 0.328125 0.3876953125 0.3232421875 0.38916015625 0.3203125 0.39013671875 0.3251953125 0.392578125 0.3251953125 0.390625 0.3291015625 0.392578125 0.3330078125 0.39404296875 0.341796875 0.3818359375 0.341796875
4 0.40771484375 0.33984375 0.4091796875 0.330078125 0.41064453125 0.3251953125 0.412109375 0.322265625 0.41064453125 0.3203125 0.41015625 0.314453125 0.41064453125 0.310546875 0.40869140625 0.3076171875 0.40673828125 0.3056640625 0.4033203125 0.3037109375 0.40234375 0.3037109375 0.40087890625 0.306640625 0.39990234375 0.310546875 0.3994140625 0.31640625 0.3984375 0.318359375 0.3974609375 0.3134765625 0.39599609375 0.310546875 0.39453125 0.3134765625 0.39404296875 0.3173828125 0.39404296875 0.322265625 0.39404296875 0.3291015625 0.39501953125 0.3359375 0.39501953125 0.34375
1 0.99365234375 0.5087890625 0.876953125 0.5126953125 0.77392578125 0.5146484375 0.66552734375 0.5166015625 0.5625 0.521484375 0.52978515625 0.5185546875 0.43603515625 0.521484375 0.421875 0.521484375 0.29345703125 0.51171875 0.26416015625 0.5 0.26513671875 0.47265625 0.279296875 0.44921875 0.2998046875 0.431640625 0.42724609375 0.3759765625 0.44140625 0.3759765625 0.59765625 0.34375 0.99853515625 0.3232421875 0.998046875 0.509765625
5 0.49365234375 0.3369140625 0.5078125 0.3359375 0.50634765625 0.3818359375 0.49658203125 0.3603515625
4 0.3974609375 0.0166015625 0.39892578125 0.0341796875 0.3994140625 0.0439453125 0.39599609375 0.0498046875 0.39599609375 0.056640625 0.392578125 0.0625 0.39013671875 0.0751953125 0.38671875 0.0859375 0.3857421875 0.1005859375 0.38134765625 0.09765625 0.375 0.09765625 0.3759765625 0.1064453125 0.3759765625 0.1201171875 0.37548828125 0.1279296875 0.3720703125 0.1240234375 0.3720703125 0.1337890625 0.3720703125 0.1376953125 0.37109375 0.1435546875 0.3662109375 0.15234375 0.37255859375 0.1767578125 0.37353515625 0.1923828125 0.3740234375 0.205078125 0.375 0.2119140625 0.37255859375 0.220703125 0.3759765625 0.2265625 0.38037109375 0.236328125 0.3837890625 0.244140625 0.38916015625 0.251953125 0.39501953125 0.259765625 0.4013671875 0.259765625 0.40478515625 0.2646484375 0.40869140625 0.267578125 0.40966796875 0.275390625 0.4130859375 0.2822265625 0.4169921875 0.291015625 0.4228515625 0.29296875 0.42724609375 0.29296875 0.42919921875 0.29296875 0.43115234375 0.390625 0.43310546875 0.40625 0.43701171875 0.404296875 0.4365234375 0.396484375 0.43505859375 0.376953125 0.43310546875 0.2890625 0.4375 0.283203125 0.44091796875 0.275390625 0.44677734375 0.2734375 0.45166015625 0.275390625 0.4541015625 0.287109375 0.4580078125 0.3017578125 0.49365234375 0.330078125 0.4970703125 0.333984375 0.49951171875 0.33203125 0.505859375 0.322265625 0.50244140625 0.1591796875 0.4658203125 0.0859375 0.45703125 0.0888671875 0.45556640625 0.0849609375 0.4609375 0.080078125 0.46484375 0.0693359375 0.46484375 0.05859375 0.46142578125 0.0546875 0.458984375 0.048828125 0.4560546875 0.041015625 0.45361328125 0.0322265625 0.451171875 0.021484375 0.44970703125 0.013671875 0.44970703125 0.00390625 0.44921875 0.0 0.40087890625 0.0 0.3984375 0.0048828125 0.400390625 0.0087890625 0.4013671875 0.017578125 0.40087890625 0.017578125
5 0.39111328125 0.4296875 0.41650390625 0.4306640625 0.4169921875 0.4384765625 0.4189453125 0.439453125 0.42236328125 0.4384765625 0.4228515625 0.4326171875 0.42529296875 0.431640625 0.42529296875 0.4404296875 0.42919921875 0.44140625 0.43310546875 0.4384765625 0.435546875 0.4111328125 0.43310546875 0.3896484375 0.43115234375 0.3740234375 0.42529296875 0.3544921875 0.42041015625 0.34375 0.41552734375 0.3359375 0.4013671875 0.3359375 0.38427734375 0.337890625 0.3779296875 0.34375
2 0.466796875 0.166015625 0.49365234375 0.1650390625 0.49365234375 0.1767578125 0.49462890625 0.216796875 0.59375 0.3876953125 0.640625 0.4248046875 0.66064453125 0.4345703125 0.7412109375 0.4521484375 0.8330078125 0.44921875 0.91162109375 0.4423828125 0.99853515625 0.4375 0.99853515625 0.0 0.4638671875 0.0009765625
1 0.61279296875 0.6513671875 0.62109375 0.6689453125 0.6591796875 0.681640625 0.66015625 0.6865234375 0.64794921875 0.6904296875 0.61083984375 0.7138671875 0.55224609375 0.7353515625 0.4931640625 0.7626953125 0.41650390625 0.8076171875 0.232421875 0.92578125 0.23193359375 0.91015625 0.22998046875 0.8759765625 0.1884765625 0.849609375 0.00146484375 0.85546875 0.0 0.7998046875 0.0576171875 0.6904296875 0.0615234375 0.6806640625 0.0693359375 0.6708984375 0.0771484375 0.666015625 0.08740234375 0.6630859375 0.10888671875 0.6552734375 0.15380859375 0.6494140625 0.18994140625 0.64453125 0.302734375 0.6435546875 0.423828125 0.6435546875
