4 0.92041015625 0.001953125 0.998046875 0.0 0.998046875 0.6806640625 0.92236328125 0.6943359375
0 0.27294921875 0.58203125 0.47900390625 0.5673828125 0.5087890625 0.560546875 0.5546875 0.546875 0.689453125 0.5576171875 0.73291015625 0.5615234375 0.93798828125 0.65625 0.99853515625 0.666015625 0.998046875 0.998046875 -0.0009765625 0.9970703125 0.0 0.5966796875
5 0.47802734375 0.494140625 0.46484375 0.462890625 0.46142578125 0.45703125 0.42724609375 0.455078125 0.3916015625 0.462890625 0.37890625 0.50390625 0.375 0.51953125 0.375 0.5419921875 0.373046875 0.548828125 0.375 0.5693359375 0.376953125 0.5908203125 0.37890625 0.599609375 0.38427734375 0.603515625 0.39013671875 0.599609375 0.3935546875 0.5830078125 0.408203125 0.5810546875 0.41064453125 0.5888671875 0.41552734375 0.591796875 0.4208984375 0.5888671875 0.42236328125 0.5830078125 0.44970703125 0.5810546875 0.4521484375 0.595703125 0.45654296875 0.599609375 0.46044921875 0.599609375 0.4638671875 0.59765625 0.466796875 0.5791015625 0.4765625 0.5751953125 0.478515625 0.5908203125 0.484375 0.5927734375 0.48974609375 0.58984375 0.49072265625 0.556640625 0.48828125 0.52734375 0.48291015625 0.5078125 0.4873046875 0.5048828125 0.48681640625 0.494140625
4 0.04345703125 0.2080078125 0.05126953125 0.220703125 0.064453125 0.228515625 0.07666015625 0.248046875 0.08447265625 0.2548828125 0.09033203125 0.244140625 0.1005859375 0.2333984375 0.1083984375 0.216796875 0.125 0.201171875 0.13134765625 0.1884765625 0.15185546875 0.166015625 0.1708984375 0.14453125 0.18408203125 0.1318359375 0.19384765625 0.1044921875 0.212890625 0.0927734375 0.21435546875 0.076171875 0.21435546875 0.04296875 0.2119140625 0.0205078125 0.20849609375 0.0 0.0 0.0009765625 -0.0009765625 0.2060546875
4 0.57177734375 0.03515625 0.5751953125 0.05078125 0.5693359375 0.068359375 0.57568359375 0.095703125 0.57568359375 0.119140625 0.58154296875 0.142578125 0.5927734375 0.1494140625 0.5888671875 0.162109375 0.57666015625 0.173828125 0.58251953125 0.1806640625 0.58447265625 0.201171875 0.599609375 0.203125 0.60986328125 0.1982421875 0.62060546875 0.2109375 0.63623046875 0.201171875 0.64306640625 0.1826171875 0.64306640625 0.15625 0.658203125 0.1455078125 0.67578125 0.1494140625 0.68505859375 0.1708984375 0.69287109375 0.18359375 0.70458984375 0.1943359375 0.7109375 0.2109375 0.71826171875 0.2275390625 0.73193359375 0.2490234375 0.751953125 0.2587890625 0.7470703125 0.001953125 0.529296875 0.0 0.52734375 0.0146484375 0.53515625 0.0244140625 0.546875 0.0244140625 0.55908203125 0.02734375 0.564453125 0.0361328125
1 0.95361328125 0.63671875 0.74462890625 0.6923828125 0.8056640625 0.7119140625 0.89013671875 0.7353515625 0.96240234375 0.7578125 0.99853515625 0.7666015625 0.99755859375 0.6552734375
4 0.89599609375 0.384765625 0.88916015625 0.3466796875 0.88916015625 0.3134765625 0.89501953125 0.2880859375 0.90234375 0.267578125 0.90283203125 0.2373046875 0.8935546875 0.212890625 0.8876953125 0.181640625 0.890625 0.1513671875 0.880859375 0.1318359375 0.880859375 0.09765625 0.88623046875 0.0888671875 0.90771484375 0.0693359375 0.93505859375 0.0556640625 0.9462890625 0.0400390625 0.9619140625 0.01953125 0.9638671875 0.0009765625 0.8310546875 0.0009765625 0.8232421875 0.025390625 0.833984375 0.0439453125 0.85107421875 0.0595703125 0.84716796875 0.0791015625 0.8408203125 0.1005859375 0.85009765625 0.1279296875 0.8515625 0.1669921875 0.85009765625 0.1953125 0.8408203125 0.2255859375 0.8427734375 0.24609375 0.8330078125 0.27734375 0.8330078125 0.3046875 0.8271484375 0.328125 0.833984375 0.35546875 0.83203125 0.408203125 0.82666015625 0.4375 0.8154296875 0.4453125 0.79833984375 0.423828125 0.7900390625 0.4287109375 0.7841796875 0.4521484375 0.7919921875 0.462890625 0.80419921875 0.4716796875 0.8115234375 0.4853515625 0.81201171875 0.515625 0.8203125 0.5322265625 0.8349609375 0.5419921875
3 0.7578125 0.4970703125 0.720703125 0.5 0.75390625 0.572265625 0.75390625 0.5849609375 0.71728515625 0.5078125 0.71826171875 0.58203125 0.71337890625 0.5810546875 0.7119140625 0.498046875 0.70849609375 0.4970703125 0.70849609375 0.458984375 0.7578125 0.4560546875
5 0.66162109375 0.5048828125 0.67236328125 0.5107421875 0.677734375 0.5244140625 0.677734375 0.560546875 0.6708984375 0.5615234375 0.66162109375 0.5625
5 0.310546875 0.7177734375 0.31982421875 0.716796875 0.32763671875 0.712890625 0.33203125 0.703125 0.33447265625 0.658203125 0.3330078125 0.5869140625 0.33251953125 0.564453125 0.326171875 0.5400390625 0.310546875 0.515625 0.32568359375 0.509765625 0.32470703125 0.494140625 0.3173828125 0.4794921875 0.3076171875 0.4755859375 0.3037109375 0.484375 0.302734375 0.494140625 0.287109375 0.4501953125 0.25927734375 0.4033203125 0.2509765625 0.3857421875 0.2236328125 0.3720703125 0.197265625 0.3681640625 0.18994140625 0.375 0.189453125 0.37890625 0.1328125 0.3759765625 0.10302734375 0.376953125 0.08056640625 0.37109375 0.0595703125 0.3662109375 0.04638671875 0.3759765625 0.03857421875 0.38671875 0.02783203125 0.3994140625 0.0078125 0.43359375 -0.0009765625 0.4521484375 0.0 0.7724609375 0.005859375 0.7890625 0.015625 0.7939453125 0.0283203125 0.794921875 0.0400390625 0.7861328125 0.0478515625 0.7666015625 0.0498046875 0.75390625 0.2138671875 0.7490234375 0.2177734375 0.775390625 0.22412109375 0.7939453125 0.23583984375 0.796875 0.25 0.79296875 0.26318359375 0.77734375 0.26708984375 0.7236328125 0.302734375 0.6904296875 0.3046875 0.7099609375
