2 0.4404296875 0.2109375 0.36572265625 0.2138671875 0.36669921875 0.30859375 0.36669921875 0.32421875 0.43896484375 0.326171875
2 0.39599609375 0.2822265625 0.31982421875 0.26171875 0.0751953125 0.0068359375 0.0 0.017578125 -0.00048828125 0.3037109375 0.28759765625 0.453125 0.3173828125 0.4443359375 0.37744140625 0.447265625 0.3994140625 0.4482421875
2 0.52880859375 0.0 0.50439453125 0.056640625 0.49853515625 0.056640625 0.48486328125 0.107421875 0.45703125 0.16796875 0.443359375 0.201171875 0.443359375 0.1943359375 0.4287109375 0.2294921875 0.423828125 0.2294921875 0.41943359375 0.4013671875 0.58740234375 0.50390625 0.7236328125 0.5283203125 0.99853515625 0.580078125 0.99853515625 0.0
0 0.99853515625 0.587890625 0.65380859375 0.517578125 0.46142578125 0.455078125 0.38232421875 0.44921875 0.353515625 0.451171875 0.33349609375 0.447265625 0.28662109375 0.42578125 0.23876953125 0.4208984375 -0.0009765625 0.6162109375 0.0 0.9970703125 0.998046875 0.998046875
1 0.59130859375 0.5126953125 0.61572265625 0.521484375 0.63818359375 0.5263671875 0.66259765625 0.53515625 0.6845703125 0.541015625 0.701171875 0.544921875 0.9375 0.603515625 0.998046875 0.6171875 0.998046875 0.5546875 0.96484375 0.5595703125 0.94580078125 0.5546875 0.69775390625 0.515625 0.6845703125 0.513671875 0.66455078125 0.509765625 0.64892578125 0.5068359375 0.63818359375 0.501953125 0.623046875 0.50390625 0.58984375 0.4931640625
4 0.41357421875 0.361328125 0.41064453125 0.35546875 0.40869140625 0.34765625 0.40673828125 0.3427734375 0.404296875 0.345703125 0.39990234375 0.3466796875 0.39697265625 0.345703125 0.39404296875 0.34765625 0.3916015625 0.3544921875 0.38916015625 0.36328125 0.38427734375 0.375 0.38134765625 0.38671875 0.37841796875 0.3994140625 0.3779296875 0.41015625 0.38134765625 0.4189453125 0.3828125 0.4287109375 0.3857421875 0.4326171875 0.38916015625 0.4326171875 0.39501953125 0.4296875 0.39599609375 0.4287109375 0.396484375 0.447265625 0.39892578125 0.447265625 0.3994140625 0.431640625 0.39990234375 0.4267578125 0.4013671875 0.42578125 0.4033203125 0.42578125 0.4111328125 0.4287109375 0.4208984375 0.4228515625 0.423828125 0.3994140625 0.419921875 0.3955078125 0.4189453125 0.3916015625 0.4189453125 0.3837890625
4 0.32958984375 0.404296875 0.33349609375 0.4033203125 0.33837890625 0.4013671875 0.3408203125 0.404296875 0.34423828125 0.4033203125 0.3486328125 0.396484375 0.34814453125 0.388671875 0.35009765625 0.3818359375 0.35009765625 0.375 0.34521484375 0.353515625 0.34375 0.3466796875 0.3447265625 0.33984375 0.34326171875 0.3330078125 0.33935546875 0.32421875 0.3359375 0.306640625 0.333984375 0.302734375 0.3310546875 0.2958984375 0.32568359375 0.298828125 0.32373046875 0.298828125 0.32275390625 0.2919921875 0.31787109375 0.296875 0.31396484375 0.291015625 0.30810546875 0.27734375 0.29443359375 0.2724609375 0.2900390625 0.2744140625 0.28369140625 0.28125 0.28076171875 0.2861328125 0.3173828125 0.419921875 0.32177734375 0.4130859375 0.32470703125 0.408203125 0.3271484375 0.40625
4 0.35498046875 0.4326171875 0.35693359375 0.4296875 0.35888671875 0.4296875 0.36083984375 0.4267578125 0.36083984375 0.421875 0.35986328125 0.416015625 0.3583984375 0.4111328125 0.357421875 0.4072265625 0.3564453125 0.404296875 0.35498046875 0.4033203125 0.3515625 0.4072265625 0.3515625 0.41015625 0.3505859375 0.412109375 0.349609375 0.4169921875 0.349609375 0.423828125 0.3505859375 0.4267578125 0.3515625 0.427734375
5 0.28564453125 0.4072265625 0.28662109375 0.42578125 0.283203125 0.4462890625 0.279296875 0.4453125 0.27880859375 0.40625
5 0.283203125 0.4248046875 0.28173828125 0.431640625 0.28125 0.4365234375 0.28076171875 0.4404296875 0.28125 0.4443359375 0.28125 0.44921875 0.283203125 0.44921875 0.2841796875 0.4462890625 0.2900390625 0.4462890625 0.29052734375 0.44921875 0.2939453125 0.4482421875 0.29345703125 0.427734375 0.29150390625 0.4248046875
4 0.326171875 0.408203125 0.32763671875 0.40234375 0.32763671875 0.3974609375 0.32861328125 0.388671875 0.32861328125 0.3837890625 0.32763671875 0.3818359375 0.3271484375 0.3759765625 0.32470703125 0.3720703125 0.322265625 0.3681640625 0.32177734375 0.3603515625 0.3212890625 0.3515625 0.31640625 0.3623046875 0.31103515625 0.3623046875 0.30810546875 0.3564453125 0.310546875 0.3515625 0.318359375 0.3447265625 0.31982421875 0.3388671875 0.31494140625 0.3359375 0.32080078125 0.3369140625 0.32421875 0.333984375 0.32177734375 0.3291015625 0.314453125 0.326171875 0.30859375 0.328125 0.30712890625 0.322265625 0.30810546875 0.318359375 0.306640625 0.3154296875 0.306640625 0.306640625 0.30517578125 0.3037109375 0.30859375 0.298828125 0.31005859375 0.2890625 0.3037109375 0.2900390625 0.30029296875 0.2861328125 0.29638671875 0.279296875 0.2919921875 0.2763671875 0.2890625 0.283203125 0.2861328125 0.2900390625 0.28271484375 0.2890625 0.27978515625 0.287109375 0.275390625 0.2939453125 0.27197265625 0.29296875 0.26904296875 0.2998046875 0.26904296875 0.306640625 0.2705078125 0.3125 0.2685546875 0.3193359375 0.2685546875 0.328125 0.271484375 0.3359375 0.2724609375 0.34375 0.2685546875 0.3466796875 0.267578125 0.3505859375 0.26953125 0.3564453125 0.26953125 0.3603515625 0.26953125 0.3662109375 0.2724609375 0.37109375 0.2763671875 0.376953125 0.27587890625 0.453125 0.2783203125 0.4521484375 0.2783203125 0.380859375 0.28173828125 0.3837890625 0.28076171875 0.390625 0.2822265625 0.3916015625 0.2841796875 0.39453125 0.287109375 0.3955078125 0.28955078125 0.396484375 0.29296875 0.396484375 0.29296875 0.451171875 0.294921875 0.451171875 0.29541015625 0.3984375 0.30126953125 0.39453125 0.3017578125 0.3798828125 0.30419921875 0.376953125 0.30517578125 0.3837890625 0.3046875 0.392578125 0.3046875 0.4033203125 0.30517578125 0.412109375 0.30615234375 0.419921875 0.30810546875 0.4248046875 0.31591796875 0.42578125 0.31982421875 0.423828125 0.32373046875 0.416015625
5 0.3359375 0.4423828125 0.33837890625 0.4404296875 0.3408203125 0.439453125 0.34326171875 0.4404296875 0.34423828125 0.44140625 0.34326171875 0.447265625 0.33984375 0.44921875 0.33740234375 0.44921875
5 0.32275390625 0.447265625 0.32373046875 0.443359375 0.3251953125 0.44140625 0.3271484375 0.4404296875 0.32958984375 0.439453125 0.3310546875 0.439453125 0.33349609375 0.439453125 0.3349609375 0.439453125 0.3359375 0.4423828125 0.33642578125 0.4443359375 0.33740234375 0.44921875 0.3369140625 0.4501953125 0.33642578125 0.451171875 0.33544921875 0.4521484375 0.33349609375 0.4521484375 0.33056640625 0.4521484375 0.3291015625 0.4521484375 0.3271484375 0.451171875 0.3232421875 0.451171875
5 0.361328125 0.4560546875 0.35888671875 0.45703125 0.3583984375 0.458984375 0.35693359375 0.458984375 0.35693359375 0.4541015625 0.35791015625 0.4482421875 0.359375 0.443359375 0.36083984375 0.44140625 0.3623046875 0.44140625 0.3642578125 0.44140625
5 0.37255859375 0.4609375 0.37548828125 0.4609375 0.3759765625 0.4580078125 0.38037109375 0.4580078125 0.3818359375 0.4462890625 0.38037109375 0.4443359375 0.37841796875 0.443359375 0.37548828125 0.443359375 0.37451171875 0.4443359375 0.37255859375 0.4462890625 0.37158203125 0.44921875
5 0.3603515625 0.4619140625 0.3623046875 0.4619140625 0.36279296875 0.458984375 0.37158203125 0.4599609375 0.3720703125 0.4619140625 0.3740234375 0.4619140625 0.3740234375 0.45703125 0.3740234375 0.451171875 0.373046875 0.4462890625 0.3720703125 0.4423828125 0.37109375 0.44140625 0.36767578125 0.4404296875 0.36474609375 0.4404296875 0.36328125 0.443359375 0.3623046875 0.4462890625 0.36181640625 0.44921875 0.36083984375 0.453125 0.3603515625 0.45703125
5 0.38671875 0.4423828125 0.3837890625 0.4423828125 0.3818359375 0.443359375 0.38037109375 0.4462890625 0.3798828125 0.451171875 0.37939453125 0.45703125 0.37939453125 0.4619140625 0.38037109375 0.462890625 0.3818359375 0.462890625 0.3818359375 0.4619140625 0.38427734375 0.4609375
5 0.3994140625 0.44921875 0.3984375 0.4462890625 0.39697265625 0.443359375 0.3935546875 0.4423828125 0.3896484375 0.44140625 0.38720703125 0.4423828125 0.3857421875 0.443359375 0.38427734375 0.4482421875 0.38330078125 0.4541015625 0.38330078125 0.458984375 0.38330078125 0.462890625 0.3837890625 0.4658203125 0.384765625 0.4658203125 0.3857421875 0.462890625 0.39013671875 0.462890625
5 0.3896484375 0.4677734375 0.392578125 0.46875 0.39306640625 0.4658203125 0.40234375 0.466796875 0.40283203125 0.4697265625 0.40869140625 0.4697265625 0.40673828125 0.4560546875 0.40576171875 0.451171875 0.40283203125 0.4462890625 0.400390625 0.4453125 0.3974609375 0.4453125 0.39453125 0.4453125 0.392578125 0.44921875 0.3916015625 0.4521484375 0.390625 0.455078125 0.39013671875 0.4609375
4 0.21875 0.5126953125 0.23193359375 0.5078125 0.234375 0.505859375 0.2373046875 0.5029296875 0.2392578125 0.4990234375 0.24169921875 0.4970703125 0.2470703125 0.4970703125 0.2509765625 0.4931640625 0.259765625 0.4892578125 0.26513671875 0.4833984375 0.26953125 0.48046875 0.275390625 0.478515625 0.28125 0.4755859375 0.287109375 0.47265625 0.29541015625 0.4697265625 0.29931640625 0.4658203125 0.30712890625 0.462890625 0.3125 0.4599609375 0.31494140625 0.4599609375 0.31787109375 0.455078125 0.31591796875 0.4521484375 0.31494140625 0.453125 0.314453125 0.453125 0.31298828125 0.45703125 0.3154296875 0.4541015625 0.3154296875 0.4541015625 0.3154296875 0.4521484375 0.31298828125 0.455078125 0.31103515625 0.453125 0.3076171875 0.451171875 0.3037109375 0.455078125 0.30126953125 0.44921875 0.2978515625 0.4501953125 0.294921875 0.451171875 0.29345703125 0.4541015625 0.29150390625 0.453125 0.2890625 0.455078125 0.28466796875 0.4521484375 0.28076171875 0.4501953125 0.2763671875 0.4501953125 0.27490234375 0.453125 0.27294921875 0.4521484375 0.2685546875 0.44921875 0.265625 0.44921875 0.2626953125 0.44921875 0.26171875 0.439453125 0.26025390625 0.439453125 0.255859375 0.4326171875 0.25732421875 0.4267578125 0.2587890625 0.4228515625 0.25830078125 0.4189453125 0.2529296875 0.4169921875 0.24755859375 0.4169921875 0.24609375 0.4072265625 0.2470703125 0.3955078125 0.2470703125 0.38671875 0.24755859375 0.37890625 0.248046875 0.3701171875 0.248046875 0.3642578125 0.25 0.361328125 0.25048828125 0.35546875 0.25048828125 0.3544921875 0.23876953125 0.353515625 0.23828125 0.3515625 0.23681640625 0.3515625 0.23388671875 0.3515625 0.232421875 0.353515625 0.234375 0.2861328125 0.23583984375 0.28515625 0.2373046875 0.283203125 0.240234375 0.2861328125 0.2431640625 0.2861328125 0.2451171875 0.2841796875 0.24755859375 0.283203125 0.24853515625 0.2802734375 0.25048828125 0.279296875 0.251953125 0.2841796875 0.25537109375 0.287109375 0.25830078125 0.287109375 0.26025390625 0.2900390625 0.2626953125 0.2939453125 0.26513671875 0.29296875 0.2685546875 0.2939453125 0.2705078125 0.296875 0.27294921875 0.296875 0.27294921875 0.291015625 0.27001953125 0.2861328125 0.26708984375 0.2841796875 0.26611328125 0.2783203125 0.26513671875 0.2744140625 0.26806640625 0.275390625 0.26953125 0.28125 0.27294921875 0.283203125 0.27587890625 0.283203125 0.2783203125 0.287109375 0.27734375 0.291015625 0.279296875 0.296875 0.28271484375 0.296875 0.28564453125 0.294921875 0.2880859375 0.294921875 0.28857421875 0.2978515625 0.2900390625 0.3046875 0.29345703125 0.3046875 0.29638671875 0.2998046875 0.2939453125 0.291015625 0.29345703125 0.2861328125 0.29638671875 0.283203125 0.30029296875 0.2890625 0.30517578125 0.29296875 0.3056640625 0.2958984375 0.30859375 0.2958984375 0.310546875 0.29296875 0.31494140625 0.291015625 0.31494140625 0.2841796875 0.3173828125 0.283203125 0.32177734375 0.2822265625 0.32470703125 0.28125 0.32666015625 0.279296875 0.3291015625 0.275390625 0.3330078125 0.271484375 0.33544921875 0.26953125 0.34033203125 0.26953125 0.34130859375 0.2744140625 0.34423828125 0.2744140625 0.34814453125 0.275390625 0.349609375 0.2705078125 0.34765625 0.2666015625 0.3447265625 0.263671875 0.34423828125 0.2607421875 0.34814453125 0.2587890625 0.3515625 0.2587890625 0.3564453125 0.259765625 0.357421875 0.2578125 0.36181640625 0.263671875 0.36572265625 0.2646484375 0.36962890625 0.263671875 0.37255859375 0.2646484375 0.373046875 0.2587890625 0.36962890625 0.25390625 0.369140625 0.2470703125 0.3740234375 0.248046875 0.376953125 0.2490234375 0.38134765625 0.248046875 0.3828125 0.2470703125 0.384765625 0.2421875 0.3857421875 0.236328125 0.3837890625 0.228515625 0.3857421875 0.224609375 0.38818359375 0.22265625 0.3876953125 0.216796875 0.39111328125 0.216796875 0.39306640625 0.2099609375 0.39013671875 0.2001953125 0.39208984375 0.1953125 0.39697265625 0.1953125 0.39990234375 0.1923828125 0.39892578125 0.1884765625 0.400390625 0.1826171875 0.3974609375 0.1787109375 0.39306640625 0.1767578125 0.39013671875 0.1728515625 0.38720703125 0.1767578125 0.384765625 0.173828125 0.38134765625 0.16796875 0.38037109375 0.1640625 0.38134765625 0.1572265625 0.38134765625 0.1494140625 0.37841796875 0.14453125 0.37353515625 0.1484375 0.37060546875 0.15234375 0.369140625 0.158203125 0.36962890625 0.1640625 0.3662109375 0.1689453125 0.3642578125 0.1650390625 0.365234375 0.158203125 0.36376953125 0.1533203125 0.359375 0.1484375 0.36181640625 0.1435546875 0.3662109375 0.13671875 0.37109375 0.130859375 0.37109375 0.1259765625 0.3701171875 0.1201171875 0.37158203125 0.111328125 0.36865234375 0.10546875 0.36572265625 0.107421875 0.36279296875 0.1064453125 0.361328125 0.1044921875 0.35888671875 0.0986328125 0.35888671875 0.09375 0.3564453125 0.0849609375 0.359375 0.08203125 0.35986328125 0.0791015625 0.36376953125 0.0751953125 0.36474609375 0.0703125 0.36767578125 0.07421875 0.37109375 0.0693359375 0.3681640625 0.0634765625 0.3662109375 0.060546875 0.36279296875 0.0537109375 0.35986328125 0.0498046875 0.359375 0.0458984375 0.36181640625 0.04296875 0.3671875 0.037109375 0.36572265625 0.0439453125 0.3681640625 0.0458984375 0.37353515625 0.04296875 0.37548828125 0.03515625 0.375 0.033203125 0.37646484375 0.0322265625 0.37646484375 0.025390625 0.3720703125 0.0146484375 0.36962890625 0.0107421875 0.3740234375 0.0078125 0.3779296875 0.005859375 0.3798828125 0.0009765625 -0.00048828125 0.0 -0.0009765625 0.26171875 0.0234375 0.26171875 0.0205078125 0.24609375 0.01953125 0.2236328125 0.01904296875 0.205078125 0.021484375 0.185546875 0.0244140625 0.1787109375 0.02587890625 0.1806640625 0.0341796875 0.1826171875 0.0380859375 0.1728515625 0.04296875 0.16796875 0.0439453125 0.181640625 0.0419921875 0.1904296875 0.04443359375 0.203125 0.03955078125 0.20703125 0.03759765625 0.224609375 0.04443359375 0.2275390625 0.05029296875 0.224609375 0.05810546875 0.216796875 0.05810546875 0.2294921875 0.0546875 0.240234375 0.05224609375 0.2509765625 0.05078125 0.2626953125 0.04736328125 0.279296875 0.12646484375 0.3681640625 0.13037109375 0.365234375 0.13232421875 0.361328125 0.13671875 0.3603515625 0.13818359375 0.365234375 0.1416015625 0.369140625 0.14892578125 0.373046875 0.166015625 0.375 0.1845703125 0.3779296875 0.19775390625 0.3798828125 0.1953125 0.4814453125
5 0.05517578125 0.859375 0.18212890625 0.740234375 0.18359375 0.7587890625 0.18505859375 0.7724609375 0.1884765625 0.77734375 0.19677734375 0.78125 0.20947265625 0.77734375 0.21533203125 0.775390625 0.22314453125 0.765625 0.22607421875 0.7412109375 0.2294921875 0.7001953125 0.23291015625 0.634765625 0.23388671875 0.578125 0.22998046875 0.5390625 0.22265625 0.5126953125 0.21826171875 0.5029296875 0.20458984375 0.490234375 0.197265625 0.4765625 0.197265625 0.4765625 0.1943359375 0.4677734375 0.1953125 0.4521484375 0.19140625 0.435546875 0.185546875 0.427734375 0.17431640625 0.4208984375 0.16357421875 0.4208984375 0.1611328125 0.4267578125 0.162109375 0.439453125 0.15185546875 0.4140625 0.13818359375 0.38671875 0.11572265625 0.3427734375 0.09423828125 0.3095703125 0.06787109375 0.28515625 0.03857421875 0.2666015625 0.01513671875 0.2587890625 0.0 0.2548828125 -0.0009765625 0.99609375 0.02490234375 0.9970703125 0.03369140625 0.982421875 0.0419921875 0.943359375 0.046875 0.9072265625 0.04833984375 0.873046875
5 0.52978515625 0.33984375 0.50048828125 0.3359375 0.47412109375 0.337890625 0.439453125 0.341796875 0.43408203125 0.3447265625 0.42919921875 0.3623046875 0.42431640625 0.3828125 0.41796875 0.419921875 0.4130859375 0.4208984375 0.40673828125 0.4248046875 0.40234375 0.4287109375 0.39990234375 0.4326171875 0.39892578125 0.44140625 0.39990234375 0.4482421875 0.40185546875 0.451171875 0.4052734375 0.451171875 0.40869140625 0.4541015625 0.40625 0.4638671875 0.404296875 0.4716796875 0.4033203125 0.4853515625 0.40185546875 0.498046875 0.39892578125 0.5087890625 0.39697265625 0.5244140625 0.39697265625 0.5380859375 0.396484375 0.5634765625 0.396484375 0.580078125 0.39599609375 0.615234375 0.396484375 0.650390625 0.3974609375 0.669921875 0.400390625 0.67578125 0.41259765625 0.673828125 0.4208984375 0.6728515625 0.4228515625 0.6630859375 0.42333984375 0.6494140625 0.42333984375 0.6435546875 0.48779296875 0.6455078125 0.49169921875 0.65625 0.49658203125 0.6591796875 0.50537109375 0.658203125 0.5087890625 0.650390625 0.51025390625 0.6435546875 0.56640625 0.6455078125 0.56689453125 0.662109375 0.5673828125 0.673828125 0.5712890625 0.6787109375 0.5810546875 0.6787109375 0.5908203125 0.6796875 0.5947265625 0.6748046875 0.59716796875 0.65625 0.59814453125 0.6259765625 0.59814453125 0.58984375 0.59912109375 0.5546875 0.59716796875 0.521484375 0.5947265625 0.5126953125 0.59423828125 0.4892578125 0.5927734375 0.4716796875 0.587890625 0.455078125 0.58740234375 0.4453125 0.5859375 0.4375 0.58251953125 0.43359375 0.57666015625 0.396484375 0.57080078125 0.3720703125 0.5634765625 0.3525390625 0.5556640625 0.3466796875 0.53857421875 0.341796875
5 0.94091796875 0.5205078125 0.9404296875 0.482421875 0.94189453125 0.47265625 0.94140625 0.458984375 0.93896484375 0.44921875 0.93603515625 0.4453125 0.92578125 0.4130859375 0.91845703125 0.396484375 0.90234375 0.37890625 0.87841796875 0.3720703125 0.8662109375 0.37109375 0.86474609375 0.361328125 0.8603515625 0.36328125 0.85693359375 0.3720703125 0.84033203125 0.3701171875 0.81591796875 0.369140625 0.80517578125 0.36328125 0.79052734375 0.3623046875 0.77392578125 0.365234375 0.765625 0.3681640625 0.76220703125 0.373046875 0.7529296875 0.3828125 0.73974609375 0.4033203125 0.7265625 0.4326171875 0.72607421875 0.4296875 0.7255859375 0.423828125 0.72412109375 0.4208984375 0.71826171875 0.421875 0.71240234375 0.42578125 0.7099609375 0.431640625 0.71142578125 0.4384765625 0.7138671875 0.4443359375 0.71826171875 0.447265625 0.71337890625 0.4560546875 0.70751953125 0.46875 0.703125 0.4775390625 0.6982421875 0.48828125 0.69580078125 0.5078125 0.6943359375 0.529296875 0.69482421875 0.5439453125 0.69482421875 0.5576171875 0.6943359375 0.576171875 0.69482421875 0.5927734375 0.6962890625 0.603515625 0.69921875 0.611328125 0.70068359375 0.61328125 0.708984375 0.615234375 0.7177734375 0.61328125 0.72119140625 0.6044921875 0.72265625 0.59375 0.72314453125 0.5869140625 0.76220703125 0.59375 0.76220703125 0.60546875 0.76220703125 0.6201171875 0.76513671875 0.6328125 0.767578125 0.642578125 0.77392578125 0.6474609375 0.78369140625 0.6484375 0.79296875 0.646484375 0.7978515625 0.6376953125 0.80029296875 0.623046875 0.80224609375 0.6025390625 0.806640625 0.6025390625 0.80859375 0.61328125 0.81298828125 0.623046875 0.8203125 0.6259765625 0.82861328125 0.6259765625 0.833984375 0.6181640625 0.8359375 0.609375 0.8935546875 0.6240234375 0.89501953125 0.6357421875 0.8984375 0.6484375 0.9033203125 0.658203125 0.9111328125 0.6630859375 0.91943359375 0.6640625 0.92724609375 0.6591796875 0.93359375 0.646484375 0.9375 0.625 0.939453125 0.6015625 0.939453125 0.58984375 0.94091796875 0.578125 0.94189453125 0.5615234375 0.94189453125 0.546875 0.94091796875 0.52734375
5 0.34130859375 0.455078125 0.34326171875 0.455078125 0.34326171875 0.4521484375 0.34912109375 0.453125 0.34912109375 0.455078125 0.35107421875 0.455078125 0.3515625 0.451171875 0.3515625 0.447265625 0.35107421875 0.443359375 0.35009765625 0.4404296875 0.34814453125 0.439453125 0.34619140625 0.439453125 0.34375 0.4404296875 0.341796875 0.443359375 0.34130859375 0.44921875
