2 0.4140625 0.1318359375 0.47314453125 0.1298828125 0.47265625 0.1015625 0.50048828125 0.1005859375 0.53857421875 0.1083984375 0.53564453125 0.412109375 0.37890625 0.4091796875 0.38037109375 0.16015625
4 0.51806640625 0.3740234375 0.5166015625 0.359375 0.5126953125 0.34765625 0.50830078125 0.3447265625 0.5048828125 0.3515625 0.4990234375 0.3466796875 0.49462890625 0.3486328125 0.48876953125 0.349609375 0.486328125 0.3408203125 0.48046875 0.33984375 0.4775390625 0.333984375 0.47314453125 0.3291015625 0.47314453125 0.3193359375 0.470703125 0.3076171875 0.474609375 0.2978515625 0.474609375 0.28125 0.4765625 0.2724609375 0.47119140625 0.26171875 0.47119140625 0.24609375 0.4736328125 0.23828125 0.47314453125 0.228515625 0.466796875 0.216796875 0.46728515625 0.2041015625 0.4697265625 0.193359375 0.474609375 0.189453125 0.47802734375 0.1826171875 0.47998046875 0.1728515625 0.4853515625 0.166015625 0.48876953125 0.16015625 0.4951171875 0.1630859375 0.49658203125 0.171875 0.49755859375 0.177734375 0.5 0.177734375 0.501953125 0.1826171875 0.50341796875 0.1923828125 0.50341796875 0.1884765625 0.5048828125 0.1806640625 0.5048828125 0.169921875 0.50341796875 0.1640625 0.50341796875 0.15625 0.5009765625 0.1474609375 0.501953125 0.1376953125 0.50146484375 0.1279296875 0.5068359375 0.126953125 0.50634765625 0.1162109375 0.509765625 0.1162109375 0.51611328125 0.1162109375 0.52197265625 0.1201171875 0.52880859375 0.1220703125 0.5302734375 0.1181640625 0.53369140625 0.1171875 0.54052734375 0.1162109375 0.5302734375 0.3505859375 0.525390625 0.359375 0.52392578125 0.4091796875 0.5185546875 0.408203125
2 0.52685546875 0.408203125 0.5283203125 0.3720703125 0.52734375 0.36328125 0.53515625 0.076171875 0.5302734375 0.0732421875 0.533203125 0.0595703125 0.5380859375 0.04296875 0.54052734375 0.0302734375 0.54052734375 0.0224609375 0.5390625 0.0146484375 0.54345703125 0.0009765625 0.79443359375 0.001953125 0.7724609375 0.40625 0.591796875 0.4111328125 0.54052734375 0.41015625
2 -0.00048828125 0.0 0.37841796875 0.0009765625 0.38134765625 0.0048828125 0.38037109375 0.01171875 0.3837890625 0.017578125 0.3828125 0.046875 0.3984375 0.0478515625 0.4013671875 0.03515625 0.404296875 0.0341796875 0.40478515625 0.052734375 0.41162109375 0.0546875 0.41064453125 0.08984375 0.412109375 0.0986328125 0.412109375 0.1044921875 0.416015625 0.111328125 0.4169921875 0.1416015625 0.41943359375 0.146484375 0.41650390625 0.158203125 0.4169921875 0.1904296875 0.41552734375 0.2421875 0.41748046875 0.2431640625 0.41650390625 0.26171875 0.41650390625 0.2685546875 0.41455078125 0.357421875 0.3564453125 0.4052734375 0.21142578125 0.41796875 0.0 0.4306640625 0.0 0.205078125 0.0 0.0302734375
5 0.37109375 0.361328125 0.37646484375 0.3583984375 0.3818359375 0.3583984375 0.384765625 0.3642578125 0.388671875 0.3701171875 0.3935546875 0.3994140625 0.38671875 0.3994140625 0.38525390625 0.4013671875 0.37255859375 0.3994140625 0.369140625 0.3798828125
5 0.3994140625 0.3359375 0.4033203125 0.30859375 0.4072265625 0.3037109375 0.42138671875 0.298828125 0.42919921875 0.30078125 0.43408203125 0.3037109375 0.4404296875 0.30859375 0.44287109375 0.3154296875 0.44384765625 0.34375 0.44775390625 0.3427734375 0.4482421875 0.3505859375 0.4462890625 0.3603515625 0.4443359375 0.380859375 0.4453125 0.404296875 0.3955078125 0.400390625
5 0.33935546875 0.400390625 0.33935546875 0.3759765625 0.341796875 0.37109375 0.3388671875 0.365234375 0.34228515625 0.3603515625 0.3447265625 0.3603515625 0.349609375 0.3515625 0.35693359375 0.3505859375 0.37158203125 0.3525390625 0.3759765625 0.3603515625 0.3779296875 0.3642578125 0.38037109375 0.3642578125 0.38232421875 0.369140625 0.37841796875 0.3779296875 0.376953125 0.4013671875 0.37060546875 0.4013671875 0.36669921875 0.3984375 0.349609375 0.396484375 0.3466796875 0.400390625 0.3427734375 0.400390625
0 0.0 0.4189453125 0.28759765625 0.416015625 0.33251953125 0.4013671875 0.33935546875 0.400390625 0.3955078125 0.4013671875 0.49169921875 0.4033203125 0.53271484375 0.4072265625 0.5908203125 0.408203125 0.65478515625 0.4150390625 0.74951171875 0.4072265625 0.77197265625 0.41015625 0.810546875 0.4931640625 0.75341796875 0.5283203125 0.99853515625 0.7236328125 0.998046875 0.9970703125 0.62109375 0.998046875 0.3115234375 0.9970703125 0.0 0.9951171875
1 -0.0009765625 0.4013671875 0.0380859375 0.4130859375 0.1279296875 0.4052734375 0.1904296875 0.40234375 0.208984375 0.4033203125 0.21044921875 0.400390625 0.248046875 0.3935546875 0.28515625 0.3935546875 0.31298828125 0.396484375 0.33642578125 0.3994140625 0.31689453125 0.4072265625 0.29345703125 0.4208984375 0.28125 0.421875 0.2451171875 0.4248046875 0.11865234375 0.43359375 0.03759765625 0.439453125 -0.0009765625 0.4384765625
1 0.5771484375 0.4072265625 0.61572265625 0.4072265625 0.654296875 0.4052734375 0.7021484375 0.404296875 0.7314453125 0.3984375 0.76611328125 0.396484375 0.7705078125 0.423828125 0.755859375 0.4228515625 0.71875 0.421875 0.68896484375 0.4189453125 0.61328125 0.416015625 0.55810546875 0.412109375 0.533203125 0.41015625 0.52587890625 0.4052734375 0.52978515625 0.40625 0.5517578125 0.4072265625 0.56103515625 0.4072265625 0.57080078125 0.4072265625
1 0.7666015625 0.46875 0.70458984375 0.47265625 0.66162109375 0.4755859375 0.6474609375 0.482421875 0.64306640625 0.4873046875 0.642578125 0.5009765625 0.66162109375 0.513671875 0.71630859375 0.5595703125 0.7890625 0.6171875 0.88623046875 0.693359375 0.91796875 0.7177734375 0.99755859375 0.7734375 0.99853515625 0.5908203125
2 0.779296875 0.0009765625 0.99755859375 0.0 0.99853515625 0.609375 0.93115234375 0.572265625 0.81201171875 0.5126953125 0.77880859375 0.494140625 0.76416015625 0.4833984375 0.76611328125 0.4189453125 0.7646484375 0.4072265625 0.7705078125 0.2705078125 0.7744140625 0.150390625 0.7763671875 0.1181640625 0.7705078125 0.115234375 0.759765625 0.111328125 0.76025390625 0.1015625 0.77099609375 0.0986328125 0.77490234375 0.0888671875 0.7783203125 0.0712890625 0.77880859375 0.03515625 0.77880859375 0.0146484375
1 0.0283203125 0.521484375 0.06591796875 0.5244140625 0.0849609375 0.52734375 0.103515625 0.5302734375 0.11767578125 0.5419921875 0.12109375 0.5517578125 0.11865234375 0.5595703125 0.08740234375 0.5830078125 0.04150390625 0.6064453125
5 -0.0009765625 0.3330078125 0.0146484375 0.3427734375 0.02880859375 0.35546875 0.0361328125 0.3671875 0.0400390625 0.3935546875 0.0478515625 0.435546875 0.052734375 0.451171875 0.05322265625 0.4833984375 0.052734375 0.5283203125 0.056640625 0.5400390625 0.056640625 0.5595703125 0.05126953125 0.58203125 0.05224609375 0.599609375 0.0517578125 0.615234375 0.0498046875 0.630859375 0.048828125 0.6435546875 0.04638671875 0.6533203125 0.04150390625 0.6591796875 0.03662109375 0.6630859375 0.029296875 0.6630859375 0.02490234375 0.66015625 0.02197265625 0.65625 0.0185546875 0.650390625 0.017578125 0.6435546875 0.0166015625 0.6357421875 0.01611328125 0.626953125 0.0 0.6357421875 0.0 0.4755859375 -0.0009765625 0.3876953125
