0 0.0 0.388671875 0.2158203125 0.37109375 0.46826171875 0.3447265625 0.55908203125 0.3759765625 0.67529296875 0.357421875 0.79150390625 0.34375 0.99853515625 0.7060546875 0.99755859375 0.998046875 -0.0009765625 0.9970703125
2 -0.00048828125 0.0 0.66552734375 0.0 0.666015625 0.0791015625 0.70263671875 0.0908203125 0.74853515625 0.1640625 0.74560546875 0.171875 0.74609375 0.2001953125 0.763671875 0.201171875 0.76708984375 0.208984375 0.78173828125 0.2119140625 0.78271484375 0.228515625 0.806640625 0.2265625 0.81298828125 0.224609375 0.810546875 0.25 0.78125 0.255859375 0.783203125 0.27734375 0.80126953125 0.27734375 0.81494140625 0.2744140625 0.83935546875 0.287109375 0.8603515625 0.3173828125 0.865234375 0.353515625 0.66455078125 0.390625 0.53662109375 0.4228515625 0.0 0.4345703125 -0.0009765625 0.43359375
4 0.78076171875 0.296875 0.7822265625 0.2783203125 0.787109375 0.275390625 0.791015625 0.2763671875 0.7919921875 0.2841796875 0.7939453125 0.2939453125 0.79443359375 0.2958984375 0.79443359375 0.2998046875 0.79296875 0.3037109375 0.78955078125 0.30078125 0.78466796875 0.2998046875
4 0.81787109375 0.3115234375 0.79150390625 0.3076171875 0.7919921875 0.32421875 0.80517578125 0.3291015625 0.818359375 0.32421875 0.822265625 0.318359375
0 0.33740234375 0.4365234375 0.40625 0.4443359375 0.4111328125 0.3974609375 0.326171875 0.39453125 0.306640625 0.4072265625 0.30908203125 0.427734375 0.32861328125 0.4375 0.33740234375 0.4365234375
4 0.7646484375 0.302734375 0.7705078125 0.3037109375 0.77294921875 0.310546875 0.7744140625 0.32421875 0.77294921875 0.3330078125 0.77001953125 0.341796875 0.76708984375 0.3359375 0.76513671875 0.330078125 0.7646484375 0.32421875 0.7646484375 0.3125
4 0.80517578125 0.224609375 0.8056640625 0.2197265625 0.80908203125 0.208984375 0.80859375 0.197265625 0.81689453125 0.19921875 0.82861328125 0.1513671875 0.830078125 0.1376953125 0.830078125 0.1240234375 0.830078125 0.111328125 0.833984375 0.10546875 0.8359375 0.09375 0.8388671875 0.0771484375 0.84228515625 0.0693359375 0.84619140625 0.060546875 0.8564453125 0.0625 0.8603515625 0.0751953125 0.86376953125 0.0849609375 0.86572265625 0.0830078125 0.8671875 0.0703125 0.86767578125 0.068359375 0.87060546875 0.0869140625 0.87158203125 0.09375 0.873046875 0.1044921875 0.87255859375 0.1171875 0.87451171875 0.1103515625 0.8759765625 0.1083984375 0.8779296875 0.111328125 0.87939453125 0.119140625 0.88525390625 0.1201171875 0.8896484375 0.12109375 0.89794921875 0.12109375 0.90283203125 0.12109375 0.92138671875 0.1884765625 0.921875 0.3388671875 0.8505859375 0.337890625 0.8408203125 0.3154296875 0.83642578125 0.306640625 0.82177734375 0.306640625 0.81689453125 0.2998046875 0.8115234375 0.29296875 0.8125 0.2763671875 0.8125 0.265625 0.81005859375 0.2568359375 0.80419921875 0.255859375 0.80126953125 0.2490234375 0.8037109375 0.2392578125
4 0.52783203125 0.337890625 0.5283203125 0.3271484375 0.5283203125 0.32421875 0.5390625 0.306640625 0.54443359375 0.302734375 0.5517578125 0.3037109375 0.55908203125 0.302734375 0.5625 0.3046875 0.56640625 0.3056640625 0.56982421875 0.3046875 0.57666015625 0.296875 0.580078125 0.3017578125 0.5859375 0.3046875 0.587890625 0.3076171875 0.58837890625 0.314453125 0.58642578125 0.3203125 0.58544921875 0.3271484375 0.583984375 0.333984375 0.58203125 0.34375 0.57861328125 0.349609375 0.5732421875 0.3466796875 0.5703125 0.34375 0.5673828125 0.34765625 0.564453125 0.3505859375 0.5595703125 0.345703125 0.55322265625 0.3447265625 0.5458984375 0.34375 0.54345703125 0.3466796875 0.5419921875 0.3486328125 0.537109375 0.3525390625 0.5341796875 0.3486328125 0.5302734375 0.3486328125 0.5263671875 0.3486328125 0.52490234375 0.3447265625
4 0.60302734375 0.1865234375 0.6005859375 0.1767578125 0.6044921875 0.166015625 0.60693359375 0.1591796875 0.61474609375 0.16015625 0.62109375 0.1708984375 0.62451171875 0.1689453125 0.6298828125 0.15625 0.63720703125 0.1484375 0.63720703125 0.138671875 0.63916015625 0.1240234375 0.64404296875 0.1220703125 0.6474609375 0.1259765625 0.6513671875 0.13671875 0.65478515625 0.142578125 0.65869140625 0.1455078125 0.6591796875 0.1611328125 0.66357421875 0.1630859375 0.6669921875 0.1640625 0.67431640625 0.171875 0.67822265625 0.181640625 0.68115234375 0.1923828125 0.68505859375 0.20703125 0.6875 0.2138671875 0.68408203125 0.2275390625 0.68212890625 0.236328125 0.6806640625 0.24609375 0.68408203125 0.2548828125 0.68359375 0.265625 0.6806640625 0.279296875 0.67529296875 0.27734375 0.67138671875 0.283203125 0.671875 0.2900390625 0.67041015625 0.3056640625 0.66064453125 0.3056640625 0.65380859375 0.3125 0.65478515625 0.3173828125 0.6630859375 0.3203125 0.6552734375 0.3291015625 0.64990234375 0.333984375 0.6474609375 0.3466796875 0.64453125 0.3515625 0.64306640625 0.3818359375 0.63232421875 0.38671875 0.62744140625 0.3837890625 0.62451171875 0.3623046875 0.626953125 0.3427734375 0.6220703125 0.3212890625 0.619140625 0.3154296875 0.615234375 0.3154296875 0.60986328125 0.3251953125 0.60302734375 0.333984375 0.6005859375 0.330078125 0.6005859375 0.3232421875 0.6015625 0.310546875 0.6044921875 0.298828125 0.59716796875 0.287109375 0.5947265625 0.279296875 0.5947265625 0.26953125 0.59423828125 0.2587890625 0.59716796875 0.2587890625 0.6005859375 0.263671875 0.60400390625 0.2607421875 0.5986328125 0.2578125 0.595703125 0.2470703125 0.59228515625 0.2421875 0.58984375 0.23046875 0.58837890625 0.220703125 0.5888671875 0.2119140625 0.58984375 0.2041015625 0.59619140625 0.2080078125 0.60205078125 0.20703125 0.60498046875 0.2041015625 0.60400390625 0.2021484375 0.59814453125 0.1962890625 0.599609375 0.1884765625
2 0.92578125 0.373046875 0.9150390625 0.3232421875 0.91796875 0.23046875 0.89208984375 0.22265625 0.89453125 0.2119140625 0.89453125 0.1982421875 0.8935546875 0.1552734375 0.88720703125 0.15625 0.88818359375 0.0009765625 0.998046875 0.0 0.99853515625 0.0009765625 0.99853515625 0.3818359375
5 0.435546875 0.3271484375 0.4326171875 0.3388671875 0.43994140625 0.3720703125 0.482421875 0.37109375 0.4912109375 0.357421875 0.478515625 0.3291015625
1 0.28662109375 0.38671875 0.17626953125 0.3935546875 0.1259765625 0.3994140625 0.1005859375 0.4013671875 0.154296875 0.4462890625 0.1806640625 0.4423828125 0.24951171875 0.431640625 0.26025390625 0.42578125 0.28955078125 0.4150390625 0.29541015625 0.4091796875 0.2939453125 0.3916015625
3 0.30810546875 0.3388671875 0.35888671875 0.3349609375 0.43505859375 0.337890625 0.46875 0.34375 0.46875 0.3671875 0.40966796875 0.39453125 0.287109375 0.3994140625 0.2880859375 0.341796875
4 0.3662109375 0.3740234375 0.3671875 0.3408203125 0.36865234375 0.3056640625 0.36865234375 0.287109375 0.35986328125 0.2880859375 0.35302734375 0.2958984375 0.345703125 0.3046875 0.33251953125 0.3046875 0.31884765625 0.3056640625 0.30419921875 0.27734375 0.306640625 0.26171875 0.30908203125 0.2490234375 0.30810546875 0.240234375 0.29150390625 0.2373046875 0.27978515625 0.220703125 0.279296875 0.201171875 0.279296875 0.1708984375 0.28369140625 0.16015625 0.28857421875 0.142578125 0.29638671875 0.1298828125 0.30712890625 0.1171875 0.31005859375 0.0986328125 0.30810546875 0.08984375 0.31005859375 0.07421875 0.31005859375 0.0615234375 0.31201171875 0.0400390625 0.31591796875 0.021484375 0.32177734375 0.0078125 0.32373046875 0.0 0.42138671875 0.0009765625 0.4248046875 0.0087890625 0.42578125 0.0234375 0.42724609375 0.03515625 0.4287109375 0.0400390625 0.4296875 0.04296875 0.427734375 0.0537109375 0.4306640625 0.05859375 0.43994140625 0.056640625 0.4462890625 0.060546875 0.4521484375 0.080078125 0.4541015625 0.095703125 0.45751953125 0.115234375 0.45361328125 0.142578125 0.453125 0.1494140625 0.4560546875 0.1533203125 0.46240234375 0.1533203125 0.46923828125 0.1650390625 0.47265625 0.1875 0.46826171875 0.203125 0.4658203125 0.21484375 0.4677734375 0.2177734375 0.4736328125 0.2265625 0.4736328125 0.2451171875 0.46826171875 0.259765625 0.45947265625 0.271484375 0.4482421875 0.279296875 0.4345703125 0.2939453125 0.42919921875 0.29296875 0.416015625 0.287109375 0.404296875 0.2919921875 0.384765625 0.2900390625 0.37744140625 0.291015625 0.3759765625 0.3037109375 0.373046875 0.330078125 0.37158203125 0.3740234375
5 0.033203125 0.357421875 0.0 0.357421875 0.00048828125 0.5546875 0.05908203125 0.5634765625 0.0634765625 0.576171875 0.06689453125 0.5869140625 0.072265625 0.595703125 0.08203125 0.5986328125 0.0888671875 0.5927734375 0.09228515625 0.5810546875 0.09521484375 0.5673828125 0.09619140625 0.5546875 0.14794921875 0.5439453125 0.15234375 0.5556640625 0.15673828125 0.5595703125 0.162109375 0.55859375 0.16552734375 0.5546875 0.16748046875 0.5498046875 0.17041015625 0.5390625 0.171875 0.525390625 0.17236328125 0.51171875 0.17236328125 0.5009765625 0.171875 0.48828125 0.1689453125 0.4619140625 0.16259765625 0.4462890625 0.14404296875 0.4345703125 0.14697265625 0.4296875 0.150390625 0.4228515625 0.1474609375 0.4169921875 0.14306640625 0.412109375 0.1376953125 0.412109375 0.1337890625 0.408203125 0.123046875 0.390625 0.10546875 0.3681640625 0.06787109375 0.3583984375 0.04296875 0.3564453125
5 0.44384765625 0.5595703125 0.4453125 0.4970703125 0.44970703125 0.4775390625 0.453125 0.453125 0.4560546875 0.447265625 0.45556640625 0.435546875 0.46142578125 0.4267578125 0.47119140625 0.3837890625 0.482421875 0.35546875 0.50146484375 0.3505859375 0.5341796875 0.3505859375 0.5927734375 0.3515625 0.60107421875 0.3623046875 0.61865234375 0.443359375 0.62109375 0.427734375 0.6298828125 0.4287109375 0.63720703125 0.43359375 0.63916015625 0.44140625 0.6376953125 0.447265625 0.63232421875 0.455078125 0.6240234375 0.45703125 0.62646484375 0.4638671875 0.62890625 0.4658203125 0.62939453125 0.474609375 0.626953125 0.482421875 0.62890625 0.5224609375 0.62841796875 0.5693359375 0.626953125 0.630859375 0.62548828125 0.640625 0.6240234375 0.6474609375 0.62109375 0.6533203125 0.61865234375 0.6591796875 0.60986328125 0.658203125 0.6044921875 0.6513671875 0.60107421875 0.638671875 0.59912109375 0.6298828125 0.59765625 0.6083984375 0.47265625 0.6044921875 0.4697265625 0.6494140625 0.46142578125 0.65625 0.45263671875 0.6533203125 0.4462890625 0.6416015625 0.44482421875 0.6103515625 0.4453125 0.5693359375
5 0.76708984375 0.41015625 0.7607421875 0.4306640625 0.75830078125 0.4306640625 0.75439453125 0.421875 0.744140625 0.4248046875 0.74365234375 0.4384765625 0.74365234375 0.4423828125 0.75048828125 0.447265625 0.75341796875 0.451171875 0.751953125 0.45703125 0.744140625 0.48046875 0.7421875 0.513671875 0.74267578125 0.53125 0.7421875 0.5458984375 0.74267578125 0.552734375 0.74267578125 0.560546875 0.74267578125 0.572265625 0.744140625 0.580078125 0.74609375 0.5859375 0.751953125 0.591796875 0.75927734375 0.591796875 0.7626953125 0.58203125 0.76318359375 0.564453125 0.7861328125 0.5830078125 0.7890625 0.615234375 0.79150390625 0.6298828125 0.80126953125 0.6376953125 0.81103515625 0.6357421875 0.8154296875 0.6240234375 0.81591796875 0.615234375 0.84912109375 0.615234375 0.92431640625 0.4140625 0.95654296875 0.357421875 0.94091796875 0.33203125 0.9296875 0.3212890625 0.9111328125 0.3212890625 0.880859375 0.3251953125 0.8388671875 0.3251953125 0.8125 0.3359375 0.79345703125 0.353515625 0.77490234375 0.3828125 0.771484375 0.404296875
5 0.978515625 0.34375 0.958984375 0.3486328125 0.93701171875 0.3759765625 0.91064453125 0.4287109375 0.892578125 0.470703125 0.88525390625 0.45703125 0.8671875 0.455078125 0.86376953125 0.4677734375 0.8671875 0.484375 0.880859375 0.486328125 0.86474609375 0.5048828125 0.86083984375 0.5234375 0.8515625 0.544921875 0.84765625 0.5966796875 0.84716796875 0.6337890625 0.8505859375 0.6669921875 0.85400390625 0.6923828125 0.8603515625 0.712890625 0.86962890625 0.7177734375 0.876953125 0.7138671875 0.884765625 0.6982421875 0.966796875 0.751953125 0.9716796875 0.78515625 0.97802734375 0.8095703125 0.98779296875 0.8330078125 0.99853515625 0.84375 0.9970703125 0.3388671875 0.9873046875 0.3388671875
