4 0.9990234375 0.06640625 0.9990234375 0.4140625 0.90478515625 0.4267578125 0.5283203125 0.47265625 0.43310546875 0.4853515625 0.1474609375 0.505859375 -0.0009765625 0.5078125 0.0 0.0009765625 0.953125 0.0029296875 0.95166015625 0.0283203125 0.94189453125 0.060546875 0.9638671875 0.07421875 0.97998046875 0.09375
5 0.08056640625 0.4404296875 0.0654296875 0.447265625 0.0576171875 0.458984375 0.04931640625 0.4677734375 0.037109375 0.47265625 0.02978515625 0.478515625 0.02197265625 0.484375 0.01904296875 0.49609375 0.0234375 0.5107421875 0.0390625 0.5146484375 0.05810546875 0.509765625 0.08544921875 0.5009765625 0.11181640625 0.5029296875 0.12255859375 0.486328125 0.1171875 0.455078125 0.09326171875 0.4453125
5 0.17431640625 0.4560546875 0.1494140625 0.4609375 0.12646484375 0.462890625 0.11279296875 0.453125 0.10546875 0.474609375 0.10888671875 0.5009765625 0.138671875 0.509765625 0.18310546875 0.5029296875 0.18603515625 0.4892578125 0.185546875 0.486328125 0.18408203125 0.4814453125 0.18359375 0.4765625 0.18017578125 0.46875
0 0.90966796875 0.4248046875 0.857421875 0.431640625 0.5439453125 0.46875 0.45166015625 0.4814453125 0.19287109375 0.4931640625 0.07080078125 0.509765625 0.00830078125 0.5205078125 0.0 0.5205078125 0.0 0.9951171875 0.998046875 0.998046875 0.9990234375 0.9052734375 0.79345703125 0.5673828125 0.92431640625 0.4765625 0.9970703125 0.4462890625 0.99755859375 0.40234375 0.93212890625 0.4189453125
3 0.22021484375 0.4345703125 0.1416015625 0.4404296875 -0.0009765625 0.4462890625 0.0 0.474609375 0.06201171875 0.4716796875 0.0654296875 0.53515625 0.0751953125 0.5322265625 0.0810546875 0.474609375 0.14404296875 0.46875 0.14501953125 0.521484375 0.15625 0.521484375 0.1611328125 0.458984375 0.21435546875 0.45703125 0.216796875 0.49609375 0.22607421875 0.494140625 0.22900390625 0.4609375 0.255859375 0.453125 0.25537109375 0.4296875
5 0.9736328125 0.3935546875 0.9609375 0.3759765625 0.9208984375 0.3798828125 0.9111328125 0.3974609375 0.90283203125 0.4072265625 0.9033203125 0.421875 0.90673828125 0.43359375 0.9130859375 0.4423828125 0.927734375 0.4541015625 0.9873046875 0.4375 0.98828125 0.4052734375 0.98046875 0.3984375
5 0.88037109375 0.3837890625 0.8642578125 0.3876953125 0.8544921875 0.4013671875 0.84765625 0.412109375 0.84326171875 0.41796875 0.84814453125 0.4375 0.8701171875 0.4462890625 0.89306640625 0.4375 0.8984375 0.427734375 0.8994140625 0.4169921875 0.89892578125 0.3984375 0.8955078125 0.3876953125 0.888671875 0.3828125
5 0.84130859375 0.388671875 0.82958984375 0.3662109375 0.80517578125 0.3642578125 0.77294921875 0.3681640625 0.76806640625 0.4599609375 0.76953125 0.482421875 0.77392578125 0.484375 0.77783203125 0.4775390625 0.77880859375 0.46484375 0.7919921875 0.462890625 0.79345703125 0.474609375 0.796875 0.478515625 0.80029296875 0.4794921875 0.8037109375 0.4736328125 0.8046875 0.4658203125 0.85791015625 0.470703125 0.85595703125 0.419921875 0.841796875 0.3994140625
1 0.84765625 0.751953125 0.9970703125 0.9541015625 0.99853515625 0.7197265625 0.95703125 0.6494140625 0.95361328125 0.4609375 0.90283203125 0.4794921875 0.85791015625 0.4912109375 0.7958984375 0.5234375 0.7724609375 0.55078125 0.7646484375 0.587890625 0.76806640625 0.6162109375 0.79052734375 0.6689453125 0.8291015625 0.7265625
3 0.96826171875 0.404296875 0.90185546875 0.40234375 0.85400390625 0.41015625 0.80859375 0.4091796875 0.80078125 0.41015625 0.80029296875 0.4453125 0.79931640625 0.560546875 0.8134765625 0.578125 0.81591796875 0.59765625 0.84814453125 0.6376953125 0.85986328125 0.6337890625 0.85693359375 0.4521484375 0.92822265625 0.4619140625 0.92822265625 0.7265625 0.94384765625 0.7197265625 0.99853515625 0.7646484375 0.99755859375 0.4052734375
5 0.59619140625 0.4892578125 0.5947265625 0.498046875 0.59130859375 0.50390625 0.5869140625 0.5029296875 0.58349609375 0.4970703125 0.58251953125 0.48828125 0.55859375 0.4892578125 0.55859375 0.49609375 0.55810546875 0.50390625 0.55419921875 0.5078125 0.54931640625 0.5068359375 0.546875 0.5029296875 0.544921875 0.498046875 0.54345703125 0.4853515625 0.54150390625 0.45703125 0.54150390625 0.427734375 0.54833984375 0.3984375 0.56005859375 0.3798828125 0.58984375 0.3798828125 0.58984375 0.4375 0.615234375 0.4296875 0.62158203125 0.4521484375 0.62060546875 0.50390625 0.60693359375 0.5029296875
5 0.4140625 0.4296875 0.412109375 0.443359375 0.3974609375 0.404296875 0.3779296875 0.3818359375 0.3251953125 0.380859375 0.28173828125 0.3857421875 0.26611328125 0.4072265625 0.2490234375 0.4287109375 0.2421875 0.4384765625 0.232421875 0.45703125 0.21875 0.4814453125 0.2158203125 0.537109375 0.21826171875 0.5673828125 0.2255859375 0.583984375 0.2314453125 0.58984375 0.23291015625 0.60546875 0.240234375 0.619140625 0.2509765625 0.6220703125 0.26025390625 0.619140625 0.265625 0.6044921875 0.26806640625 0.5927734375 0.35009765625 0.58984375 0.3525390625 0.6064453125 0.35986328125 0.6181640625 0.36962890625 0.62109375 0.380859375 0.6142578125 0.38525390625 0.6005859375 0.38720703125 0.58203125 0.41796875 0.5673828125 0.42138671875 0.5810546875 0.4287109375 0.5849609375 0.43701171875 0.5830078125 0.44287109375 0.572265625 0.44482421875 0.548828125 0.44580078125 0.525390625 0.44580078125 0.5029296875 0.44287109375 0.4814453125 0.42919921875 0.45703125 0.4306640625 0.4453125 0.42333984375 0.4326171875
