2 0.41796875 0.09375 0.3916015625 0.0927734375 0.39013671875 0.0810546875 0.3798828125 0.0810546875 0.37939453125 0.09765625 0.36767578125 0.099609375 0.35546875 0.1025390625 0.35546875 0.095703125 0.345703125 0.09375 0.3447265625 0.09765625 0.34228515625 0.1025390625 0.32568359375 0.1005859375 0.3212890625 0.1201171875 0.3193359375 0.1298828125 0.30517578125 0.1103515625 0.3017578125 0.1103515625 0.302734375 0.0966796875 0.3017578125 0.0712890625 0.2978515625 0.0 0.0 0.001953125 0.0009765625 0.6328125 0.1474609375 0.5380859375 0.23876953125 0.509765625 0.310546875 0.4765625 0.33984375 0.4599609375 0.36181640625 0.4453125 0.37890625 0.439453125 0.3974609375 0.44140625 0.41357421875 0.44140625 0.42236328125 0.4423828125 0.4296875 0.44140625 0.43994140625 0.4462890625 0.447265625 0.44140625 0.45703125 0.4453125 0.4638671875 0.447265625 0.46923828125 0.4423828125 0.47265625 0.4423828125 0.48046875 0.4443359375 0.47216796875 0.001953125 0.46484375 0.0 0.4580078125 0.0087890625 0.455078125 0.0126953125 0.453125 0.01953125 0.4501953125 0.0283203125 0.44482421875 0.044921875 0.443359375 0.052734375 0.4375 0.05078125 0.43701171875 0.05078125 0.435546875 0.0517578125 0.4345703125 0.0546875 0.4306640625 0.0576171875 0.4306640625 0.064453125 0.4306640625 0.0732421875 0.42236328125 0.0751953125 0.4228515625 0.091796875
0 0.3505859375 0.4658203125 0.302734375 0.5009765625 0.26904296875 0.515625 0.20751953125 0.541015625 0.15771484375 0.5595703125 0.05810546875 0.6220703125 0.0 0.6650390625 0.0 0.9970703125 0.99755859375 0.9951171875 0.99658203125 0.7587890625 0.84228515625 0.6455078125 0.73291015625 0.5654296875 0.7109375 0.5380859375 0.669921875 0.5166015625 0.61669921875 0.5078125 0.5634765625 0.4892578125 0.5185546875 0.4677734375 0.4931640625 0.453125 0.46630859375 0.451171875 0.43603515625 0.4462890625 0.41845703125 0.4453125 0.40673828125 0.4453125 0.392578125 0.4443359375 0.38134765625 0.4443359375 0.369140625 0.4482421875
5 0.435546875 0.3955078125 0.42578125 0.3955078125 0.42333984375 0.400390625 0.4169921875 0.4140625 0.41357421875 0.4267578125 0.41748046875 0.4365234375 0.42724609375 0.4375 0.43359375 0.4375 0.4375 0.431640625
2 0.431640625 0.3935546875 0.43017578125 0.3779296875 0.42822265625 0.375 0.427734375 0.3486328125 0.42431640625 0.3388671875 0.42138671875 0.3291015625 0.42138671875 0.30859375 0.41943359375 0.259765625 0.4189453125 0.2294921875 0.4189453125 0.2099609375 0.41845703125 0.1826171875 0.4189453125 0.1640625 0.41552734375 0.1376953125 0.4208984375 0.1240234375 0.4228515625 0.1142578125 0.4267578125 0.1083984375 0.42724609375 0.0966796875 0.43359375 0.08203125 0.443359375 0.0595703125 0.4462890625 0.0439453125 0.45703125 0.0087890625 0.46826171875 0.0 0.998046875 0.0 0.99853515625 0.6416015625 0.71240234375 0.51953125 0.62646484375 0.48046875 0.583984375 0.474609375 0.5146484375 0.4501953125 0.48486328125 0.44140625 0.43115234375 0.4423828125 0.43212890625 0.4287109375
5 0.41259765625 0.4248046875 0.40478515625 0.4248046875 0.39990234375 0.4287109375 0.3984375 0.4443359375 0.400390625 0.4541015625 0.40966796875 0.45703125 0.419921875 0.4501953125 0.42041015625 0.439453125 0.42333984375 0.42578125
5 0.4560546875 0.423828125 0.44189453125 0.4248046875 0.43896484375 0.4287109375 0.43701171875 0.4501953125 0.43701171875 0.462890625 0.4404296875 0.462890625 0.44091796875 0.45703125 0.45263671875 0.4599609375 0.455078125 0.46484375 0.45947265625 0.46484375 0.45947265625 0.4423828125
5 0.49658203125 0.4736328125 0.482421875 0.47265625 0.47314453125 0.4755859375 0.46826171875 0.4716796875 0.46484375 0.4599609375 0.4677734375 0.4375 0.4677734375 0.43359375 0.47021484375 0.4248046875 0.47265625 0.4130859375 0.47900390625 0.40625 0.49853515625 0.408203125 0.50439453125 0.4111328125 0.50146484375 0.443359375
5 0.51708984375 0.4052734375 0.50439453125 0.4072265625 0.49951171875 0.408203125 0.49609375 0.427734375 0.49072265625 0.4287109375 0.48974609375 0.4345703125 0.49169921875 0.4384765625 0.49267578125 0.462890625 0.494140625 0.48046875 0.49560546875 0.4873046875 0.5 0.48828125 0.50244140625 0.4794921875 0.51025390625 0.4755859375 0.5205078125 0.4326171875 0.533203125 0.427734375 0.5302734375 0.4111328125 0.52685546875 0.4072265625
5 0.57568359375 0.4169921875 0.56103515625 0.4150390625 0.544921875 0.4150390625 0.5390625 0.4189453125 0.53515625 0.4306640625 0.53173828125 0.4375 0.5263671875 0.4375 0.5234375 0.4423828125 0.52392578125 0.44921875 0.5263671875 0.453125 0.525390625 0.4853515625 0.52490234375 0.5009765625 0.529296875 0.501953125 0.5302734375 0.5078125 0.533203125 0.5107421875 0.53564453125 0.509765625 0.5380859375 0.5048828125 0.53955078125 0.498046875 0.55126953125 0.4990234375
5 0.3515625 0.431640625 0.357421875 0.4287109375 0.36474609375 0.4287109375 0.36669921875 0.439453125 0.369140625 0.4541015625 0.369140625 0.470703125 0.36865234375 0.484375 0.36376953125 0.486328125 0.36376953125 0.4638671875
5 0.28173828125 0.412109375 0.294921875 0.41015625 0.31201171875 0.408203125 0.318359375 0.412109375 0.32275390625 0.4208984375 0.32666015625 0.4296875 0.33203125 0.4443359375 0.3369140625 0.4833984375 0.33837890625 0.5087890625 0.3388671875 0.5234375 0.3349609375 0.5263671875 0.33251953125 0.525390625 0.3310546875 0.5302734375 0.32763671875 0.53515625 0.32275390625 0.533203125 0.3212890625 0.525390625 0.302734375 0.5263671875
5 0.236328125 0.4150390625 0.26953125 0.408203125 0.28515625 0.412109375 0.29736328125 0.4453125 0.30712890625 0.48046875 0.30859375 0.5390625 0.3056640625 0.5498046875 0.30224609375 0.5517578125 0.2978515625 0.546875 0.2958984375 0.53515625 0.29248046875 0.537109375 0.2919921875 0.5517578125 0.291015625 0.5625 0.2861328125 0.5673828125 0.28173828125 0.56640625 0.27978515625 0.560546875 0.2763671875 0.5478515625 0.25390625 0.548828125 0.22802734375 0.431640625 0.2236328125 0.419921875
5 0.21630859375 0.421875 0.16162109375 0.4326171875 0.15576171875 0.4365234375 0.14208984375 0.4580078125 0.1640625 0.525390625 0.17333984375 0.5859375 0.17626953125 0.60546875 0.2080078125 0.595703125 0.21044921875 0.6044921875 0.21435546875 0.6103515625 0.22119140625 0.611328125 0.23046875 0.6083984375 0.232421875 0.5966796875 0.23291015625 0.5791015625 0.2490234375 0.5693359375 0.25048828125 0.583984375 0.25634765625 0.5869140625 0.26220703125 0.583984375 0.26513671875 0.568359375 0.26416015625 0.546875 0.263671875 0.52734375 0.2587890625 0.4765625 0.244140625 0.435546875 0.2216796875 0.41796875
5 0.6171875 0.4130859375 0.59130859375 0.41015625 0.57080078125 0.416015625 0.5615234375 0.4228515625 0.55615234375 0.4375 0.5478515625 0.4443359375 0.54541015625 0.455078125 0.55322265625 0.458984375 0.5458984375 0.4697265625 0.54296875 0.49609375 0.5439453125 0.515625 0.54638671875 0.5263671875 0.5498046875 0.5302734375 0.5537109375 0.5302734375 0.5556640625 0.525390625 0.55712890625 0.51953125 0.56005859375 0.5185546875 0.560546875 0.5302734375 0.56201171875 0.537109375 0.56494140625 0.5380859375 0.56787109375 0.5390625 0.5712890625 0.5361328125 0.57275390625 0.53125 0.57373046875 0.525390625 0.6005859375 0.525390625 0.611328125 0.4755859375 0.619140625 0.43359375
5 0.72314453125 0.4580078125 0.705078125 0.408203125 0.69482421875 0.40234375 0.6806640625 0.4052734375 0.6513671875 0.40625 0.64111328125 0.4013671875 0.626953125 0.4033203125 0.62109375 0.408203125 0.61328125 0.4248046875 0.60595703125 0.4482421875 0.59814453125 0.453125 0.595703125 0.455078125 0.59619140625 0.466796875 0.59765625 0.470703125 0.59326171875 0.486328125 0.591796875 0.5068359375 0.59130859375 0.548828125 0.59423828125 0.556640625 0.5966796875 0.5576171875 0.599609375 0.556640625 0.60205078125 0.5546875 0.60498046875 0.5498046875 0.60595703125 0.541015625 0.615234375 0.548828125 0.61474609375 0.5576171875 0.61669921875 0.572265625 0.6201171875 0.5751953125 0.625 0.5751953125 0.630859375 0.5732421875 0.63330078125 0.56640625 0.63525390625 0.546875 0.67724609375 0.5498046875 0.70654296875 0.55078125 0.70751953125 0.5791015625 0.71337890625 0.5859375 0.72314453125 0.5693359375 0.73193359375 0.5322265625 0.73291015625 0.4951171875
5 0.94140625 0.3876953125 0.90576171875 0.3720703125 0.849609375 0.3798828125 0.802734375 0.3896484375 0.78125 0.400390625 0.76708984375 0.41015625 0.75390625 0.435546875 0.740234375 0.4892578125 0.73583984375 0.47265625 0.7236328125 0.4775390625 0.71533203125 0.4814453125 0.71435546875 0.49609375 0.720703125 0.5048828125 0.7265625 0.5126953125 0.7138671875 0.5380859375 0.7099609375 0.560546875 0.70751953125 0.62109375 0.70751953125 0.6591796875 0.71044921875 0.67578125 0.7177734375 0.6884765625 0.73046875 0.6943359375 0.73779296875 0.6884765625 0.74072265625 0.671875 0.76806640625 0.6982421875 0.77001953125 0.7236328125 0.77197265625 0.7451171875 0.78173828125 0.767578125 0.79248046875 0.771484375 0.80712890625 0.775390625 0.81982421875 0.771484375 0.82568359375 0.740234375 0.869140625 0.7451171875 0.90234375 0.6787109375 0.96142578125 0.5673828125 0.99658203125 0.455078125 0.99755859375 0.4345703125 0.98779296875 0.408203125 0.9775390625 0.3974609375
5 0.95556640625 0.5048828125 0.9462890625 0.5244140625 0.93359375 0.52734375 0.92236328125 0.5341796875 0.916015625 0.541015625 0.9150390625 0.5595703125 0.8955078125 0.5791015625 0.87451171875 0.595703125 0.8662109375 0.6171875 0.8603515625 0.6884765625 0.8662109375 0.80859375 0.8701171875 0.8486328125 0.8779296875 0.87109375 0.88427734375 0.88671875 0.90234375 0.9052734375 0.92138671875 0.90234375 0.93603515625 0.8955078125 0.939453125 0.875 0.99755859375 0.916015625 0.9970703125 0.43359375 0.99365234375 0.44140625 0.97314453125 0.4755859375
5 0.0859375 0.4384765625 0.0498046875 0.44140625 0.03955078125 0.4384765625 0.01904296875 0.4453125 0.0078125 0.4462890625 -0.0009765625 0.4521484375 0.0 0.728515625 0.05908203125 0.7109375 0.0634765625 0.7236328125 0.0673828125 0.7294921875 0.07861328125 0.7275390625 0.087890625 0.7255859375 0.0966796875 0.716796875 0.10205078125 0.69921875 0.10546875 0.6767578125 0.1455078125 0.6484375 0.1494140625 0.6630859375 0.15673828125 0.666015625 0.16357421875 0.6650390625 0.169921875 0.662109375 0.17578125 0.6533203125 0.17822265625 0.638671875 0.1787109375 0.6259765625 0.18017578125 0.5927734375 0.1806640625 0.556640625 0.1767578125 0.5478515625 0.17236328125 0.51171875 0.1669921875 0.4921875 0.1611328125 0.4736328125 0.1513671875 0.453125 0.14208984375 0.4384765625 0.13525390625 0.431640625 0.12060546875 0.427734375 0.10009765625 0.427734375
