0 -0.0009765625 0.6728515625 0.48193359375 0.4443359375 0.57763671875 0.4482421875 0.65185546875 0.4521484375 0.99853515625 0.5869140625 0.998046875 0.99609375 0.64404296875 0.9990234375 0.3505859375 0.9990234375 -0.0009765625 0.9970703125
1 0.447265625 0.44921875 0.48095703125 0.443359375 0.48486328125 0.44921875 0.46826171875 0.4599609375 0.44970703125 0.470703125
1 0.576171875 0.447265625 0.595703125 0.4453125 0.6220703125 0.4541015625 0.61279296875 0.46875 0.5869140625 0.4677734375 0.57861328125 0.4609375
1 0.6953125 0.4873046875 0.73681640625 0.482421875 0.73974609375 0.5126953125 0.71142578125 0.541015625
2 0.32080078125 0.0 0.42578125 0.0 0.4326171875 0.0263671875 0.43017578125 0.03515625 0.4384765625 0.044921875 0.45068359375 0.1005859375 0.45068359375 0.103515625 0.44580078125 0.111328125 0.45068359375 0.12109375 0.4501953125 0.1328125 0.4560546875 0.1455078125 0.45458984375 0.150390625 0.458984375 0.1708984375 0.46826171875 0.1787109375 0.47412109375 0.2099609375 0.4697265625 0.220703125 0.46875 0.2255859375 0.474609375 0.23046875 0.48095703125 0.2451171875 0.482421875 0.2548828125 0.478515625 0.2626953125 0.478515625 0.2666015625 0.48779296875 0.267578125 0.48974609375 0.2919921875 0.50048828125 0.3046875 0.50146484375 0.30859375 0.50341796875 0.314453125 0.50439453125 0.318359375 0.50732421875 0.322265625 0.521484375 0.3203125 0.53857421875 0.3515625 0.5390625 0.4111328125 0.51025390625 0.435546875 0.47607421875 0.4443359375 0.4482421875 0.4560546875 0.3212890625 0.4697265625
4 0.51416015625 0.408203125 0.5107421875 0.3984375 0.51025390625 0.3896484375 0.51025390625 0.3837890625 0.5126953125 0.3779296875 0.515625 0.384765625 0.51806640625 0.38671875 0.51806640625 0.38671875 0.5205078125 0.38671875 0.5234375 0.3935546875 0.5244140625 0.3984375 0.52392578125 0.40625 0.52294921875 0.4091796875
2 0.56982421875 0.2646484375 0.576171875 0.23046875 0.572265625 0.2275390625 0.5947265625 0.0810546875 0.599609375 0.060546875 0.61279296875 0.060546875 0.61474609375 0.0576171875 0.60986328125 0.0537109375 0.6142578125 0.0302734375 0.6474609375 0.017578125 0.6484375 0.0107421875 0.65234375 0.0078125 0.65576171875 0.0087890625 0.66552734375 0.0 0.99853515625 0.0009765625 0.998046875 0.5615234375 0.61865234375 0.4541015625 0.60498046875 0.451171875 0.59326171875 0.4482421875 0.57763671875 0.447265625 0.556640625 0.4287109375 0.5546875 0.4091796875 0.55419921875 0.3154296875 0.55517578125 0.296875 0.5634765625 0.2744140625 0.56494140625 0.271484375 0.56640625 0.2685546875
4 0.5283203125 0.40625 0.53076171875 0.3994140625 0.5322265625 0.3935546875 0.53369140625 0.3935546875 0.53466796875 0.3896484375 0.5361328125 0.3837890625 0.53857421875 0.38671875 0.5390625 0.3876953125 0.5400390625 0.3974609375 0.54052734375 0.4072265625 0.53515625 0.408203125 0.53173828125 0.4091796875
5 0.4775390625 0.43359375 0.47900390625 0.4267578125 0.48486328125 0.42578125 0.49365234375 0.4267578125 0.4970703125 0.43359375 0.49853515625 0.451171875 0.49560546875 0.4541015625 0.4921875 0.45703125 0.47607421875 0.4560546875 0.4755859375 0.4482421875 0.47607421875 0.4404296875
5 0.560546875 0.4228515625 0.56689453125 0.4228515625 0.5732421875 0.42578125 0.578125 0.4296875 0.58203125 0.462890625 0.578125 0.4638671875 0.57373046875 0.46484375 0.56640625 0.46484375 0.56494140625 0.45703125 0.5625 0.44140625
4 0.64306640625 0.4287109375 0.642578125 0.4208984375 0.6435546875 0.412109375 0.646484375 0.40625 0.6533203125 0.4052734375 0.65478515625 0.423828125
4 0.66552734375 0.4228515625 0.65966796875 0.4130859375 0.65673828125 0.3984375 0.6572265625 0.3896484375 0.64794921875 0.3720703125 0.640625 0.37109375 0.62890625 0.34765625 0.6279296875 0.3447265625 0.62060546875 0.328125 0.62060546875 0.318359375 0.6201171875 0.2939453125 0.62451171875 0.296875 0.62353515625 0.2880859375 0.6240234375 0.271484375 0.63134765625 0.28125 0.62890625 0.263671875 0.62939453125 0.2451171875 0.630859375 0.2109375 0.6337890625 0.197265625 0.6396484375 0.189453125 0.646484375 0.1796875 0.6484375 0.171875 0.65576171875 0.17578125 0.65576171875 0.1591796875 0.654296875 0.14453125 0.658203125 0.1298828125 0.66357421875 0.126953125 0.6669921875 0.12109375 0.66796875 0.1015625 0.6572265625 0.1083984375 0.6552734375 0.09765625 0.65625 0.0830078125 0.66455078125 0.078125 0.66943359375 0.0673828125 0.67138671875 0.0517578125 0.67431640625 0.0390625 0.68701171875 0.0283203125 0.6953125 0.0419921875 0.69970703125 0.037109375 0.7060546875 0.029296875 0.69482421875 0.033203125 0.693359375 0.0244140625 0.69384765625 0.0126953125 0.70458984375 0.0 0.99853515625 0.0 0.99853515625 0.4521484375 0.67529296875 0.4462890625
4 0.78466796875 0.3681640625 0.779296875 0.3564453125 0.77734375 0.3447265625 0.7802734375 0.3251953125 0.7822265625 0.3203125 0.78271484375 0.30859375 0.78466796875 0.2958984375 0.79296875 0.2783203125 0.798828125 0.2802734375 0.806640625 0.28125 0.810546875 0.2626953125 0.8125 0.2529296875 0.81787109375 0.2529296875 0.8193359375 0.248046875 0.828125 0.244140625 0.83447265625 0.2548828125 0.8388671875 0.26171875 0.8447265625 0.2646484375 0.845703125 0.2783203125 0.85107421875 0.2822265625 0.85595703125 0.2900390625 0.8603515625 0.2890625 0.865234375 0.283203125 0.86962890625 0.2783203125 0.880859375 0.2744140625 0.8916015625 0.2705078125 0.89990234375 0.3056640625 0.90673828125 0.3056640625 0.91259765625 0.3095703125 0.9169921875 0.2978515625 0.9189453125 0.28515625 0.92822265625 0.29296875 0.9345703125 0.31640625 0.93994140625 0.333984375 0.94287109375 0.3515625 0.787109375 0.376953125
3 0.6630859375 0.4228515625 0.6630859375 0.40625 0.68994140625 0.40234375 0.68896484375 0.396484375 0.7802734375 0.3720703125 0.89404296875 0.3505859375 0.99755859375 0.328125 0.998046875 0.494140625 0.6796875 0.4755859375 0.6708984375 0.4560546875 0.6669921875 0.4365234375
5 0.615234375 0.447265625 0.62255859375 0.4287109375 0.62939453125 0.4208984375 0.650390625 0.4228515625 0.634765625 0.5126953125 0.62646484375 0.5126953125 0.625 0.5234375 0.62060546875 0.525390625 0.61669921875 0.5224609375 0.61669921875 0.5078125 0.61328125 0.5068359375 0.61279296875 0.515625 0.609375 0.51953125 0.60595703125 0.5166015625 0.60498046875 0.5029296875 0.60546875 0.4755859375 0.60888671875 0.4658203125 0.6123046875 0.45703125 0.60791015625 0.4541015625 0.60791015625 0.4482421875
5 0.6357421875 0.4453125 0.64306640625 0.42578125 0.64892578125 0.4189453125 0.6806640625 0.41796875 0.69091796875 0.419921875 0.69921875 0.4296875 0.70849609375 0.4677734375 0.71240234375 0.4912109375 0.71044921875 0.5146484375 0.7138671875 0.5556640625 0.70068359375 0.5478515625 0.6982421875 0.5380859375 0.69677734375 0.54296875 0.69384765625 0.544921875 0.68896484375 0.541015625 0.68798828125 0.5322265625 0.662109375 0.5322265625 0.64453125 0.5322265625 0.64404296875 0.5458984375 0.63916015625 0.5498046875 0.634765625 0.546875 0.63330078125 0.5361328125 0.63232421875 0.541015625 0.63037109375 0.541015625 0.62744140625 0.5361328125 0.62646484375 0.5048828125 0.62646484375 0.48828125 0.62890625 0.4736328125 0.6318359375 0.4677734375 0.62890625 0.46484375 0.62353515625 0.4638671875 0.62158203125 0.455078125 0.626953125 0.4501953125 0.63037109375 0.451171875 0.63134765625 0.45703125 0.63330078125 0.4580078125 0.6337890625 0.45703125 0.634765625 0.453125
5 0.7509765625 0.4287109375 0.76025390625 0.4111328125 0.76708984375 0.4033203125 0.77099609375 0.3974609375 0.7880859375 0.390625 0.8017578125 0.392578125 0.81005859375 0.396484375 0.83740234375 0.396484375 0.876953125 0.396484375 0.88916015625 0.3984375 0.9033203125 0.3984375 0.9208984375 0.4013671875 0.9296875 0.408203125 0.82470703125 0.669921875 0.79541015625 0.6708984375 0.794921875 0.6884765625 0.7919921875 0.703125 0.7861328125 0.7099609375 0.77880859375 0.7109375 0.77099609375 0.7080078125 0.7607421875 0.7021484375 0.7568359375 0.6806640625 0.755859375 0.6494140625 0.7412109375 0.638671875 0.7314453125 0.6328125 0.728515625 0.640625 0.72412109375 0.6494140625 0.71484375 0.6494140625 0.70703125 0.64453125 0.7041015625 0.630859375 0.70458984375 0.5732421875 0.7041015625 0.544921875 0.70751953125 0.51953125 0.71142578125 0.501953125 0.7216796875 0.490234375 0.72802734375 0.4853515625 0.724609375 0.4755859375 0.72705078125 0.4580078125 0.7333984375 0.4521484375 0.7421875 0.451171875 0.7451171875 0.4453125 0.74853515625 0.4375
5 0.8916015625 0.462890625 0.9111328125 0.4267578125 0.93017578125 0.3984375 0.95703125 0.3740234375 0.98828125 0.3642578125 0.998046875 0.3623046875 0.99755859375 0.986328125 0.986328125 0.9658203125 0.9755859375 0.9306640625 0.97021484375 0.892578125 0.9677734375 0.86328125 0.9091796875 0.806640625 0.85986328125 0.7666015625 0.85595703125 0.78515625 0.85009765625 0.7978515625 0.83837890625 0.7978515625 0.83154296875 0.7939453125 0.8271484375 0.787109375 0.82470703125 0.7763671875 0.82275390625 0.763671875 0.82080078125 0.732421875 0.8193359375 0.6875 0.818359375 0.62890625 0.822265625 0.5986328125 0.82861328125 0.5693359375 0.833984375 0.5546875 0.85107421875 0.5361328125 0.8544921875 0.5322265625 0.83984375 0.5224609375 0.83984375 0.5087890625 0.84228515625 0.494140625 0.85546875 0.490234375 0.86962890625 0.4892578125 0.8740234375 0.501953125 0.8798828125 0.4853515625 0.88720703125 0.47265625
4 0.33544921875 0.2646484375 0.34130859375 0.263671875 0.3466796875 0.271484375 0.35107421875 0.2763671875 0.35546875 0.2841796875 0.35888671875 0.294921875 0.36376953125 0.2939453125 0.36669921875 0.3046875 0.36572265625 0.3193359375 0.36474609375 0.353515625 0.3603515625 0.361328125 0.35498046875 0.3701171875 0.34423828125 0.3740234375 0.33447265625 0.3759765625 0.33154296875 0.3798828125 0.3271484375 0.3857421875 0.33056640625 0.326171875 0.3310546875 0.2841796875
4 0.32763671875 0.39453125 0.33349609375 0.3916015625 0.33935546875 0.3916015625 0.3447265625 0.388671875 0.34912109375 0.3818359375 0.35400390625 0.3935546875 0.35693359375 0.4052734375 0.36083984375 0.408203125 0.36474609375 0.4033203125 0.3662109375 0.4111328125 0.3642578125 0.4267578125 0.3271484375 0.4287109375 0.32666015625 0.416015625 0.32666015625 0.4072265625
2 0.0 0.0 0.3291015625 0.0 0.33740234375 0.427734375 -0.0009765625 0.6083984375 0.0 0.3349609375 -0.00048828125 0.05078125
5 0.4130859375 0.4189453125 0.41650390625 0.3994140625 0.41845703125 0.3857421875 0.4248046875 0.3818359375 0.427734375 0.3779296875 0.43994140625 0.3779296875 0.4423828125 0.3828125 0.447265625 0.3837890625 0.45751953125 0.447265625 0.4580078125 0.46875 0.45703125 0.48046875 0.45361328125 0.482421875 0.44970703125 0.4853515625 0.44580078125 0.4833984375 0.44580078125 0.4755859375 0.43798828125 0.4755859375 0.4296875 0.458984375 0.41796875 0.4326171875
5 0.42578125 0.421875 0.43115234375 0.423828125 0.435546875 0.435546875 0.44091796875 0.4375 0.44189453125 0.4423828125 0.44189453125 0.45703125 0.4423828125 0.4794921875 0.44287109375 0.4873046875 0.43994140625 0.494140625 0.4365234375 0.49609375 0.431640625 0.494140625 0.4287109375 0.4599609375 0.42529296875 0.4365234375
5 0.3818359375 0.4267578125 0.38623046875 0.4169921875 0.4111328125 0.412109375 0.421875 0.4130859375 0.42578125 0.41796875 0.431640625 0.447265625 0.43505859375 0.4658203125 0.4345703125 0.4853515625 0.43505859375 0.498046875 0.431640625 0.501953125 0.42626953125 0.501953125 0.42333984375 0.5068359375 0.4169921875 0.5048828125 0.41650390625 0.4970703125 0.408203125 0.4921875 0.40283203125 0.4677734375 0.39208984375 0.439453125
5 0.36376953125 0.4326171875 0.373046875 0.421875 0.39453125 0.4228515625 0.4013671875 0.42578125 0.4091796875 0.4462890625 0.4130859375 0.4775390625 0.4140625 0.498046875 0.4130859375 0.51171875 0.41162109375 0.513671875 0.4072265625 0.513671875 0.4052734375 0.5068359375 0.40283203125 0.5068359375 0.3994140625 0.5087890625 0.3994140625 0.5185546875 0.3955078125 0.521484375 0.3916015625 0.521484375 0.39111328125 0.5146484375 0.39111328125 0.51171875 0.3857421875 0.51171875 0.37890625 0.48828125 0.3701171875 0.4501953125
5 0.31396484375 0.435546875 0.32421875 0.4248046875 0.36181640625 0.421875 0.37109375 0.423828125 0.375 0.4345703125 0.38037109375 0.4482421875 0.38525390625 0.462890625 0.3876953125 0.482421875 0.38916015625 0.5048828125 0.38916015625 0.5224609375 0.38671875 0.5283203125 0.3818359375 0.5283203125 0.37841796875 0.5263671875 0.37744140625 0.5205078125 0.3759765625 0.521484375 0.3759765625 0.533203125 0.3740234375 0.5390625 0.369140625 0.5400390625 0.36474609375 0.5390625 0.3623046875 0.5322265625 0.36083984375 0.5205078125 0.34765625 0.5224609375 0.33349609375 0.5224609375 0.32861328125 0.5048828125 0.3154296875 0.455078125
5 0.2607421875 0.427734375 0.2724609375 0.4169921875 0.294921875 0.416015625 0.30908203125 0.4189453125 0.31884765625 0.4345703125 0.3291015625 0.46875 0.3359375 0.4951171875 0.3349609375 0.515625 0.33544921875 0.5341796875 0.3349609375 0.5498046875 0.333984375 0.5595703125 0.32958984375 0.5615234375 0.3251953125 0.560546875 0.32275390625 0.544921875 0.3193359375 0.5458984375 0.31982421875 0.55859375 0.31982421875 0.5751953125 0.3173828125 0.580078125 0.314453125 0.5810546875 0.31103515625 0.5810546875 0.3095703125 0.578125 0.30810546875 0.5673828125 0.29296875 0.5693359375 0.2861328125 0.556640625 0.27734375 0.48046875 0.27099609375 0.4560546875 0.26513671875 0.4384765625
5 0.15576171875 0.4541015625 0.162109375 0.431640625 0.17529296875 0.412109375 0.18896484375 0.4052734375 0.22021484375 0.4013671875 0.2587890625 0.4013671875 0.26904296875 0.4072265625 0.2744140625 0.4169921875 0.28173828125 0.4453125 0.287109375 0.458984375 0.28955078125 0.46484375 0.2919921875 0.490234375 0.29638671875 0.5146484375 0.2978515625 0.5458984375 0.2978515625 0.568359375 0.296875 0.583984375 0.29248046875 0.5947265625 0.28173828125 0.5966796875 0.27734375 0.587890625 0.275390625 0.568359375 0.2685546875 0.57421875 0.2578125 0.5810546875 0.25830078125 0.5927734375 0.25732421875 0.6064453125 0.25439453125 0.6162109375 0.24755859375 0.619140625 0.24267578125 0.6181640625 0.240234375 0.6142578125 0.2392578125 0.603515625 0.2314453125 0.60546875 0.2119140625 0.6083984375 0.19189453125 0.609375 0.18017578125 0.5576171875 0.16015625 0.474609375
5 0.017578125 0.3935546875 0.0380859375 0.3876953125 0.06201171875 0.3837890625 0.083984375 0.384765625 0.1044921875 0.3857421875 0.123046875 0.390625 0.130859375 0.396484375 0.14501953125 0.416015625 0.154296875 0.4365234375 0.16357421875 0.4619140625 0.171875 0.4921875 0.18017578125 0.494140625 0.18603515625 0.5029296875 0.19287109375 0.5185546875 0.197265625 0.5380859375 0.2001953125 0.5693359375 0.19921875 0.5927734375 0.19921875 0.623046875 0.197265625 0.642578125 0.1943359375 0.6552734375 0.189453125 0.66015625 0.177734375 0.6630859375 0.1708984375 0.66015625 0.1669921875 0.6533203125 0.1650390625 0.640625 0.14208984375 0.6533203125 0.11376953125 0.6728515625 0.11328125 0.6904296875 0.10791015625 0.708984375 0.103515625 0.7177734375 0.0966796875 0.7236328125 0.0888671875 0.7255859375 0.0810546875 0.7275390625 0.0732421875 0.7265625 0.06591796875 0.72265625 0.0576171875 0.701171875 0.033203125 0.70703125 0.00341796875 0.7158203125 0.0 0.716796875 -0.0009765625 0.51953125 0.0 0.400390625 0.0078125 0.3974609375 0.0126953125 0.396484375
5 0.5107421875 0.4189453125 0.51513671875 0.40625 0.5341796875 0.404296875 0.55517578125 0.4052734375 0.56103515625 0.412109375 0.56689453125 0.4365234375 0.5751953125 0.439453125 0.5751953125 0.4521484375 0.568359375 0.453125 0.5703125 0.4716796875 0.5703125 0.4853515625 0.5693359375 0.4970703125 0.56982421875 0.51953125 0.568359375 0.529296875 0.56591796875 0.5322265625 0.56298828125 0.5322265625 0.5595703125 0.52734375 0.55908203125 0.515625 0.53857421875 0.515625 0.51171875 0.513671875 0.51123046875 0.521484375 0.50927734375 0.5283203125 0.505859375 0.5302734375 0.50341796875 0.5283203125 0.5009765625 0.525390625 0.50048828125 0.5166015625 0.5 0.509765625 0.5 0.4970703125 0.49951171875 0.474609375 0.501953125 0.4619140625 0.50341796875 0.447265625 0.5 0.4423828125 0.49951171875 0.435546875 0.50634765625 0.43359375 0.5078125 0.4306640625 0.50830078125 0.4287109375
