4 0.5078125 0.130859375 0.49072265625 0.1220703125 0.4921875 0.1923828125 0.49365234375 0.2587890625 0.50634765625 0.2685546875 0.52587890625 0.2685546875 0.55126953125 0.2685546875 0.5654296875 0.267578125 0.568359375 0.173828125 0.55712890625 0.130859375 0.53466796875 0.123046875 0.529296875 0.125 0.5234375 0.1357421875 0.515625 0.1357421875
2 0.5009765625 0.2392578125 0.49658203125 0.1357421875 0.49609375 0.1171875 0.49462890625 0.10546875 0.49169921875 0.09765625 0.49267578125 0.087890625 0.4912109375 0.0810546875 0.484375 0.0732421875 0.48388671875 0.06640625 0.48193359375 0.0556640625 0.47900390625 0.0517578125 0.47509765625 0.0390625 0.46728515625 0.0419921875 0.46142578125 0.03125 0.458984375 0.041015625 0.4638671875 0.291015625 0.48095703125 0.2802734375 0.4912109375 0.2666015625 0.50146484375 0.2587890625
4 0.49658203125 0.1259765625 0.49462890625 0.119140625 0.49755859375 0.1884765625 0.4921875 0.216796875 0.4921875 0.23046875 0.4970703125 0.23046875 0.50439453125 0.2236328125 0.51171875 0.2197265625 0.515625 0.1982421875
2 0.55712890625 0.283203125 0.55859375 0.2490234375 0.54833984375 0.0 0.998046875 0.0 0.99755859375 0.3984375 0.87548828125 0.3837890625 0.7509765625 0.3486328125 0.6494140625 0.310546875 0.60546875 0.2998046875
0 0.53173828125 0.26171875 0.5166015625 0.259765625 0.505859375 0.259765625 0.48583984375 0.287109375 0.4423828125 0.3251953125 0.3642578125 0.3837890625 0.28515625 0.39453125 0.1708984375 0.3828125 0.076171875 0.3701171875 0.04296875 0.3603515625 0.0341796875 0.3896484375 0.03515625 0.416015625 0.091796875 0.4365234375 0.15087890625 0.455078125 0.18505859375 0.484375 0.15771484375 0.5322265625 0.07275390625 0.560546875 -0.0009765625 0.60546875 0.0 0.9970703125 0.99755859375 0.998046875 0.998046875 0.857421875 0.88232421875 0.68359375 0.8154296875 0.59375 0.875 0.55078125 0.97607421875 0.525390625 0.99853515625 0.517578125 0.99755859375 0.390625 0.7646484375 0.39453125 0.66357421875 0.359375 0.59375 0.3046875 0.55712890625 0.2666015625
5 0.53759765625 0.236328125 0.52978515625 0.2392578125 0.52880859375 0.248046875 0.52685546875 0.2666015625 0.52685546875 0.2802734375 0.54052734375 0.27734375 0.546875 0.2734375 0.55224609375 0.267578125 0.5556640625 0.25390625 0.55322265625 0.2392578125 0.54736328125 0.236328125
4 0.57177734375 0.24609375 0.57421875 0.2255859375 0.57421875 0.212890625 0.57666015625 0.197265625 0.57666015625 0.1826171875 0.572265625 0.17578125 0.5625 0.140625 0.54833984375 0.1240234375 0.5400390625 0.1328125 0.541015625 0.1630859375 0.5390625 0.1923828125 0.541015625 0.2177734375 0.544921875 0.2353515625 0.55029296875 0.24609375 0.55419921875 0.2509765625 0.556640625 0.2705078125 0.5625 0.26953125 0.5654296875 0.2548828125
4 0.4716796875 0.1962890625 0.47802734375 0.189453125 0.47802734375 0.1787109375 0.47802734375 0.158203125 0.47412109375 0.158203125 0.4697265625 0.1455078125 0.4736328125 0.1318359375 0.474609375 0.109375 0.4775390625 0.083984375 0.47705078125 0.0615234375 0.47314453125 0.0478515625 0.466796875 0.0390625 0.45947265625 0.044921875 0.46044921875 0.1455078125 0.46142578125 0.1923828125 0.46337890625 0.2109375 0.47021484375 0.2080078125
2 0.4658203125 0.158203125 0.4658203125 0.03515625 0.46630859375 0.0244140625 0.458984375 0.0009765625 0.0 0.0 -0.0009765625 0.3681640625 0.123046875 0.3515625 0.326171875 0.380859375 0.35791015625 0.3740234375 0.39404296875 0.3486328125 0.4326171875 0.318359375 0.4521484375 0.3017578125 0.46826171875 0.2802734375 0.46826171875 0.2607421875 0.466796875 0.255859375 0.4677734375 0.2109375 0.46923828125 0.2021484375 0.46630859375 0.1923828125
5 0.5 0.2939453125 0.49169921875 0.2939453125 0.48583984375 0.2802734375 0.47509765625 0.2744140625 0.47412109375 0.2666015625 0.47314453125 0.2490234375 0.48779296875 0.2490234375 0.4951171875 0.2490234375 0.49658203125 0.2607421875 0.5009765625 0.28515625
1 0.45654296875 0.322265625 0.40234375 0.3828125 0.36669921875 0.400390625 0.29248046875 0.4052734375 0.19384765625 0.4072265625 0.22314453125 0.3583984375 0.31201171875 0.3681640625 0.33154296875 0.3701171875 0.34033203125 0.3642578125 0.3525390625 0.35546875 0.3671875 0.345703125 0.3828125 0.3388671875 0.39404296875 0.3330078125 0.42724609375 0.3076171875 0.43701171875 0.302734375 0.44677734375 0.291015625 0.453125 0.2841796875 0.46142578125 0.28515625 0.466796875 0.294921875
5 0.58447265625 0.2705078125 0.5791015625 0.2646484375 0.57421875 0.2607421875 0.568359375 0.259765625 0.55859375 0.2607421875 0.5537109375 0.267578125 0.5498046875 0.27734375 0.5478515625 0.294921875 0.55126953125 0.2978515625 0.5634765625 0.2890625 0.57421875 0.2802734375
5 0.5888671875 0.267578125 0.576171875 0.2685546875 0.57080078125 0.2724609375 0.56689453125 0.2802734375 0.5634765625 0.2861328125 0.56103515625 0.2880859375 0.5595703125 0.29296875 0.56103515625 0.3173828125 0.56005859375 0.330078125 0.5615234375 0.3369140625 0.5634765625 0.3427734375 0.56640625 0.3466796875 0.57275390625 0.34765625 0.57666015625 0.345703125 0.580078125 0.3232421875 0.59619140625 0.3076171875 0.6015625 0.298828125 0.5986328125 0.279296875 0.59375 0.271484375
4 0.7255859375 0.24609375 0.71337890625 0.232421875 0.7021484375 0.224609375 0.6904296875 0.2275390625 0.6796875 0.2275390625 0.67041015625 0.2265625 0.67041015625 0.212890625 0.6806640625 0.1962890625 0.68896484375 0.1826171875 0.693359375 0.193359375 0.7021484375 0.1923828125 0.71630859375 0.1943359375 0.7236328125 0.181640625 0.7373046875 0.166015625 0.75 0.1396484375 0.748046875 0.1181640625 0.75048828125 0.0830078125 0.7490234375 0.0361328125 0.7421875 0.0 0.5322265625 0.0 0.533203125 0.0068359375 0.53125 0.015625 0.52880859375 0.021484375 0.5263671875 0.0341796875 0.5283203125 0.044921875 0.53125 0.0576171875 0.53173828125 0.06640625 0.52978515625 0.0771484375 0.52734375 0.0849609375 0.5263671875 0.0966796875 0.5302734375 0.109375 0.533203125 0.1171875 0.53466796875 0.1318359375 0.54345703125 0.1416015625 0.54931640625 0.1533203125 0.5537109375 0.1640625 0.5595703125 0.1748046875 0.56396484375 0.185546875 0.572265625 0.18359375 0.57861328125 0.1826171875 0.58154296875 0.1904296875 0.58642578125 0.193359375 0.59521484375 0.1923828125 0.595703125 0.2021484375 0.6083984375 0.1962890625 0.609375 0.1826171875 0.60791015625 0.177734375 0.607421875 0.1650390625 0.60986328125 0.1640625 0.61328125 0.173828125 0.61279296875 0.1943359375 0.61083984375 0.20703125 0.61279296875 0.2109375 0.6171875 0.2099609375 0.6240234375 0.1923828125 0.62939453125 0.1923828125 0.634765625 0.236328125 0.6337890625 0.2490234375 0.625 0.2568359375 0.63330078125 0.2705078125 0.63818359375 0.283203125 0.638671875 0.30078125 0.65380859375 0.3076171875 0.67041015625 0.310546875 0.6826171875 0.31640625 0.705078125 0.3193359375 0.724609375 0.3134765625 0.72998046875 0.28515625 0.73095703125 0.2666015625 0.72802734375 0.255859375
3 0.6572265625 0.255859375 0.62939453125 0.2578125 0.61279296875 0.2568359375 0.61279296875 0.3095703125 0.6298828125 0.32421875 0.69873046875 0.3759765625 0.69970703125 0.3125 0.67431640625 0.3037109375 0.65673828125 0.2998046875
4 0.8759765625 0.2783203125 0.86865234375 0.255859375 0.8701171875 0.2392578125 0.865234375 0.2216796875 0.8759765625 0.2197265625 0.88720703125 0.22265625 0.8818359375 0.2490234375 0.88818359375 0.2607421875 0.89697265625 0.2587890625 0.90966796875 0.2578125 0.92431640625 0.26953125 0.93505859375 0.265625 0.947265625 0.2568359375 0.9609375 0.255859375 0.966796875 0.271484375 0.97802734375 0.2744140625 0.97900390625 0.291015625 0.97900390625 0.3056640625 0.9921875 0.30859375 0.998046875 0.2607421875 0.9970703125 0.001953125 0.7216796875 0.0029296875 0.7236328125 0.0419921875 0.71142578125 0.09375 0.70263671875 0.1123046875 0.70166015625 0.1279296875 0.705078125 0.1552734375 0.7119140625 0.17578125 0.720703125 0.1767578125 0.7353515625 0.1669921875 0.73486328125 0.1884765625 0.73388671875 0.220703125 0.7373046875 0.2392578125 0.740234375 0.2490234375 0.75048828125 0.2490234375 0.7705078125 0.24609375 0.77392578125 0.23046875 0.78173828125 0.2392578125 0.77978515625 0.2548828125 0.779296875 0.263671875 0.77978515625 0.28125 0.78173828125 0.287109375 0.7958984375 0.2880859375 0.80517578125 0.2958984375 0.82666015625 0.2919921875 0.83056640625 0.3623046875 0.85009765625 0.36328125 0.8642578125 0.3056640625 0.85400390625 0.3017578125 0.84814453125 0.3037109375 0.8466796875 0.2880859375 0.85302734375 0.2958984375 0.86279296875 0.294921875
4 0.791015625 0.294921875 0.7802734375 0.2890625 0.7724609375 0.2705078125 0.7666015625 0.2705078125 0.751953125 0.27734375 0.74365234375 0.2763671875 0.7392578125 0.279296875 0.72802734375 0.2822265625 0.72119140625 0.29296875 0.7158203125 0.3134765625 0.72265625 0.3271484375 0.716796875 0.34375 0.7099609375 0.3583984375 0.72314453125 0.380859375 0.7421875 0.3798828125 0.8095703125 0.3876953125 0.87548828125 0.3935546875 0.9970703125 0.3935546875 0.99658203125 0.2880859375 0.9580078125 0.3046875 0.90673828125 0.302734375 0.89306640625 0.2958984375 0.87841796875 0.302734375 0.86083984375 0.3134765625 0.8505859375 0.3173828125 0.828125 0.3154296875 0.830078125 0.287109375 0.82470703125 0.287109375 0.81982421875 0.2939453125 0.80810546875 0.291015625 0.79638671875 0.2880859375
3 0.74951171875 0.3134765625 0.71484375 0.3095703125 0.71533203125 0.3623046875 0.7509765625 0.3720703125 0.8427734375 0.3701171875 0.92626953125 0.373046875 0.921875 0.3232421875 0.85791015625 0.318359375 0.81103515625 0.3115234375 0.771484375 0.314453125
1 0.7607421875 0.380859375 0.7333984375 0.3759765625 0.7197265625 0.3759765625 0.7099609375 0.3701171875 0.69091796875 0.359375 0.66455078125 0.3359375 0.6474609375 0.32421875 0.61962890625 0.296875 0.609375 0.296875 0.603515625 0.3056640625 0.611328125 0.357421875 0.66796875 0.412109375 0.708984375 0.4169921875 0.81689453125 0.4169921875 0.91015625 0.41796875 0.998046875 0.4169921875 0.99755859375 0.3818359375 0.892578125 0.3828125 0.8486328125 0.3837890625 0.8046875 0.384765625
5 0.57958984375 0.35546875 0.57763671875 0.349609375 0.578125 0.357421875 0.57470703125 0.357421875 0.5732421875 0.3544921875 0.5732421875 0.3447265625 0.57373046875 0.330078125 0.576171875 0.3173828125 0.57177734375 0.31640625 0.57177734375 0.3115234375 0.57568359375 0.3115234375 0.57763671875 0.3125 0.58203125 0.2958984375 0.58740234375 0.29296875 0.60693359375 0.2939453125 0.61474609375 0.3076171875 0.6162109375 0.341796875 0.61572265625 0.3564453125
4 0.44140625 0.2314453125 0.4248046875 0.2314453125 0.4169921875 0.2392578125 0.416015625 0.251953125 0.419921875 0.26953125 0.42578125 0.2802734375 0.43505859375 0.2783203125 0.439453125 0.2734375 0.44384765625 0.2666015625 0.443359375 0.2431640625
4 0.4111328125 0.28125 0.40869140625 0.259765625 0.4052734375 0.24609375 0.40234375 0.240234375 0.3984375 0.2353515625 0.39306640625 0.2353515625 0.38525390625 0.2412109375 0.380859375 0.2509765625 0.380859375 0.271484375 0.38330078125 0.291015625 0.38037109375 0.3046875 0.38134765625 0.3154296875 0.38427734375 0.32421875 0.38818359375 0.3359375 0.39306640625 0.337890625 0.3974609375 0.3271484375 0.40185546875 0.310546875 0.408203125 0.294921875
4 0.326171875 0.3583984375 0.3173828125 0.328125 0.310546875 0.3212890625 0.3076171875 0.30859375 0.2958984375 0.3046875 0.28759765625 0.3037109375 0.2802734375 0.3017578125 0.2744140625 0.2978515625 0.26513671875 0.2978515625 0.26025390625 0.3076171875 0.2509765625 0.3076171875 0.2421875 0.302734375 0.2275390625 0.302734375 0.21484375 0.302734375 0.20703125 0.302734375 0.205078125 0.3037109375 0.19677734375 0.314453125 0.18994140625 0.3115234375 0.1669921875 0.302734375 0.154296875 0.306640625 0.1494140625 0.2861328125 0.14697265625 0.2783203125 0.1396484375 0.2763671875 0.13330078125 0.2763671875 0.11376953125 0.2724609375 0.10693359375 0.2802734375 0.0986328125 0.2744140625 0.0869140625 0.2783203125 0.07568359375 0.2802734375 0.0703125 0.2822265625 0.06494140625 0.2841796875 0.06005859375 0.2890625 0.0537109375 0.2861328125 0.04931640625 0.28515625 0.04345703125 0.2900390625 0.03662109375 0.3046875 0.0 0.3212890625 0.00146484375 0.41015625 0.0947265625 0.3994140625 0.189453125 0.3974609375 0.2685546875 0.3955078125 0.32861328125 0.392578125 0.3310546875 0.388671875 0.33056640625 0.3720703125
5 0.52197265625 0.44921875 0.52490234375 0.4208984375 0.5224609375 0.3916015625 0.5224609375 0.380859375 0.5166015625 0.3681640625 0.51220703125 0.34375 0.50439453125 0.3330078125 0.49609375 0.322265625 0.48291015625 0.3154296875 0.46435546875 0.3173828125 0.4423828125 0.3154296875 0.43115234375 0.3173828125 0.42333984375 0.3251953125 0.4072265625 0.34765625 0.40380859375 0.353515625 0.3974609375 0.3544921875 0.3935546875 0.3583984375 0.392578125 0.3623046875 0.39697265625 0.37109375 0.3896484375 0.384765625 0.38916015625 0.400390625 0.38720703125 0.4072265625 0.38623046875 0.4169921875 0.38671875 0.4267578125 0.38720703125 0.439453125 0.39013671875 0.44921875 0.392578125 0.453125 0.3984375 0.453125 0.40478515625 0.44921875 0.4208984375 0.458984375 0.42138671875 0.466796875 0.42236328125 0.474609375 0.42529296875 0.4775390625 0.43017578125 0.478515625 0.4345703125 0.4775390625 0.4365234375 0.466796875 0.4755859375 0.466796875 0.5 0.462890625 0.501953125 0.4736328125 0.5068359375 0.4765625 0.5126953125 0.4755859375 0.51708984375 0.4697265625 0.51806640625 0.4560546875
5 0.69677734375 0.5166015625 0.6982421875 0.49609375 0.697265625 0.4755859375 0.69482421875 0.458984375 0.69482421875 0.44140625 0.6875 0.423828125 0.69482421875 0.421875 0.69873046875 0.4150390625 0.6962890625 0.4052734375 0.6845703125 0.3974609375 0.68017578125 0.400390625 0.67236328125 0.37890625 0.66162109375 0.357421875 0.6337890625 0.3515625 0.5927734375 0.3505859375 0.5712890625 0.353515625 0.56103515625 0.3603515625 0.55126953125 0.3818359375 0.541015625 0.42578125 0.53564453125 0.435546875 0.5322265625 0.4541015625 0.52783203125 0.47265625 0.5263671875 0.5185546875 0.52880859375 0.578125 0.53369140625 0.5927734375 0.54296875 0.5947265625 0.552734375 0.5927734375 0.55712890625 0.583984375 0.56005859375 0.5693359375 0.65380859375 0.5703125 0.6552734375 0.587890625 0.66064453125 0.5986328125 0.669921875 0.5986328125 0.677734375 0.5947265625 0.6796875 0.58203125 0.6806640625 0.548828125 0.6845703125 0.54296875 0.6884765625 0.5478515625 0.69384765625 0.544921875 0.69580078125 0.53515625
1 0.21728515625 0.517578125 0.17333984375 0.552734375 -0.0009765625 0.650390625 0.0 0.396484375 0.06787109375 0.404296875 0.095703125 0.408203125 0.12939453125 0.41015625 0.16943359375 0.427734375 0.1767578125 0.4423828125 0.18408203125 0.470703125 0.21044921875 0.48046875 0.2197265625 0.4970703125
4 0.056640625 0.181640625 0.056640625 0.201171875 0.0478515625 0.2080078125 0.0341796875 0.2119140625 0.02294921875 0.201171875 0.00927734375 0.19921875 0.0 0.1962890625 0.0 0.0 0.052734375 0.0009765625 0.068359375 0.029296875 0.06884765625 0.0537109375 0.07470703125 0.068359375 0.07666015625 0.087890625 0.0771484375 0.107421875 0.07177734375 0.125 0.0595703125 0.134765625 0.06103515625 0.154296875
1 0.9072265625 0.830078125 0.84521484375 0.76171875 0.79541015625 0.6708984375 0.77978515625 0.607421875 0.78857421875 0.5703125 0.826171875 0.54296875 0.9130859375 0.5087890625 0.99755859375 0.4912109375 0.998046875 0.9345703125
4 0.11376953125 0.4921875 0.0009765625 0.4931640625 0.0009765625 0.3330078125 0.0185546875 0.3310546875 0.03662109375 0.3203125 0.0478515625 0.31640625 0.052734375 0.3330078125 0.05712890625 0.361328125 0.064453125 0.38671875 0.07373046875 0.3896484375 0.08544921875 0.3955078125 0.0927734375 0.4130859375 0.1123046875 0.4130859375 0.17138671875 0.423828125 0.17626953125 0.4375 0.1796875 0.4638671875 0.1796875 0.4892578125 0.17529296875 0.49609375
