4 0.53466796875 0.296875 0.5341796875 0.2958984375 0.53466796875 0.267578125 0.5380859375 0.26953125 0.5361328125 0.2880859375
2 0.4677734375 0.03515625 0.48388671875 0.109375 0.48974609375 0.1142578125 0.49853515625 0.1591796875 0.4912109375 0.162109375 0.49169921875 0.1728515625 0.5068359375 0.25390625 0.5078125 0.2646484375 0.5126953125 0.2666015625 0.5126953125 0.259765625 0.51708984375 0.2666015625 0.517578125 0.271484375 0.53173828125 0.28515625 0.53857421875 0.2841796875 0.54638671875 0.2978515625 0.5419921875 0.2998046875 0.54248046875 0.4033203125 0.544921875 0.4189453125 -0.0009765625 0.6416015625 0.0 0.0009765625 0.45361328125 0.0 0.4609375 0.0322265625
4 0.63330078125 0.138671875 0.62646484375 0.130859375 0.62109375 0.1416015625 0.6201171875 0.15234375 0.61474609375 0.15625 0.60888671875 0.16796875 0.60400390625 0.166015625 0.6015625 0.1572265625 0.59423828125 0.15625 0.59130859375 0.171875 0.58935546875 0.181640625 0.5849609375 0.1826171875 0.580078125 0.193359375 0.580078125 0.201171875 0.58154296875 0.2060546875 0.58154296875 0.21484375 0.5849609375 0.220703125 0.583984375 0.23046875 0.58154296875 0.2421875 0.58349609375 0.2509765625 0.5810546875 0.2607421875 0.5830078125 0.267578125 0.58154296875 0.27734375 0.58056640625 0.2861328125 0.5810546875 0.30078125 0.5810546875 0.31640625 0.578125 0.3369140625 0.5791015625 0.3525390625 0.57763671875 0.3681640625 0.57470703125 0.38671875 0.58154296875 0.4130859375 0.64990234375 0.3623046875
2 0.64208984375 0.0361328125 0.64453125 0.095703125 0.6474609375 0.095703125 0.64794921875 0.1025390625 0.62890625 0.1064453125 0.62890625 0.1630859375 0.62744140625 0.162109375 0.626953125 0.16796875 0.62939453125 0.1708984375 0.62939453125 0.21484375 0.62841796875 0.21484375 0.62841796875 0.22265625 0.63037109375 0.22265625 0.63037109375 0.2685546875 0.62841796875 0.2685546875 0.6279296875 0.27734375 0.62939453125 0.2783203125 0.6298828125 0.34375 0.65185546875 0.4189453125 0.99853515625 0.6103515625 0.99853515625 0.0009765625 0.68798828125 0.0 0.68310546875 0.0205078125 0.68359375 0.03125
4 0.50439453125 0.1611328125 0.5107421875 0.1640625 0.5126953125 0.1767578125 0.509765625 0.18359375 0.513671875 0.19140625 0.5166015625 0.185546875 0.5234375 0.18359375 0.525390625 0.1923828125 0.52587890625 0.2021484375 0.521484375 0.2060546875 0.52392578125 0.212890625 0.5205078125 0.220703125 0.51904296875 0.23046875 0.52685546875 0.2275390625 0.5302734375 0.2314453125 0.5302734375 0.244140625 0.52783203125 0.2568359375 0.52294921875 0.2568359375 0.5185546875 0.251953125 0.5126953125 0.2587890625 0.50732421875 0.2587890625 0.501953125 0.255859375 0.4970703125 0.263671875 0.498046875 0.2802734375 0.4970703125 0.296875 0.50390625 0.296875 0.5107421875 0.296875 0.513671875 0.3056640625 0.51220703125 0.3154296875 0.51513671875 0.3251953125 0.51171875 0.3369140625 0.51171875 0.34375 0.51220703125 0.3525390625 0.5107421875 0.357421875 0.50830078125 0.3623046875 0.5078125 0.373046875 0.51123046875 0.3818359375 0.51611328125 0.390625 0.51171875 0.3974609375 0.5087890625 0.40625 0.4921875 0.4091796875 0.49169921875 0.2978515625 0.49267578125 0.2822265625 0.49267578125 0.271484375 0.49072265625 0.271484375 0.49169921875 0.1728515625 0.4931640625 0.17578125 0.49462890625 0.1669921875 0.49658203125 0.158203125 0.5 0.1591796875
0 0.5791015625 0.41796875 0.61083984375 0.4228515625 0.6923828125 0.462890625 0.998046875 0.62109375 0.99853515625 0.7412109375 0.99853515625 0.998046875 -0.0009765625 0.9970703125 0.0 0.6416015625 0.49560546875 0.44140625 0.5390625 0.4189453125
1 0.47802734375 0.458984375 0.26953125 0.5712890625 0.19775390625 0.6171875 0.16650390625 0.638671875 -0.0009765625 0.720703125 -0.00048828125 0.583984375 0.26806640625 0.501953125 0.3662109375 0.4736328125 0.3662109375 0.46875 0.3818359375 0.4697265625 0.4287109375 0.4541015625 0.43310546875 0.453125 0.44580078125 0.451171875 0.47900390625 0.4375
5 0.640625 0.3974609375 0.63427734375 0.3994140625 0.62939453125 0.4091796875 0.62744140625 0.4189453125 0.623046875 0.419921875 0.619140625 0.421875 0.61962890625 0.427734375 0.6240234375 0.4306640625 0.6220703125 0.4404296875 0.62158203125 0.462890625 0.62158203125 0.4775390625 0.6220703125 0.48046875 0.62744140625 0.4814453125
5 0.68994140625 0.4189453125 0.68603515625 0.40234375 0.68212890625 0.3935546875 0.67041015625 0.390625 0.646484375 0.390625 0.6396484375 0.3955078125 0.63330078125 0.421875 0.62890625 0.421875 0.62646484375 0.423828125 0.6279296875 0.4296875 0.63232421875 0.4326171875 0.62744140625 0.4462890625 0.6259765625 0.47265625 0.6259765625 0.4873046875 0.62890625 0.4892578125 0.63134765625 0.4873046875 0.6318359375 0.4951171875 0.634765625 0.498046875 0.63818359375 0.4970703125 0.64013671875 0.4892578125 0.6689453125 0.4853515625
5 0.75732421875 0.408203125 0.74755859375 0.4033203125 0.72802734375 0.400390625 0.70068359375 0.40234375 0.69482421875 0.4033203125 0.685546875 0.4208984375 0.6748046875 0.4443359375 0.671875 0.443359375 0.66845703125 0.44140625 0.66455078125 0.443359375 0.6630859375 0.44921875 0.6650390625 0.455078125 0.671875 0.455078125 0.66650390625 0.474609375 0.6650390625 0.4853515625 0.6640625 0.5146484375 0.6630859375 0.537109375 0.6640625 0.544921875 0.66845703125 0.5458984375 0.673828125 0.544921875 0.673828125 0.5556640625 0.6748046875 0.5615234375 0.6806640625 0.5625 0.68603515625 0.5625 0.6884765625 0.55859375 0.68994140625 0.55078125 0.6904296875 0.5390625 0.7197265625 0.5400390625
5 0.91357421875 0.44140625 0.90625 0.4208984375 0.89404296875 0.392578125 0.8818359375 0.3828125 0.8447265625 0.376953125 0.8134765625 0.375 0.77587890625 0.3779296875 0.76171875 0.3857421875 0.75244140625 0.40234375 0.7392578125 0.439453125 0.73779296875 0.4423828125 0.7216796875 0.44140625 0.72021484375 0.4462890625 0.720703125 0.458984375 0.7216796875 0.462890625 0.72998046875 0.46484375 0.724609375 0.4775390625 0.71826171875 0.4931640625 0.7158203125 0.51171875 0.71435546875 0.53125 0.7158203125 0.5537109375 0.71630859375 0.580078125 0.71728515625 0.595703125 0.7197265625 0.6044921875 0.72607421875 0.607421875 0.7314453125 0.607421875 0.73583984375 0.6044921875 0.7373046875 0.587890625 0.73876953125 0.5849609375 0.74951171875 0.5986328125 0.7490234375 0.6279296875 0.7509765625 0.64453125 0.75341796875 0.6513671875 0.75634765625 0.654296875 0.76123046875 0.6572265625 0.76806640625 0.6591796875 0.7734375 0.654296875 0.77734375 0.640625 0.7802734375 0.6162109375 0.87255859375 0.6220703125
5 0.921875 0.408203125 0.94970703125 0.3388671875 0.97314453125 0.302734375 0.9990234375 0.2841796875 0.9990234375 0.841796875 0.9072265625 0.751953125 0.90625 0.7734375 0.89892578125 0.787109375 0.8876953125 0.787109375 0.87841796875 0.7822265625 0.8701171875 0.7666015625 0.8681640625 0.74609375 0.8662109375 0.6767578125 0.8671875 0.6162109375 0.87060546875 0.564453125 0.8759765625 0.5380859375 0.8916015625 0.4921875 0.8779296875 0.4873046875 0.869140625 0.4775390625 0.869140625 0.453125 0.87353515625 0.447265625 0.89111328125 0.447265625 0.896484375 0.451171875 0.8984375 0.4638671875 0.9033203125 0.4658203125 0.9111328125 0.439453125
5 0.478515625 0.4208984375 0.4814453125 0.408203125 0.4853515625 0.404296875 0.501953125 0.4033203125 0.505859375 0.4052734375 0.50634765625 0.4072265625 0.51220703125 0.404296875 0.51708984375 0.4072265625 0.51953125 0.4306640625 0.51904296875 0.4443359375 0.51318359375 0.4482421875 0.51318359375 0.455078125 0.51318359375 0.4580078125 0.509765625 0.4609375 0.50634765625 0.4599609375 0.50537109375 0.455078125 0.49365234375 0.4580078125 0.484375 0.4580078125 0.48388671875 0.4609375 0.48046875 0.462890625 0.4765625 0.4609375 0.47509765625 0.4404296875 0.4765625 0.4267578125 0.474609375 0.42578125 0.474609375 0.421875 0.4765625 0.421875
5 0.5458984375 0.4541015625 0.54541015625 0.4599609375 0.54345703125 0.462890625 0.5419921875 0.462890625 0.54052734375 0.4599609375 0.54052734375 0.4306640625 0.54248046875 0.40234375 0.544921875 0.3828125 0.5498046875 0.37890625 0.5595703125 0.3759765625 0.57421875 0.37890625 0.5791015625 0.390625 0.5810546875 0.416015625 0.5810546875 0.4443359375 0.580078125 0.4619140625 0.578125 0.46484375 0.57568359375 0.4619140625 0.5751953125 0.453125 0.560546875 0.453125
4 0.29150390625 0.4296875 0.29296875 0.416015625 0.296875 0.4111328125 0.3056640625 0.4111328125 0.31298828125 0.412109375 0.31689453125 0.408203125 0.32763671875 0.408203125 0.34716796875 0.416015625 0.35595703125 0.416015625 0.361328125 0.416015625 0.36376953125 0.419921875 0.37353515625 0.4189453125 0.384765625 0.419921875 0.39111328125 0.4208984375 0.3955078125 0.4267578125 0.39697265625 0.443359375 0.396484375 0.462890625 0.396484375 0.4658203125 0.3818359375 0.4697265625 0.36669921875 0.46875 0.3662109375 0.474609375 0.3486328125 0.4794921875 0.322265625 0.482421875
3 0.06494140625 0.419921875 0.13720703125 0.4189453125 0.26318359375 0.416015625 0.2900390625 0.4189453125 0.32666015625 0.416015625 0.32861328125 0.484375 0.1357421875 0.54296875 0.09423828125 0.541015625 0.06396484375 0.51171875
3 0.0029296875 0.3857421875 0.08056640625 0.3955078125 0.0908203125 0.4228515625 0.09375 0.44140625 0.091796875 0.4609375 0.08837890625 0.4775390625 0.0859375 0.5087890625 -0.0009765625 0.5185546875 -0.0009765625 0.384765625
2 0.09130859375 0.525390625 0.0908203125 0.505859375 0.03857421875 0.5068359375 -0.0009765625 0.509765625 -0.0009765625 0.5859375 0.0986328125 0.552734375 0.0986328125 0.5263671875
