4 0.40234375 0.2490234375 0.41650390625 0.248046875 0.421875 0.2451171875 0.43115234375 0.248046875 0.4375 0.248046875 0.44677734375 0.2509765625 0.4521484375 0.248046875 0.45849609375 0.248046875 0.46728515625 0.2490234375 0.47314453125 0.248046875 0.482421875 0.248046875 0.48876953125 0.24609375 0.4951171875 0.2451171875 0.50341796875 0.2451171875 0.51025390625 0.248046875 0.51611328125 0.24609375 0.52099609375 0.2451171875 0.529296875 0.2470703125 0.53466796875 0.248046875 0.54345703125 0.2705078125 0.546875 0.4658203125 0.419921875 0.4560546875
0 -0.00048828125 0.4013671875 0.34130859375 0.435546875 0.65185546875 0.4912109375 0.84033203125 0.494140625 0.99853515625 0.529296875 0.998046875 0.998046875 0.0 0.99609375
1 0.13623046875 0.4794921875 0.14892578125 0.4765625 0.25 0.47265625 0.35302734375 0.466796875 0.3642578125 0.4853515625 0.3427734375 0.490234375 0.32666015625 0.4912109375 0.248046875 0.4921875 0.15966796875 0.4970703125 0.15087890625 0.49609375 0.13671875 0.48828125
1 0.6201171875 0.4755859375 0.84619140625 0.4697265625 0.85400390625 0.5048828125 0.822265625 0.5048828125 0.77001953125 0.505859375 0.732421875 0.5048828125 0.70361328125 0.50390625 0.67041015625 0.50390625 0.64404296875 0.50390625 0.6259765625 0.5009765625
1 0.6220703125 0.5341796875 0.65673828125 0.5302734375 0.69189453125 0.51953125 0.7373046875 0.5126953125 0.7744140625 0.5126953125 0.8310546875 0.5107421875 0.98046875 0.53125 0.998046875 0.5361328125 0.9970703125 0.7333984375 0.970703125 0.712890625 0.9150390625 0.6787109375 0.87646484375 0.6650390625 0.857421875 0.66015625 0.8212890625 0.6533203125 0.79443359375 0.6494140625 0.76123046875 0.640625 0.71923828125 0.630859375 0.6767578125 0.6181640625 0.6611328125 0.6123046875 0.62158203125 0.5693359375 0.60546875 0.55078125 0.60546875 0.5419921875 0.607421875 0.5390625 0.6181640625 0.537109375
1 -0.00048828125 0.51953125 0.02880859375 0.5146484375 0.05517578125 0.5166015625 0.07861328125 0.5244140625 0.09912109375 0.5283203125 0.11376953125 0.53125 0.13037109375 0.5361328125 0.1396484375 0.5400390625 0.14501953125 0.544921875 0.14404296875 0.5576171875 0.12890625 0.5693359375 0.10888671875 0.5791015625 0.07470703125 0.595703125 0.01220703125 0.62109375 0.0 0.6240234375 -0.0009765625 0.5732421875 -0.0009765625 0.53515625
2 -0.00048828125 0.01171875 0.02783203125 0.01171875 0.05810546875 0.0205078125 0.05859375 0.029296875 0.07421875 0.017578125 0.07470703125 0.0 0.30078125 0.0 0.33642578125 0.087890625 0.33056640625 0.08984375 0.33251953125 0.0966796875 0.34130859375 0.0947265625 0.3603515625 0.138671875 0.3701171875 0.1396484375 0.3740234375 0.154296875 0.37548828125 0.154296875 0.3779296875 0.1640625 0.380859375 0.1640625 0.38525390625 0.177734375 0.38818359375 0.1904296875 0.39306640625 0.2021484375 0.396484375 0.212890625 0.3994140625 0.2138671875 0.40087890625 0.2197265625 0.4033203125 0.23046875 0.41845703125 0.24609375 0.42578125 0.263671875 0.42431640625 0.26953125 0.427734375 0.27734375 0.43212890625 0.2822265625 0.4365234375 0.2958984375 0.43701171875 0.3193359375 0.4404296875 0.3193359375 0.44482421875 0.3291015625 0.4521484375 0.33984375 0.453125 0.3447265625 0.45703125 0.35546875 0.45654296875 0.36328125 0.45947265625 0.3681640625 0.45849609375 0.3740234375 0.458984375 0.4033203125 0.4462890625 0.4677734375 0.32373046875 0.4765625 0.248046875 0.482421875 0.1611328125 0.48828125 -0.0009765625 0.482421875 -0.0009765625 0.2138671875 -0.0009765625 0.0849609375
5 0.375 0.4306640625 0.375 0.423828125 0.3759765625 0.4169921875 0.4013671875 0.416015625 0.4033203125 0.4384765625 0.40673828125 0.439453125 0.40673828125 0.4853515625 0.40380859375 0.4853515625 0.39892578125 0.4833984375 0.39892578125 0.48046875 0.39306640625 0.4765625
5 0.365234375 0.4501953125 0.39208984375 0.4482421875 0.3955078125 0.4560546875 0.39697265625 0.462890625 0.39697265625 0.4736328125 0.39599609375 0.484375 0.38916015625 0.486328125 0.3662109375 0.48828125
5 0.349609375 0.4384765625 0.35205078125 0.431640625 0.361328125 0.4287109375 0.37158203125 0.4306640625 0.376953125 0.431640625 0.380859375 0.4599609375 0.380859375 0.4736328125 0.37890625 0.4853515625 0.376953125 0.4853515625 0.37451171875 0.486328125 0.373046875 0.486328125 0.37158203125 0.4853515625 0.37109375 0.48046875 0.36083984375 0.48046875 0.35107421875 0.482421875 0.35009765625 0.486328125 0.345703125 0.486328125 0.34423828125 0.474609375 0.3447265625 0.458984375 0.345703125 0.4443359375
4 0.23291015625 0.078125 0.23388671875 0.0703125 0.23486328125 0.0625 0.23583984375 0.0537109375 0.23779296875 0.05078125 0.244140625 0.0458984375 0.24609375 0.0498046875 0.24658203125 0.0595703125 0.248046875 0.0732421875 0.2490234375 0.076171875 0.2490234375 0.0830078125 0.25146484375 0.0859375 0.251953125 0.095703125 0.251953125 0.1083984375 0.255859375 0.1015625 0.25927734375 0.09375 0.259765625 0.1005859375 0.259765625 0.1123046875 0.259765625 0.1220703125 0.25927734375 0.125 0.2607421875 0.1337890625 0.26416015625 0.1337890625 0.2666015625 0.1328125 0.2705078125 0.125 0.2763671875 0.1181640625 0.27685546875 0.126953125 0.27490234375 0.1357421875 0.27099609375 0.1484375 0.27099609375 0.1552734375 0.27099609375 0.1640625 0.26953125 0.1708984375 0.26318359375 0.1865234375 0.26513671875 0.1884765625 0.26513671875 0.1982421875 0.2626953125 0.2080078125 0.259765625 0.208984375 0.255859375 0.212890625 0.25439453125 0.2177734375 0.27392578125 0.21484375 0.275390625 0.220703125 0.2744140625 0.228515625 0.26708984375 0.234375 0.25732421875 0.234375 0.26123046875 0.2412109375 0.2646484375 0.2431640625 0.2646484375 0.25390625 0.25634765625 0.25 0.25439453125 0.2568359375 0.26123046875 0.26171875 0.2646484375 0.263671875 0.267578125 0.2666015625 0.2734375 0.2666015625 0.2744140625 0.2705078125 0.27392578125 0.279296875 0.2763671875 0.2841796875 0.279296875 0.294921875 0.2822265625 0.302734375 0.2900390625 0.30859375 0.2939453125 0.3046875 0.31005859375 0.3193359375 0.3095703125 0.326171875 0.30224609375 0.326171875 0.29052734375 0.3271484375 0.2919921875 0.333984375 0.28759765625 0.3349609375 0.28271484375 0.330078125 0.2802734375 0.333984375 0.279296875 0.337890625 0.279296875 0.345703125 0.275390625 0.3466796875 0.26611328125 0.3408203125 0.26708984375 0.3486328125 0.26611328125 0.3505859375 0.26171875 0.353515625 0.26025390625 0.3603515625 0.25830078125 0.3671875 0.25390625 0.36328125 0.2509765625 0.34375 0.24853515625 0.3486328125 0.24267578125 0.3447265625 0.2451171875 0.48828125 0.2392578125 0.4853515625 0.23828125 0.3564453125 0.2294921875 0.3857421875 0.22216796875 0.3876953125 0.21484375 0.384765625 0.20751953125 0.375 0.20703125 0.3662109375 0.2119140625 0.3603515625 0.21533203125 0.353515625 0.2197265625 0.3486328125 0.2197265625 0.34375 0.21728515625 0.34375 0.21337890625 0.34375 0.2060546875 0.3408203125 0.203125 0.3369140625 0.20263671875 0.328125 0.19921875 0.32421875 0.1943359375 0.3232421875 0.1865234375 0.3203125 0.18603515625 0.3095703125 0.1923828125 0.306640625 0.1923828125 0.3017578125 0.1943359375 0.2919921875 0.1943359375 0.28515625 0.2001953125 0.2802734375 0.205078125 0.279296875 0.205078125 0.267578125 0.20654296875 0.2607421875 0.2177734375 0.2587890625 0.22314453125 0.2548828125 0.2275390625 0.2490234375 0.2275390625 0.2431640625 0.23046875 0.234375 0.22607421875 0.228515625 0.224609375 0.22265625 0.21630859375 0.212890625 0.21484375 0.203125 0.2197265625 0.19921875 0.22314453125 0.197265625 0.2275390625 0.1962890625 0.22705078125 0.1865234375 0.22314453125 0.177734375 0.21337890625 0.1689453125 0.2109375 0.1640625 0.2109375 0.15234375 0.2177734375 0.154296875 0.224609375 0.16015625 0.22314453125 0.154296875 0.21533203125 0.1455078125 0.2099609375 0.13671875 0.20703125 0.1240234375 0.2099609375 0.1220703125 0.21484375 0.12890625 0.224609375 0.1357421875 0.224609375 0.1337890625 0.21484375 0.119140625 0.2099609375 0.109375 0.2099609375 0.1005859375 0.21435546875 0.1005859375 0.2236328125 0.111328125 0.228515625 0.1171875 0.23193359375 0.123046875 0.22705078125 0.1103515625 0.22314453125 0.1025390625 0.22314453125 0.0947265625 0.22607421875 0.08984375 0.23046875 0.0947265625 0.232421875 0.099609375 0.23193359375 0.0927734375 0.23291015625 0.0869140625
5 0.0 0.453125 0.0126953125 0.4560546875 0.0107421875 0.5009765625 0.0 0.5009765625
5 0.0478515625 0.4501953125 0.0546875 0.4404296875 0.06494140625 0.435546875 0.08203125 0.4375 0.09228515625 0.4384765625 0.09619140625 0.44140625 0.103515625 0.455078125 0.08935546875 0.494140625 0.0771484375 0.494140625 0.07470703125 0.5 0.07177734375 0.5009765625 0.06640625 0.4912109375 0.04638671875 0.4931640625 0.044921875 0.498046875 0.04150390625 0.5009765625 0.0400390625 0.5 0.0390625 0.498046875 0.0380859375 0.4951171875 0.037109375 0.4921875 0.03564453125 0.482421875 0.03662109375 0.4697265625 0.04248046875 0.458984375 0.0439453125 0.4560546875 0.04443359375 0.455078125
5 0.10302734375 0.4453125 0.1083984375 0.4375 0.1171875 0.43359375 0.13232421875 0.4296875 0.14208984375 0.4306640625 0.15478515625 0.447265625 0.16015625 0.44921875 0.16357421875 0.4560546875 0.1650390625 0.4638671875 0.162109375 0.478515625 0.15966796875 0.484375 0.1591796875 0.4892578125 0.15625 0.4921875 0.15283203125 0.4921875 0.150390625 0.4892578125 0.14990234375 0.486328125 0.13134765625 0.48828125 0.12744140625 0.48828125 0.12353515625 0.4892578125 0.12353515625 0.4921875 0.12255859375 0.4951171875 0.1201171875 0.4970703125 0.11865234375 0.4970703125 0.1171875 0.49609375 0.11572265625 0.4931640625 0.115234375 0.4912109375 0.1025390625 0.4912109375 0.1015625 0.498046875 0.09521484375 0.5 0.091796875 0.498046875 0.08740234375 0.4853515625 0.0869140625 0.47265625 0.0888671875 0.4658203125 0.0966796875 0.4580078125 0.09619140625 0.453125 0.0986328125 0.4501953125 0.10009765625 0.4501953125
2 0.517578125 0.310546875 0.51806640625 0.287109375 0.525390625 0.26171875 0.52880859375 0.2587890625 0.53369140625 0.2275390625 0.544921875 0.2255859375 0.54833984375 0.2099609375 0.54345703125 0.2099609375 0.55029296875 0.1708984375 0.5498046875 0.1328125 0.55615234375 0.126953125 0.58154296875 0.0009765625 0.65576171875 0.0009765625 0.66357421875 0.484375 0.62939453125 0.486328125 0.501953125 0.3955078125 0.50390625 0.3896484375 0.50341796875 0.3583984375 0.501953125 0.3515625 0.50341796875 0.3388671875 0.51416015625 0.3271484375 0.515625 0.322265625 0.51611328125 0.31640625
2 0.66455078125 0.0009765625 0.71484375 0.1064453125 0.83447265625 0.216796875 0.83203125 0.4912109375 0.7412109375 0.498046875 0.66748046875 0.498046875 0.6591796875 0.494140625 0.630859375 0.4873046875 0.6318359375 0.4287109375 0.62841796875 0.419921875 0.62890625 0.41015625 0.6318359375 0.4091796875 0.630859375 0.3955078125 0.6181640625 0.35546875 0.615234375 0.34375 0.61767578125 0.0009765625 0.63232421875 0.0 0.6513671875 0.0
2 0.6640625 0.0009765625 0.66455078125 0.126953125 0.7109375 0.1259765625 0.71484375 0.5302734375 0.73486328125 0.529296875 0.7353515625 0.2431640625 0.7734375 0.2412109375 0.77685546875 0.5634765625 0.783203125 0.5634765625 0.80908203125 0.5673828125 0.80810546875 0.2421875 0.82421875 0.2421875 0.82568359375 0.4990234375 0.8662109375 0.5244140625 0.93017578125 0.53515625 0.93017578125 0.6298828125 0.94970703125 0.638671875 0.9892578125 0.6328125 0.98828125 0.5380859375 0.99853515625 0.5400390625 0.998046875 0.0
5 0.45361328125 0.4091796875 0.4609375 0.396484375 0.48486328125 0.3935546875 0.50634765625 0.3955078125 0.53369140625 0.3955078125 0.548828125 0.3974609375 0.556640625 0.40234375 0.5693359375 0.416015625 0.57958984375 0.4267578125 0.58935546875 0.44140625 0.60009765625 0.4453125 0.6171875 0.451171875 0.6240234375 0.45703125 0.63134765625 0.4677734375 0.6328125 0.486328125 0.6318359375 0.5078125 0.625 0.5107421875 0.6201171875 0.5107421875 0.61962890625 0.513671875 0.61865234375 0.5185546875 0.61669921875 0.521484375 0.6142578125 0.5224609375 0.61181640625 0.5224609375 0.6083984375 0.5224609375 0.6064453125 0.521484375 0.60498046875 0.5205078125 0.60302734375 0.515625 0.6025390625 0.51171875 0.5791015625 0.5126953125 0.57666015625 0.517578125 0.57373046875 0.51953125 0.5703125 0.51953125 0.5673828125 0.515625 0.5654296875 0.5126953125 0.5224609375 0.513671875 0.52197265625 0.51953125 0.5205078125 0.5224609375 0.517578125 0.5263671875 0.513671875 0.5283203125 0.51025390625 0.5283203125 0.505859375 0.52734375 0.50244140625 0.525390625 0.5 0.5234375 0.49853515625 0.5205078125 0.49755859375 0.515625 0.49658203125 0.51171875 0.4853515625 0.5126953125 0.482421875 0.5166015625 0.4794921875 0.5205078125 0.4755859375 0.5205078125 0.47216796875 0.5205078125 0.47021484375 0.51953125 0.4677734375 0.5166015625 0.4658203125 0.513671875 0.4638671875 0.5107421875 0.46337890625 0.5048828125 0.45458984375 0.5048828125 0.4453125 0.5029296875 0.435546875 0.498046875 0.43603515625 0.4775390625 0.43896484375 0.4482421875 0.4423828125 0.4306640625 0.4482421875 0.4189453125 0.4501953125 0.4140625
1 0.35791015625 0.5576171875 0.42431640625 0.5595703125 0.40673828125 0.5986328125 0.4033203125 0.580078125 0.302734375 0.5810546875 0.3291015625 0.556640625 0.38427734375 0.55859375 0.40234375 0.55859375
