0 0.505859375 0.38671875 0.33642578125 0.47265625 0.0009765625 0.5048828125 0.0009765625 1.0 0.99951171875 0.9990234375 0.9990234375 0.845703125 0.654296875 0.4443359375 0.56201171875 0.3779296875
1 0.54833984375 0.388671875 0.5625 0.3876953125 0.59619140625 0.4306640625 0.70947265625 0.45703125 0.8466796875 0.46875 0.99951171875 0.5048828125 0.9990234375 0.9775390625 0.77734375 0.7255859375 0.63427734375 0.5654296875 0.56787109375 0.484375 0.55419921875 0.470703125 0.54541015625 0.4599609375 0.54296875 0.44921875 0.541015625 0.4306640625 0.541015625 0.41015625 0.54296875 0.40234375 0.544921875 0.3984375
1 0.5087890625 0.3916015625 0.50341796875 0.3857421875 0.41259765625 0.4365234375 0.328125 0.46484375 0.1533203125 0.5078125 0.0 0.537109375 0.0 0.5888671875 0.11279296875 0.5517578125 0.24951171875 0.51171875 0.33203125 0.486328125 0.39453125 0.4658203125 0.451171875 0.4365234375
2 0.5244140625 0.3046875 0.57373046875 0.3154296875 0.5703125 0.3857421875 0.50830078125 0.3896484375 0.501953125 0.330078125
4 0.41015625 0.4375 0.49560546875 0.3955078125 0.505859375 0.3876953125 0.5166015625 0.3720703125 0.5166015625 0.361328125 0.51904296875 0.36328125 0.5224609375 0.3564453125 0.51953125 0.3515625 0.51220703125 0.3466796875 0.5068359375 0.3447265625 0.50732421875 0.3359375 0.51513671875 0.3349609375 0.521484375 0.3359375 0.52587890625 0.341796875 0.52880859375 0.3349609375 0.5302734375 0.326171875 0.53173828125 0.30859375 0.53076171875 0.2890625 0.525390625 0.2744140625 0.51611328125 0.2724609375 0.50927734375 0.2705078125 0.50830078125 0.26171875 0.50634765625 0.2529296875 0.501953125 0.24609375 0.49462890625 0.2421875 0.48876953125 0.236328125 0.4833984375 0.2412109375 0.484375 0.2333984375 0.4814453125 0.2275390625 0.4755859375 0.2275390625 0.47314453125 0.2236328125 0.4677734375 0.22265625 0.462890625 0.2216796875 0.4638671875 0.2119140625 0.466796875 0.2099609375 0.466796875 0.205078125 0.466796875 0.1923828125 0.470703125 0.19140625 0.474609375 0.1845703125 0.47509765625 0.177734375 0.474609375 0.169921875 0.47119140625 0.1611328125 0.47119140625 0.158203125 0.46630859375 0.1533203125 0.466796875 0.14453125 0.4638671875 0.142578125 0.462890625 0.13671875 0.45703125 0.13671875 0.45068359375 0.134765625 0.4423828125 0.126953125 0.43994140625 0.119140625 0.44091796875 0.11328125 0.44287109375 0.11328125 0.44580078125 0.119140625 0.447265625 0.1181640625 0.453125 0.12109375 0.45751953125 0.1162109375 0.4560546875 0.1123046875 0.462890625 0.109375 0.46337890625 0.103515625 0.46533203125 0.09765625 0.462890625 0.08984375 0.4638671875 0.083984375 0.4677734375 0.076171875 0.46533203125 0.0634765625 0.45947265625 0.0576171875 0.4580078125 0.0478515625 0.451171875 0.044921875 0.451171875 0.0341796875 0.44775390625 0.029296875 0.44189453125 0.0234375 0.44677734375 0.0185546875 0.44677734375 0.0126953125 0.44140625 0.0009765625 0.16748046875 0.0009765625 0.1650390625 0.486328125 0.3427734375 0.4609375
3 0.4921875 0.37890625 0.4609375 0.3876953125 0.42578125 0.3984375 0.357421875 0.4072265625 0.35595703125 0.4609375 0.41259765625 0.4404296875 0.474609375 0.40625 0.494140625 0.396484375
2 0.1728515625 0.0634765625 0.1728515625 0.04296875 0.208984375 0.04296875 0.2021484375 0.0009765625 0.03564453125 0.0009765625 0.03173828125 0.5126953125 0.17333984375 0.484375
4 0.14501953125 0.083984375 0.14013671875 0.0751953125 0.14599609375 0.0654296875 0.14599609375 0.0537109375 0.14404296875 0.0458984375 0.1396484375 0.0498046875 0.13720703125 0.03515625 0.1416015625 0.0234375 0.13623046875 0.01953125 0.13330078125 0.0087890625 0.1416015625 0.009765625 0.146484375 0.0087890625 0.14697265625 0.0009765625 0.0009765625 0.0009765625 0.0009765625 0.4921875 0.12353515625 0.486328125 0.10888671875 0.3876953125 0.12255859375 0.39453125 0.13916015625 0.39453125 0.1484375 0.388671875 0.15673828125 0.38671875 0.15771484375 0.3759765625 0.14990234375 0.36328125 0.15380859375 0.35546875 0.16845703125 0.35546875 0.1669921875 0.345703125 0.173828125 0.3427734375 0.16455078125 0.3359375 0.1669921875 0.3232421875 0.15283203125 0.326171875 0.15478515625 0.3173828125 0.16064453125 0.3154296875 0.16455078125 0.3046875 0.16943359375 0.294921875 0.17138671875 0.2802734375 0.17236328125 0.267578125 0.1767578125 0.2529296875 0.17626953125 0.2431640625 0.17041015625 0.2431640625 0.16455078125 0.244140625 0.16943359375 0.2236328125 0.16748046875 0.208984375 0.16748046875 0.19921875 0.171875 0.1796875 0.1572265625 0.19140625 0.1572265625 0.181640625 0.15283203125 0.1767578125 0.1533203125 0.1689453125 0.16162109375 0.1669921875 0.162109375 0.154296875 0.15576171875 0.1455078125 0.16357421875 0.1298828125 0.162109375 0.123046875 0.16845703125 0.1142578125 0.16357421875 0.1103515625 0.15673828125 0.1015625 0.16748046875 0.080078125 0.16552734375 0.0771484375 0.15380859375 0.087890625 0.14990234375 0.08984375
3 0.341796875 0.40625 0.34326171875 0.462890625 0.00146484375 0.541015625 0.0 0.39453125
4 0.54248046875 0.373046875 0.54638671875 0.3740234375 0.54736328125 0.37890625 0.5478515625 0.384765625 0.5478515625 0.3876953125 0.5078125 0.3896484375 0.50634765625 0.384765625 0.5068359375 0.380859375 0.50830078125 0.376953125 0.5146484375 0.3740234375 0.52001953125 0.375 0.52685546875 0.376953125 0.53369140625 0.376953125 0.53759765625 0.375
5 0.5341796875 0.3935546875 0.53662109375 0.3935546875 0.53857421875 0.3935546875 0.5390625 0.38671875 0.53759765625 0.3818359375 0.53369140625 0.380859375 0.5302734375 0.3837890625 0.52978515625 0.3896484375 0.52978515625 0.3955078125 0.53271484375 0.396484375
5 0.50830078125 0.40625 0.513671875 0.40625 0.51513671875 0.4091796875 0.517578125 0.40625 0.5166015625 0.3994140625 0.515625 0.3916015625 0.513671875 0.3876953125 0.51025390625 0.3876953125 0.5068359375 0.3896484375 0.505859375 0.392578125 0.505859375 0.400390625 0.505859375 0.4072265625 0.50634765625 0.4091796875 0.50830078125 0.4091796875
2 0.67529296875 0.1650390625 0.71826171875 0.078125 0.8896484375 0.0791015625 0.9970703125 0.3671875 0.6435546875 0.4130859375 0.61181640625 0.2333984375 0.67626953125 0.1650390625
5 0.673828125 0.3837890625 0.68017578125 0.384765625 0.68798828125 0.3837890625 0.69384765625 0.3955078125 0.69384765625 0.408203125 0.67822265625 0.412109375 0.67138671875 0.3994140625
5 0.70166015625 0.3916015625 0.70458984375 0.3828125 0.70703125 0.376953125 0.71142578125 0.3759765625 0.716796875 0.375 0.71826171875 0.3740234375 0.72021484375 0.37109375 0.72705078125 0.3720703125 0.732421875 0.37890625 0.7451171875 0.4072265625 0.712890625 0.4130859375
5 0.83935546875 0.353515625 0.8466796875 0.35546875 0.8525390625 0.3623046875 0.8564453125 0.3779296875 0.8486328125 0.3896484375 0.83154296875 0.3837890625 0.82373046875 0.3759765625 0.82373046875 0.3642578125 0.82666015625 0.359375
4 0.83056640625 0.3955078125 0.82568359375 0.3623046875 0.82421875 0.3369140625 0.814453125 0.32421875 0.80126953125 0.31640625 0.78759765625 0.3125 0.77880859375 0.298828125 0.763671875 0.2666015625 0.744140625 0.1865234375 0.71484375 0.1025390625 0.68408203125 0.044921875 0.6865234375 0.017578125 0.67529296875 0.015625 0.67578125 0.001953125 0.9990234375 0.0009765625 0.99951171875 0.3408203125 0.9609375 0.3466796875 0.93408203125 0.3466796875 0.89208984375 0.3525390625 0.8779296875 0.3447265625 0.86962890625 0.3427734375 0.87109375 0.3271484375 0.86181640625 0.326171875 0.85400390625 0.3349609375 0.84912109375 0.34765625 0.84521484375 0.3623046875 0.84228515625 0.380859375 0.84228515625 0.39453125
5 0.87109375 0.3427734375 0.900390625 0.33984375 0.92431640625 0.37109375 0.85888671875 0.38671875 0.8583984375 0.3720703125 0.85986328125 0.361328125 0.86181640625 0.35546875 0.86474609375 0.34765625
5 0.91259765625 0.3427734375 0.9423828125 0.3369140625 0.96044921875 0.361328125 0.9189453125 0.369140625 0.90869140625 0.3583984375 0.90869140625 0.349609375 0.9111328125 0.3447265625
5 0.95458984375 0.3291015625 0.98291015625 0.3310546875 0.98291015625 0.3505859375 0.97314453125 0.36328125 0.95849609375 0.3603515625 0.94677734375 0.34375 0.94970703125 0.3349609375
5 0.98779296875 0.3271484375 0.99951171875 0.3212890625 0.998046875 0.3583984375 0.97412109375 0.359375 0.97265625 0.353515625 0.97705078125 0.3388671875 0.978515625 0.3330078125
4 0.55224609375 0.076171875 0.55322265625 0.0673828125 0.55615234375 0.056640625 0.56005859375 0.0517578125 0.5634765625 0.04296875 0.5615234375 0.0390625 0.56689453125 0.0341796875 0.56689453125 0.0234375 0.57275390625 0.021484375 0.57958984375 0.021484375 0.5869140625 0.0302734375 0.59033203125 0.025390625 0.591796875 0.0126953125 0.6015625 0.0146484375 0.607421875 0.0029296875 0.61572265625 0.0009765625 0.61865234375 0.009765625 0.6240234375 0.0146484375 0.62939453125 0.015625 0.63330078125 0.0087890625 0.63916015625 0.013671875 0.6435546875 0.0166015625 0.6474609375 0.017578125 0.65087890625 0.0283203125 0.65478515625 0.03125 0.6611328125 0.0302734375 0.66748046875 0.029296875 0.67626953125 0.0263671875 0.6806640625 0.0234375 0.6865234375 0.033203125 0.6875 0.025390625 0.69921875 0.0322265625 0.7080078125 0.0498046875 0.7119140625 0.060546875 0.72119140625 0.0517578125 0.72705078125 0.046875 0.7333984375 0.0498046875 0.7333984375 0.076171875 0.73486328125 0.0927734375 0.74072265625 0.1025390625 0.7490234375 0.1171875 0.7607421875 0.1357421875 0.767578125 0.142578125 0.77490234375 0.1572265625 0.78125 0.1806640625 0.78369140625 0.23046875 0.78466796875 0.2587890625 0.78076171875 0.2890625 0.76513671875 0.3154296875 0.7431640625 0.318359375 0.72509765625 0.333984375 0.71875 0.3486328125 0.70703125 0.3701171875 0.70361328125 0.38671875 0.70068359375 0.3896484375 0.693359375 0.3828125 0.69091796875 0.3642578125 0.68994140625 0.337890625 0.6884765625 0.32421875 0.68212890625 0.3447265625 0.6806640625 0.3564453125 0.66748046875 0.359375 0.66259765625 0.365234375 0.6640625 0.3798828125 0.6650390625 0.3994140625 0.65869140625 0.4248046875 0.64892578125 0.4384765625 0.64013671875 0.4501953125 0.6181640625 0.4453125 0.6025390625 0.439453125 0.59033203125 0.431640625 0.578125 0.419921875 0.56787109375 0.408203125 0.560546875 0.390625 0.55712890625 0.3759765625 0.55224609375 0.359375 0.54345703125 0.3515625 0.5361328125 0.3505859375 0.53564453125 0.333984375 0.53125 0.328125 0.525390625 0.3232421875 0.52197265625 0.306640625 0.52099609375 0.2880859375 0.5234375 0.27734375 0.51318359375 0.2763671875 0.5087890625 0.2666015625 0.51318359375 0.255859375 0.5166015625 0.24609375 0.51318359375 0.236328125 0.5087890625 0.228515625 0.501953125 0.2265625 0.50439453125 0.2109375 0.50830078125 0.1962890625 0.513671875 0.1845703125 0.51220703125 0.1767578125 0.5087890625 0.1689453125 0.5126953125 0.1640625 0.52001953125 0.15625 0.52587890625 0.146484375 0.52587890625 0.13671875 0.5244140625 0.1181640625 0.5263671875 0.1083984375 0.52880859375 0.0986328125 0.53955078125 0.08984375 0.546875 0.080078125
4 0.7548828125 0.3037109375 0.76123046875 0.30859375 0.77001953125 0.3232421875 0.77294921875 0.3203125 0.7763671875 0.328125 0.78271484375 0.3291015625 0.78369140625 0.3388671875 0.78564453125 0.35546875 0.7900390625 0.3662109375 0.78564453125 0.3876953125 0.7880859375 0.400390625 0.7763671875 0.4072265625 0.75732421875 0.4033203125 0.744140625 0.4033203125 0.73583984375 0.3994140625 0.734375 0.3779296875 0.73486328125 0.365234375 0.73486328125 0.353515625 0.73828125 0.3359375 0.73828125 0.3232421875 0.7392578125 0.3056640625 0.7451171875 0.296875 0.7490234375 0.3076171875
5 0.7900390625 0.36328125 0.818359375 0.357421875 0.830078125 0.380859375 0.82177734375 0.4189453125 0.78564453125 0.3955078125 0.78369140625 0.37890625 0.78515625 0.3671875
4 0.849609375 0.486328125 0.80615234375 0.4951171875 0.76513671875 0.4990234375 0.7421875 0.4931640625 0.72216796875 0.4765625 0.7236328125 0.462890625 0.71826171875 0.458984375 0.69921875 0.4541015625 0.6796875 0.45703125 0.6591796875 0.453125 0.63916015625 0.4501953125 0.65234375 0.43359375 0.65625 0.427734375 0.66943359375 0.4189453125 0.67919921875 0.404296875 0.68408203125 0.4013671875 0.69189453125 0.396484375 0.70068359375 0.3935546875 0.70751953125 0.3916015625 0.71435546875 0.39453125 0.71728515625 0.396484375 0.72021484375 0.3916015625 0.72607421875 0.3876953125 0.73046875 0.390625 0.73486328125 0.392578125 0.7421875 0.3974609375 0.74755859375 0.3994140625 0.75830078125 0.3994140625 0.76318359375 0.4013671875 0.77099609375 0.40625 0.77734375 0.4052734375 0.78564453125 0.40234375 0.7939453125 0.3935546875 0.79931640625 0.3857421875 0.80078125 0.3837890625 0.8056640625 0.384765625 0.8115234375 0.3818359375 0.81396484375 0.3798828125 0.818359375 0.3720703125 0.82470703125 0.3798828125 0.82861328125 0.3818359375 0.8359375 0.388671875 0.8447265625 0.3828125 0.8515625 0.373046875 0.85546875 0.365234375 0.86669921875 0.3720703125 0.8701171875 0.3671875 0.87744140625 0.3623046875 0.88623046875 0.3623046875 0.89453125 0.3623046875 0.90234375 0.3564453125 0.9091796875 0.353515625 0.9150390625 0.359375 0.92529296875 0.3564453125 0.93212890625 0.3564453125 0.9384765625 0.3544921875 0.9541015625 0.3544921875 0.9580078125 0.3544921875 0.970703125 0.357421875 0.98095703125 0.353515625 0.98828125 0.357421875 0.99951171875 0.3525390625 0.99951171875 0.4580078125 0.86572265625 0.443359375
