4 0.50439453125 0.2783203125 0.50244140625 0.267578125 0.50341796875 0.26171875 0.513671875 0.2626953125 0.51171875 0.25390625 0.51220703125 0.2451171875 0.515625 0.236328125 0.517578125 0.2294921875 0.5244140625 0.2294921875 0.52685546875 0.234375 0.5322265625 0.23046875 0.53515625 0.2353515625 0.53515625 0.244140625 0.5361328125 0.2548828125 0.5380859375 0.255859375 0.54052734375 0.259765625 0.54443359375 0.2734375 0.544921875 0.2890625 0.517578125 0.3046875
4 0.458984375 0.27734375 0.4794921875 0.2587890625 0.474609375 0.25 0.47314453125 0.2421875 0.46875 0.240234375 0.4638671875 0.2412109375 0.4609375 0.2490234375 0.45166015625 0.2529296875 0.44287109375 0.255859375 0.435546875 0.255859375 0.4326171875 0.263671875 0.43896484375 0.27734375
0 0.0 0.611328125 0.30322265625 0.49609375 0.41259765625 0.4482421875 0.4638671875 0.4287109375 0.54150390625 0.42578125 0.57470703125 0.47265625 0.9990234375 0.8447265625 0.99951171875 1.0 0.0 1.0
2 0.5576171875 0.251953125 0.56591796875 0.251953125 0.5654296875 0.259765625 0.58447265625 0.2587890625 0.99853515625 0.21484375 0.99951171875 0.4345703125 0.58251953125 0.44921875 0.578125 0.4482421875 0.55712890625 0.4462890625 0.5390625 0.4482421875 0.53515625 0.443359375 0.521484375 0.4365234375 0.5048828125 0.2939453125 0.52099609375 0.279296875 0.55908203125 0.2744140625
4 0.52734375 0.3857421875 0.53173828125 0.3837890625 0.53564453125 0.3837890625 0.53662109375 0.376953125 0.5361328125 0.373046875 0.53173828125 0.369140625 0.5263671875 0.375 0.52392578125 0.37890625
2 0.42724609375 0.2197265625 0.4365234375 0.2646484375 0.44384765625 0.2685546875 0.4453125 0.2607421875 0.4521484375 0.2607421875 0.45263671875 0.2421875 0.45556640625 0.2412109375 0.45751953125 0.26171875 0.4609375 0.2548828125 0.4677734375 0.2509765625 0.470703125 0.2529296875 0.47802734375 0.2568359375 0.478515625 0.2470703125 0.48291015625 0.2490234375 0.48291015625 0.2587890625 0.4873046875 0.2587890625 0.4873046875 0.2509765625 0.49072265625 0.251953125 0.49072265625 0.265625 0.501953125 0.2646484375 0.51318359375 0.2822265625 0.52783203125 0.3525390625 0.5263671875 0.357421875 0.52685546875 0.390625 0.5244140625 0.396484375 0.52294921875 0.435546875 0.44677734375 0.44140625 0.431640625 0.3857421875 0.41064453125 0.298828125 0.4091796875 0.255859375
1 0.525390625 0.4462890625 0.52685546875 0.4501953125 0.52880859375 0.453125 0.53955078125 0.4541015625 0.583984375 0.453125 0.58056640625 0.4482421875 0.54736328125 0.4453125 0.5380859375 0.4453125 0.53271484375 0.443359375 0.5263671875 0.443359375
5 0.53564453125 0.423828125 0.52587890625 0.4248046875 0.52294921875 0.4306640625 0.52490234375 0.4384765625 0.52490234375 0.4443359375 0.52880859375 0.4453125 0.52880859375 0.44140625 0.53271484375 0.4453125 0.53662109375 0.443359375 0.53662109375 0.4375 0.53759765625 0.431640625 0.53662109375 0.42578125
2 0.533203125 0.330078125 0.53662109375 0.4443359375 0.53955078125 0.4501953125 0.58349609375 0.44921875 0.5791015625 0.259765625
4 0.5009765625 0.421875 0.5 0.4140625 0.498046875 0.3984375 0.4951171875 0.38671875 0.4921875 0.3759765625 0.49169921875 0.36328125 0.4892578125 0.3525390625 0.4833984375 0.35546875 0.48046875 0.37109375 0.4794921875 0.36328125 0.4755859375 0.3544921875 0.47265625 0.359375 0.46826171875 0.353515625 0.4638671875 0.357421875 0.4619140625 0.375 0.46044921875 0.3818359375 0.4599609375 0.3935546875 0.4541015625 0.40234375 0.45068359375 0.396484375 0.44384765625 0.3974609375 0.43896484375 0.400390625 0.4375 0.4169921875 0.4482421875 0.4384765625 0.48388671875 0.435546875
3 0.490234375 0.44140625 0.4462890625 0.443359375 0.4462890625 0.4267578125 0.498046875 0.421875 0.498046875 0.43359375
5 0.49072265625 0.455078125 0.490234375 0.44921875 0.4912109375 0.43359375 0.4912109375 0.431640625 0.49462890625 0.4248046875 0.49755859375 0.4228515625 0.50341796875 0.4228515625 0.501953125 0.4375 0.4931640625 0.45703125
5 0.498046875 0.462890625 0.51806640625 0.4619140625 0.51806640625 0.46875 0.52197265625 0.4677734375 0.52197265625 0.462890625 0.5224609375 0.4541015625 0.5234375 0.443359375 0.52099609375 0.4326171875 0.51904296875 0.4248046875 0.5166015625 0.421875 0.50048828125 0.421875 0.49755859375 0.42578125 0.4951171875 0.435546875 0.494140625 0.443359375 0.4931640625 0.453125 0.4931640625 0.4599609375 0.49365234375 0.46875 0.49462890625 0.470703125 0.4970703125 0.46875
4 0.48681640625 0.4375 0.48828125 0.431640625 0.4921875 0.431640625 0.4951171875 0.4267578125 0.49609375 0.4189453125 0.47119140625 0.4228515625 0.47119140625 0.4296875 0.4736328125 0.4345703125 0.478515625 0.435546875 0.48095703125 0.4375 0.4833984375 0.43359375
5 0.455078125 0.4208984375 0.470703125 0.421875 0.47412109375 0.43359375 0.4736328125 0.44921875 0.474609375 0.458984375 0.47265625 0.4580078125 0.47216796875 0.455078125 0.4560546875 0.455078125 0.4560546875 0.4609375 0.45263671875 0.4609375 0.45263671875 0.44140625 0.453125 0.43359375 0.45166015625 0.4296875 0.4541015625 0.427734375
2 0.44384765625 0.357421875 0.4248046875 0.3271484375 0.42919921875 0.3232421875 0.4140625 0.298828125 0.388671875 0.3056640625 0.38720703125 0.431640625 0.38916015625 0.451171875 0.40869140625 0.45703125 0.44580078125 0.4423828125 0.44482421875 0.4150390625 0.43798828125 0.4130859375 0.4404296875 0.36328125
5 0.4248046875 0.421875 0.4384765625 0.4208984375 0.43994140625 0.43359375 0.43994140625 0.44140625 0.43994140625 0.4453125 0.439453125 0.447265625 0.43505859375 0.4482421875
5 0.41748046875 0.4228515625 0.4287109375 0.421875 0.43359375 0.4228515625 0.4365234375 0.4423828125 0.43603515625 0.4521484375 0.43701171875 0.4619140625 0.435546875 0.4638671875 0.43115234375 0.4599609375 0.42626953125 0.458984375 0.41748046875 0.4599609375 0.41650390625 0.46484375 0.41357421875 0.46484375 0.4130859375 0.462890625 0.41259765625 0.44140625 0.416015625 0.423828125
4 0.40478515625 0.154296875 0.41259765625 0.1552734375 0.4189453125 0.158203125 0.4228515625 0.15625 0.42626953125 0.1494140625 0.4267578125 0.13671875 0.421875 0.126953125 0.4208984375 0.1181640625 0.419921875 0.1025390625 0.41748046875 0.08203125 0.4267578125 0.080078125 0.42333984375 0.072265625 0.41259765625 0.0576171875 0.40283203125 0.052734375 0.4033203125 0.0419921875 0.41162109375 0.02734375 0.41259765625 0.021484375 0.40771484375 0.015625 0.39794921875 0.0234375 0.396484375 0.0146484375 0.3984375 0.00390625 0.39599609375 0.0009765625 0.18212890625 0.0029296875 0.17626953125 0.1181640625 0.15185546875 0.1962890625 0.12109375 0.2841796875 0.10400390625 0.4619140625 0.13427734375 0.5029296875 0.27197265625 0.486328125 0.3349609375 0.4716796875 0.35595703125 0.46484375 0.38916015625 0.443359375 0.3876953125 0.4287109375 0.38671875 0.4150390625 0.38720703125 0.4052734375 0.390625 0.396484375 0.39404296875 0.3876953125 0.396484375 0.3779296875 0.39013671875 0.369140625 0.3896484375 0.3544921875 0.39208984375 0.3505859375 0.39599609375 0.33984375 0.3994140625 0.33984375 0.4052734375 0.33984375 0.41015625 0.34375 0.4189453125 0.337890625 0.42529296875 0.3330078125 0.4306640625 0.322265625 0.4365234375 0.2998046875 0.4267578125 0.294921875 0.43359375 0.2763671875 0.43310546875 0.26171875 0.42431640625 0.2529296875 0.43017578125 0.2431640625 0.431640625 0.232421875 0.42333984375 0.2275390625 0.42919921875 0.216796875 0.4287109375 0.2119140625 0.4267578125 0.1982421875 0.4248046875 0.1875 0.41943359375 0.1806640625 0.41259765625 0.177734375 0.408203125 0.1689453125 0.404296875 0.166015625
5 0.3779296875 0.48046875 0.3974609375 0.4765625 0.3994140625 0.482421875 0.40087890625 0.482421875 0.404296875 0.482421875 0.408203125 0.48046875 0.40869140625 0.47265625 0.408203125 0.4609375 0.4072265625 0.4384765625 0.3974609375 0.4228515625 0.37890625 0.423828125 0.37158203125 0.4267578125 0.36572265625 0.4384765625 0.36328125 0.4423828125 0.36572265625 0.447265625 0.36474609375 0.4560546875 0.36474609375 0.4716796875 0.36474609375 0.484375 0.365234375 0.48828125 0.36865234375 0.48828125 0.37060546875 0.482421875 0.37255859375 0.486328125 0.3779296875 0.486328125
1 0.08740234375 0.5126953125 0.14111328125 0.51171875 0.28076171875 0.5087890625 0.3173828125 0.4951171875 0.11962890625 0.5869140625 0.0 0.640625 0.0 0.5625 0.0341796875 0.5595703125 0.05908203125 0.5546875 0.07421875 0.525390625
4 0.21142578125 0.11328125 0.234375 0.0673828125 0.24755859375 0.05078125 0.26953125 0.056640625 0.2763671875 0.0615234375 0.28173828125 0.05859375 0.28125 0.0361328125 0.28076171875 0.0224609375 0.2734375 0.01171875 0.2568359375 0.0087890625 0.21728515625 0.0126953125 0.2138671875 0.001953125 0.0 0.001953125 0.0 0.5615234375 0.02587890625 0.5615234375 0.0537109375 0.560546875 0.068359375 0.548828125 0.091796875 0.5361328125 0.09033203125 0.5224609375 0.08349609375 0.5068359375 0.06103515625 0.494140625 0.060546875 0.47265625 0.06787109375 0.4482421875 0.07275390625 0.439453125 0.07958984375 0.4296875 0.0849609375 0.4384765625 0.0986328125 0.4384765625 0.10205078125 0.42578125 0.08203125 0.4130859375 0.09765625 0.404296875 0.10302734375 0.4033203125 0.1005859375 0.3896484375 0.10986328125 0.3857421875 0.12109375 0.37890625 0.13330078125 0.36328125 0.138671875 0.353515625 0.14794921875 0.3330078125 0.14453125 0.3134765625 0.14697265625 0.2890625 0.150390625 0.2783203125 0.15966796875 0.263671875 0.1708984375 0.24609375 0.17822265625 0.2158203125 0.181640625 0.193359375 0.19091796875 0.18359375 0.205078125 0.1591796875 0.21484375 0.1376953125 0.2001953125 0.125
5 0.24755859375 0.556640625 0.255859375 0.5478515625 0.2568359375 0.5517578125 0.2607421875 0.5517578125 0.26220703125 0.5615234375 0.265625 0.5615234375 0.27099609375 0.55859375 0.2744140625 0.5390625 0.2744140625 0.5185546875 0.2744140625 0.5048828125 0.27099609375 0.478515625 0.2705078125 0.466796875 0.2666015625 0.455078125 0.263671875 0.4423828125 0.2568359375 0.421875 0.2509765625 0.41015625 0.24462890625 0.40625 0.21923828125 0.4052734375 0.1806640625 0.4111328125 0.16943359375 0.42578125 0.1552734375 0.455078125 0.14892578125 0.45703125 0.14501953125 0.4580078125 0.1435546875 0.46875 0.1484375 0.4716796875 0.15087890625 0.46875 0.14111328125 0.4951171875 0.1357421875 0.533203125 0.13720703125 0.5576171875 0.1376953125 0.5703125 0.1435546875 0.5810546875 0.14794921875 0.5859375 0.15234375 0.5849609375 0.15673828125 0.580078125 0.15966796875 0.57421875 0.23095703125 0.5673828125 0.2333984375 0.578125 0.23681640625 0.5810546875 0.2431640625 0.5771484375 0.24609375 0.5712890625
4 0.11279296875 0.4921875 0.11279296875 0.3779296875 0.12060546875 0.3779296875 0.13330078125 0.359375 0.13916015625 0.3427734375 0.14306640625 0.3193359375 0.1435546875 0.28515625 0.14306640625 0.255859375 0.14208984375 0.2197265625 0.13330078125 0.203125 0.1220703125 0.142578125 0.1005859375 0.1845703125 0.08740234375 0.2080078125 0.078125 0.259765625 0.06689453125 0.2958984375 0.06298828125 0.326171875 0.0634765625 0.35546875 0.07275390625 0.37890625 0.08984375 0.37890625 0.1005859375 0.3779296875 0.1005859375 0.49609375
1 0.533203125 0.47265625 0.54248046875 0.4873046875 0.56494140625 0.5185546875 0.595703125 0.5615234375 0.6484375 0.62890625 0.775390625 0.8046875 0.92919921875 0.9990234375 1.0 1.0 1.0 0.533203125 0.93212890625 0.533203125 0.8515625 0.51171875 0.919921875 0.5078125 0.9697265625 0.4970703125 0.97021484375 0.48046875 0.77978515625 0.4794921875 0.693359375 0.4765625 0.58740234375 0.4482421875 0.5458984375 0.453125 0.5361328125 0.4580078125 0.53271484375 0.458984375 0.5322265625 0.4619140625 0.5322265625 0.466796875 0.53271484375 0.4697265625
4 0.58447265625 0.42578125 0.58447265625 0.4111328125 0.58251953125 0.41015625 0.580078125 0.4013671875 0.57763671875 0.3955078125 0.57421875 0.39453125 0.56884765625 0.3935546875 0.56396484375 0.390625 0.5615234375 0.390625 0.55908203125 0.3994140625 0.55908203125 0.412109375 0.55908203125 0.419921875 0.56103515625 0.423828125 0.56591796875 0.42578125
3 0.58349609375 0.421875 0.55419921875 0.4248046875 0.556640625 0.451171875 0.5830078125 0.44921875
2 0.58154296875 0.369140625 0.58251953125 0.4501953125 0.99853515625 0.4345703125 0.9990234375 0.2109375 0.5791015625 0.2587890625
5 0.7900390625 0.4072265625 0.8095703125 0.4072265625 0.81494140625 0.416015625 0.814453125 0.4365234375 0.80810546875 0.453125 0.7841796875 0.4638671875 0.7763671875 0.46484375 0.7705078125 0.4658203125 0.7705078125 0.458984375 0.7705078125 0.44921875 0.7724609375 0.4384765625 0.7724609375 0.43359375 0.77197265625 0.427734375 0.77587890625 0.42578125 0.7783203125 0.419921875 0.7822265625 0.41015625
5 0.81884765625 0.412109375 0.82275390625 0.404296875 0.84130859375 0.3984375 0.87255859375 0.400390625 0.87158203125 0.412109375 0.8388671875 0.435546875 0.81982421875 0.4189453125
4 0.6142578125 0.375 0.60888671875 0.3828125 0.603515625 0.390625 0.603515625 0.3701171875 0.5986328125 0.3818359375 0.5908203125 0.3916015625 0.58349609375 0.3837890625 0.58251953125 0.376953125 0.5771484375 0.37109375 0.5732421875 0.3603515625 0.56884765625 0.353515625 0.56494140625 0.357421875 0.5595703125 0.3623046875 0.556640625 0.3544921875 0.55322265625 0.34375 0.55322265625 0.3271484375 0.54931640625 0.3203125 0.546875 0.3046875 0.54931640625 0.2861328125 0.54638671875 0.2763671875 0.55078125 0.2685546875 0.55712890625 0.2607421875 0.5634765625 0.248046875 0.56982421875 0.2236328125 0.5751953125 0.208984375 0.580078125 0.197265625 0.5869140625 0.1904296875 0.61181640625 0.2119140625 0.62158203125 0.37109375 0.61474609375 0.373046875
4 0.8837890625 0.3916015625 0.88232421875 0.38671875 0.876953125 0.380859375 0.86279296875 0.376953125 0.85400390625 0.361328125 0.85400390625 0.3369140625 0.85400390625 0.3193359375 0.8798828125 0.2265625 0.892578125 0.1943359375 0.91015625 0.1845703125 0.9296875 0.2001953125 0.94091796875 0.244140625 0.93701171875 0.2822265625 0.92529296875 0.3173828125 0.91748046875 0.34765625 0.91259765625 0.3671875 0.9091796875 0.3798828125 0.9013671875 0.37890625 0.89404296875 0.380859375 0.88720703125 0.384765625 0.8857421875 0.392578125 0.8837890625 0.3994140625
5 0.92333984375 0.388671875 0.93212890625 0.388671875 0.93505859375 0.396484375 0.9345703125 0.40625 0.9287109375 0.4091796875 0.91650390625 0.40234375 0.916015625 0.3935546875
5 0.93798828125 0.3828125 0.95751953125 0.3837890625 0.96484375 0.388671875 0.96923828125 0.4033203125 0.96826171875 0.42578125 0.96484375 0.4453125 0.94873046875 0.45703125 0.93701171875 0.4580078125 0.9326171875 0.4482421875 0.93115234375 0.431640625 0.9306640625 0.4140625 0.931640625 0.400390625
5 0.91748046875 0.39453125 0.91357421875 0.38671875 0.8876953125 0.3896484375 0.86376953125 0.404296875 0.92626953125 0.462890625 0.9287109375 0.46875 0.931640625 0.46875 0.935546875 0.466796875 0.935546875 0.4521484375 0.9365234375 0.427734375 0.9345703125 0.4150390625 0.9287109375 0.400390625 0.92236328125 0.396484375
5 0.951171875 0.404296875 0.97265625 0.404296875 0.97412109375 0.4580078125 0.9501953125 0.46875 0.94482421875 0.4658203125 0.9423828125 0.458984375 0.9423828125 0.44921875 0.94677734375 0.4296875 0.9423828125 0.427734375 0.94384765625 0.4208984375 0.94921875 0.419921875
5 0.904296875 0.470703125 0.91259765625 0.4736328125 0.921875 0.4755859375 0.92333984375 0.470703125 0.92724609375 0.46484375 0.9287109375 0.4580078125 0.92822265625 0.4453125 0.92626953125 0.4384765625 0.923828125 0.423828125 0.91845703125 0.4072265625 0.89697265625 0.3994140625 0.87353515625 0.4013671875 0.85791015625 0.419921875 0.8427734375 0.4296875 0.84130859375 0.4453125 0.90380859375 0.466796875
5 0.822265625 0.4140625 0.82666015625 0.4287109375 0.81787109375 0.44140625 0.8134765625 0.4287109375 0.81298828125 0.4111328125 0.81787109375 0.41015625 0.82177734375 0.41015625
5 0.90478515625 0.4560546875 0.904296875 0.4375 0.9013671875 0.4248046875 0.88916015625 0.4072265625 0.8564453125 0.40625 0.83984375 0.41015625 0.81640625 0.4326171875 0.80615234375 0.435546875 0.79443359375 0.4404296875 0.7900390625 0.4462890625 0.78564453125 0.45703125 0.78515625 0.4677734375 0.787109375 0.4765625 0.8916015625 0.4765625 0.90087890625 0.47265625
4 0.62939453125 0.390625 0.6357421875 0.3818359375 0.64111328125 0.3818359375 0.64697265625 0.373046875 0.6474609375 0.3828125 0.6533203125 0.3837890625 0.658203125 0.384765625 0.66455078125 0.3671875 0.66748046875 0.3447265625 0.66748046875 0.2880859375 0.67041015625 0.232421875 0.6669921875 0.166015625 0.6533203125 0.0986328125 0.63916015625 0.078125 0.62744140625 0.072265625 0.61767578125 0.0791015625 0.60888671875 0.078125 0.60693359375 0.08984375 0.611328125 0.0947265625 0.611328125 0.1025390625 0.60498046875 0.1103515625 0.599609375 0.109375 0.59521484375 0.119140625 0.59912109375 0.130859375 0.5966796875 0.1376953125 0.59619140625 0.1494140625 0.59912109375 0.1513671875 0.5947265625 0.16015625 0.5927734375 0.1689453125 0.5888671875 0.1748046875 0.58740234375 0.1904296875 0.5859375 0.2109375 0.58740234375 0.228515625 0.591796875 0.2607421875 0.59326171875 0.283203125 0.587890625 0.2646484375 0.58447265625 0.27734375 0.5849609375 0.296875 0.58740234375 0.31640625 0.5908203125 0.328125 0.59765625 0.3466796875 0.59912109375 0.359375 0.5966796875 0.369140625 0.60302734375 0.369140625 0.6083984375 0.373046875 0.6142578125 0.3779296875 0.62060546875 0.3857421875 0.6240234375 0.3916015625 0.62451171875 0.44921875 0.63037109375 0.44921875
4 0.71923828125 0.37890625 0.724609375 0.392578125 0.75341796875 0.4072265625 0.77001953125 0.4072265625 0.78369140625 0.4072265625 0.80908203125 0.3876953125 0.81298828125 0.5146484375 0.81884765625 0.5146484375 0.8154296875 0.3857421875 0.82958984375 0.376953125 0.83251953125 0.38671875 0.845703125 0.3896484375 0.8662109375 0.380859375 0.88037109375 0.375 0.9189453125 0.3740234375 0.93310546875 0.376953125 0.95654296875 0.365234375 0.9990234375 0.3037109375 0.99853515625 0.0009765625 0.66748046875 0.0009765625 0.66552734375 0.0087890625 0.66064453125 0.013671875 0.6640625 0.0322265625 0.66845703125 0.0400390625 0.67529296875 0.046875 0.6884765625 0.05078125 0.69580078125 0.0498046875 0.70556640625 0.0400390625 0.7060546875 0.0546875 0.7041015625 0.0703125 0.7060546875 0.0791015625 0.712890625 0.0830078125 0.71923828125 0.0908203125 0.72509765625 0.099609375 0.72900390625 0.107421875 0.73046875 0.126953125 0.72314453125 0.142578125 0.7216796875 0.16015625 0.7265625 0.18359375 0.7255859375 0.205078125 0.72021484375 0.3125
4 0.68408203125 0.390625 0.75244140625 0.3896484375 0.7529296875 0.435546875 0.681640625 0.4375
5 0.6806640625 0.41015625 0.69384765625 0.412109375 0.69677734375 0.4326171875 0.68994140625 0.451171875 0.67626953125 0.455078125 0.67578125 0.4150390625
5 0.7001953125 0.4267578125 0.7060546875 0.4111328125 0.7109375 0.41015625 0.71533203125 0.4296875 0.71044921875 0.44921875 0.7001953125 0.451171875 0.697265625 0.4423828125 0.697265625 0.4326171875
4 0.70263671875 0.3984375 0.70703125 0.3935546875 0.71337890625 0.3916015625 0.72314453125 0.3916015625 0.7236328125 0.376953125 0.72802734375 0.365234375 0.732421875 0.3427734375 0.7421875 0.296875 0.7431640625 0.2626953125 0.74072265625 0.2265625 0.73095703125 0.2001953125 0.7197265625 0.177734375 0.701171875 0.212890625 0.6923828125 0.2490234375 0.68408203125 0.28515625 0.6796875 0.3203125 0.6796875 0.353515625 0.68310546875 0.3720703125 0.6865234375 0.3828125 0.69677734375 0.3974609375 0.697265625 0.4384765625 0.7001953125 0.4375 0.69921875 0.3984375
4 0.67333984375 0.4580078125 0.671875 0.4560546875 0.6728515625 0.3876953125 0.6640625 0.38671875 0.66015625 0.3671875 0.64501953125 0.3427734375 0.6201171875 0.2919921875 0.61474609375 0.22265625 0.6123046875 0.1630859375 0.6171875 0.111328125 0.62744140625 0.0546875 0.6416015625 0.017578125 0.650390625 0.0009765625 0.6650390625 0.02734375 0.67626953125 0.02734375 0.6923828125 0.029296875 0.69921875 0.0546875 0.71435546875 0.076171875 0.7197265625 0.0908203125 0.724609375 0.1142578125 0.73046875 0.1357421875 0.734375 0.158203125 0.73388671875 0.19140625 0.7333984375 0.255859375 0.73095703125 0.3037109375 0.71435546875 0.3525390625 0.67919921875 0.369140625 0.6767578125 0.4580078125
5 0.75830078125 0.4130859375 0.75048828125 0.412109375 0.74609375 0.4169921875 0.74658203125 0.435546875 0.7490234375 0.4482421875 0.75341796875 0.44921875 0.75927734375 0.4345703125
5 0.7470703125 0.3955078125 0.75 0.4482421875 0.7470703125 0.458984375 0.7421875 0.4638671875 0.73583984375 0.462890625 0.73291015625 0.4619140625 0.7314453125 0.4580078125 0.7197265625 0.4580078125 0.71923828125 0.4619140625 0.7119140625 0.462890625 0.7080078125 0.462890625 0.70556640625 0.4443359375 0.70703125 0.4287109375 0.71337890625 0.3974609375 0.72021484375 0.3955078125 0.73583984375 0.39453125
5 0.75927734375 0.4072265625 0.77783203125 0.40625 0.78125 0.4140625 0.78125 0.43359375 0.7744140625 0.4580078125 0.759765625 0.4599609375 0.75537109375 0.462890625 0.7529296875 0.458984375 0.75244140625 0.4365234375 0.75537109375 0.4248046875
4 0.97607421875 0.5 0.97021484375 0.4990234375 0.97412109375 0.443359375 0.97314453125 0.3642578125 0.9599609375 0.3623046875 0.947265625 0.353515625 0.9365234375 0.3310546875 0.93017578125 0.294921875 0.9150390625 0.248046875 0.90087890625 0.2119140625 0.89990234375 0.1650390625 0.91064453125 0.1103515625 0.91650390625 0.0703125 0.91748046875 0.04296875 0.9267578125 0.021484375 0.9345703125 0.001953125 0.99951171875 0.0009765625 0.9990234375 0.330078125 0.99462890625 0.345703125 0.9990234375 0.4765625 0.99853515625 0.498046875
