0 0.60205078125 0.375 0.44384765625 0.3759765625 0.166015625 0.3955078125 0.0009765625 0.41015625 0.0 0.9990234375 0.9990234375 0.9990234375 0.9990234375 0.8408203125 0.7392578125 0.6416015625 0.591796875 0.4580078125 0.640625 0.41015625 0.6337890625 0.3759765625
4 0.46728515625 0.2861328125 0.47900390625 0.2841796875 0.49609375 0.2822265625 0.51708984375 0.28515625 0.5263671875 0.2763671875 0.5400390625 0.263671875 0.552734375 0.2626953125 0.5654296875 0.2724609375 0.5703125 0.287109375 0.57177734375 0.3203125 0.56884765625 0.3359375 0.50439453125 0.3447265625 0.46142578125 0.3173828125
4 0.57861328125 0.328125 0.57421875 0.31640625 0.5654296875 0.306640625 0.5634765625 0.2958984375 0.55908203125 0.2783203125 0.55322265625 0.2705078125 0.544921875 0.2734375 0.53955078125 0.2890625 0.53515625 0.3046875 0.53369140625 0.318359375 0.53271484375 0.326171875 0.52783203125 0.3193359375 0.52001953125 0.31640625 0.5146484375 0.3173828125 0.5087890625 0.3291015625 0.5068359375 0.3369140625 0.50927734375 0.3486328125 0.51416015625 0.357421875 0.52197265625 0.3603515625 0.529296875 0.361328125 0.5361328125 0.353515625 0.54052734375 0.3505859375 0.54443359375 0.361328125 0.556640625 0.359375 0.568359375 0.3603515625 0.5732421875 0.3525390625
4 0.4833984375 0.349609375 0.48779296875 0.3408203125 0.4892578125 0.3330078125 0.48681640625 0.3203125 0.48193359375 0.3115234375 0.47314453125 0.30859375 0.46533203125 0.3095703125 0.45947265625 0.3173828125 0.45654296875 0.3359375 0.45703125 0.3447265625 0.462890625 0.349609375
4 0.5390625 0.3642578125 0.54248046875 0.3447265625 0.546875 0.3251953125 0.55908203125 0.291015625 0.564453125 0.2724609375 0.568359375 0.2548828125 0.576171875 0.2421875 0.591796875 0.2265625 0.59326171875 0.1875 0.58642578125 0.146484375 0.56689453125 0.115234375 0.5419921875 0.087890625 0.513671875 0.0654296875 0.48193359375 0.056640625 0.45458984375 0.0830078125 0.46630859375 0.17578125 0.49755859375 0.1953125 0.49755859375 0.224609375 0.4951171875 0.2412109375 0.49560546875 0.259765625 0.501953125 0.28125 0.509765625 0.2958984375 0.51416015625 0.310546875 0.51904296875 0.3271484375 0.5302734375 0.3359375 0.53564453125 0.369140625
4 0.455078125 0.3251953125 0.45751953125 0.318359375 0.47412109375 0.306640625 0.47607421875 0.2958984375 0.47314453125 0.275390625 0.4755859375 0.2685546875 0.49169921875 0.2529296875 0.49560546875 0.25 0.49951171875 0.2412109375 0.50341796875 0.216796875 0.50341796875 0.19140625 0.50244140625 0.17578125 0.49658203125 0.1650390625 0.48681640625 0.1650390625 0.47412109375 0.1806640625 0.45947265625 0.205078125 0.44970703125 0.1884765625 0.443359375 0.1845703125 0.4306640625 0.158203125 0.4189453125 0.1572265625 0.41455078125 0.1708984375 0.404296875 0.1845703125 0.39208984375 0.1982421875 0.38671875 0.2236328125 0.38427734375 0.2470703125 0.38427734375 0.2880859375 0.390625 0.3173828125 0.39599609375 0.3251953125 0.4072265625 0.3408203125 0.41748046875 0.345703125 0.42529296875 0.34375 0.427734375 0.353515625 0.435546875 0.35546875 0.435546875 0.3525390625 0.447265625 0.3544921875 0.44677734375 0.3447265625 0.453125 0.3408203125
3 0.59814453125 0.3583984375 0.5498046875 0.35546875 0.4921875 0.35546875 0.4111328125 0.3544921875 0.412109375 0.3994140625 0.482421875 0.3935546875 0.5390625 0.388671875 0.59912109375 0.3857421875
5 0.6015625 0.3896484375 0.6015625 0.3818359375 0.60107421875 0.375 0.59619140625 0.373046875 0.58740234375 0.373046875 0.583984375 0.3798828125 0.583984375 0.3876953125 0.58447265625 0.3916015625
5 0.50390625 0.404296875 0.50390625 0.4013671875 0.50244140625 0.3896484375 0.498046875 0.3857421875 0.490234375 0.384765625 0.48291015625 0.3916015625 0.47998046875 0.40625 0.482421875 0.4130859375
5 0.43994140625 0.36328125 0.443359375 0.3818359375 0.44287109375 0.40234375 0.42626953125 0.4072265625 0.41357421875 0.396484375 0.4130859375 0.3857421875 0.41796875 0.3681640625 0.42138671875 0.3623046875 0.43359375 0.361328125
5 0.44775390625 0.3818359375 0.45458984375 0.3818359375 0.46142578125 0.390625 0.46240234375 0.4033203125 0.46240234375 0.41015625 0.4560546875 0.419921875 0.43017578125 0.4150390625 0.431640625 0.404296875 0.4345703125 0.3984375 0.4326171875 0.392578125 0.43359375 0.388671875 0.4365234375 0.390625 0.4404296875 0.3828125 0.4443359375 0.380859375
5 0.40576171875 0.3916015625 0.4013671875 0.3974609375 0.400390625 0.4072265625 0.400390625 0.4169921875 0.400390625 0.4267578125 0.4091796875 0.4228515625 0.42578125 0.41796875 0.4287109375 0.4140625 0.431640625 0.4091796875 0.4306640625 0.3984375 0.43017578125 0.3876953125 0.42919921875 0.3828125 0.42431640625 0.3818359375 0.41796875 0.3818359375 0.41064453125 0.3818359375 0.40478515625 0.3896484375
4 0.3662109375 0.3720703125 0.3291015625 0.3876953125 0.28076171875 0.390625 0.2734375 0.353515625 0.27490234375 0.326171875 0.2841796875 0.30078125 0.29296875 0.291015625 0.30615234375 0.28125 0.33740234375 0.2900390625 0.35546875 0.30078125 0.37109375 0.3232421875 0.38037109375 0.3427734375
5 0.3154296875 0.3984375 0.31005859375 0.3984375 0.3076171875 0.3974609375 0.30712890625 0.3916015625 0.310546875 0.384765625 0.31591796875 0.3798828125 0.322265625 0.373046875 0.3271484375 0.373046875 0.33203125 0.376953125 0.3369140625 0.38671875 0.33740234375 0.3955078125 0.3310546875 0.3974609375 0.3251953125 0.396484375 0.322265625 0.3984375
2 0.0302734375 0.1015625 0.1298828125 0.078125 0.283203125 0.169921875 0.28369140625 0.40234375 0.29052734375 0.4013671875 0.29150390625 0.412109375 0.23974609375 0.419921875 0.041015625 0.4306640625 0.00146484375 0.431640625 0.0009765625 0.1181640625
5 0.37939453125 0.4228515625 0.38427734375 0.4228515625 0.38916015625 0.421875 0.3896484375 0.4189453125 0.38916015625 0.41015625 0.38916015625 0.3984375 0.38330078125 0.3896484375 0.37255859375 0.3857421875 0.365234375 0.3857421875 0.3603515625 0.39453125 0.35693359375 0.4033203125 0.3544921875 0.4140625 0.3544921875 0.419921875 0.35791015625 0.4228515625 0.359375 0.4228515625 0.361328125 0.419921875
4 0.30126953125 0.4033203125 0.30126953125 0.380859375 0.30322265625 0.337890625 0.306640625 0.33203125 0.31298828125 0.3251953125 0.32421875 0.310546875 0.3359375 0.298828125 0.34814453125 0.2763671875 0.3681640625 0.2294921875 0.36962890625 0.18359375 0.37255859375 0.150390625 0.3779296875 0.1015625 0.37060546875 0.064453125 0.3623046875 0.0126953125 0.3583984375 0.0029296875 0.28759765625 0.0009765625 0.27685546875 0.0400390625 0.26025390625 0.08203125 0.25146484375 0.1083984375 0.23974609375 0.150390625 0.236328125 0.2119140625 0.244140625 0.25 0.25634765625 0.2841796875 0.263671875 0.306640625 0.275390625 0.3251953125 0.28466796875 0.3359375 0.29248046875 0.3330078125 0.2958984375 0.330078125 0.29296875 0.41796875 0.3056640625 0.416015625
4 0.25927734375 0.404296875 0.2626953125 0.3203125 0.2666015625 0.310546875 0.27490234375 0.28125 0.28271484375 0.259765625 0.28857421875 0.22265625 0.2900390625 0.1884765625 0.28271484375 0.154296875 0.2666015625 0.1494140625 0.259765625 0.166015625 0.24853515625 0.2080078125 0.2470703125 0.2412109375 0.2490234375 0.27734375 0.2568359375 0.3115234375 0.25390625 0.4052734375
4 0.24462890625 0.373046875 0.25146484375 0.31640625 0.25244140625 0.306640625 0.26220703125 0.279296875 0.27099609375 0.2392578125 0.27587890625 0.1962890625 0.27490234375 0.1630859375 0.27001953125 0.14453125 0.26611328125 0.130859375 0.24951171875 0.1259765625 0.2392578125 0.158203125 0.2294921875 0.197265625 0.2265625 0.2431640625 0.2236328125 0.294921875 0.22900390625 0.30859375 0.23486328125 0.322265625 0.24169921875 0.3232421875 0.24560546875 0.3193359375 0.240234375 0.369140625 0.23681640625 0.3984375 0.23779296875 0.4111328125 0.24072265625 0.4130859375 0.24462890625 0.3759765625
4 0.0 0.0009765625 0.0419921875 0.0029296875 0.0419921875 0.1142578125 0.041015625 0.19140625 0.033203125 0.3125 0.0009765625 0.3349609375 0.0009765625 0.00390625
1 0.06982421875 0.45703125 0.0009765625 0.458984375 0.0 0.4384765625 0.07568359375 0.4296875 0.1826171875 0.416015625 0.1826171875 0.4443359375
4 0.18359375 0.3818359375 0.18310546875 0.3681640625 0.18994140625 0.3662109375 0.19091796875 0.341796875 0.197265625 0.3310546875 0.19677734375 0.326171875 0.19091796875 0.306640625 0.1767578125 0.302734375 0.169921875 0.314453125 0.166015625 0.337890625 0.17138671875 0.3603515625 0.17578125 0.369140625 0.177734375 0.4169921875 0.18603515625 0.3984375
5 0.24365234375 0.4482421875 0.24365234375 0.431640625 0.24169921875 0.412109375 0.23779296875 0.3994140625 0.232421875 0.3896484375 0.22216796875 0.3876953125 0.2099609375 0.384765625 0.19775390625 0.38671875 0.18994140625 0.388671875 0.1845703125 0.3955078125 0.18017578125 0.4052734375 0.17626953125 0.4169921875 0.173828125 0.42578125 0.17236328125 0.4384765625 0.17236328125 0.44921875 0.17333984375 0.4560546875 0.1748046875 0.466796875 0.17626953125 0.4716796875 0.1796875 0.4697265625 0.181640625 0.4599609375 0.20458984375 0.4619140625 0.21923828125 0.466796875
4 0.49169921875 0.4111328125 0.4912109375 0.3740234375 0.494140625 0.369140625 0.50244140625 0.3583984375 0.5078125 0.3486328125 0.5107421875 0.33203125 0.51416015625 0.3193359375 0.5146484375 0.306640625 0.51611328125 0.291015625 0.51171875 0.2802734375 0.5087890625 0.2763671875 0.50830078125 0.26171875 0.50537109375 0.2470703125 0.4990234375 0.2353515625 0.4931640625 0.2158203125 0.48828125 0.21484375 0.48681640625 0.234375 0.482421875 0.2509765625 0.478515625 0.26171875 0.4736328125 0.2705078125 0.4716796875 0.2822265625 0.47314453125 0.2939453125 0.47607421875 0.3115234375 0.47705078125 0.3251953125 0.47900390625 0.3388671875 0.47900390625 0.345703125 0.482421875 0.353515625 0.4853515625 0.369140625 0.48828125 0.3759765625 0.4892578125 0.4130859375
4 0.388671875 0.3447265625 0.39306640625 0.3408203125 0.3984375 0.3359375 0.40380859375 0.3251953125 0.4072265625 0.3017578125 0.408203125 0.279296875 0.408203125 0.2548828125 0.404296875 0.228515625 0.40185546875 0.2060546875 0.40625 0.193359375 0.41162109375 0.17578125 0.41796875 0.15625 0.4150390625 0.146484375 0.3984375 0.1484375 0.39892578125 0.1279296875 0.3955078125 0.10546875 0.39013671875 0.0869140625 0.3818359375 0.08984375 0.3623046875 0.109375 0.35302734375 0.12890625 0.3466796875 0.146484375 0.3447265625 0.1728515625 0.3466796875 0.1953125 0.34228515625 0.2216796875 0.3369140625 0.2431640625 0.3330078125 0.2626953125 0.33251953125 0.2841796875 0.3330078125 0.3046875 0.337890625 0.3056640625 0.3388671875 0.3203125 0.3525390625 0.3251953125 0.35595703125 0.34375 0.36865234375 0.3447265625 0.37646484375 0.345703125 0.38427734375 0.34375 0.38427734375 0.427734375 0.3896484375 0.4267578125
4 0.3525390625 0.453125 0.349609375 0.33984375 0.35595703125 0.3388671875 0.365234375 0.33203125 0.37744140625 0.3154296875 0.38427734375 0.2841796875 0.38232421875 0.2548828125 0.3857421875 0.2265625 0.38671875 0.1748046875 0.3828125 0.130859375 0.37451171875 0.1015625 0.353515625 0.10546875 0.3349609375 0.125 0.3173828125 0.1533203125 0.3232421875 0.193359375 0.31787109375 0.2197265625 0.314453125 0.240234375 0.31494140625 0.267578125 0.31884765625 0.271484375 0.32421875 0.3125 0.32958984375 0.3251953125 0.33740234375 0.337890625 0.34375 0.3447265625 0.34521484375 0.453125
4 0.28271484375 0.4658203125 0.2802734375 0.3837890625 0.2880859375 0.380859375 0.2919921875 0.37109375 0.2900390625 0.361328125 0.294921875 0.337890625 0.30126953125 0.3193359375 0.314453125 0.271484375 0.32080078125 0.2705078125 0.328125 0.26171875 0.3330078125 0.2265625 0.33447265625 0.1796875 0.32861328125 0.1357421875 0.33837890625 0.1181640625 0.34130859375 0.1025390625 0.33740234375 0.0517578125 0.32666015625 0.021484375 0.3134765625 0.0244140625 0.28955078125 0.025390625 0.2734375 0.021484375 0.2626953125 0.03125 0.25341796875 0.0419921875 0.2412109375 0.0673828125 0.23681640625 0.083984375 0.23388671875 0.109375 0.228515625 0.1416015625 0.22802734375 0.1552734375 0.23193359375 0.1953125 0.23583984375 0.220703125 0.23876953125 0.2451171875 0.244140625 0.2685546875 0.2490234375 0.2978515625 0.2529296875 0.3125 0.2587890625 0.3349609375 0.259765625 0.35546875 0.2607421875 0.37109375 0.263671875 0.37109375 0.26806640625 0.36328125 0.2734375 0.3564453125 0.27099609375 0.4716796875
4 0.00634765625 0.3505859375 0.01171875 0.3408203125 0.017578125 0.33984375 0.0234375 0.34765625 0.02587890625 0.3486328125 0.033203125 0.33984375 0.03857421875 0.3349609375 0.0439453125 0.3349609375 0.0458984375 0.3486328125 0.04833984375 0.3623046875 0.05419921875 0.3525390625 0.05908203125 0.3525390625 0.064453125 0.361328125 0.06982421875 0.3681640625 0.0771484375 0.36328125 0.08154296875 0.3564453125 0.08740234375 0.353515625 0.09228515625 0.3603515625 0.095703125 0.36328125 0.1015625 0.353515625 0.10595703125 0.3544921875 0.10888671875 0.36328125 0.115234375 0.3603515625 0.119140625 0.3623046875 0.12451171875 0.369140625 0.1259765625 0.3828125 0.1259765625 0.40234375 0.10546875 0.4326171875 0.060546875 0.4384765625 0.0009765625 0.4384765625 0.0 0.3447265625
5 0.1259765625 0.45703125 0.140625 0.4521484375 0.14404296875 0.4599609375 0.14990234375 0.462890625 0.154296875 0.4609375 0.1552734375 0.4443359375 0.1552734375 0.42578125 0.15283203125 0.41796875 0.14501953125 0.3994140625 0.13818359375 0.388671875 0.1171875 0.3837890625 0.09228515625 0.38671875 0.08251953125 0.400390625 0.076171875 0.4033203125 0.0751953125 0.40625 0.0771484375 0.4130859375 0.0712890625 0.419921875 0.068359375 0.4287109375 0.068359375 0.44140625 0.068359375 0.4501953125 0.07080078125 0.4619140625 0.0732421875 0.466796875 0.07763671875 0.4658203125 0.08056640625 0.4599609375 0.1064453125 0.458984375 0.11181640625 0.4638671875 0.1171875 0.4658203125 0.12060546875 0.4658203125 0.1240234375 0.46484375 0.12548828125 0.4619140625
4 0.18359375 0.37109375 0.19091796875 0.359375 0.1962890625 0.345703125 0.20361328125 0.3369140625 0.20947265625 0.3408203125 0.2236328125 0.330078125 0.2333984375 0.3251953125 0.24609375 0.31640625 0.2529296875 0.29296875 0.2568359375 0.263671875 0.27294921875 0.2412109375 0.27294921875 0.203125 0.27783203125 0.1552734375 0.2607421875 0.1318359375 0.263671875 0.1123046875 0.27587890625 0.0869140625 0.28173828125 0.0703125 0.29736328125 0.0419921875 0.29931640625 0.0029296875 0.29833984375 0.001953125 0.01123046875 0.0029296875 0.009765625 0.009765625 0.01806640625 0.0234375 0.01171875 0.0322265625 0.00634765625 0.0439453125 0.0 0.0556640625 0.00146484375 0.0966796875 0.00927734375 0.109375 0.0244140625 0.126953125 0.0009765625 0.146484375 0.00146484375 0.2255859375 0.01171875 0.2421875 0.0009765625 0.25 0.0 0.3330078125 0.01904296875 0.3515625 0.02978515625 0.337890625 0.0419921875 0.326171875 0.0537109375 0.3203125 0.05419921875 0.3388671875 0.05224609375 0.3544921875 0.05859375 0.3681640625 0.07275390625 0.37109375 0.0869140625 0.36328125 0.0869140625 0.3515625 0.091796875 0.3486328125 0.1103515625 0.3291015625 0.119140625 0.330078125 0.12451171875 0.3427734375 0.12646484375 0.353515625 0.1376953125 0.3701171875 0.15087890625 0.3701171875 0.14697265625 0.3857421875 0.14990234375 0.3935546875 0.1552734375 0.5 0.17431640625 0.5029296875 0.16552734375 0.3779296875 0.17236328125 0.361328125
1 0.611328125 0.3974609375 0.59619140625 0.4111328125 0.57861328125 0.4228515625 0.57275390625 0.4287109375 0.56640625 0.4375 0.5634765625 0.4482421875 0.5634765625 0.4541015625 0.56494140625 0.46484375 0.568359375 0.482421875 0.58056640625 0.5009765625 0.65771484375 0.62109375 0.78173828125 0.794921875 0.94677734375 0.9990234375 0.99951171875 0.9970703125 0.9990234375 0.6357421875 0.8955078125 0.58984375 0.76220703125 0.525390625 0.6494140625 0.4541015625 0.623046875 0.4384765625 0.60986328125 0.4296875 0.607421875 0.427734375 0.607421875 0.421875 0.6083984375 0.4140625 0.6162109375 0.3984375
5 0.5166015625 0.4228515625 0.517578125 0.3974609375 0.517578125 0.3837890625 0.52099609375 0.37890625 0.5302734375 0.376953125 0.5341796875 0.3798828125 0.537109375 0.3896484375 0.53271484375 0.4111328125 0.52587890625 0.421875 0.5205078125 0.421875
5 0.53076171875 0.4365234375 0.54833984375 0.4384765625 0.54931640625 0.4443359375 0.5537109375 0.443359375 0.55517578125 0.4384765625 0.5556640625 0.4296875 0.55419921875 0.4130859375 0.5556640625 0.4111328125 0.5556640625 0.4052734375 0.55224609375 0.40234375 0.5498046875 0.3916015625 0.54345703125 0.390625 0.53466796875 0.390625 0.529296875 0.3935546875 0.52685546875 0.4033203125 0.5263671875 0.4091796875 0.525390625 0.4130859375 0.52392578125 0.42578125 0.5234375 0.4375 0.52392578125 0.443359375 0.52783203125 0.443359375 0.52978515625 0.4404296875
4 0.62841796875 0.4287109375 0.6240234375 0.42578125 0.623046875 0.408203125 0.61376953125 0.4013671875 0.6064453125 0.39453125 0.60498046875 0.384765625 0.60107421875 0.3740234375 0.587890625 0.3603515625 0.58251953125 0.3466796875 0.5673828125 0.3349609375 0.56396484375 0.318359375 0.56298828125 0.2939453125 0.55908203125 0.2783203125 0.56689453125 0.255859375 0.55615234375 0.2509765625 0.55615234375 0.23828125 0.5615234375 0.21484375 0.55810546875 0.203125 0.5634765625 0.18359375 0.54931640625 0.1748046875 0.54833984375 0.1572265625 0.5576171875 0.130859375 0.55859375 0.1162109375 0.5498046875 0.1005859375 0.5390625 0.083984375 0.5126953125 0.0732421875 0.51171875 0.052734375 0.5185546875 0.0439453125 0.5205078125 0.0322265625 0.52587890625 0.017578125 0.525390625 0.001953125 0.99951171875 0.0009765625 0.99951171875 0.62109375 0.99072265625 0.6240234375 0.96826171875 0.6337890625 0.94970703125 0.619140625 0.9482421875 0.6025390625 0.93701171875 0.583984375 0.921875 0.5673828125 0.8955078125 0.5654296875 0.8564453125 0.5478515625 0.82861328125 0.5322265625 0.818359375 0.5 0.79833984375 0.4970703125 0.7763671875 0.4912109375 0.75146484375 0.4931640625 0.71728515625 0.48828125 0.681640625 0.4765625 0.67431640625 0.4638671875 0.685546875 0.4482421875 0.677734375 0.4267578125 0.677734375 0.4482421875 0.6689453125 0.4482421875 0.669921875 0.40625 0.65869140625 0.4091796875 0.66015625 0.4189453125 0.65380859375 0.419921875 0.650390625 0.41015625 0.65185546875 0.4453125 0.6435546875 0.443359375 0.64306640625 0.4091796875 0.63671875 0.4091796875 0.6396484375 0.4365234375 0.6298828125 0.43359375 0.6298828125 0.4296875
