4 0.41357421875 0.0869140625 0.42578125 0.09765625 0.4345703125 0.095703125 0.4384765625 0.0947265625 0.4453125 0.0986328125 0.4501953125 0.1005859375 0.45947265625 0.0947265625 0.46044921875 0.08984375 0.46435546875 0.083984375 0.4697265625 0.0859375 0.47509765625 0.0869140625 0.47900390625 0.0908203125 0.482421875 0.0869140625 0.4873046875 0.0908203125 0.49169921875 0.0947265625 0.49755859375 0.0908203125 0.50390625 0.087890625 0.51318359375 0.080078125 0.51953125 0.07421875 0.521484375 0.0771484375 0.52783203125 0.0625 0.53271484375 0.056640625 0.54052734375 0.0498046875 0.54833984375 0.048828125 0.55859375 0.048828125 0.55517578125 0.3994140625 0.4453125 0.39453125 0.4013671875 0.240234375 0.38525390625 0.1259765625 0.400390625 0.091796875
0 0.53076171875 0.3984375 0.5537109375 0.4775390625 0.99951171875 0.453125 0.99951171875 0.9990234375 0.0009765625 0.9990234375 0.0009765625 0.4990234375 0.25732421875 0.4755859375 0.4462890625 0.3935546875
2 0.51220703125 0.2802734375 0.478515625 0.3056640625 0.4736328125 0.3974609375 0.54833984375 0.3994140625 0.54931640625 0.2783203125
4 0.53076171875 0.3203125 0.5263671875 0.310546875 0.5263671875 0.30078125 0.53125 0.291015625 0.53759765625 0.2841796875 0.53515625 0.2783203125 0.54150390625 0.2646484375 0.548828125 0.2607421875 0.5458984375 0.384765625 0.54345703125 0.3818359375 0.53466796875 0.369140625 0.54052734375 0.353515625 0.53466796875 0.3486328125 0.533203125 0.337890625 0.53076171875 0.32421875
4 0.51171875 0.3232421875 0.515625 0.3310546875 0.51953125 0.3251953125 0.5234375 0.3251953125 0.52685546875 0.330078125 0.53076171875 0.337890625 0.53369140625 0.3525390625 0.53271484375 0.3671875 0.53076171875 0.3759765625 0.52734375 0.3828125 0.52294921875 0.3876953125 0.5146484375 0.388671875 0.505859375 0.38671875 0.4990234375 0.376953125 0.49755859375 0.3642578125 0.49755859375 0.353515625 0.498046875 0.341796875 0.5029296875 0.333984375 0.509765625 0.3232421875
1 0.5341796875 0.4501953125 0.52734375 0.4189453125 0.52685546875 0.408203125 0.5283203125 0.4013671875 0.5322265625 0.39453125 0.5400390625 0.392578125 0.54931640625 0.3974609375 0.6455078125 0.4404296875 0.99951171875 0.41015625 0.9990234375 0.4765625 0.9033203125 0.478515625 0.69921875 0.482421875 0.55517578125 0.4892578125 0.54931640625 0.4873046875 0.5458984375 0.486328125 0.54296875 0.478515625
2 0.5458984375 0.0068359375 0.54345703125 0.037109375 0.5458984375 0.0400390625 0.5537109375 0.0400390625 0.55419921875 0.0810546875 0.5439453125 0.091796875 0.53759765625 0.1572265625 0.53955078125 0.1650390625 0.5439453125 0.1650390625 0.54541015625 0.4140625 0.64306640625 0.4716796875 0.99951171875 0.453125 0.99951171875 0.0029296875 0.9990234375 0.0009765625 0.546875 0.0009765625
2 0.3154296875 0.1630859375 0.44677734375 0.2646484375 0.4453125 0.3681640625 0.45751953125 0.36328125 0.4560546875 0.40234375 0.41357421875 0.431640625 0.23046875 0.4384765625 0.1220703125 0.4716796875 0.0 0.4833984375 0.0009765625 0.0419921875 0.19775390625 0.0771484375
4 0.4638671875 0.37109375 0.47021484375 0.3818359375 0.47900390625 0.3818359375 0.48291015625 0.3779296875 0.48291015625 0.369140625 0.4873046875 0.3583984375 0.49072265625 0.3505859375 0.4931640625 0.3349609375 0.4892578125 0.326171875 0.49658203125 0.3251953125 0.49658203125 0.3095703125 0.49755859375 0.2978515625 0.50244140625 0.2890625 0.49365234375 0.2724609375 0.48974609375 0.2626953125 0.48095703125 0.2626953125 0.47607421875 0.2763671875 0.46826171875 0.259765625 0.4599609375 0.25390625 0.453125 0.26953125 0.44677734375 0.28515625 0.4443359375 0.3076171875 0.4443359375 0.330078125 0.4482421875 0.3486328125 0.451171875 0.3583984375 0.45166015625 0.3701171875 0.458984375 0.384765625 0.4599609375 0.392578125 0.4638671875 0.390625
1 0.2421875 0.5048828125 0.2939453125 0.4853515625 0.31005859375 0.44140625 0.22314453125 0.4482421875 0.0 0.474609375 0.0 0.5185546875 0.23291015625 0.5068359375 0.2373046875 0.5048828125
4 0.40283203125 0.3779296875 0.41064453125 0.353515625 0.41357421875 0.3408203125 0.42041015625 0.3349609375 0.42138671875 0.3271484375 0.4248046875 0.3095703125 0.427734375 0.3017578125 0.4326171875 0.30078125 0.43359375 0.2861328125 0.43994140625 0.275390625 0.44482421875 0.263671875 0.44677734375 0.244140625 0.44921875 0.2236328125 0.4482421875 0.19921875 0.44091796875 0.1591796875 0.4287109375 0.126953125 0.43115234375 0.1171875 0.4296875 0.103515625 0.4296875 0.0908203125 0.4287109375 0.0859375 0.4228515625 0.0732421875 0.42041015625 0.0595703125 0.412109375 0.056640625 0.40771484375 0.0546875 0.39990234375 0.046875 0.4013671875 0.033203125 0.39794921875 0.0263671875 0.39111328125 0.013671875 0.3828125 0.0126953125 0.37890625 0.017578125 0.3701171875 0.0087890625 0.36181640625 0.0029296875 0.35791015625 0.01171875 0.35205078125 0.0166015625 0.34423828125 0.0146484375 0.337890625 0.01953125 0.3310546875 0.0126953125 0.3251953125 0.0068359375 0.3212890625 0.0205078125 0.3134765625 0.029296875 0.314453125 0.017578125 0.306640625 0.001953125 0.27490234375 0.001953125 0.27685546875 0.01171875 0.27880859375 0.0166015625 0.27197265625 0.0283203125 0.26904296875 0.0107421875 0.27001953125 0.0009765625 0.0 0.0009765625 0.0009765625 0.365234375 0.00537109375 0.361328125 0.01123046875 0.359375 0.0146484375 0.373046875 0.02197265625 0.376953125 0.03515625 0.3876953125 0.0693359375 0.3955078125 0.060546875 0.4609375 0.09228515625 0.4619140625 0.08740234375 0.4033203125 0.09326171875 0.40625 0.09765625 0.396484375 0.1064453125 0.3994140625 0.1162109375 0.3974609375 0.126953125 0.4013671875 0.13720703125 0.4013671875 0.14111328125 0.3984375 0.1484375 0.3994140625 0.15625 0.4091796875 0.1650390625 0.41015625 0.177734375 0.4013671875 0.18798828125 0.39453125 0.2001953125 0.3916015625 0.20947265625 0.4013671875 0.21484375 0.404296875 0.22900390625 0.4013671875 0.2333984375 0.404296875 0.24560546875 0.3994140625 0.2568359375 0.392578125 0.26171875 0.388671875 0.26416015625 0.3984375 0.2734375 0.3994140625 0.28076171875 0.3994140625 0.283203125 0.40234375 0.28515625 0.423828125 0.28662109375 0.423828125 0.28857421875 0.4052734375 0.31787109375 0.4013671875 0.34228515625 0.41015625 0.3671875 0.41015625 0.39794921875 0.3896484375
5 0.52392578125 0.41796875 0.5244140625 0.4111328125 0.5244140625 0.40234375 0.5224609375 0.396484375 0.51904296875 0.392578125 0.51513671875 0.3935546875 0.51123046875 0.3955078125 0.51416015625 0.4140625 0.51953125 0.4150390625 0.52197265625 0.4150390625
5 0.5166015625 0.4619140625 0.5185546875 0.4384765625 0.5185546875 0.419921875 0.517578125 0.40625 0.51513671875 0.39453125 0.51123046875 0.384765625 0.50390625 0.3779296875 0.48974609375 0.376953125 0.48046875 0.376953125 0.4755859375 0.380859375 0.47119140625 0.390625 0.47900390625 0.419921875 0.49853515625 0.45703125 0.509765625 0.45703125 0.509765625 0.462890625 0.51171875 0.462890625 0.513671875 0.462890625
5 0.5 0.470703125 0.49951171875 0.453125 0.49951171875 0.4384765625 0.49560546875 0.42578125 0.49072265625 0.4189453125 0.4794921875 0.3974609375 0.47119140625 0.3916015625 0.455078125 0.3857421875 0.42578125 0.3876953125 0.41748046875 0.4208984375 0.427734375 0.443359375 0.45556640625 0.4765625 0.47021484375 0.4765625 0.47265625 0.4765625 0.47412109375 0.47265625 0.474609375 0.466796875 0.49072265625 0.46484375 0.49267578125 0.47265625 0.49609375 0.4755859375 0.49951171875 0.474609375
1 0.99853515625 0.5595703125 0.97900390625 0.5703125 0.94921875 0.5830078125 0.9228515625 0.59765625 0.90087890625 0.6162109375 0.89501953125 0.626953125 0.88916015625 0.6396484375 0.88134765625 0.6552734375 0.8759765625 0.673828125 0.87548828125 0.69921875 0.88037109375 0.720703125 0.896484375 0.7861328125 0.92822265625 0.8564453125 0.9658203125 0.9248046875 0.9990234375 0.9716796875
5 0.4443359375 0.4951171875 0.45263671875 0.4912109375 0.458984375 0.4912109375 0.46630859375 0.486328125 0.46826171875 0.482421875 0.46875 0.466796875 0.46826171875 0.4521484375 0.4638671875 0.4384765625 0.4541015625 0.431640625 0.42041015625 0.421875 0.408203125 0.41015625 0.38720703125 0.38671875 0.36669921875 0.380859375 0.29833984375 0.388671875 0.29150390625 0.3984375 0.2861328125 0.412109375 0.28515625 0.4248046875 0.2822265625 0.4501953125 0.28076171875 0.4560546875 0.28076171875 0.4658203125 0.2802734375 0.4755859375 0.28271484375 0.4853515625 0.28955078125 0.494140625 0.296875 0.49609375 0.29931640625 0.5048828125 0.3046875 0.5107421875 0.31640625 0.513671875 0.32177734375 0.51171875 0.32763671875 0.505859375 0.33349609375 0.501953125 0.33447265625 0.4970703125 0.3583984375 0.4951171875 0.39892578125 0.4951171875 0.4111328125 0.4951171875 0.412109375 0.4931640625 0.41845703125 0.505859375 0.4228515625 0.5087890625 0.43017578125 0.51171875 0.4365234375 0.5068359375 0.439453125 0.50390625 0.44189453125 0.4951171875
