0 0.4033203125 0.412109375 0.5205078125 0.3740234375 0.67236328125 0.3544921875 0.7099609375 0.3564453125 0.68310546875 0.423828125 0.712890625 0.501953125 0.99951171875 0.79296875 0.99951171875 1.0 0.0 1.0 0.0009765625 0.55078125 0.2822265625 0.4482421875
4 0.0009765625 0.228515625 0.08984375 0.2392578125 0.27880859375 0.2783203125 0.3798828125 0.34765625 0.5068359375 0.3818359375 0.60205078125 0.369140625 0.7138671875 0.353515625 0.7802734375 0.34375 0.7763671875 0.001953125 0.75537109375 0.001953125 0.75244140625 0.0087890625 0.75146484375 0.0029296875 0.73388671875 0.0029296875 0.73193359375 0.0087890625 0.72119140625 0.0009765625 0.7119140625 0.00390625 0.70947265625 0.013671875 0.705078125 0.021484375 0.703125 0.021484375 0.70263671875 0.0166015625 0.7001953125 0.0068359375 0.7001953125 0.001953125 0.0009765625 0.0009765625
2 0.66748046875 0.2861328125 0.67822265625 0.2900390625 0.67822265625 0.2978515625 0.67431640625 0.298828125 0.67578125 0.3583984375 0.6689453125 0.361328125 0.66357421875 0.2919921875
4 0.62353515625 0.3134765625 0.62548828125 0.326171875 0.62841796875 0.333984375 0.63134765625 0.3427734375 0.63134765625 0.3515625 0.63232421875 0.36328125 0.6064453125 0.37109375 0.60009765625 0.35546875 0.60009765625 0.3359375 0.6015625 0.3203125 0.6025390625 0.3037109375 0.6005859375 0.2880859375 0.60302734375 0.2734375 0.61767578125 0.267578125 0.62158203125 0.2890625
4 0.669921875 0.2666015625 0.67138671875 0.2822265625 0.67041015625 0.294921875 0.669921875 0.3095703125 0.669921875 0.3212890625 0.6689453125 0.3388671875 0.6689453125 0.3505859375 0.669921875 0.361328125 0.6533203125 0.365234375 0.64892578125 0.3525390625 0.640625 0.3388671875 0.63916015625 0.330078125 0.63818359375 0.3154296875 0.63134765625 0.3076171875 0.62158203125 0.3037109375 0.61669921875 0.291015625 0.61767578125 0.27734375 0.61865234375 0.2587890625 0.6240234375 0.24609375 0.642578125 0.2373046875 0.65478515625 0.2314453125 0.66552734375 0.234375 0.6689453125 0.24609375 0.67236328125 0.2666015625
1 0.69580078125 0.3623046875 0.7001953125 0.35546875 0.6708984375 0.359375 0.63134765625 0.36328125 0.5302734375 0.3740234375 0.5029296875 0.3798828125 0.412109375 0.408203125 0.25634765625 0.4580078125 0.12255859375 0.4970703125 0.0166015625 0.5283203125 0.0 0.533203125 0.0 0.595703125 0.13818359375 0.541015625 0.27001953125 0.48828125 0.4287109375 0.421875 0.52099609375 0.3916015625 0.56201171875 0.380859375 0.6220703125 0.3720703125
5 0.68115234375 0.369140625 0.68310546875 0.3681640625 0.6845703125 0.3671875 0.68896484375 0.3662109375 0.69189453125 0.3701171875 0.69287109375 0.3681640625 0.7001953125 0.365234375 0.70654296875 0.3525390625 0.70361328125 0.3427734375 0.69775390625 0.3388671875 0.68701171875 0.33984375 0.6845703125 0.3447265625 0.68115234375 0.3505859375 0.6796875 0.3544921875 0.6796875 0.3603515625 0.6806640625 0.3662109375
4 0.4697265625 0.326171875 0.478515625 0.3291015625 0.48974609375 0.3310546875 0.49609375 0.3388671875 0.505859375 0.3349609375 0.5166015625 0.3349609375 0.5234375 0.3359375 0.5341796875 0.3251953125 0.541015625 0.30859375 0.5439453125 0.2763671875 0.5439453125 0.24609375 0.544921875 0.2216796875 0.53857421875 0.208984375 0.53369140625 0.19921875 0.52587890625 0.1748046875 0.52294921875 0.1572265625 0.52001953125 0.1337890625 0.5107421875 0.1044921875 0.49560546875 0.0751953125 0.482421875 0.0634765625 0.4833984375 0.0458984375 0.478515625 0.037109375 0.46923828125 0.0380859375 0.4599609375 0.037109375 0.44970703125 0.021484375 0.44580078125 0.0400390625 0.43310546875 0.0517578125 0.42626953125 0.078125 0.42578125 0.1015625 0.412109375 0.1376953125 0.3994140625 0.154296875 0.39794921875 0.1982421875 0.41259765625 0.2314453125 0.42626953125 0.2744140625 0.43408203125 0.2978515625 0.43896484375 0.3154296875 0.4443359375 0.3203125 0.4560546875 0.322265625 0.46337890625 0.3291015625 0.46044921875 0.3740234375 0.46728515625 0.3759765625
4 0.412109375 0.326171875 0.41943359375 0.328125 0.4306640625 0.3291015625 0.439453125 0.3212890625 0.44384765625 0.296875 0.44482421875 0.2685546875 0.4423828125 0.2412109375 0.43701171875 0.2158203125 0.42724609375 0.193359375 0.4248046875 0.158203125 0.41357421875 0.14453125 0.39306640625 0.1708984375 0.37744140625 0.1953125 0.37255859375 0.2158203125 0.369140625 0.2626953125 0.37255859375 0.2841796875 0.3798828125 0.30078125 0.39892578125 0.3134765625 0.40478515625 0.322265625 0.4072265625 0.3583984375 0.41259765625 0.35546875
4 0.3974609375 0.376953125 0.396484375 0.3271484375 0.41064453125 0.31640625 0.41748046875 0.3037109375 0.42236328125 0.267578125 0.42529296875 0.2265625 0.42626953125 0.16796875 0.42333984375 0.1220703125 0.41796875 0.080078125 0.4140625 0.0439453125 0.396484375 0.0244140625 0.37744140625 0.0498046875 0.3544921875 0.0888671875 0.3427734375 0.1318359375 0.33935546875 0.16796875 0.33740234375 0.2119140625 0.33740234375 0.26171875 0.3466796875 0.2998046875 0.35986328125 0.32421875 0.37255859375 0.3349609375 0.384765625 0.3427734375 0.388671875 0.3349609375 0.388671875 0.376953125
4 0.279296875 0.3916015625 0.27783203125 0.2880859375 0.29150390625 0.2890625 0.31298828125 0.2822265625 0.32421875 0.234375 0.3251953125 0.18359375 0.3359375 0.134765625 0.33203125 0.107421875 0.3232421875 0.0751953125 0.3232421875 0.0400390625 0.3037109375 0.001953125 0.2119140625 0.001953125 0.1943359375 0.0380859375 0.181640625 0.08984375 0.17822265625 0.15234375 0.1865234375 0.1962890625 0.2001953125 0.251953125 0.21826171875 0.28125 0.24267578125 0.30859375 0.26123046875 0.31640625 0.265625 0.3203125 0.26513671875 0.33984375 0.26416015625 0.375 0.25927734375 0.390625 0.279296875 0.39453125
4 0.138671875 0.4326171875 0.15087890625 0.3271484375 0.1572265625 0.3388671875 0.1708984375 0.33203125 0.1767578125 0.3310546875 0.19091796875 0.3369140625 0.2021484375 0.33984375 0.21044921875 0.3505859375 0.21630859375 0.3388671875 0.2255859375 0.328125 0.224609375 0.3115234375 0.22705078125 0.2998046875 0.22900390625 0.2861328125 0.23486328125 0.2685546875 0.23681640625 0.2138671875 0.2470703125 0.173828125 0.25341796875 0.134765625 0.23828125 0.0654296875 0.2060546875 0.00390625 0.09619140625 0.0029296875 0.07958984375 0.021484375 0.0791015625 0.0517578125 0.0673828125 0.0830078125 0.05078125 0.1123046875 0.03369140625 0.134765625 0.0185546875 0.146484375 0.01220703125 0.18359375 0.01171875 0.2001953125 0.01171875 0.2265625 0.02294921875 0.2451171875 0.02490234375 0.2626953125 0.0400390625 0.2646484375 0.0498046875 0.26171875 0.044921875 0.2724609375 0.05126953125 0.2822265625 0.056640625 0.2919921875 0.0615234375 0.2978515625 0.07275390625 0.2890625 0.087890625 0.2763671875 0.1015625 0.2724609375 0.10693359375 0.2783203125 0.11083984375 0.2919921875 0.1123046875 0.3046875 0.12109375 0.29296875 0.123046875 0.283203125 0.13134765625 0.2861328125 0.1435546875 0.291015625 0.13818359375 0.3115234375 0.1318359375 0.3818359375 0.12060546875 0.4267578125
5 0.3232421875 0.3564453125 0.3466796875 0.3583984375 0.35888671875 0.375 0.36767578125 0.3984375 0.373046875 0.419921875 0.373046875 0.4365234375 0.37109375 0.4482421875 0.373046875 0.4619140625 0.37109375 0.4794921875 0.3701171875 0.484375 0.36181640625 0.484375 0.35986328125 0.4677734375 0.34716796875 0.470703125 0.34716796875 0.4814453125 0.345703125 0.4951171875 0.3388671875 0.4951171875 0.3359375 0.494140625 0.3330078125 0.484375 0.3203125 0.4833984375 0.2900390625 0.4833984375 0.28076171875 0.4814453125 0.279296875 0.4873046875 0.2783203125 0.494140625 0.26806640625 0.4951171875 0.26611328125 0.486328125 0.2666015625 0.46484375 0.2666015625 0.4423828125 0.267578125 0.4287109375 0.28076171875 0.404296875 0.27490234375 0.40234375 0.27392578125 0.400390625 0.27783203125 0.3955078125 0.283203125 0.3974609375 0.29296875 0.373046875 0.3017578125 0.359375
2 0.76416015625 0.013671875 0.76123046875 0.3271484375 0.99951171875 0.4189453125 0.99951171875 0.0009765625 0.763671875 0.0009765625
4 0.7509765625 0.1982421875 0.75341796875 0.1865234375 0.74560546875 0.1796875 0.744140625 0.1669921875 0.7470703125 0.1640625 0.7529296875 0.16796875 0.75439453125 0.1572265625 0.76220703125 0.162109375 0.77392578125 0.18359375 0.7666015625 0.154296875 0.7646484375 0.138671875 0.7666015625 0.126953125 0.77099609375 0.1201171875 0.779296875 0.1171875 0.7744140625 0.1064453125 0.7734375 0.091796875 0.7763671875 0.0869140625 0.7763671875 0.0703125 0.78076171875 0.0654296875 0.78564453125 0.0791015625 0.791015625 0.0830078125 0.7978515625 0.0595703125 0.8076171875 0.048828125 0.81201171875 0.0712890625 0.8212890625 0.0517578125 0.83056640625 0.0517578125 0.82763671875 0.076171875 0.8232421875 0.1015625 0.83203125 0.0927734375 0.8388671875 0.095703125 0.84423828125 0.10546875 0.84716796875 0.1181640625 0.8564453125 0.1201171875 0.85693359375 0.13671875 0.86474609375 0.1611328125 0.8828125 0.1953125 0.86572265625 0.2958984375 0.837890625 0.3818359375 0.7900390625 0.41015625 0.7314453125 0.3984375 0.72802734375 0.36328125 0.73828125 0.3291015625 0.73193359375 0.3193359375 0.728515625 0.3076171875 0.72412109375 0.2880859375 0.71826171875 0.2783203125 0.72119140625 0.259765625 0.724609375 0.2421875 0.7333984375 0.2392578125 0.73095703125 0.2314453125 0.7275390625 0.2216796875 0.724609375 0.203125 0.728515625 0.2001953125 0.7353515625 0.208984375 0.7353515625 0.197265625 0.73583984375 0.185546875 0.73974609375 0.1826171875 0.744140625 0.19921875 0.748046875 0.193359375
1 0.69873046875 0.3740234375 0.68603515625 0.3818359375 0.67529296875 0.388671875 0.66259765625 0.400390625 0.6552734375 0.4130859375 0.65087890625 0.4208984375 0.6484375 0.4296875 0.6474609375 0.44140625 0.64892578125 0.4541015625 0.658203125 0.48046875 0.67919921875 0.525390625 0.7197265625 0.580078125 0.8076171875 0.68359375 0.92236328125 0.82421875 0.99853515625 0.900390625 0.99951171875 0.564453125 1.0 0.458984375 0.7333984375 0.41796875
4 0.7607421875 0.3642578125 0.80859375 0.365234375 0.998046875 0.37109375 0.99853515625 0.4833984375 0.8251953125 0.478515625 0.74169921875 0.4765625 0.728515625 0.466796875 0.71533203125 0.453125 0.705078125 0.4384765625 0.69921875 0.4296875 0.6953125 0.419921875 0.69482421875 0.404296875 0.6953125 0.388671875 0.69482421875 0.37890625 0.6953125 0.365234375 0.7041015625 0.353515625 0.71728515625 0.3515625 0.7294921875 0.3486328125 0.73828125 0.3505859375 0.74560546875 0.353515625 0.7490234375 0.3583984375 0.75439453125 0.361328125
4 0.94970703125 0.5234375 0.94921875 0.50390625 0.9404296875 0.5009765625 0.9404296875 0.513671875 0.9345703125 0.515625 0.92626953125 0.515625 0.92333984375 0.5048828125 0.9140625 0.50390625 0.90869140625 0.50390625 0.900390625 0.5078125 0.8916015625 0.505859375 0.87646484375 0.5048828125 0.86279296875 0.5048828125 0.849609375 0.4931640625 0.82958984375 0.4970703125 0.818359375 0.48828125 0.8095703125 0.4873046875 0.8173828125 0.4775390625 0.8232421875 0.466796875 0.82861328125 0.4541015625 0.8193359375 0.443359375 0.8173828125 0.4267578125 0.8134765625 0.4111328125 0.80712890625 0.3896484375 0.80908203125 0.373046875 0.80859375 0.3583984375 0.80615234375 0.3427734375 0.7998046875 0.3125 0.78564453125 0.3017578125 0.7998046875 0.2890625 0.80615234375 0.265625 0.80810546875 0.25 0.810546875 0.234375 0.81982421875 0.224609375 0.83349609375 0.2119140625 0.8388671875 0.19921875 0.8330078125 0.1904296875 0.8388671875 0.177734375 0.85009765625 0.1630859375 0.86083984375 0.1611328125 0.87060546875 0.1484375 0.86865234375 0.12890625 0.859375 0.123046875 0.8447265625 0.107421875 0.8486328125 0.08984375 0.84375 0.0537109375 0.8349609375 0.03515625 0.83056640625 0.0615234375 0.82421875 0.0791015625 0.81640625 0.091796875 0.80859375 0.0908203125 0.80029296875 0.08984375 0.798828125 0.06640625 0.79443359375 0.0283203125 0.79296875 0.001953125 1.0 0.0009765625 1.0 0.4658203125 0.9921875 0.4658203125 0.99169921875 0.4814453125 0.99462890625 0.5068359375 0.99462890625 0.5302734375
