4 0.49755859375 0.330078125 0.4931640625 0.3193359375 0.48974609375 0.3154296875 0.48876953125 0.306640625 0.49072265625 0.2978515625 0.48291015625 0.2958984375 0.48046875 0.294921875 0.47802734375 0.2802734375 0.48193359375 0.2685546875 0.48388671875 0.259765625 0.48388671875 0.251953125 0.48291015625 0.24609375 0.48388671875 0.2451171875 0.486328125 0.240234375 0.484375 0.2314453125 0.4833984375 0.2216796875 0.47900390625 0.2138671875 0.4736328125 0.2041015625 0.46923828125 0.19921875 0.46533203125 0.193359375 0.458984375 0.193359375 0.4521484375 0.1875 0.4462890625 0.18359375 0.4423828125 0.17578125 0.4306640625 0.177734375 0.421875 0.1806640625 0.4140625 0.1748046875 0.40625 0.173828125 0.3984375 0.169921875 0.39306640625 0.1767578125 0.39453125 0.2568359375 0.39111328125 0.3603515625 0.390625 0.41015625 0.39794921875 0.4287109375 0.40673828125 0.4345703125 0.4248046875 0.439453125 0.453125 0.435546875 0.46630859375 0.4228515625 0.494140625 0.3955078125 0.49462890625 0.3544921875
0 0.37353515625 0.453125 0.29833984375 0.4892578125 0.0009765625 0.4931640625 0.0009765625 1.0 1.0 1.0 0.99951171875 0.505859375 0.66357421875 0.4384765625 0.515625 0.4384765625 0.4482421875 0.4345703125 0.39501953125 0.435546875
2 0.4921875 0.2119140625 0.52001953125 0.212890625 0.52001953125 0.201171875 0.52392578125 0.2001953125 0.525390625 0.212890625 0.56640625 0.2119140625 0.56396484375 0.4423828125 0.453125 0.435546875 0.43359375 0.35546875 0.4892578125 0.337890625
1 0.66162109375 0.466796875 0.6318359375 0.466796875 0.61083984375 0.462890625 0.58642578125 0.4560546875 0.54150390625 0.4541015625 0.51708984375 0.44921875 0.50390625 0.44921875 0.4833984375 0.4453125 0.4755859375 0.4365234375 0.54931640625 0.439453125 0.56982421875 0.4462890625 0.58349609375 0.4462890625 0.59228515625 0.4462890625 0.59814453125 0.44921875 0.61083984375 0.451171875 0.62255859375 0.451171875 0.63671875 0.453125 0.64599609375 0.451171875 0.6484375 0.4560546875 0.68505859375 0.453125 0.68701171875 0.4580078125 0.7255859375 0.466796875 0.75341796875 0.4677734375 0.77099609375 0.4716796875 0.99951171875 0.5029296875 0.9990234375 0.548828125 0.763671875 0.4921875 0.73779296875 0.486328125 0.70947265625 0.4765625 0.6796875 0.470703125
5 0.52880859375 0.412109375 0.5361328125 0.4140625 0.54150390625 0.421875 0.5400390625 0.435546875 0.5390625 0.439453125 0.53271484375 0.4404296875 0.52587890625 0.44140625 0.52294921875 0.4384765625 0.52001953125 0.4296875 0.52001953125 0.4169921875 0.52197265625 0.41015625
5 0.541015625 0.4052734375 0.55859375 0.40234375 0.55810546875 0.43359375 0.55419921875 0.4404296875 0.544921875 0.4404296875 0.5400390625 0.4384765625 0.5390625 0.427734375 0.53955078125 0.4150390625
5 0.42138671875 0.4111328125 0.42431640625 0.412109375 0.4267578125 0.412109375 0.4296875 0.4169921875 0.431640625 0.421875 0.4345703125 0.423828125 0.43603515625 0.427734375 0.43603515625 0.43359375 0.4345703125 0.4384765625 0.43212890625 0.439453125 0.42919921875 0.4375 0.42529296875 0.4375 0.42236328125 0.435546875 0.41748046875 0.4296875 0.41845703125 0.416015625 0.42041015625 0.412109375
2 0.560546875 0.2041015625 0.61328125 0.146484375 0.6259765625 0.0390625 0.720703125 0.046875 0.72021484375 0.037109375 0.7216796875 0.0283203125 0.7236328125 0.025390625 0.73486328125 0.0283203125 0.7373046875 0.0302734375 0.7373046875 0.0439453125 0.7373046875 0.05078125 0.765625 0.0546875 0.7724609375 0.3857421875 0.7568359375 0.470703125 0.6845703125 0.4560546875 0.60546875 0.4541015625 0.5595703125 0.4462890625 0.56005859375 0.2509765625 0.54833984375 0.2529296875
2 0.45556640625 0.3310546875 0.484375 0.3232421875 0.5654296875 0.3291015625 0.56396484375 0.4423828125 0.55419921875 0.44140625 0.552734375 0.3515625 0.5224609375 0.353515625 0.5234375 0.443359375 0.51220703125 0.4453125 0.51025390625 0.44140625 0.51171875 0.4375 0.51416015625 0.4365234375 0.5126953125 0.3525390625 0.51025390625 0.35546875 0.51123046875 0.4384765625 0.50830078125 0.44140625 0.5048828125 0.4423828125 0.5 0.4384765625 0.498046875 0.431640625 0.4970703125 0.375 0.498046875 0.353515625 0.47607421875 0.353515625 0.45849609375 0.3515625 0.4560546875 0.3486328125
3 0.68212890625 0.416015625 0.693359375 0.416015625 0.712890625 0.4169921875 0.73974609375 0.421875 0.7646484375 0.419921875 0.7607421875 0.4765625 0.712890625 0.4658203125 0.68408203125 0.4638671875
4 0.73828125 0.2529296875 0.7333984375 0.2578125 0.7294921875 0.26171875 0.724609375 0.26171875 0.7197265625 0.2685546875 0.71923828125 0.279296875 0.7158203125 0.298828125 0.71435546875 0.3154296875 0.71337890625 0.3349609375 0.70947265625 0.3427734375 0.7060546875 0.3525390625 0.70458984375 0.3623046875 0.7041015625 0.3720703125 0.70654296875 0.3857421875 0.7060546875 0.396484375 0.70556640625 0.41015625 0.7060546875 0.4189453125 0.71044921875 0.4267578125 0.71875 0.42578125 0.7236328125 0.4296875 0.7333984375 0.4306640625 0.73779296875 0.427734375 0.74169921875 0.4296875 0.74609375 0.435546875 0.751953125 0.427734375 0.7548828125 0.423828125 0.76123046875 0.4208984375 0.76513671875 0.419921875 0.76904296875 0.412109375 0.7783203125 0.3828125 0.779296875 0.3408203125 0.78076171875 0.2880859375 0.78076171875 0.2548828125 0.7763671875 0.234375 0.76708984375 0.240234375 0.76318359375 0.25
2 0.7431640625 0.11328125 0.7607421875 0.0849609375 0.77294921875 0.0029296875 0.9990234375 0.001953125 0.9990234375 0.521484375 0.76171875 0.4697265625 0.76220703125 0.142578125 0.75634765625 0.134765625 0.74951171875 0.1298828125 0.7490234375 0.1201171875 0.744140625 0.1181640625 0.7431640625 0.1162109375
5 0.9267578125 0.3251953125 0.9482421875 0.32421875 0.97705078125 0.3271484375 0.99853515625 0.333984375 0.998046875 0.8193359375 0.97705078125 0.81640625 0.94921875 0.8134765625 0.94775390625 0.8212890625 0.94580078125 0.8349609375 0.93310546875 0.8408203125 0.91845703125 0.841796875 0.90673828125 0.837890625 0.89306640625 0.826171875 0.88427734375 0.8173828125 0.880859375 0.8408203125 0.876953125 0.8701171875 0.87109375 0.8818359375 0.8583984375 0.88671875 0.83837890625 0.8857421875 0.830078125 0.8740234375 0.822265625 0.8388671875 0.81982421875 0.8076171875 0.8193359375 0.76953125 0.7685546875 0.7197265625 0.76708984375 0.732421875 0.76171875 0.74609375 0.755859375 0.75 0.74365234375 0.748046875 0.73974609375 0.740234375 0.7353515625 0.712890625 0.734375 0.6591796875 0.73388671875 0.63671875 0.73583984375 0.59765625 0.74169921875 0.5634765625 0.7431640625 0.552734375 0.75048828125 0.5322265625 0.75439453125 0.515625 0.74560546875 0.509765625 0.73876953125 0.4990234375 0.73974609375 0.486328125 0.74658203125 0.4755859375 0.75439453125 0.4736328125 0.759765625 0.4775390625 0.763671875 0.4794921875 0.763671875 0.48828125 0.78515625 0.4150390625 0.806640625 0.3642578125 0.830078125 0.337890625 0.85791015625 0.33203125 0.9111328125 0.32421875
1 0.421875 0.50390625 0.45263671875 0.4921875 0.46240234375 0.478515625 0.46240234375 0.474609375 0.45849609375 0.4638671875 0.4482421875 0.4560546875 0.43603515625 0.4501953125 0.41748046875 0.4453125 0.40625 0.4423828125 0.36767578125 0.4716796875 0.29833984375 0.4970703125 0.09326171875 0.4970703125 0.0 0.501953125 0.0 0.5361328125 0.06396484375 0.533203125 0.13671875 0.5322265625 0.2568359375 0.52734375 0.31396484375 0.5234375 0.36865234375 0.515625 0.40625 0.509765625
1 0.00634765625 0.6728515625 0.0732421875 0.6455078125 0.123046875 0.62109375 0.142578125 0.6064453125 0.14892578125 0.6005859375 0.150390625 0.591796875 0.146484375 0.5849609375 0.14111328125 0.5810546875 0.1064453125 0.58203125 0.0810546875 0.5810546875 0.04248046875 0.578125 0.001953125 0.576171875 0.0 0.6748046875
2 0.41259765625 0.013671875 0.4130859375 0.0107421875 0.41455078125 0.013671875 0.41796875 0.0068359375 0.41552734375 0.0009765625 0.0009765625 0.0009765625 0.0009765625 0.5185546875 0.1279296875 0.509765625 0.26318359375 0.5 0.35107421875 0.4990234375 0.37255859375 0.486328125 0.3974609375 0.47265625 0.40478515625 0.46875 0.40625 0.4169921875 0.39892578125 0.4140625 0.39697265625 0.0009765625 0.40380859375 0.0009765625
