4 0.05615234375 0.01953125 0.05078125 0.017578125 0.0458984375 0.015625 0.0390625 0.01171875 0.03662109375 0.001953125 0.080078125 0.0009765625 0.0703125 0.02734375 0.05517578125 0.0439453125 0.03271484375 0.0498046875 0.01025390625 0.048828125 0.0 0.046875 0.0 0.001953125 0.0126953125 0.0009765625 0.01708984375 0.0078125 0.0185546875 0.0224609375 0.021484375 0.0341796875 0.033203125 0.03515625 0.0341796875 0.0224609375 0.041015625 0.0205078125 0.04736328125 0.0244140625 0.0498046875 0.0205078125 0.0556640625 0.0224609375
2 0.02001953125 0.09375 0.0009765625 0.1435546875 0.0009765625 0.1787109375 0.03125 0.1884765625 0.04296875 0.1494140625
4 0.013671875 0.1591796875 0.00927734375 0.146484375 0.0009765625 0.142578125 0.0009765625 0.2802734375 0.00927734375 0.27734375 0.01513671875 0.265625 0.0146484375 0.2490234375 0.01513671875 0.232421875 0.0185546875 0.220703125 0.02294921875 0.2109375 0.02490234375 0.1943359375 0.02685546875 0.1669921875 0.0224609375 0.1591796875 0.01708984375 0.1572265625 0.013671875 0.1611328125
2 0.03125 0.1279296875 0.04248046875 0.0927734375 0.0732421875 0.0009765625 0.18701171875 0.0009765625 0.1923828125 0.4091796875 0.02294921875 0.4130859375 0.02001953125 0.19140625 0.01220703125 0.1845703125 0.013671875 0.1611328125 0.02685546875 0.13671875
4 0.12939453125 0.353515625 0.125 0.330078125 0.11181640625 0.3310546875 0.1083984375 0.337890625 0.0986328125 0.3369140625 0.09765625 0.328125 0.10107421875 0.3134765625 0.09716796875 0.30078125 0.091796875 0.296875 0.08349609375 0.29296875 0.08056640625 0.2783203125 0.08154296875 0.259765625 0.0791015625 0.2412109375 0.0830078125 0.2412109375 0.07470703125 0.23046875 0.06884765625 0.2216796875 0.060546875 0.2099609375 0.060546875 0.2001953125 0.06591796875 0.19921875 0.0556640625 0.189453125 0.0537109375 0.177734375 0.05419921875 0.158203125 0.05615234375 0.1455078125 0.06103515625 0.1416015625 0.064453125 0.1494140625 0.06640625 0.1650390625 0.07568359375 0.1650390625 0.08544921875 0.1669921875 0.0859375 0.158203125 0.08935546875 0.1435546875 0.091796875 0.1337890625 0.091796875 0.1181640625 0.0888671875 0.1083984375 0.0888671875 0.083984375 0.08984375 0.0654296875 0.0966796875 0.0693359375 0.10498046875 0.0751953125 0.111328125 0.0751953125 0.1103515625 0.0625 0.11669921875 0.0498046875 0.11572265625 0.0390625 0.11376953125 0.0244140625 0.1201171875 0.0048828125 0.12548828125 0.0048828125 0.1259765625 0.0166015625 0.1298828125 0.0029296875 0.1923828125 0.001953125 0.2001953125 0.365234375 0.18359375 0.39453125 0.1591796875 0.392578125 0.1376953125 0.392578125
0 0.0 0.41015625 0.197265625 0.41015625 0.431640625 0.513671875 0.998046875 0.736328125 0.99951171875 1.0 0.0009765625 1.0
1 0.052734375 0.4296875 0.11669921875 0.435546875 0.1279296875 0.435546875 0.20263671875 0.4208984375 0.1982421875 0.404296875 0.1025390625 0.40625 0.0166015625 0.4091796875
2 0.9423828125 0.0009765625 0.92822265625 0.375 0.85009765625 0.380859375 0.8515625 0.0009765625
2 0.1796875 0.0283203125 0.18017578125 0.0009765625 0.865234375 0.001953125 0.8544921875 0.529296875 0.46435546875 0.51171875 0.25244140625 0.5 0.1943359375 0.47265625 0.18798828125 0.2001953125 0.18408203125 0.193359375 0.18310546875 0.171875
4 0.91015625 0.224609375 0.90869140625 0.2158203125 0.908203125 0.203125 0.90234375 0.19921875 0.896484375 0.20703125 0.88916015625 0.208984375 0.880859375 0.216796875 0.8779296875 0.2060546875 0.8779296875 0.189453125 0.87109375 0.185546875 0.86279296875 0.203125 0.861328125 0.1884765625 0.857421875 0.1787109375 0.8515625 0.1748046875 0.841796875 0.1806640625 0.8310546875 0.193359375 0.82373046875 0.193359375 0.81298828125 0.1884765625 0.8056640625 0.193359375 0.79736328125 0.1904296875 0.78564453125 0.1904296875 0.77294921875 0.19140625 0.7685546875 0.2001953125 0.765625 0.212890625 0.76025390625 0.2275390625 0.7509765625 0.2431640625 0.74267578125 0.2548828125 0.74072265625 0.2666015625 0.73779296875 0.2783203125 0.7333984375 0.3017578125 0.7333984375 0.31640625 0.7333984375 0.3310546875 0.74853515625 0.3349609375 0.748046875 0.3505859375 0.73828125 0.3544921875 0.7275390625 0.361328125 0.720703125 0.384765625 0.72412109375 0.41015625 0.7275390625 0.4306640625 0.7392578125 0.451171875 0.75341796875 0.462890625 0.77587890625 0.5712890625 0.87060546875 0.5888671875 0.90576171875 0.4951171875 0.92138671875 0.4580078125 0.93017578125 0.4248046875 0.9267578125 0.2744140625 0.91748046875 0.228515625
2 0.9150390625 0.1513671875 0.90283203125 0.123046875 0.9033203125 0.001953125 0.9990234375 0.001953125 0.99951171875 0.6142578125 0.9013671875 0.6083984375 0.912109375 0.34765625
1 0.06689453125 0.474609375 0.08642578125 0.466796875 0.13720703125 0.4560546875 0.1884765625 0.4453125 0.26318359375 0.4755859375 0.443359375 0.5078125 0.5517578125 0.5234375 0.6494140625 0.5244140625 0.82470703125 0.5673828125 0.99853515625 0.5986328125 0.99951171875 0.8818359375 0.84375 0.818359375 0.58251953125 0.7177734375 0.3994140625 0.646484375 0.22900390625 0.5751953125 0.166015625 0.5439453125 0.11865234375 0.513671875 0.08984375 0.5 0.0791015625 0.490234375 0.06689453125 0.4775390625
4 0.18212890625 0.37109375 0.1875 0.3681640625 0.19140625 0.3671875 0.197265625 0.376953125 0.1982421875 0.3837890625 0.20068359375 0.3779296875 0.205078125 0.375 0.2099609375 0.3740234375 0.21630859375 0.373046875 0.2236328125 0.373046875 0.22900390625 0.3720703125 0.22998046875 0.3837890625 0.228515625 0.419921875 0.22607421875 0.4599609375 0.22265625 0.4736328125 0.2119140625 0.4775390625 0.20166015625 0.4775390625 0.19091796875 0.47265625 0.1875 0.4609375 0.177734375 0.4599609375 0.1767578125 0.447265625 0.17529296875 0.4248046875 0.17333984375 0.4033203125 0.17333984375 0.3896484375 0.17431640625 0.3837890625 0.1796875 0.373046875
4 0.50244140625 0.4853515625 0.49853515625 0.4716796875 0.494140625 0.4580078125 0.48046875 0.44140625 0.4658203125 0.4384765625 0.453125 0.4345703125 0.45068359375 0.431640625 0.45703125 0.4169921875 0.458984375 0.3935546875 0.4599609375 0.3720703125 0.455078125 0.361328125 0.46533203125 0.345703125 0.47705078125 0.3505859375 0.47412109375 0.333984375 0.46142578125 0.328125 0.44677734375 0.322265625 0.44580078125 0.3076171875 0.4541015625 0.2939453125 0.43994140625 0.2880859375 0.43408203125 0.28125 0.44091796875 0.2568359375 0.4404296875 0.2392578125 0.44580078125 0.2275390625 0.455078125 0.2236328125 0.4609375 0.228515625 0.466796875 0.2119140625 0.4765625 0.2060546875 0.48583984375 0.2021484375 0.49560546875 0.2080078125 0.5029296875 0.2021484375 0.50927734375 0.2109375 0.51171875 0.2314453125 0.513671875 0.2578125 0.52197265625 0.2685546875 0.521484375 0.2880859375 0.52587890625 0.296875 0.52880859375 0.2685546875 0.5302734375 0.259765625 0.54150390625 0.265625 0.55419921875 0.2626953125 0.56005859375 0.28125 0.56005859375 0.298828125 0.5654296875 0.3203125 0.5732421875 0.3291015625 0.58251953125 0.3251953125 0.58740234375 0.3408203125 0.595703125 0.3408203125 0.5986328125 0.3251953125 0.6064453125 0.318359375 0.61474609375 0.3173828125 0.625 0.318359375 0.63134765625 0.341796875 0.62060546875 0.365234375 0.6279296875 0.3623046875 0.63330078125 0.3740234375 0.63671875 0.3857421875 0.64306640625 0.3955078125 0.626953125 0.412109375 0.6240234375 0.4326171875 0.6220703125 0.4453125 0.62646484375 0.453125 0.62841796875 0.4716796875 0.61572265625 0.4951171875 0.5986328125 0.51171875 0.576171875 0.5166015625 0.5654296875 0.513671875 0.56005859375 0.4970703125 0.52783203125 0.4970703125
3 0.453125 0.4384765625 0.232421875 0.408203125 0.2333984375 0.4833984375 0.44189453125 0.5380859375 0.47509765625 0.5458984375 0.54931640625 0.5263671875 0.64892578125 0.5283203125 0.669921875 0.486328125 0.666015625 0.439453125 0.5078125 0.4404296875 0.4873046875 0.4453125 0.46533203125 0.4365234375
4 0.66357421875 0.458984375 0.67138671875 0.4521484375 0.67333984375 0.4375 0.67138671875 0.4140625 0.67041015625 0.3916015625 0.6728515625 0.376953125 0.67724609375 0.3662109375 0.68212890625 0.3740234375 0.68505859375 0.388671875 0.6865234375 0.4140625 0.689453125 0.4375 0.69482421875 0.44140625 0.69873046875 0.44140625 0.701171875 0.427734375 0.70263671875 0.4228515625 0.70947265625 0.439453125 0.7099609375 0.423828125 0.71142578125 0.4287109375 0.71630859375 0.4404296875 0.72412109375 0.439453125 0.7333984375 0.4375 0.744140625 0.4326171875 0.75732421875 0.4306640625 0.7666015625 0.4423828125 0.77392578125 0.44921875 0.78515625 0.4560546875 0.794921875 0.458984375 0.80419921875 0.46484375 0.81591796875 0.4765625 0.80859375 0.50390625 0.79150390625 0.5048828125 0.76318359375 0.5048828125 0.74609375 0.5 0.724609375 0.4990234375 0.705078125 0.4970703125 0.685546875 0.494140625 0.66845703125 0.48828125 0.658203125 0.484375 0.66064453125 0.4736328125
4 0.9736328125 0.3193359375 0.97314453125 0.302734375 0.96240234375 0.287109375 0.94580078125 0.26953125 0.93212890625 0.265625 0.9091796875 0.275390625 0.89208984375 0.2880859375 0.8671875 0.306640625 0.8583984375 0.3369140625 0.83984375 0.37890625 0.8359375 0.4130859375 0.83447265625 0.44140625 0.8427734375 0.466796875 0.84228515625 0.5029296875 0.84521484375 0.529296875 0.8447265625 0.5458984375 0.84912109375 0.5693359375 0.849609375 0.595703125 0.85595703125 0.6123046875 0.99951171875 0.6435546875 1.0 0.3203125 0.98828125 0.3154296875 0.97607421875 0.3203125
4 0.55908203125 0.482421875 0.5625 0.4697265625 0.56201171875 0.4501953125 0.55517578125 0.4306640625 0.5458984375 0.41796875 0.5341796875 0.4130859375 0.5224609375 0.4130859375 0.50927734375 0.4150390625 0.49658203125 0.4208984375 0.48876953125 0.4287109375 0.4892578125 0.4423828125 0.49755859375 0.4560546875 0.5009765625 0.4755859375 0.50341796875 0.484375 0.51220703125 0.486328125 0.51953125 0.4931640625 0.529296875 0.4931640625 0.54150390625 0.4892578125 0.55029296875 0.486328125 0.55615234375 0.486328125
5 0.0556640625 0.52734375 0.05908203125 0.5146484375 0.05859375 0.494140625 0.05810546875 0.474609375 0.05712890625 0.4619140625 0.0556640625 0.44921875 0.052734375 0.4296875 0.05078125 0.419921875 0.048828125 0.4013671875 0.046875 0.3896484375 0.0400390625 0.3779296875 0.02685546875 0.373046875 0.013671875 0.3720703125 0.0 0.3701171875 0.0 0.5068359375 0.03125 0.505859375 0.03125 0.5166015625 0.0361328125 0.517578125 0.0400390625 0.517578125 0.041015625 0.51171875 0.04443359375 0.509765625 0.044921875 0.5224609375 0.04931640625 0.5283203125
