0 0.0 0.865234375 0.54345703125 0.4443359375 0.65185546875 0.4189453125 0.7685546875 0.4150390625 0.99951171875 0.513671875 0.9990234375 1.0 0.0 0.998046875
1 0.431640625 0.486328125 0.4609375 0.48828125 0.4873046875 0.4951171875 0.49560546875 0.5009765625 0.4970703125 0.51171875 0.47216796875 0.5361328125 0.365234375 0.6279296875 0.23095703125 0.7373046875 0.068359375 0.8701171875 0.0009765625 0.9208984375 0.0009765625 0.6943359375 0.06005859375 0.671875 0.2490234375 0.580078125 0.36865234375 0.5322265625 0.404296875 0.51171875 0.4228515625 0.4970703125
4 0.65283203125 0.265625 0.65478515625 0.2626953125 0.65771484375 0.265625 0.66015625 0.2705078125 0.662109375 0.267578125 0.66259765625 0.26171875 0.66943359375 0.255859375 0.673828125 0.2568359375 0.67578125 0.2607421875 0.67822265625 0.259765625 0.68212890625 0.2578125 0.68798828125 0.2548828125 0.69140625 0.2568359375 0.69775390625 0.255859375 0.70068359375 0.255859375 0.705078125 0.25390625 0.70947265625 0.255859375 0.71533203125 0.263671875 0.71826171875 0.2685546875 0.72216796875 0.26953125 0.72607421875 0.2744140625 0.7275390625 0.27734375 0.72900390625 0.2783203125 0.7353515625 0.2900390625 0.728515625 0.34375 0.67529296875 0.359375 0.650390625 0.3505859375
2 0.66552734375 0.2919921875 0.69189453125 0.2958984375 0.6982421875 0.302734375 0.70068359375 0.298828125 0.70556640625 0.2958984375 0.71240234375 0.294921875 0.72607421875 0.2861328125 0.73486328125 0.2685546875 0.7431640625 0.2685546875 0.7451171875 0.2646484375 0.75 0.2685546875 0.76171875 0.26953125 0.76171875 0.3720703125 0.67578125 0.3701171875 0.654296875 0.291015625
4 0.6484375 0.275390625 0.65673828125 0.2724609375 0.66259765625 0.2724609375 0.66552734375 0.2783203125 0.6669921875 0.287109375 0.6689453125 0.29296875 0.67041015625 0.3017578125 0.67236328125 0.3134765625 0.6748046875 0.3271484375 0.67919921875 0.3349609375 0.68310546875 0.3408203125 0.689453125 0.3427734375 0.69482421875 0.3408203125 0.6982421875 0.3369140625 0.70751953125 0.3232421875 0.7099609375 0.3193359375 0.71337890625 0.3134765625 0.716796875 0.3056640625 0.71630859375 0.30078125 0.7158203125 0.296875 0.71630859375 0.2880859375 0.7197265625 0.283203125 0.7255859375 0.2802734375 0.72900390625 0.27734375 0.73388671875 0.2734375 0.73779296875 0.2763671875 0.740234375 0.283203125 0.74169921875 0.2880859375 0.74462890625 0.298828125 0.748046875 0.3046875 0.75244140625 0.306640625 0.75244140625 0.3134765625 0.75634765625 0.31640625 0.76123046875 0.318359375 0.76708984375 0.3203125 0.76708984375 0.4306640625 0.73828125 0.427734375 0.68359375 0.4287109375 0.6484375 0.4248046875
1 0.5341796875 0.482421875 0.435546875 0.4765625 0.43603515625 0.4677734375 0.533203125 0.4580078125 0.55859375 0.4501953125 0.6298828125 0.4296875 0.6552734375 0.4267578125 0.66845703125 0.42578125 0.67578125 0.4267578125 0.6279296875 0.4501953125 0.5927734375 0.466796875 0.560546875 0.478515625 0.55078125 0.482421875 0.54052734375 0.482421875
2 0.0986328125 0.2861328125 0.498046875 0.0009765625 0.61279296875 0.001953125 0.61669921875 0.0947265625 0.619140625 0.1318359375 0.6220703125 0.13671875 0.6220703125 0.142578125 0.6181640625 0.150390625 0.61767578125 0.1796875 0.64501953125 0.1787109375 0.6494140625 0.1884765625 0.6494140625 0.1943359375 0.65234375 0.1953125 0.65771484375 0.20703125 0.658203125 0.251953125 0.6552734375 0.25390625 0.65576171875 0.4296875 0.62451171875 0.4384765625 0.62060546875 0.439453125 0.62109375 0.4482421875 0.611328125 0.451171875 0.6123046875 0.4541015625 0.61083984375 0.4580078125 0.6064453125 0.4580078125 0.6044921875 0.455078125 0.57666015625 0.4521484375 0.5732421875 0.453125 0.56640625 0.453125 0.54443359375 0.4609375 0.53271484375 0.458984375 0.5048828125 0.46875 0.49951171875 0.470703125 0.4921875 0.46875 0.47412109375 0.4697265625 0.46484375 0.470703125 0.34765625 0.4765625 0.08740234375 0.470703125
3 0.068359375 0.400390625 0.1201171875 0.4033203125 0.15087890625 0.4052734375 0.15869140625 0.4013671875 0.16552734375 0.4072265625 0.21533203125 0.4052734375 0.3037109375 0.408203125 0.34716796875 0.41015625 0.34326171875 0.48046875 0.068359375 0.466796875
4 0.0009765625 0.001953125 0.251953125 0.0029296875 0.21923828125 0.31640625 0.17822265625 0.345703125 0.17236328125 0.3486328125 0.16552734375 0.3486328125 0.158203125 0.349609375 0.1484375 0.357421875 0.13134765625 0.3671875 0.12841796875 0.373046875 0.12841796875 0.384765625 0.12744140625 0.3916015625 0.125 0.400390625 0.11865234375 0.416015625 0.11279296875 0.42578125 0.1064453125 0.4482421875 0.08154296875 0.4580078125 0.08056640625 0.4404296875 0.08056640625 0.4072265625 0.0712890625 0.3916015625 0.0 0.380859375
4 0.2080078125 0.2880859375 0.251953125 0.28125 0.2705078125 0.30078125 0.2763671875 0.32421875 0.27783203125 0.330078125 0.2822265625 0.337890625 0.28369140625 0.345703125 0.28564453125 0.3525390625 0.28955078125 0.37109375 0.29296875 0.375 0.2939453125 0.3828125 0.29052734375 0.3916015625 0.28759765625 0.3974609375 0.28857421875 0.40625 0.28515625 0.4169921875 0.27734375 0.423828125 0.27587890625 0.435546875 0.22314453125 0.4384765625 0.208984375 0.4150390625 0.203125 0.412109375 0.19775390625 0.4052734375 0.1962890625 0.3955078125 0.19580078125 0.3837890625 0.19580078125 0.3662109375 0.19580078125 0.326171875 0.20263671875 0.3017578125 0.20654296875 0.2890625
4 0.30712890625 0.4443359375 0.2978515625 0.4296875 0.2958984375 0.419921875 0.29248046875 0.4130859375 0.2900390625 0.41015625 0.2890625 0.3974609375 0.29248046875 0.3828125 0.29541015625 0.3818359375 0.298828125 0.3779296875 0.30078125 0.3681640625 0.2998046875 0.3623046875 0.30322265625 0.3505859375 0.3115234375 0.337890625 0.32861328125 0.3154296875 0.3505859375 0.298828125 0.41259765625 0.30078125 0.42138671875 0.3203125 0.421875 0.326171875 0.4267578125 0.3349609375 0.4287109375 0.3427734375 0.4306640625 0.353515625 0.4306640625 0.36328125 0.43017578125 0.369140625 0.43212890625 0.373046875 0.43310546875 0.37890625 0.431640625 0.3935546875 0.42822265625 0.40234375 0.42822265625 0.408203125 0.37255859375 0.4248046875 0.3203125 0.4560546875 0.30712890625 0.4521484375
4 0.33740234375 0.4013671875 0.34033203125 0.3779296875 0.34130859375 0.34765625 0.341796875 0.3369140625 0.3330078125 0.3447265625 0.326171875 0.345703125 0.3173828125 0.353515625 0.3095703125 0.35546875 0.3037109375 0.3505859375 0.30419921875 0.3330078125 0.30078125 0.3251953125 0.28955078125 0.2724609375 0.28515625 0.0009765625 0.60888671875 0.00390625 0.609375 0.0126953125 0.61083984375 0.01953125 0.61181640625 0.025390625 0.61572265625 0.0341796875 0.6142578125 0.0400390625 0.60693359375 0.0419921875 0.60400390625 0.0419921875 0.6044921875 0.048828125 0.5986328125 0.048828125 0.5947265625 0.0419921875 0.591796875 0.03125 0.5869140625 0.029296875 0.57958984375 0.021484375 0.57763671875 0.0302734375 0.58251953125 0.0322265625 0.58056640625 0.041015625 0.57568359375 0.0419921875 0.56884765625 0.044921875 0.568359375 0.0458984375 0.56884765625 0.052734375 0.5673828125 0.0615234375 0.56396484375 0.0771484375 0.55712890625 0.072265625 0.55224609375 0.068359375 0.54931640625 0.0732421875 0.55224609375 0.076171875 0.552734375 0.08203125 0.5458984375 0.0869140625 0.5458984375 0.095703125 0.55078125 0.109375 0.5576171875 0.1142578125 0.5595703125 0.123046875 0.5576171875 0.138671875 0.5576171875 0.1494140625 0.55517578125 0.1572265625 0.5517578125 0.154296875 0.5498046875 0.1650390625 0.546875 0.166015625 0.54296875 0.1630859375 0.5390625 0.1630859375 0.533203125 0.1650390625 0.533203125 0.15625 0.53125 0.1552734375 0.52685546875 0.1513671875 0.52490234375 0.1494140625 0.52197265625 0.1435546875 0.525390625 0.1337890625 0.52587890625 0.126953125 0.5224609375 0.123046875 0.5234375 0.1181640625 0.52490234375 0.11328125 0.5205078125 0.1064453125 0.5205078125 0.091796875 0.52099609375 0.083984375 0.51806640625 0.078125 0.51611328125 0.068359375 0.51318359375 0.0625 0.50732421875 0.0615234375 0.505859375 0.0673828125 0.50634765625 0.0703125 0.5048828125 0.07421875 0.501953125 0.07421875 0.5 0.0849609375 0.5029296875 0.08984375 0.50244140625 0.09765625 0.50048828125 0.107421875 0.4990234375 0.1123046875 0.49755859375 0.1171875 0.49853515625 0.1259765625 0.49853515625 0.1318359375 0.5 0.140625 0.5 0.146484375 0.49853515625 0.1494140625 0.5 0.1552734375 0.4990234375 0.1591796875 0.49609375 0.1689453125 0.49755859375 0.1806640625 0.4990234375 0.1845703125 0.49755859375 0.189453125 0.49267578125 0.189453125 0.4912109375 0.1923828125 0.4931640625 0.1953125 0.494140625 0.19921875 0.4931640625 0.203125 0.49072265625 0.205078125 0.486328125 0.203125 0.478515625 0.2021484375 0.478515625 0.205078125 0.47607421875 0.2119140625 0.47412109375 0.220703125 0.4697265625 0.2314453125 0.47021484375 0.2353515625 0.46533203125 0.240234375 0.46630859375 0.248046875 0.46337890625 0.2509765625 0.4541015625 0.248046875 0.45458984375 0.2529296875 0.4580078125 0.259765625 0.4599609375 0.267578125 0.45947265625 0.2734375 0.455078125 0.2744140625 0.45166015625 0.2744140625 0.453125 0.2802734375 0.458984375 0.2802734375 0.4619140625 0.2978515625 0.458984375 0.3017578125 0.45361328125 0.3017578125 0.45166015625 0.306640625 0.453125 0.3115234375 0.44921875 0.3203125 0.43896484375 0.3212890625 0.43212890625 0.3173828125 0.42626953125 0.318359375 0.42236328125 0.3193359375 0.423828125 0.33203125 0.4248046875 0.3388671875 0.41748046875 0.3447265625 0.40869140625 0.345703125 0.4013671875 0.34765625 0.39404296875 0.3408203125 0.3896484375 0.3349609375 0.38525390625 0.412109375 0.3671875 0.490234375 0.34716796875 0.490234375 0.33740234375 0.4052734375
4 0.21484375 0.5146484375 0.216796875 0.4921875 0.21484375 0.46484375 0.20654296875 0.3798828125 0.2041015625 0.328125 0.20068359375 0.3125 0.197265625 0.318359375 0.181640625 0.3408203125 0.173828125 0.345703125 0.16748046875 0.34375 0.1611328125 0.3447265625 0.15673828125 0.3505859375 0.14501953125 0.3515625 0.13916015625 0.3447265625 0.134765625 0.3037109375 0.1318359375 0.302734375 0.12646484375 0.310546875 0.11474609375 0.3115234375 0.10107421875 0.294921875 0.09375 0.251953125 0.08056640625 0.2197265625 0.07080078125 0.2060546875 0.05859375 0.19140625 0.04931640625 0.1669921875 0.04638671875 0.126953125 0.05419921875 0.099609375 0.046875 0.0712890625 0.0478515625 0.041015625 0.04931640625 0.017578125 0.052734375 0.0048828125 0.05419921875 0.001953125 0.388671875 0.00390625 0.40771484375 0.02734375 0.42236328125 0.0419921875 0.451171875 0.068359375 0.46826171875 0.0869140625 0.47314453125 0.08984375 0.474609375 0.103515625 0.46435546875 0.1162109375 0.46142578125 0.1240234375 0.45361328125 0.134765625 0.44091796875 0.1533203125 0.43017578125 0.15625 0.41845703125 0.1572265625 0.40625 0.1513671875 0.39794921875 0.1376953125 0.38525390625 0.1142578125 0.380859375 0.10546875 0.3740234375 0.1083984375 0.3779296875 0.134765625 0.3828125 0.1728515625 0.38671875 0.1923828125 0.390625 0.2216796875 0.39013671875 0.2392578125 0.3828125 0.244140625 0.36865234375 0.2470703125 0.36279296875 0.25 0.35888671875 0.244140625 0.35498046875 0.23828125 0.35107421875 0.2421875 0.34912109375 0.2548828125 0.34375 0.259765625 0.33544921875 0.2587890625 0.3232421875 0.2587890625 0.3154296875 0.267578125 0.3154296875 0.298828125 0.322265625 0.3134765625 0.3251953125 0.3193359375 0.314453125 0.337890625 0.3076171875 0.3369140625 0.2998046875 0.3349609375 0.294921875 0.328125 0.28857421875 0.3251953125 0.28125 0.322265625 0.2724609375 0.3232421875 0.2724609375 0.3359375 0.27587890625 0.3427734375 0.27294921875 0.353515625 0.2685546875 0.3603515625 0.2666015625 0.369140625 0.25830078125 0.3740234375 0.2509765625 0.36328125 0.244140625 0.357421875 0.2353515625 0.3447265625 0.2314453125 0.341796875 0.22900390625 0.345703125 0.22412109375 0.345703125 0.2265625 0.3935546875 0.2333984375 0.419921875 0.23779296875 0.474609375 0.24267578125 0.5078125 0.251953125 0.5224609375 0.248046875 0.5302734375 0.23828125 0.54296875 0.22802734375 0.53515625 0.21826171875 0.5322265625 0.21484375 0.5234375
2 0.0791015625 0.369140625 0.080078125 0.375 0.07763671875 0.38671875 0.0771484375 0.396484375 0.0771484375 0.396484375 0.07568359375 0.4833984375 0.06787109375 0.486328125 0.060546875 0.48828125 0.00244140625 0.4921875 0.0 0.359375 0.0556640625 0.36328125 0.0732421875 0.3671875
2 0.74609375 0.09375 0.744140625 0.0419921875 0.74658203125 0.0390625 0.75830078125 0.0263671875 0.7568359375 0.0224609375 0.75439453125 0.0185546875 0.75634765625 0.01171875 0.7626953125 0.0029296875 0.99951171875 0.0009765625 0.9990234375 0.5048828125 0.80615234375 0.4765625 0.7890625 0.4755859375 0.77001953125 0.4716796875 0.76025390625 0.4638671875 0.75634765625 0.4287109375 0.755859375 0.33203125 0.75537109375 0.29296875 0.75537109375 0.283203125 0.75341796875 0.2744140625 0.75732421875 0.2607421875 0.75927734375 0.24609375 0.76171875 0.2314453125 0.76025390625 0.2294921875 0.76025390625 0.2177734375 0.7578125 0.2158203125 0.759765625 0.1748046875 0.765625 0.1650390625 0.765625 0.16015625 0.76025390625 0.1611328125 0.76171875 0.1279296875 0.76806640625 0.1240234375 0.767578125 0.1005859375 0.75244140625 0.099609375
1 0.8017578125 0.5439453125 0.775390625 0.5263671875 0.75048828125 0.5107421875 0.75244140625 0.5048828125 0.802734375 0.4951171875 0.806640625 0.5126953125 0.80419921875 0.5302734375
5 0.67822265625 0.4541015625 0.6806640625 0.4375 0.67822265625 0.4345703125 0.67822265625 0.4287109375 0.681640625 0.4267578125 0.68359375 0.419921875 0.685546875 0.416015625 0.69287109375 0.412109375 0.68896484375 0.47265625 0.685546875 0.47265625 0.685546875 0.4765625 0.68408203125 0.478515625 0.6787109375 0.4775390625 0.67822265625 0.46875 0.6787109375 0.4609375
5 0.8232421875 0.416015625 0.830078125 0.4013671875 0.8369140625 0.3916015625 0.85205078125 0.3876953125 0.8876953125 0.38671875 0.92236328125 0.390625 0.931640625 0.3974609375 0.85009765625 0.626953125 0.84228515625 0.6279296875 0.83447265625 0.625 0.83203125 0.6005859375 0.83203125 0.5830078125 0.822265625 0.5791015625 0.810546875 0.5791015625 0.80908203125 0.5966796875 0.80419921875 0.5966796875 0.7978515625 0.591796875 0.7978515625 0.564453125 0.7958984375 0.54296875 0.79541015625 0.5146484375 0.80322265625 0.4873046875 0.80615234375 0.4736328125 0.79736328125 0.466796875 0.7958984375 0.4580078125 0.80029296875 0.4462890625 0.80615234375 0.4482421875 0.80908203125 0.4521484375 0.81005859375 0.4560546875 0.814453125 0.435546875 0.8203125 0.4208984375
5 0.88916015625 0.4404296875 0.8994140625 0.419921875 0.9150390625 0.400390625 0.9326171875 0.388671875 0.96044921875 0.3857421875 0.982421875 0.384765625 0.99951171875 0.3837890625 0.998046875 0.673828125 0.962890625 0.68359375 0.9599609375 0.7060546875 0.95263671875 0.728515625 0.92919921875 0.724609375 0.92138671875 0.701171875 0.91796875 0.6669921875 0.91796875 0.6572265625 0.87890625 0.630859375 0.876953125 0.6435546875 0.87353515625 0.6611328125 0.86083984375 0.6611328125 0.85009765625 0.654296875 0.84814453125 0.6171875 0.849609375 0.5751953125 0.8505859375 0.53125 0.8564453125 0.5087890625 0.86669921875 0.4951171875 0.875 0.4912109375 0.875 0.4892578125 0.86474609375 0.486328125 0.85791015625 0.4794921875 0.8583984375 0.466796875 0.861328125 0.462890625 0.876953125 0.4609375 0.87939453125 0.46484375 0.8837890625 0.4560546875 0.88818359375 0.4443359375
