4 0.0400390625 0.08984375 0.04248046875 0.08203125 0.048828125 0.080078125 0.05029296875 0.0751953125 0.05224609375 0.0693359375 0.0498046875 0.0615234375 0.0498046875 0.052734375 0.05078125 0.0400390625 0.05419921875 0.0341796875 0.05908203125 0.0400390625 0.06396484375 0.0361328125 0.0693359375 0.033203125 0.0771484375 0.03515625 0.08203125 0.0380859375 0.0859375 0.0478515625 0.0927734375 0.0595703125 0.09765625 0.0654296875 0.10400390625 0.0693359375 0.107421875 0.080078125 0.10693359375 0.08984375 0.10400390625 0.1005859375 0.107421875 0.1015625 0.1083984375 0.107421875 0.10693359375 0.1162109375 0.11083984375 0.1181640625 0.11572265625 0.1201171875 0.11767578125 0.115234375 0.125 0.109375 0.12841796875 0.1103515625 0.12890625 0.1171875 0.1298828125 0.1240234375 0.1298828125 0.1337890625 0.04736328125 0.107421875
0 0.0009765625 0.490234375 0.26025390625 0.4453125 0.4091796875 0.4228515625 0.48828125 0.4208984375 0.55419921875 0.423828125 0.64501953125 0.447265625 0.955078125 0.5498046875 0.99951171875 0.59375 0.99951171875 0.998046875 0.0 1.0
2 0.0126953125 0.0654296875 0.0146484375 0.0595703125 0.02978515625 0.05859375 0.03369140625 0.0615234375 0.03564453125 0.0849609375 0.0498046875 0.0927734375 0.1005859375 0.12109375 0.1171875 0.1259765625 0.1630859375 0.16015625 0.16259765625 0.14453125 0.17236328125 0.146484375 0.1728515625 0.1669921875 0.19384765625 0.208984375 0.21240234375 0.208984375 0.26513671875 0.4638671875 0.0009765625 0.4951171875 0.0009765625 0.0537109375 0.00439453125 0.0595703125 0.01123046875 0.064453125
4 0.41259765625 0.296875 0.41552734375 0.30859375 0.41796875 0.314453125 0.42236328125 0.31640625 0.423828125 0.3193359375 0.42724609375 0.3212890625 0.4296875 0.3046875 0.43359375 0.296875 0.43798828125 0.2978515625 0.44482421875 0.296875 0.44580078125 0.2900390625 0.4521484375 0.28125 0.45849609375 0.267578125 0.46484375 0.2734375 0.46630859375 0.27734375 0.46923828125 0.27734375 0.47265625 0.271484375 0.48388671875 0.263671875 0.5576171875 0.33984375 0.568359375 0.419921875 0.513671875 0.423828125 0.4833984375 0.4287109375 0.4716796875 0.427734375 0.451171875 0.42578125 0.38134765625 0.36328125 0.38916015625 0.296875 0.3994140625 0.2958984375 0.40771484375 0.2958984375
1 0.357421875 0.427734375 0.44482421875 0.4296875 0.421875 0.4384765625 0.3916015625 0.4375
2 0.3623046875 0.3251953125 0.3955078125 0.3154296875 0.40380859375 0.314453125 0.40576171875 0.326171875 0.42626953125 0.3291015625 0.42724609375 0.306640625 0.43603515625 0.302734375 0.45068359375 0.3046875 0.45068359375 0.3212890625 0.45849609375 0.322265625 0.45849609375 0.361328125 0.4638671875 0.3603515625 0.46435546875 0.4296875 0.42236328125 0.43359375 0.3603515625 0.4345703125
4 0.47314453125 0.4296875 0.4716796875 0.41796875 0.470703125 0.4111328125 0.470703125 0.396484375 0.47314453125 0.37890625 0.47509765625 0.3720703125 0.4794921875 0.3701171875 0.484375 0.3779296875 0.4873046875 0.384765625 0.48779296875 0.392578125 0.48876953125 0.4140625 0.4873046875 0.427734375 0.47900390625 0.431640625
5 0.498046875 0.412109375 0.50146484375 0.4091796875 0.5078125 0.41015625 0.51123046875 0.4140625 0.51171875 0.423828125 0.5087890625 0.4287109375 0.501953125 0.4287109375 0.4970703125 0.427734375 0.49560546875 0.41796875
5 0.51611328125 0.412109375 0.51953125 0.412109375 0.5205078125 0.412109375 0.52197265625 0.4140625 0.52392578125 0.423828125 0.5234375 0.4365234375 0.52294921875 0.4384765625 0.52197265625 0.4375 0.521484375 0.4345703125 0.51220703125 0.4345703125 0.5107421875 0.439453125 0.50927734375 0.4384765625 0.50927734375 0.431640625 0.50927734375 0.421875 0.509765625 0.416015625 0.51220703125 0.412109375
5 0.54931640625 0.4365234375 0.54638671875 0.435546875 0.5458984375 0.4248046875 0.5458984375 0.41796875 0.5478515625 0.41015625 0.5517578125 0.4091796875 0.55712890625 0.4140625 0.55615234375 0.4287109375
5 0.5537109375 0.439453125 0.55126953125 0.427734375 0.55224609375 0.4169921875 0.55419921875 0.4072265625 0.56103515625 0.40625 0.56396484375 0.412109375
2 0.6923828125 0.1962890625 0.72119140625 0.1669921875 0.72705078125 0.08984375 0.80224609375 0.0849609375 0.88720703125 0.0859375 0.9033203125 0.3427734375 0.685546875 0.33984375
5 0.4296875 0.412109375 0.4375 0.412109375 0.4443359375 0.4150390625 0.4482421875 0.4189453125 0.45263671875 0.4228515625 0.45458984375 0.427734375 0.42626953125 0.435546875 0.423828125 0.4296875 0.423828125 0.419921875
5 0.36376953125 0.451171875 0.365234375 0.439453125 0.3681640625 0.4296875 0.37646484375 0.4267578125 0.38330078125 0.42578125 0.3837890625 0.439453125 0.3837890625 0.4501953125
4 0.24658203125 0.4384765625 0.2431640625 0.4287109375 0.2392578125 0.4267578125 0.2333984375 0.421875 0.2255859375 0.419921875 0.2216796875 0.4189453125 0.21875 0.4111328125 0.21923828125 0.4033203125 0.22265625 0.3984375 0.22412109375 0.388671875 0.2216796875 0.37890625 0.21630859375 0.3701171875 0.21044921875 0.369140625 0.20361328125 0.36328125 0.189453125 0.357421875 0.1826171875 0.357421875 0.1767578125 0.3603515625 0.16650390625 0.3515625 0.16259765625 0.345703125 0.158203125 0.3427734375 0.15771484375 0.3369140625 0.15869140625 0.3251953125 0.1640625 0.3173828125 0.1689453125 0.3154296875 0.17431640625 0.3115234375 0.1806640625 0.3115234375 0.18408203125 0.30859375 0.1904296875 0.302734375 0.197265625 0.2998046875 0.197265625 0.2919921875 0.1953125 0.2822265625 0.1923828125 0.2763671875 0.18994140625 0.2685546875 0.1923828125 0.2607421875 0.1962890625 0.255859375 0.19580078125 0.24609375 0.1943359375 0.2373046875 0.19580078125 0.21484375 0.205078125 0.201171875 0.2138671875 0.1904296875 0.359375 0.193359375 0.375 0.2158203125 0.38623046875 0.2685546875 0.3935546875 0.3154296875 0.39404296875 0.326171875 0.39599609375 0.34765625 0.39404296875 0.359375 0.39306640625 0.369140625 0.38818359375 0.375 0.38818359375 0.37890625 0.38427734375 0.37890625 0.38232421875 0.388671875 0.3818359375 0.3896484375 0.37841796875 0.392578125 0.380859375 0.4013671875 0.380859375 0.408203125 0.3818359375 0.4150390625 0.38134765625 0.421875 0.37548828125 0.4296875 0.37109375 0.4453125 0.369140625 0.44921875 0.26806640625 0.462890625 0.25146484375 0.4453125
5 0.38623046875 0.416015625 0.39697265625 0.416015625 0.39892578125 0.447265625 0.3818359375 0.447265625 0.3818359375 0.4384765625 0.3818359375 0.4296875 0.3837890625 0.4228515625 0.38525390625 0.4189453125
5 0.34619140625 0.4208984375 0.35791015625 0.4189453125 0.3623046875 0.419921875 0.3642578125 0.4296875 0.36767578125 0.435546875 0.3681640625 0.447265625 0.3486328125 0.4501953125
5 0.32666015625 0.4482421875 0.32568359375 0.439453125 0.3271484375 0.435546875 0.32666015625 0.4296875 0.32861328125 0.4306640625 0.33154296875 0.4248046875 0.3349609375 0.4208984375 0.34130859375 0.419921875 0.349609375 0.4208984375 0.3525390625 0.42578125 0.3544921875 0.435546875 0.35546875 0.447265625
5 0.28564453125 0.455078125 0.28564453125 0.4365234375 0.287109375 0.43359375 0.28662109375 0.4306640625 0.28662109375 0.4287109375 0.28759765625 0.4287109375 0.28955078125 0.4287109375 0.2919921875 0.4228515625 0.2958984375 0.4189453125 0.306640625 0.4189453125 0.31494140625 0.419921875 0.31884765625 0.4287109375 0.3212890625 0.439453125 0.32275390625 0.455078125 0.3115234375 0.4599609375 0.28857421875 0.4619140625
4 0.28125 0.453125 0.28076171875 0.4140625 0.2822265625 0.3505859375 0.27490234375 0.3505859375 0.2607421875 0.3427734375 0.2529296875 0.3408203125 0.23828125 0.34375 0.234375 0.34375 0.2216796875 0.3291015625 0.21630859375 0.322265625 0.20947265625 0.30859375 0.2109375 0.2890625 0.20849609375 0.2822265625 0.20703125 0.271484375 0.20703125 0.255859375 0.2041015625 0.2412109375 0.2021484375 0.2373046875 0.19921875 0.2373046875 0.1953125 0.23828125 0.19482421875 0.228515625 0.1953125 0.21875 0.1982421875 0.2119140625 0.20166015625 0.208984375 0.2021484375 0.2060546875 0.2021484375 0.2021484375 0.20166015625 0.1982421875 0.203125 0.193359375 0.2001953125 0.193359375 0.19775390625 0.1923828125 0.1953125 0.1875 0.1962890625 0.1767578125 0.20166015625 0.169921875 0.20361328125 0.166015625 0.20166015625 0.158203125 0.20166015625 0.150390625 0.20556640625 0.1494140625 0.20947265625 0.1552734375 0.2109375 0.1552734375 0.2109375 0.150390625 0.2099609375 0.142578125 0.2099609375 0.1328125 0.21337890625 0.126953125 0.21337890625 0.119140625 0.21337890625 0.11328125 0.2109375 0.1064453125 0.21044921875 0.099609375 0.20947265625 0.09375 0.21044921875 0.0888671875 0.21337890625 0.0810546875 0.20947265625 0.078125 0.20556640625 0.0751953125 0.203125 0.0703125 0.20263671875 0.0625 0.2041015625 0.052734375 0.205078125 0.044921875 0.2080078125 0.0380859375 0.20654296875 0.033203125 0.20849609375 0.0234375 0.2119140625 0.01953125 0.2177734375 0.013671875 0.21875 0.0048828125 0.220703125 0.001953125 0.3359375 0.001953125 0.3359375 0.0048828125 0.33544921875 0.0107421875 0.33349609375 0.0185546875 0.33154296875 0.0244140625 0.33154296875 0.0263671875 0.33544921875 0.02734375 0.33935546875 0.03125 0.34375 0.0283203125 0.3466796875 0.0322265625 0.3466796875 0.037109375 0.3515625 0.037109375 0.35302734375 0.0380859375 0.3544921875 0.0458984375 0.35595703125 0.0517578125 0.35107421875 0.064453125 0.3515625 0.0703125 0.35400390625 0.0693359375 0.3525390625 0.080078125 0.3466796875 0.083984375 0.3466796875 0.08984375 0.34716796875 0.09765625 0.345703125 0.1044921875 0.3466796875 0.1083984375 0.3515625 0.109375 0.35791015625 0.1142578125 0.365234375 0.115234375 0.3681640625 0.1201171875 0.36669921875 0.130859375 0.36181640625 0.140625 0.3603515625 0.146484375 0.36279296875 0.146484375 0.3662109375 0.150390625 0.3642578125 0.1650390625 0.36376953125 0.1708984375 0.3720703125 0.1865234375 0.3701171875 0.2939453125 0.36083984375 0.3154296875 0.341796875 0.333984375 0.3388671875 0.3388671875 0.34521484375 0.345703125 0.34375 0.35546875 0.33349609375 0.3642578125 0.32470703125 0.3642578125 0.31494140625 0.365234375 0.30908203125 0.3623046875 0.30419921875 0.3564453125 0.30126953125 0.353515625 0.29931640625 0.345703125 0.29345703125 0.3486328125 0.28857421875 0.33984375 0.28857421875 0.37109375 0.287109375 0.431640625 0.28759765625 0.4580078125
4 0.37548828125 0.1357421875 0.37939453125 0.138671875 0.38134765625 0.1474609375 0.38134765625 0.140625 0.38525390625 0.1357421875 0.39404296875 0.1337890625 0.3974609375 0.1328125 0.4013671875 0.1318359375 0.40478515625 0.1337890625 0.40283203125 0.1201171875 0.40185546875 0.1025390625 0.4033203125 0.09765625 0.40673828125 0.103515625 0.41064453125 0.1064453125 0.41259765625 0.107421875 0.4111328125 0.1240234375 0.41259765625 0.13671875 0.41748046875 0.1396484375 0.4208984375 0.1494140625 0.42724609375 0.154296875 0.42919921875 0.1591796875 0.42822265625 0.171875 0.431640625 0.1806640625 0.4306640625 0.1923828125 0.42919921875 0.2041015625 0.43115234375 0.208984375 0.42919921875 0.2119140625 0.427734375 0.2236328125 0.43212890625 0.236328125 0.43603515625 0.2392578125 0.4423828125 0.2470703125 0.443359375 0.251953125 0.44287109375 0.2578125 0.43896484375 0.2587890625 0.43994140625 0.26171875 0.44140625 0.265625 0.43994140625 0.271484375 0.43701171875 0.26953125 0.43408203125 0.2685546875 0.43408203125 0.2734375 0.43505859375 0.275390625 0.4326171875 0.28125 0.4296875 0.287109375 0.431640625 0.294921875 0.43017578125 0.30078125 0.42333984375 0.30859375 0.41455078125 0.318359375 0.40771484375 0.3193359375 0.40380859375 0.328125 0.4013671875 0.345703125 0.39990234375 0.3759765625 0.39990234375 0.4443359375 0.39697265625 0.4462890625 0.396484375 0.4228515625 0.396484375 0.3759765625 0.396484375 0.328125 0.39208984375 0.328125 0.38671875 0.3330078125 0.37841796875 0.326171875 0.3671875 0.3046875 0.36279296875 0.30078125 0.35546875 0.2939453125 0.353515625 0.2841796875 0.3525390625 0.2734375 0.35546875 0.255859375 0.361328125 0.24609375 0.35498046875 0.23828125 0.35498046875 0.2265625 0.3583984375 0.2216796875 0.3623046875 0.21484375 0.3623046875 0.1982421875 0.365234375 0.185546875 0.365234375 0.171875 0.365234375 0.166015625 0.37060546875 0.162109375 0.37255859375 0.1640625 0.3759765625 0.1591796875 0.37890625 0.1591796875 0.37841796875 0.1552734375 0.37744140625 0.15234375 0.375 0.15234375 0.37353515625 0.1484375 0.3740234375 0.1435546875 0.3740234375 0.138671875
1 0.123046875 0.4765625 0.2470703125 0.4560546875 0.24267578125 0.4677734375 0.2138671875 0.48046875 0.13427734375 0.4931640625 0.0107421875 0.5244140625 0.0 0.5263671875 0.0 0.4775390625 0.03857421875 0.4775390625 0.08984375 0.4716796875
4 0.00537109375 0.3720703125 0.01708984375 0.373046875 0.0263671875 0.373046875 0.02978515625 0.3740234375 0.03515625 0.3740234375 0.0380859375 0.3740234375 0.0419921875 0.375 0.044921875 0.3740234375 0.0478515625 0.373046875 0.05078125 0.37890625 0.05224609375 0.3896484375 0.0537109375 0.3935546875 0.05419921875 0.373046875 0.0595703125 0.373046875 0.0634765625 0.375 0.068359375 0.3740234375 0.07080078125 0.3740234375 0.078125 0.373046875 0.08154296875 0.3759765625 0.091796875 0.3837890625 0.095703125 0.3828125 0.10546875 0.3818359375 0.111328125 0.380859375 0.11669921875 0.380859375 0.11865234375 0.4228515625 0.01171875 0.4951171875 0.0 0.4970703125 0.0 0.3701171875 0.00244140625 0.3720703125 0.00244140625 0.373046875
5 0.25048828125 0.421875 0.2646484375 0.4208984375 0.27197265625 0.4248046875 0.27734375 0.435546875 0.27978515625 0.4619140625 0.2548828125 0.4697265625 0.24560546875 0.46875 0.2431640625 0.474609375 0.23974609375 0.4716796875 0.23876953125 0.453125 0.24072265625 0.44140625 0.2392578125 0.4384765625 0.2412109375 0.4345703125 0.24609375 0.435546875 0.24755859375 0.4287109375
5 0.16943359375 0.443359375 0.17138671875 0.435546875 0.1767578125 0.4296875 0.1826171875 0.4267578125 0.20068359375 0.42578125 0.20849609375 0.4296875 0.21630859375 0.4462890625 0.2177734375 0.4697265625 0.21533203125 0.4794921875 0.16259765625 0.4921875 0.1591796875 0.4794921875 0.1591796875 0.4619140625 0.162109375 0.4521484375 0.1669921875 0.4462890625
5 0.03857421875 0.44140625 0.0439453125 0.4296875 0.0517578125 0.4189453125 0.06591796875 0.412109375 0.07568359375 0.4140625 0.09423828125 0.4169921875 0.09912109375 0.412109375 0.1142578125 0.412109375 0.12109375 0.419921875 0.1279296875 0.4296875 0.130859375 0.4384765625 0.1357421875 0.4541015625 0.138671875 0.46875 0.13818359375 0.4873046875 0.13525390625 0.50390625 0.1298828125 0.521484375 0.11572265625 0.517578125 0.11328125 0.5126953125 0.09033203125 0.51953125 0.0830078125 0.5322265625 0.078125 0.53125 0.07763671875 0.5224609375 0.07421875 0.5244140625 0.07080078125 0.53125 0.064453125 0.5302734375 0.06298828125 0.5234375 0.0458984375 0.529296875 0.02978515625 0.5283203125 0.02734375 0.5341796875 0.025390625 0.541015625 0.01953125 0.544921875 0.01318359375 0.5400390625 0.0087890625 0.51953125 0.0068359375 0.4990234375 0.00732421875 0.4814453125 0.02392578125 0.462890625 0.0263671875 0.4541015625 0.0341796875 0.451171875
1 0.0556640625 0.603515625 0.09716796875 0.5869140625 0.2119140625 0.583984375 0.15869140625 0.6123046875 0.1005859375 0.642578125
4 0.57275390625 0.419921875 0.560546875 0.4140625 0.55859375 0.3984375 0.556640625 0.3828125 0.54931640625 0.3828125 0.54638671875 0.376953125 0.54248046875 0.36328125 0.53076171875 0.359375 0.5234375 0.3583984375 0.517578125 0.3515625 0.5068359375 0.3505859375 0.4912109375 0.3447265625 0.48583984375 0.3447265625 0.474609375 0.3291015625 0.4716796875 0.3251953125 0.46826171875 0.3212890625 0.4658203125 0.310546875 0.466796875 0.302734375 0.4697265625 0.29296875 0.47119140625 0.2783203125 0.4716796875 0.271484375 0.4716796875 0.259765625 0.47705078125 0.2578125 0.47705078125 0.25 0.47509765625 0.248046875 0.47314453125 0.248046875 0.46923828125 0.248046875 0.46923828125 0.2431640625 0.46923828125 0.234375 0.466796875 0.232421875 0.4638671875 0.2216796875 0.46484375 0.2197265625 0.4638671875 0.21484375 0.46240234375 0.2119140625 0.462890625 0.205078125 0.4677734375 0.197265625 0.462890625 0.1953125 0.46142578125 0.1875 0.462890625 0.185546875 0.458984375 0.181640625 0.45458984375 0.1767578125 0.45263671875 0.1796875 0.4482421875 0.1796875 0.45068359375 0.1708984375 0.45458984375 0.1630859375 0.455078125 0.1533203125 0.455078125 0.1474609375 0.45947265625 0.1396484375 0.46240234375 0.126953125 0.462890625 0.1181640625 0.46435546875 0.11328125 0.46728515625 0.109375 0.466796875 0.1005859375 0.466796875 0.09375 0.47021484375 0.0908203125 0.47412109375 0.0927734375 0.4765625 0.0908203125 0.47802734375 0.0927734375 0.47998046875 0.0947265625 0.47998046875 0.0859375 0.47998046875 0.0703125 0.4833984375 0.0615234375 0.4833984375 0.0517578125 0.48779296875 0.041015625 0.4892578125 0.033203125 0.484375 0.033203125 0.48388671875 0.0244140625 0.48828125 0.0224609375 0.49462890625 0.01953125 0.4931640625 0.0146484375 0.486328125 0.0126953125 0.482421875 0.009765625 0.47900390625 0.001953125 0.70166015625 0.001953125 0.70166015625 0.0087890625 0.70361328125 0.0126953125 0.705078125 0.0146484375 0.705078125 0.021484375 0.70703125 0.033203125 0.70166015625 0.0390625 0.70068359375 0.041015625 0.70068359375 0.048828125 0.703125 0.048828125 0.70361328125 0.0517578125 0.70068359375 0.0625 0.7041015625 0.0625 0.705078125 0.064453125 0.70556640625 0.0673828125 0.70947265625 0.060546875 0.712890625 0.0595703125 0.71533203125 0.0615234375 0.71875 0.064453125 0.72412109375 0.0654296875 0.7265625 0.06640625 0.73046875 0.0654296875 0.7314453125 0.0732421875 0.73046875 0.0849609375 0.7333984375 0.08984375 0.73388671875 0.1005859375 0.72705078125 0.1123046875 0.7197265625 0.1181640625 0.7236328125 0.123046875 0.724609375 0.12890625 0.7275390625 0.1337890625 0.73046875 0.1337890625 0.7314453125 0.1416015625 0.7275390625 0.1513671875 0.7275390625 0.1552734375 0.728515625 0.1611328125 0.7255859375 0.1650390625 0.72314453125 0.1806640625 0.71728515625 0.189453125 0.7109375 0.1962890625 0.71044921875 0.2001953125 0.7080078125 0.20703125 0.7041015625 0.2177734375 0.69970703125 0.22265625 0.69384765625 0.234375 0.69921875 0.234375 0.70263671875 0.2392578125 0.705078125 0.25 0.7109375 0.2578125 0.7158203125 0.2626953125 0.7158203125 0.2724609375 0.72216796875 0.267578125 0.7265625 0.267578125 0.7275390625 0.26171875 0.72900390625 0.248046875 0.7333984375 0.24609375 0.74072265625 0.2412109375 0.74560546875 0.2314453125 0.74658203125 0.2197265625 0.75244140625 0.203125 0.76171875 0.2021484375 0.767578125 0.1943359375 0.77685546875 0.193359375 0.783203125 0.197265625 0.787109375 0.2158203125 0.7900390625 0.2255859375 0.79541015625 0.224609375 0.80029296875 0.2216796875 0.80908203125 0.2109375 0.8271484375 0.189453125 0.8408203125 0.193359375 0.86181640625 0.330078125 0.80029296875 0.435546875 0.73388671875 0.4443359375 0.66357421875 0.4453125 0.6171875 0.4326171875
1 0.6201171875 0.4296875 0.73095703125 0.4541015625 0.83837890625 0.4677734375 0.9267578125 0.478515625 0.9169921875 0.66015625 0.84716796875 0.6689453125 0.7509765625 0.5927734375 0.72705078125 0.572265625 0.7236328125 0.556640625 0.81396484375 0.533203125 0.7353515625 0.5048828125 0.626953125 0.4609375
5 0.591796875 0.4033203125 0.60791015625 0.4013671875 0.61865234375 0.4013671875 0.62451171875 0.4189453125 0.626953125 0.439453125 0.62744140625 0.4599609375 0.62646484375 0.46484375 0.62158203125 0.46484375 0.619140625 0.4599609375 0.5966796875 0.4619140625 0.59228515625 0.4638671875 0.59130859375 0.4677734375 0.58837890625 0.46875 0.58642578125 0.46484375 0.5849609375 0.4453125 0.58642578125 0.427734375
5 0.67236328125 0.392578125 0.6953125 0.388671875 0.71484375 0.38671875 0.720703125 0.3916015625 0.72998046875 0.419921875 0.734375 0.4501953125 0.736328125 0.478515625 0.73681640625 0.5048828125 0.73486328125 0.517578125 0.728515625 0.5166015625 0.72607421875 0.5087890625 0.7236328125 0.5009765625 0.71923828125 0.5 0.7177734375 0.509765625 0.71142578125 0.509765625 0.7041015625 0.5068359375 0.70068359375 0.501953125 0.67919921875 0.501953125 0.67431640625 0.5068359375 0.67333984375 0.5146484375 0.67236328125 0.5234375 0.6650390625 0.521484375 0.662109375 0.5146484375 0.66259765625 0.5029296875 0.66015625 0.5029296875 0.65966796875 0.513671875 0.65478515625 0.5126953125 0.65234375 0.5087890625 0.65087890625 0.486328125 0.650390625 0.46484375 0.65234375 0.4443359375 0.65478515625 0.4384765625 0.646484375 0.4365234375 0.64599609375 0.427734375 0.64892578125 0.423828125 0.65771484375 0.423828125 0.6591796875 0.4130859375 0.6640625 0.3984375
4 0.734375 0.0263671875 0.73681640625 0.0205078125 0.73681640625 0.0146484375 0.74169921875 0.0009765625 0.99951171875 0.0009765625 0.9990234375 0.3916015625 0.90869140625 0.49609375 0.85546875 0.490234375 0.80712890625 0.484375 0.8037109375 0.4765625 0.79736328125 0.4755859375 0.79541015625 0.4697265625 0.79443359375 0.462890625 0.79150390625 0.4580078125 0.7900390625 0.4482421875 0.79150390625 0.4384765625 0.79638671875 0.4228515625 0.79638671875 0.412109375 0.79541015625 0.396484375 0.79931640625 0.3828125 0.79736328125 0.37890625 0.798828125 0.3671875 0.80419921875 0.3525390625 0.81689453125 0.3388671875 0.8212890625 0.3330078125 0.8232421875 0.322265625 0.8232421875 0.3076171875 0.83056640625 0.2998046875 0.83056640625 0.291015625 0.826171875 0.2822265625 0.82275390625 0.2763671875 0.826171875 0.2666015625 0.8310546875 0.2548828125 0.83056640625 0.2431640625 0.826171875 0.2314453125 0.82421875 0.2060546875 0.8251953125 0.1923828125 0.81982421875 0.1650390625 0.81494140625 0.1708984375 0.81005859375 0.1728515625 0.8056640625 0.1708984375 0.80029296875 0.16796875 0.7998046875 0.1552734375 0.7998046875 0.146484375 0.79833984375 0.13671875 0.7998046875 0.123046875 0.796875 0.12109375 0.79296875 0.126953125 0.7900390625 0.119140625 0.78759765625 0.11328125 0.78369140625 0.1064453125 0.78076171875 0.1220703125 0.77197265625 0.1259765625 0.7666015625 0.1279296875 0.76171875 0.142578125 0.751953125 0.142578125 0.7509765625 0.126953125 0.748046875 0.10546875 0.7431640625 0.09375 0.736328125 0.0966796875 0.73388671875 0.0849609375 0.73681640625 0.0732421875 0.744140625 0.056640625 0.74267578125 0.0517578125 0.73828125 0.0595703125 0.73388671875 0.056640625 0.72802734375 0.05859375 0.72509765625 0.05859375 0.72412109375 0.0537109375 0.72705078125 0.044921875 0.7333984375 0.0380859375 0.7333984375 0.0341796875 0.7333984375 0.03125
5 0.9755859375 0.380859375 0.9912109375 0.3603515625 0.99951171875 0.3505859375 0.99853515625 0.7041015625 0.94873046875 0.681640625 0.9482421875 0.69921875 0.94189453125 0.716796875 0.9267578125 0.72265625 0.9130859375 0.716796875 0.90576171875 0.693359375 0.8994140625 0.6572265625 0.8984375 0.642578125 0.89404296875 0.619140625 0.88916015625 0.5927734375 0.890625 0.548828125 0.8955078125 0.5205078125 0.90625 0.498046875 0.9208984375 0.48046875 0.9208984375 0.46875 0.92431640625 0.4501953125 0.94140625 0.44921875 0.94970703125 0.431640625 0.96533203125 0.400390625
5 0.486328125 0.408203125 0.49169921875 0.408203125 0.4970703125 0.4091796875 0.4990234375 0.4140625 0.50048828125 0.419921875 0.50048828125 0.4228515625 0.50048828125 0.4306640625 0.5 0.4375 0.49853515625 0.4384765625 0.49755859375 0.4345703125 0.48681640625 0.4345703125 0.486328125 0.4375 0.484375 0.4384765625 0.4833984375 0.4326171875 0.48388671875 0.4189453125 0.48486328125 0.4130859375
