0 0.0009765625 0.998046875 0.4931640625 0.5146484375 0.68994140625 0.4765625 0.79248046875 0.5009765625 0.8916015625 0.5517578125 0.99951171875 0.5703125 0.99951171875 0.9990234375
1 0.560546875 0.5146484375 0.67578125 0.5029296875 0.66552734375 0.5234375 0.6279296875 0.5322265625 0.60302734375 0.53515625 0.57763671875 0.5439453125 0.572265625 0.546875 0.58154296875 0.5546875 0.58251953125 0.5615234375 0.5654296875 0.5634765625 0.53955078125 0.5771484375 0.515625 0.5810546875 0.47412109375 0.6025390625 0.43017578125 0.638671875 0.40087890625 0.6640625 0.36572265625 0.7109375 0.31884765625 0.779296875 0.24755859375 0.888671875 0.1865234375 1.0 0.0 1.0 0.0009765625 0.658203125 0.34619140625 0.533203125 0.46826171875 0.5205078125
2 0.0 0.001953125 0.7421875 0.001953125 0.74072265625 0.013671875 0.7568359375 0.0146484375 0.76318359375 0.1748046875 0.75244140625 0.47265625 0.66552734375 0.5068359375 0.6396484375 0.5146484375 0.6318359375 0.5146484375 0.61572265625 0.51953125 0.59716796875 0.521484375 0.56298828125 0.52734375 0.54150390625 0.53125 0.5244140625 0.533203125 0.5166015625 0.5380859375 0.51171875 0.5390625 0.4951171875 0.5419921875 0.48193359375 0.5556640625 0.46875 0.5595703125 0.4208984375 0.55078125 0.3984375 0.5537109375 0.3828125 0.5556640625 0.37353515625 0.5595703125 0.373046875 0.568359375 0.361328125 0.5751953125 0.349609375 0.5712890625 0.32568359375 0.5869140625 0.32470703125 0.6005859375 0.30419921875 0.611328125 0.28759765625 0.6083984375 0.23681640625 0.6474609375 0.20849609375 0.6630859375 0.15380859375 0.69140625 0.1337890625 0.703125 0.08984375 0.697265625 0.0009765625 0.6884765625
4 0.7412109375 0.4482421875 0.74169921875 0.4306640625 0.74169921875 0.419921875 0.744140625 0.40625 0.74658203125 0.39453125 0.74658203125 0.3857421875 0.75244140625 0.3740234375 0.75830078125 0.396484375 0.75390625 0.4599609375
1 0.78076171875 0.5693359375 0.99755859375 0.591796875 0.9921875 0.6435546875 0.955078125 0.64453125 0.91845703125 0.642578125 0.88525390625 0.6455078125 0.85595703125 0.638671875 0.7724609375 0.61328125 0.74609375 0.60546875 0.72265625 0.587890625 0.71826171875 0.5791015625
2 0.75048828125 0.466796875 0.75244140625 0.3740234375 0.75732421875 0.224609375 0.759765625 0.181640625 0.75537109375 0.1748046875 0.75 0.1611328125 0.75439453125 0.0009765625 0.99951171875 0.0009765625 0.9990234375 0.611328125 0.9453125 0.607421875 0.9296875 0.6064453125 0.8818359375 0.603515625 0.8662109375 0.5986328125 0.8115234375 0.5849609375 0.77880859375 0.5830078125
4 0.8017578125 0.56640625 0.79345703125 0.5595703125 0.79296875 0.546875 0.802734375 0.5341796875 0.8076171875 0.533203125 0.8134765625 0.533203125 0.8134765625 0.56640625
4 0.80712890625 0.5166015625 0.80810546875 0.5048828125 0.80810546875 0.4970703125 0.80908203125 0.494140625 0.8125 0.49609375 0.81396484375 0.4951171875 0.81689453125 0.48828125 0.8203125 0.4873046875 0.83056640625 0.486328125 0.83203125 0.4853515625 0.8388671875 0.478515625 0.84326171875 0.4765625 0.84619140625 0.4755859375 0.8466796875 0.4814453125 0.8515625 0.482421875 0.85595703125 0.48046875 0.85986328125 0.4765625 0.86376953125 0.4765625 0.8701171875 0.48046875 0.87353515625 0.4853515625 0.87451171875 0.494140625 0.8759765625 0.5009765625 0.87890625 0.5068359375 0.8798828125 0.521484375 0.86865234375 0.5185546875 0.80908203125 0.5205078125
1 0.91162109375 0.849609375 0.97216796875 0.84765625 0.99951171875 0.8623046875 0.99951171875 1.0 0.912109375 1.0 0.88916015625 0.9560546875 0.849609375 0.890625 0.845703125 0.8828125 0.849609375 0.8623046875
2 0.9833984375 0.0009765625 0.97900390625 0.1884765625 0.9697265625 0.498046875 0.96728515625 0.5703125 0.966796875 0.689453125 0.96533203125 0.7333984375 0.9619140625 0.734375 0.9599609375 0.767578125 0.966796875 0.7734375 0.96337890625 0.8076171875 0.96337890625 0.8251953125 0.96337890625 0.8349609375 0.9619140625 0.85546875 0.9873046875 0.857421875 0.99951171875 0.873046875 0.99951171875 0.0029296875
4 0.4501953125 0.4892578125 0.44580078125 0.4814453125 0.44482421875 0.4716796875 0.44873046875 0.45703125 0.45849609375 0.439453125 0.4638671875 0.439453125 0.47314453125 0.4375 0.4814453125 0.431640625 0.48486328125 0.431640625 0.49267578125 0.4287109375 0.49658203125 0.427734375 0.50146484375 0.4404296875 0.50537109375 0.4482421875 0.5126953125 0.4501953125 0.51806640625 0.4462890625 0.52099609375 0.4482421875 0.52880859375 0.4599609375 0.5341796875 0.4599609375 0.53759765625 0.4658203125 0.53857421875 0.478515625 0.53759765625 0.4990234375 0.529296875 0.501953125 0.49462890625 0.486328125 0.48876953125 0.486328125 0.4833984375 0.4931640625 0.47607421875 0.4970703125 0.4697265625 0.4951171875 0.46044921875 0.4931640625
4 0.46484375 0.5517578125 0.46484375 0.5205078125 0.46728515625 0.455078125 0.470703125 0.400390625 0.4716796875 0.3896484375 0.4677734375 0.38671875 0.46484375 0.3916015625 0.46484375 0.40234375 0.46044921875 0.4072265625 0.4560546875 0.4072265625 0.4521484375 0.40625 0.44921875 0.4013671875 0.44580078125 0.3984375 0.44482421875 0.3916015625 0.4443359375 0.3916015625 0.44091796875 0.392578125 0.4384765625 0.4013671875 0.4365234375 0.4072265625 0.43115234375 0.4033203125 0.42919921875 0.40234375 0.42626953125 0.3896484375 0.4287109375 0.3779296875 0.43603515625 0.3681640625 0.44091796875 0.36328125 0.42529296875 0.2978515625 0.4267578125 0.28515625 0.4267578125 0.267578125 0.42626953125 0.2568359375 0.4306640625 0.24609375 0.43798828125 0.2333984375 0.4384765625 0.22265625 0.43896484375 0.21484375 0.4462890625 0.2099609375 0.45166015625 0.205078125 0.4482421875 0.19921875 0.4482421875 0.193359375 0.4541015625 0.1923828125 0.45556640625 0.1875 0.4541015625 0.1826171875 0.45703125 0.17578125 0.45849609375 0.169921875 0.45458984375 0.162109375 0.45068359375 0.1650390625 0.447265625 0.1572265625 0.44873046875 0.15234375 0.4599609375 0.142578125 0.46484375 0.1337890625 0.46630859375 0.1318359375 0.4697265625 0.1357421875 0.4736328125 0.126953125 0.4765625 0.123046875 0.48193359375 0.1201171875 0.48828125 0.123046875 0.49560546875 0.1240234375 0.5 0.1240234375 0.5009765625 0.138671875 0.5009765625 0.1552734375 0.49609375 0.16015625 0.49169921875 0.1787109375 0.49853515625 0.1689453125 0.4990234375 0.171875 0.5029296875 0.1796875 0.5078125 0.18359375 0.515625 0.1884765625 0.521484375 0.189453125 0.5234375 0.1943359375 0.5234375 0.20703125 0.51904296875 0.2158203125 0.51416015625 0.2138671875 0.51904296875 0.224609375 0.52001953125 0.2314453125 0.51513671875 0.2373046875 0.5107421875 0.2373046875 0.51416015625 0.2490234375 0.51416015625 0.2568359375 0.5185546875 0.2607421875 0.52099609375 0.2685546875 0.521484375 0.2783203125 0.52587890625 0.2783203125 0.53076171875 0.2802734375 0.52978515625 0.2880859375 0.5244140625 0.2880859375 0.52783203125 0.296875 0.5302734375 0.3046875 0.5322265625 0.310546875 0.52880859375 0.31640625 0.5234375 0.3154296875 0.5205078125 0.30859375 0.517578125 0.3173828125 0.5146484375 0.3271484375 0.5146484375 0.3359375 0.51123046875 0.34375 0.51708984375 0.353515625 0.5234375 0.359375 0.52685546875 0.36328125 0.5283203125 0.369140625 0.525390625 0.37109375 0.5166015625 0.37109375 0.5166015625 0.3740234375 0.51220703125 0.37890625 0.51318359375 0.3828125 0.51318359375 0.396484375 0.509765625 0.40234375 0.5048828125 0.3935546875 0.4990234375 0.3916015625 0.49560546875 0.3955078125 0.49365234375 0.4013671875 0.48828125 0.39453125 0.478515625 0.3876953125 0.47509765625 0.3916015625 0.47412109375 0.4287109375 0.4765625 0.4326171875 0.4697265625 0.544921875
5 0.685546875 0.4462890625 0.6962890625 0.4404296875 0.7294921875 0.4443359375 0.75537109375 0.4482421875 0.76416015625 0.4521484375 0.771484375 0.4677734375 0.77734375 0.4970703125 0.78515625 0.501953125 0.7890625 0.5166015625 0.7890625 0.5380859375 0.78662109375 0.55078125 0.7890625 0.552734375 0.7900390625 0.5556640625 0.78515625 0.568359375 0.77880859375 0.5849609375 0.7783203125 0.5986328125 0.7763671875 0.6083984375 0.76953125 0.61328125 0.763671875 0.609375 0.7626953125 0.591796875 0.74853515625 0.58984375 0.74853515625 0.5986328125 0.74609375 0.6064453125 0.73876953125 0.6025390625 0.73828125 0.5986328125 0.7373046875 0.5859375 0.712890625 0.5830078125 0.69677734375 0.583984375 0.69189453125 0.5869140625 0.69091796875 0.5986328125 0.689453125 0.6015625 0.6796875 0.5986328125 0.677734375 0.58984375 0.677734375 0.576171875 0.6767578125 0.5751953125 0.67529296875 0.5791015625 0.67236328125 0.5810546875 0.67138671875 0.5908203125 0.6669921875 0.5908203125 0.66162109375 0.5888671875 0.66162109375 0.5732421875 0.66259765625 0.552734375 0.65966796875 0.5419921875 0.66162109375 0.5380859375 0.662109375 0.5234375 0.666015625 0.5048828125 0.67236328125 0.4970703125 0.6640625 0.490234375 0.6640625 0.4814453125 0.669921875 0.4794921875 0.673828125 0.4833984375 0.6796875 0.4658203125 0.68310546875 0.4501953125
