2 0.46728515625 0.0009765625 0.5771484375 0.0009765625 0.58837890625 0.01953125 0.58984375 0.037109375 0.59326171875 0.060546875 0.5927734375 0.0791015625 0.60205078125 0.0771484375 0.61279296875 0.0517578125 0.62890625 0.0595703125 0.646484375 0.064453125 0.63037109375 0.4482421875 0.4931640625 0.4482421875
4 0.60693359375 0.4296875 0.60986328125 0.4267578125 0.61376953125 0.4326171875 0.61669921875 0.4404296875 0.615234375 0.458984375 0.60595703125 0.447265625 0.60546875 0.439453125
4 0.60986328125 0.0185546875 0.615234375 0.01171875 0.61181640625 0.0048828125 0.609375 0.0009765625 0.64208984375 0.001953125 0.63916015625 0.0439453125 0.634765625 0.046875 0.6298828125 0.0478515625 0.626953125 0.041015625 0.6201171875 0.0400390625 0.61669921875 0.0400390625 0.61474609375 0.0322265625 0.611328125 0.0283203125
0 0.0 0.6455078125 0.49560546875 0.4482421875 0.62451171875 0.451171875 0.99951171875 0.748046875 0.99951171875 1.0 0.0 0.9990234375
1 0.0810546875 0.63671875 0.494140625 0.4453125 0.53125 0.4462890625 0.52197265625 0.4765625 0.42236328125 0.626953125 0.1845703125 1.0 0.0 0.9990234375 0.0009765625 0.677734375
1 0.623046875 0.4501953125 0.69189453125 0.5166015625 0.85498046875 0.5166015625 0.99951171875 0.5859375 0.99853515625 0.8359375 0.58740234375 0.4638671875 0.58447265625 0.4501953125
2 0.62646484375 0.46875 0.62646484375 0.248046875 0.62109375 0.2421875 0.6181640625 0.2333984375 0.64208984375 0.1435546875 0.64111328125 0.095703125 0.6435546875 0.0908203125 0.64599609375 0.0908203125 0.6435546875 0.0625 0.64111328125 0.056640625 0.6396484375 0.0654296875 0.634765625 0.001953125 0.85986328125 0.0009765625 0.853515625 0.5322265625 0.8310546875 0.525390625 0.7666015625 0.5224609375 0.68408203125 0.5234375 0.66064453125 0.505859375 0.63037109375 0.48046875
4 0.48828125 0.033203125 0.4931640625 0.02734375 0.4990234375 0.02734375 0.50244140625 0.01953125 0.509765625 0.0146484375 0.5185546875 0.015625 0.52734375 0.01171875 0.54150390625 0.017578125 0.55322265625 0.0322265625 0.56005859375 0.033203125 0.56689453125 0.0322265625 0.57763671875 0.0302734375 0.583984375 0.03125 0.58544921875 0.0517578125 0.58935546875 0.0576171875 0.59912109375 0.0537109375 0.60302734375 0.0615234375 0.60986328125 0.0615234375 0.61328125 0.0703125 0.6171875 0.072265625 0.6171875 0.0849609375 0.61474609375 0.0986328125 0.619140625 0.111328125 0.62255859375 0.1044921875 0.62255859375 0.09765625 0.62353515625 0.0908203125 0.63232421875 0.080078125 0.63427734375 0.0751953125 0.642578125 0.068359375 0.6474609375 0.056640625 0.630859375 0.3349609375 0.6201171875 0.3408203125 0.60791015625 0.3359375 0.60205078125 0.3427734375 0.59814453125 0.349609375 0.591796875 0.3486328125 0.58447265625 0.3515625 0.5771484375 0.3525390625 0.5703125 0.361328125 0.5654296875 0.3701171875 0.56396484375 0.390625 0.56298828125 0.4521484375 0.55615234375 0.4521484375 0.55615234375 0.4091796875 0.5556640625 0.380859375 0.55029296875 0.3681640625 0.5439453125 0.3662109375 0.53515625 0.365234375 0.53173828125 0.3623046875 0.52978515625 0.365234375 0.52734375 0.375 0.52197265625 0.37890625 0.51708984375 0.37890625 0.50634765625 0.3779296875 0.50048828125 0.3720703125 0.49560546875 0.3623046875 0.4912109375 0.2041015625 0.4833984375 0.154296875
2 0.0009765625 0.0009765625 0.4921875 0.0029296875 0.49169921875 0.052734375 0.49755859375 0.080078125 0.4931640625 0.0986328125 0.48974609375 0.171875 0.49755859375 0.1826171875 0.505859375 0.236328125 0.49755859375 0.25 0.5 0.3837890625 0.5078125 0.3896484375 0.50830078125 0.3955078125 0.49755859375 0.3984375 0.49560546875 0.439453125 0.47998046875 0.4716796875 0.45947265625 0.4892578125 0.431640625 0.5029296875 0.41162109375 0.513671875 0.322265625 0.5478515625 0.28662109375 0.568359375 0.2431640625 0.5615234375 0.21728515625 0.5703125 0.2216796875 0.5869140625 0.2216796875 0.6015625 0.1796875 0.6103515625 0.07958984375 0.662109375 0.0009765625 0.7109375
4 0.64404296875 0.419921875 0.64892578125 0.4072265625 0.6494140625 0.3984375 0.6513671875 0.38671875 0.654296875 0.3798828125 0.65673828125 0.380859375 0.6591796875 0.3828125 0.66162109375 0.380859375 0.66259765625 0.3701171875 0.65869140625 0.349609375 0.6533203125 0.345703125 0.6494140625 0.3427734375 0.650390625 0.3349609375 0.6494140625 0.326171875 0.6484375 0.3134765625 0.6455078125 0.3095703125 0.6474609375 0.298828125 0.6494140625 0.291015625 0.64990234375 0.2841796875 0.65380859375 0.275390625 0.65625 0.2607421875 0.66162109375 0.2373046875 0.66162109375 0.2294921875 0.6533203125 0.224609375 0.65234375 0.220703125 0.65185546875 0.2109375 0.6552734375 0.19921875 0.6591796875 0.189453125 0.66259765625 0.17578125 0.6689453125 0.16796875 0.67138671875 0.171875 0.6728515625 0.181640625 0.67529296875 0.189453125 0.6796875 0.197265625 0.67822265625 0.2099609375 0.67822265625 0.2197265625 0.68212890625 0.2197265625 0.68505859375 0.2255859375 0.68310546875 0.2431640625 0.68408203125 0.2548828125 0.68408203125 0.2626953125 0.6845703125 0.26953125 0.68408203125 0.2802734375 0.68017578125 0.29296875 0.6767578125 0.3076171875 0.6767578125 0.3125 0.67431640625 0.32421875 0.671875 0.33203125 0.67333984375 0.3447265625 0.67822265625 0.3408203125 0.68603515625 0.3466796875 0.68603515625 0.3525390625 0.681640625 0.3525390625 0.67724609375 0.3486328125 0.67431640625 0.357421875 0.6748046875 0.384765625 0.6748046875 0.408203125 0.67333984375 0.4345703125 0.67333984375 0.4580078125 0.67529296875 0.466796875 0.6787109375 0.4677734375 0.68603515625 0.478515625 0.68603515625 0.4853515625 0.68212890625 0.4912109375 0.67626953125 0.4873046875 0.6689453125 0.486328125 0.6591796875 0.4892578125 0.65869140625 0.4931640625 0.6572265625 0.5126953125 0.650390625 0.5107421875 0.64453125 0.5107421875 0.6396484375 0.5029296875 0.6396484375 0.4892578125 0.6416015625 0.4775390625 0.646484375 0.4638671875 0.6474609375 0.45703125 0.64892578125 0.4501953125 0.6494140625 0.4404296875 0.64697265625 0.435546875 0.646484375 0.4267578125
4 0.7470703125 0.4794921875 0.7412109375 0.47265625 0.73828125 0.462890625 0.73828125 0.4423828125 0.74267578125 0.4267578125 0.74462890625 0.4228515625 0.74853515625 0.4169921875 0.75244140625 0.4111328125 0.75390625 0.4091796875 0.76123046875 0.4140625 0.765625 0.4150390625 0.76904296875 0.423828125 0.7724609375 0.423828125 0.7763671875 0.427734375 0.7763671875 0.4404296875 0.77734375 0.455078125 0.77587890625 0.470703125 0.771484375 0.4853515625 0.7529296875 0.4833984375 0.75048828125 0.4833984375
2 0.82666015625 0.033203125 0.82568359375 0.0009765625 0.99951171875 0.0009765625 0.9990234375 0.599609375 0.875 0.5595703125 0.86767578125 0.552734375 0.86181640625 0.5537109375 0.84765625 0.5478515625 0.84716796875 0.326171875 0.84228515625 0.3232421875 0.83642578125 0.310546875 0.82666015625 0.294921875 0.8271484375 0.1474609375 0.82666015625 0.103515625
