0 0.353515625 0.525390625 0.46484375 0.5029296875 0.6171875 0.4853515625 0.99951171875 0.7060546875 0.99951171875 0.9990234375 0.0009765625 0.998046875 0.0009765625 0.603515625
4 0.56689453125 0.375 0.56787109375 0.365234375 0.5693359375 0.3515625 0.572265625 0.3447265625 0.57666015625 0.3388671875 0.5830078125 0.3369140625 0.587890625 0.337890625 0.59521484375 0.34765625 0.59716796875 0.3681640625
4 0.4599609375 0.3095703125 0.46484375 0.2880859375 0.4697265625 0.2763671875 0.47412109375 0.271484375 0.47705078125 0.271484375 0.48388671875 0.2822265625 0.48828125 0.2919921875 0.48876953125 0.30859375 0.4931640625 0.31640625 0.49560546875 0.31640625 0.49951171875 0.3232421875 0.50341796875 0.3232421875 0.5068359375 0.326171875 0.5078125 0.341796875 0.5107421875 0.349609375 0.51318359375 0.337890625 0.5146484375 0.3349609375 0.52099609375 0.33203125 0.529296875 0.3369140625 0.53173828125 0.34765625 0.53173828125 0.357421875 0.53857421875 0.3642578125 0.541015625 0.3623046875 0.5439453125 0.361328125 0.5439453125 0.375 0.54833984375 0.3779296875 0.55029296875 0.388671875 0.517578125 0.400390625 0.4677734375 0.4013671875 0.45654296875 0.3515625 0.45654296875 0.322265625
2 0.50537109375 0.3818359375 0.55078125 0.3818359375 0.583984375 0.3525390625 0.59765625 0.3681640625 0.6015625 0.5029296875 0.56005859375 0.505859375 0.5068359375 0.5068359375
2 0.45556640625 0.3896484375 0.47412109375 0.388671875 0.49462890625 0.4248046875 0.4951171875 0.478515625 0.509765625 0.478515625 0.51318359375 0.4765625 0.51318359375 0.509765625 0.44091796875 0.5048828125 0.43994140625 0.419921875
1 0.53466796875 0.5107421875 0.60546875 0.5029296875 0.60546875 0.4990234375 0.544921875 0.5048828125 0.517578125 0.50390625 0.48876953125 0.505859375 0.44091796875 0.4990234375 0.40869140625 0.498046875 0.36865234375 0.5048828125 0.3037109375 0.51953125 0.259765625 0.52734375 0.1484375 0.5517578125 0.00048828125 0.5751953125 0.0009765625 0.6435546875 0.0830078125 0.619140625 0.21533203125 0.57421875 0.31787109375 0.5478515625 0.41259765625 0.5224609375 0.4453125 0.5166015625 0.4736328125 0.5126953125 0.5166015625 0.5126953125
4 0.48828125 0.3837890625 0.49365234375 0.3837890625 0.50244140625 0.3779296875 0.50537109375 0.376953125 0.51220703125 0.375 0.51416015625 0.3828125 0.51806640625 0.3916015625 0.51318359375 0.404296875 0.5126953125 0.4140625 0.51513671875 0.421875 0.51953125 0.419921875 0.52587890625 0.4189453125 0.52294921875 0.4296875 0.52197265625 0.4326171875 0.52685546875 0.4404296875 0.5283203125 0.4462890625 0.52587890625 0.4560546875 0.5205078125 0.4619140625 0.51171875 0.4619140625 0.509765625 0.470703125 0.509765625 0.48046875 0.49072265625 0.4814453125 0.48388671875 0.439453125 0.44091796875 0.4228515625 0.4384765625 0.361328125 0.44091796875 0.3447265625 0.44287109375 0.337890625 0.4462890625 0.33203125 0.45068359375 0.3349609375 0.45068359375 0.3212890625 0.45263671875 0.31640625 0.4580078125 0.3115234375 0.46142578125 0.318359375 0.4638671875 0.330078125 0.46435546875 0.33984375 0.46875 0.345703125 0.4736328125 0.353515625 0.474609375 0.35546875 0.47509765625 0.3642578125 0.47802734375 0.373046875 0.4755859375 0.3818359375 0.47802734375 0.3857421875 0.4814453125 0.3818359375 0.48486328125 0.3837890625 0.48779296875 0.3876953125
4 0.49365234375 0.4853515625 0.4990234375 0.490234375 0.5029296875 0.48828125 0.5078125 0.48828125 0.51416015625 0.4951171875 0.515625 0.5 0.51513671875 0.5087890625 0.5087890625 0.5126953125 0.50244140625 0.5107421875 0.4931640625 0.5087890625 0.490234375 0.501953125 0.490234375 0.490234375 0.4912109375 0.4873046875
5 0.45751953125 0.47265625 0.470703125 0.4736328125 0.474609375 0.486328125 0.4765625 0.494140625 0.47509765625 0.50390625 0.4736328125 0.5126953125 0.47021484375 0.513671875 0.46728515625 0.5146484375 0.455078125 0.4794921875 0.45263671875 0.4755859375
2 0.40673828125 0.2138671875 0.43017578125 0.2138671875 0.431640625 0.240234375 0.43603515625 0.240234375 0.43896484375 0.314453125 0.4423828125 0.3203125 0.4423828125 0.32421875 0.43701171875 0.3291015625 0.43701171875 0.3408203125 0.4423828125 0.359375 0.43994140625 0.5107421875 0.37451171875 0.513671875 0.35693359375 0.513671875 0.35107421875 0.2021484375 0.357421875 0.201171875 0.3642578125 0.1806640625 0.3701171875 0.15234375 0.3779296875 0.189453125 0.37939453125 0.181640625 0.3837890625 0.1826171875 0.3857421875 0.2109375 0.388671875 0.2109375 0.38916015625 0.2158203125 0.3994140625 0.216796875 0.3994140625 0.203125 0.40478515625 0.203125
5 0.4365234375 0.4873046875 0.44091796875 0.4765625 0.455078125 0.4755859375 0.4599609375 0.4794921875 0.4638671875 0.490234375 0.46630859375 0.50390625 0.46630859375 0.5078125 0.46337890625 0.513671875 0.45751953125 0.5166015625 0.45263671875 0.5166015625 0.44775390625 0.515625 0.44482421875 0.515625 0.439453125 0.5166015625 0.4365234375 0.513671875 0.4365234375 0.5068359375 0.43603515625 0.4951171875 0.43603515625 0.4912109375
4 0.357421875 0.283203125 0.36083984375 0.2763671875 0.36181640625 0.2705078125 0.365234375 0.2763671875 0.36767578125 0.2802734375 0.37109375 0.2763671875 0.375 0.279296875 0.37744140625 0.2802734375 0.3779296875 0.2900390625 0.37548828125 0.294921875 0.3798828125 0.2998046875 0.38427734375 0.2998046875 0.384765625 0.2919921875 0.38623046875 0.2890625 0.390625 0.29296875 0.39453125 0.296875 0.39208984375 0.310546875 0.390625 0.3154296875 0.39599609375 0.3232421875 0.3984375 0.3193359375 0.40185546875 0.3173828125 0.4072265625 0.3203125 0.41015625 0.330078125 0.4140625 0.341796875 0.41748046875 0.3505859375 0.412109375 0.3544921875 0.41259765625 0.36328125 0.4140625 0.3681640625 0.41748046875 0.3740234375 0.421875 0.3779296875 0.42578125 0.38671875 0.4287109375 0.3974609375 0.43115234375 0.408203125 0.43505859375 0.4169921875 0.43212890625 0.419921875 0.4267578125 0.421875 0.42041015625 0.423828125 0.4169921875 0.4287109375 0.41162109375 0.4306640625 0.4072265625 0.4375 0.40771484375 0.4462890625 0.40185546875 0.453125 0.40625 0.4541015625 0.4033203125 0.4716796875 0.41015625 0.4755859375 0.408203125 0.4873046875 0.40673828125 0.5 0.4091796875 0.5126953125 0.365234375 0.5146484375
2 0.35888671875 0.0810546875 0.3701171875 0.080078125 0.3701171875 0.07421875 0.375 0.0712890625 0.34814453125 0.0009765625 0.2412109375 0.0029296875 0.24560546875 0.54296875 0.3623046875 0.513671875 0.35693359375 0.0908203125 0.357421875 0.087890625 0.3564453125 0.08203125
4 0.275390625 0.4619140625 0.28076171875 0.4619140625 0.283203125 0.4716796875 0.28662109375 0.4775390625 0.2900390625 0.486328125 0.29443359375 0.49609375 0.29833984375 0.4951171875 0.29736328125 0.505859375 0.29541015625 0.5205078125 0.296875 0.5283203125 0.2890625 0.533203125 0.2841796875 0.537109375 0.275390625 0.5341796875 0.27392578125 0.515625 0.27099609375 0.4736328125 0.27294921875 0.4580078125
2 0.25244140625 0.2353515625 0.26220703125 0.240234375 0.26171875 0.2568359375 0.28173828125 0.2783203125 0.28076171875 0.283203125 0.27587890625 0.28125 0.271484375 0.306640625 0.27685546875 0.5341796875 0.0 0.5869140625 0.0009765625 0.001953125 0.24755859375 0.0009765625 0.25537109375 0.0400390625 0.251953125 0.048828125 0.25146484375 0.236328125
4 0.01806640625 0.41015625 0.02294921875 0.4013671875 0.02685546875 0.3955078125 0.02294921875 0.388671875 0.0263671875 0.373046875 0.03369140625 0.369140625 0.0400390625 0.365234375 0.04248046875 0.357421875 0.04541015625 0.3505859375 0.048828125 0.3447265625 0.046875 0.3369140625 0.04052734375 0.3349609375 0.0380859375 0.3115234375 0.037109375 0.3037109375 0.03955078125 0.2958984375 0.03857421875 0.2841796875 0.02978515625 0.2880859375 0.03271484375 0.2705078125 0.02490234375 0.259765625 0.02392578125 0.2568359375 0.0283203125 0.2509765625 0.0283203125 0.240234375 0.02490234375 0.2236328125 0.0234375 0.2021484375 0.0126953125 0.1865234375 0.0 0.173828125 0.0 0.423828125 0.01708984375 0.4208984375
1 0.55908203125 0.5234375 0.55908203125 0.51953125 0.56103515625 0.513671875 0.57470703125 0.5107421875 0.60693359375 0.50390625 0.7421875 0.5126953125 0.9990234375 0.5244140625 0.99951171875 0.9990234375 0.9599609375 0.9970703125 0.861328125 0.8798828125 0.7548828125 0.7451171875 0.6689453125 0.640625 0.6162109375 0.5791015625 0.576171875 0.5390625 0.56103515625 0.5244140625
4 0.57080078125 0.03515625 0.56591796875 0.029296875 0.56494140625 0.0234375 0.56787109375 0.013671875 0.5654296875 0.0029296875 0.9990234375 0.001953125 0.99853515625 0.4638671875 0.99365234375 0.4580078125 0.98095703125 0.4560546875 0.9697265625 0.443359375 0.95849609375 0.4501953125 0.95166015625 0.458984375 0.94580078125 0.47265625 0.93798828125 0.466796875 0.92333984375 0.4521484375 0.9169921875 0.431640625 0.904296875 0.4248046875 0.89697265625 0.4462890625 0.890625 0.44140625 0.87451171875 0.4580078125 0.8642578125 0.458984375 0.857421875 0.4482421875 0.8505859375 0.4423828125 0.84814453125 0.462890625 0.841796875 0.478515625 0.837890625 0.4833984375 0.83642578125 0.4501953125 0.8310546875 0.435546875 0.82421875 0.443359375 0.8173828125 0.431640625 0.80908203125 0.4169921875 0.80224609375 0.419921875 0.7958984375 0.4384765625 0.7900390625 0.453125 0.78125 0.4736328125 0.771484375 0.4921875 0.76416015625 0.5087890625 0.748046875 0.5048828125 0.73486328125 0.51171875 0.72802734375 0.51171875 0.72216796875 0.515625 0.724609375 0.4931640625 0.71484375 0.4892578125 0.70947265625 0.490234375 0.70654296875 0.4794921875 0.70654296875 0.4677734375 0.70361328125 0.4580078125 0.6943359375 0.4560546875 0.68359375 0.455078125 0.67333984375 0.466796875 0.6708984375 0.4765625 0.6650390625 0.4921875 0.66015625 0.5048828125 0.658203125 0.513671875 0.65185546875 0.513671875 0.64404296875 0.5087890625 0.6298828125 0.494140625 0.63720703125 0.4794921875 0.64111328125 0.447265625 0.6357421875 0.365234375 0.62841796875 0.3798828125 0.6259765625 0.408203125 0.62255859375 0.44921875 0.61962890625 0.478515625 0.61767578125 0.4931640625 0.61279296875 0.5029296875 0.60498046875 0.5048828125 0.599609375 0.4931640625 0.59619140625 0.46875 0.58984375 0.466796875 0.58251953125 0.466796875 0.5830078125 0.45703125 0.59033203125 0.4482421875 0.587890625 0.4423828125 0.58984375 0.421875 0.5888671875 0.4033203125 0.58544921875 0.39453125 0.58251953125 0.384765625 0.58642578125 0.376953125 0.5888671875 0.3623046875 0.58740234375 0.353515625 0.591796875 0.345703125 0.595703125 0.3349609375 0.59375 0.3291015625 0.59130859375 0.322265625 0.58740234375 0.330078125 0.58251953125 0.3330078125 0.58251953125 0.3173828125 0.58154296875 0.328125 0.57861328125 0.3291015625 0.5751953125 0.328125 0.5732421875 0.31640625 0.5732421875 0.302734375 0.57373046875 0.2880859375 0.57666015625 0.2685546875 0.57958984375 0.259765625 0.57861328125 0.2451171875 0.57421875 0.240234375 0.5634765625 0.23828125 0.55712890625 0.2314453125 0.5576171875 0.2197265625 0.55322265625 0.2138671875 0.5498046875 0.20703125 0.55419921875 0.1953125 0.548828125 0.1953125 0.54833984375 0.185546875 0.5498046875 0.1748046875 0.5634765625 0.1552734375 0.55908203125 0.1513671875 0.55908203125 0.142578125 0.5693359375 0.1279296875 0.56982421875 0.12109375 0.5654296875 0.1015625 0.57080078125 0.0927734375 0.56787109375 0.0810546875 0.5693359375 0.07421875 0.57763671875 0.0693359375 0.5771484375 0.064453125 0.5673828125 0.060546875 0.56005859375 0.0615234375 0.55859375 0.0458984375 0.5634765625 0.0400390625 0.572265625 0.03515625
4 0.61376953125 0.2431640625 0.619140625 0.2412109375 0.62158203125 0.2421875 0.623046875 0.2275390625 0.6220703125 0.2197265625 0.6162109375 0.216796875 0.61474609375 0.216796875 0.611328125 0.2275390625
4 0.63671875 0.349609375 0.626953125 0.353515625 0.62158203125 0.353515625 0.6201171875 0.34765625 0.6220703125 0.3349609375 0.62548828125 0.3271484375 0.6328125 0.322265625 0.63720703125 0.3359375
