0 0.53662109375 0.4189453125 0.4697265625 0.416015625 0.2685546875 0.4853515625 0.0 0.5107421875 0.0 1.0 0.99951171875 0.9990234375 0.99951171875 0.4970703125 0.57373046875 0.4404296875 0.5439453125 0.4228515625
4 0.37109375 0.16015625 0.375 0.1689453125 0.380859375 0.1767578125 0.38671875 0.18359375 0.38916015625 0.193359375 0.38916015625 0.2099609375 0.38916015625 0.228515625 0.39892578125 0.259765625 0.40283203125 0.2626953125 0.40869140625 0.2734375 0.40771484375 0.2861328125 0.4130859375 0.296875 0.41552734375 0.3046875 0.4287109375 0.3671875 0.40771484375 0.3642578125 0.404296875 0.3212890625 0.39599609375 0.3017578125 0.35986328125 0.1611328125
2 0.0009765625 0.0009765625 0.13671875 0.0009765625 0.18505859375 0.0615234375 0.3466796875 0.0595703125 0.36572265625 0.1796875 0.37890625 0.18359375 0.3896484375 0.23828125 0.40576171875 0.2880859375 0.41015625 0.4482421875 0.27490234375 0.4794921875 0.19580078125 0.4931640625 0.0966796875 0.5078125 0.0166015625 0.51171875 0.0 0.509765625
2 0.47802734375 0.345703125 0.486328125 0.3427734375 0.4931640625 0.3447265625 0.50048828125 0.3427734375 0.51123046875 0.3388671875 0.51904296875 0.345703125 0.52587890625 0.3515625 0.53173828125 0.3720703125 0.52978515625 0.388671875 0.52978515625 0.4052734375 0.5 0.3984375 0.47900390625 0.39453125
1 0.29052734375 0.490234375 0.248046875 0.5 0.173828125 0.5087890625 0.0009765625 0.525390625 0.0 0.5087890625 0.12255859375 0.5048828125 0.232421875 0.48828125 0.27734375 0.478515625
1 0.544921875 0.4296875 0.56982421875 0.453125 0.6103515625 0.4814453125 0.64306640625 0.5048828125 0.689453125 0.5166015625 0.88916015625 0.53515625 0.99951171875 0.5380859375 0.99951171875 0.46875 0.78515625 0.4384765625 0.634765625 0.4287109375 0.572265625 0.42578125 0.5439453125 0.4296875
4 0.55810546875 0.330078125 0.55419921875 0.3271484375 0.55078125 0.3232421875 0.54833984375 0.330078125 0.54541015625 0.326171875 0.5380859375 0.330078125 0.53466796875 0.33984375 0.52880859375 0.34765625 0.5234375 0.34765625 0.521484375 0.3564453125 0.52587890625 0.3623046875 0.52587890625 0.365234375 0.5205078125 0.3740234375 0.51806640625 0.380859375 0.515625 0.3916015625 0.51416015625 0.40234375 0.51416015625 0.41015625 0.51806640625 0.41796875 0.5234375 0.4248046875 0.53759765625 0.4228515625 0.54931640625 0.4169921875 0.5546875 0.4072265625 0.5595703125 0.3876953125
2 0.560546875 0.3212890625 0.55419921875 0.36328125 0.55126953125 0.3994140625 0.55078125 0.431640625 0.59375 0.43359375 0.64013671875 0.4423828125 0.65185546875 0.4423828125 0.662109375 0.4453125 0.66796875 0.4501953125 0.67333984375 0.4482421875 0.67333984375 0.4423828125 0.67919921875 0.4423828125 0.6796875 0.4521484375 0.68603515625 0.4521484375 0.68603515625 0.4453125 0.693359375 0.4443359375 0.6953125 0.453125 0.70068359375 0.453125 0.7021484375 0.4453125 0.71337890625 0.4453125 0.71435546875 0.455078125 0.720703125 0.453125 0.72021484375 0.4482421875 0.73681640625 0.4462890625 0.73583984375 0.4580078125 0.740234375 0.4658203125 0.744140625 0.46484375 0.74462890625 0.4482421875 0.76513671875 0.44921875 0.76513671875 0.4638671875 0.7724609375 0.4638671875 0.7763671875 0.4501953125 0.80419921875 0.453125 0.806640625 0.474609375 0.81689453125 0.47265625 0.818359375 0.453125 0.86083984375 0.458984375 0.8623046875 0.490234375 0.876953125 0.486328125 0.87841796875 0.45703125 0.9482421875 0.466796875 0.9482421875 0.509765625 0.96923828125 0.5107421875 0.96923828125 0.4716796875 0.99951171875 0.4755859375 0.9990234375 0.001953125 0.74755859375 0.0009765625 0.7177734375 0.0556640625 0.71875 0.1005859375 0.62353515625 0.2568359375 0.61474609375 0.2470703125 0.6005859375 0.2763671875 0.59765625 0.26953125 0.58740234375 0.2880859375 0.58837890625 0.2734375 0.58251953125 0.2763671875 0.58251953125 0.3017578125 0.56494140625 0.2998046875 0.56396484375 0.322265625
5 0.5390625 0.4169921875 0.537109375 0.419921875 0.53466796875 0.4287109375 0.5390625 0.4326171875 0.54052734375 0.4169921875
5 0.5400390625 0.408203125 0.53955078125 0.4267578125 0.53955078125 0.4326171875 0.53955078125 0.4375 0.541015625 0.4365234375 0.5419921875 0.4345703125 0.54638671875 0.43359375 0.552734375 0.4248046875 0.552734375 0.4140625 0.55078125 0.4072265625 0.546875 0.4072265625
5 0.55810546875 0.419921875 0.56298828125 0.419921875 0.5654296875 0.4296875 0.56640625 0.4404296875 0.56689453125 0.4521484375 0.56689453125 0.4599609375 0.56298828125 0.458984375 0.5625 0.455078125 0.54833984375 0.455078125 0.5478515625 0.4580078125 0.54443359375 0.4580078125 0.54296875 0.45703125 0.54345703125 0.44921875 0.5439453125 0.4375 0.54736328125 0.42578125 0.548828125 0.421875
4 0.57275390625 0.4013671875 0.5751953125 0.4365234375 0.57177734375 0.4365234375 0.5712890625 0.404296875 0.56689453125 0.4013671875 0.56103515625 0.3974609375 0.55810546875 0.390625 0.55859375 0.3818359375 0.55908203125 0.3681640625 0.5576171875 0.3544921875 0.55908203125 0.345703125 0.5615234375 0.33203125 0.5634765625 0.3232421875 0.56640625 0.3173828125 0.56982421875 0.3232421875 0.5703125 0.314453125 0.57177734375 0.310546875 0.576171875 0.310546875 0.580078125 0.3203125 0.580078125 0.330078125 0.58447265625 0.3349609375 0.58935546875 0.33203125 0.59228515625 0.349609375 0.59228515625 0.3623046875 0.5927734375 0.37109375 0.5927734375 0.37890625 0.591796875 0.384765625 0.58935546875 0.390625 0.58447265625 0.390625 0.583984375 0.396484375 0.58203125 0.3974609375 0.5751953125 0.3955078125 0.57421875 0.3994140625
4 0.6337890625 0.462890625 0.6328125 0.3603515625 0.63525390625 0.35546875 0.642578125 0.3564453125 0.6494140625 0.3369140625 0.646484375 0.3037109375 0.64892578125 0.2705078125 0.65673828125 0.208984375 0.6357421875 0.1845703125 0.6298828125 0.1728515625 0.63232421875 0.1669921875 0.6328125 0.15625 0.6298828125 0.1484375 0.62353515625 0.154296875 0.619140625 0.1494140625 0.61328125 0.154296875 0.609375 0.1572265625 0.611328125 0.1708984375 0.6123046875 0.1826171875 0.6083984375 0.1904296875 0.60595703125 0.203125 0.60595703125 0.2177734375 0.6044921875 0.2314453125 0.6044921875 0.2412109375 0.6044921875 0.2568359375 0.60595703125 0.271484375 0.60595703125 0.28515625 0.61083984375 0.2919921875 0.6142578125 0.29296875 0.61181640625 0.3017578125 0.61083984375 0.3115234375 0.6083984375 0.326171875 0.607421875 0.3447265625 0.609375 0.3525390625 0.6171875 0.35546875 0.62548828125 0.35546875 0.63134765625 0.3583984375 0.6298828125 0.462890625
4 0.666015625 0.4697265625 0.66357421875 0.3642578125 0.67041015625 0.3671875 0.67578125 0.353515625 0.68359375 0.35546875 0.68896484375 0.3544921875 0.69482421875 0.3515625 0.6962890625 0.34375 0.7021484375 0.3359375 0.705078125 0.3232421875 0.705078125 0.3173828125 0.71484375 0.31640625 0.7197265625 0.2978515625 0.71728515625 0.2880859375 0.7119140625 0.2685546875 0.712890625 0.2568359375 0.71337890625 0.23828125 0.70703125 0.2392578125 0.7041015625 0.224609375 0.7099609375 0.2216796875 0.7080078125 0.2001953125 0.7060546875 0.185546875 0.69970703125 0.1904296875 0.69091796875 0.1865234375 0.68115234375 0.1845703125 0.6767578125 0.173828125 0.677734375 0.162109375 0.67431640625 0.15234375 0.6767578125 0.1376953125 0.67236328125 0.1318359375 0.66455078125 0.130859375 0.658203125 0.1298828125 0.65283203125 0.1279296875 0.64404296875 0.140625 0.63916015625 0.158203125 0.6376953125 0.1796875 0.63916015625 0.193359375 0.6328125 0.2041015625 0.62841796875 0.21875 0.62255859375 0.232421875 0.61962890625 0.25 0.61865234375 0.2646484375 0.6171875 0.2822265625 0.62548828125 0.296875 0.62646484375 0.3154296875 0.6357421875 0.3310546875 0.64599609375 0.3447265625 0.650390625 0.357421875 0.658203125 0.36328125 0.66259765625 0.47265625 0.6669921875 0.47265625
4 0.46435546875 0.2822265625 0.46630859375 0.2861328125 0.46923828125 0.296875 0.46826171875 0.2998046875 0.4697265625 0.3076171875 0.4716796875 0.3115234375 0.47705078125 0.3193359375 0.4794921875 0.32421875 0.4814453125 0.3310546875 0.484375 0.3330078125 0.48974609375 0.3466796875 0.482421875 0.3525390625 0.48486328125 0.3583984375 0.4892578125 0.3671875 0.4931640625 0.37109375 0.48828125 0.3779296875 0.490234375 0.3857421875 0.494140625 0.3935546875 0.49658203125 0.396484375 0.4970703125 0.4091796875 0.4970703125 0.4150390625 0.494140625 0.419921875 0.48486328125 0.42578125 0.4775390625 0.41796875 0.4697265625 0.4189453125 0.46435546875 0.4228515625 0.458984375 0.423828125 0.4501953125 0.423828125 0.44775390625 0.419921875 0.44677734375 0.408203125 0.4462890625 0.384765625 0.42529296875 0.359375 0.4111328125 0.3525390625 0.41064453125 0.3388671875 0.41015625 0.3232421875 0.41455078125 0.3115234375 0.4150390625 0.3056640625 0.41455078125 0.2978515625 0.4189453125 0.2841796875 0.42236328125 0.2763671875 0.43212890625 0.27734375 0.43994140625 0.2783203125 0.4443359375 0.28125 0.451171875 0.2744140625 0.4541015625 0.2822265625 0.4580078125 0.2744140625 0.4609375 0.27734375
4 0.49462890625 0.3720703125 0.50048828125 0.3623046875 0.5078125 0.359375 0.51416015625 0.3623046875 0.5185546875 0.3701171875 0.521484375 0.3818359375 0.52197265625 0.390625 0.5185546875 0.3974609375 0.51318359375 0.40234375 0.50927734375 0.4072265625 0.50732421875 0.435546875 0.50439453125 0.4345703125 0.5029296875 0.4111328125 0.49951171875 0.40625 0.49462890625 0.4013671875 0.4921875 0.39453125 0.48876953125 0.380859375 0.49072265625 0.3759765625
3 0.40966796875 0.3564453125 0.44775390625 0.375 0.4482421875 0.4365234375 0.40380859375 0.4501953125 0.4072265625 0.35546875
5 0.45947265625 0.4296875 0.4619140625 0.44140625 0.46044921875 0.455078125 0.45361328125 0.451171875 0.447265625 0.4296875 0.45263671875 0.42578125
5 0.47314453125 0.451171875 0.47900390625 0.451171875 0.48193359375 0.4453125 0.4814453125 0.43359375 0.47705078125 0.4248046875 0.47119140625 0.4208984375 0.4638671875 0.4228515625 0.45654296875 0.4326171875 0.45654296875 0.4423828125 0.4599609375 0.453125 0.46533203125 0.451171875
5 0.40087890625 0.44921875 0.4033203125 0.4580078125 0.40625 0.4619140625 0.4130859375 0.4599609375 0.42578125 0.4560546875 0.4267578125 0.447265625 0.42138671875 0.4384765625 0.41650390625 0.435546875 0.4091796875 0.4375 0.40380859375 0.4453125
5 0.455078125 0.4638671875 0.45556640625 0.451171875 0.45458984375 0.4384765625 0.44970703125 0.4296875 0.4365234375 0.4287109375 0.42578125 0.4306640625 0.42333984375 0.44140625 0.423828125 0.4541015625 0.423828125 0.462890625 0.4267578125 0.466796875 0.4306640625 0.466796875 0.43408203125 0.4619140625 0.4462890625 0.4609375 0.451171875 0.4638671875
4 0.3017578125 0.3671875 0.30419921875 0.35546875 0.30517578125 0.333984375 0.30810546875 0.3232421875 0.30810546875 0.30859375 0.31103515625 0.306640625 0.31201171875 0.294921875 0.31201171875 0.28515625 0.31982421875 0.28515625 0.32177734375 0.2734375 0.32958984375 0.265625 0.33447265625 0.25390625 0.33642578125 0.2392578125 0.341796875 0.2392578125 0.34423828125 0.2294921875 0.345703125 0.20703125 0.34814453125 0.189453125 0.35107421875 0.181640625 0.34814453125 0.208984375 0.35009765625 0.2294921875 0.35595703125 0.23828125 0.36328125 0.228515625 0.36865234375 0.212890625 0.369140625 0.2373046875 0.3701171875 0.248046875 0.375 0.244140625 0.38037109375 0.216796875 0.38623046875 0.203125 0.3876953125 0.1826171875 0.38916015625 0.1630859375 0.3857421875 0.1474609375 0.38134765625 0.13671875 0.37744140625 0.1279296875 0.36767578125 0.1181640625 0.3681640625 0.1083984375 0.36474609375 0.08984375 0.36376953125 0.0751953125 0.3701171875 0.052734375 0.37158203125 0.033203125 0.3681640625 0.001953125 0.1923828125 0.0029296875 0.19091796875 0.0224609375 0.19482421875 0.0341796875 0.185546875 0.029296875 0.1845703125 0.0419921875 0.18603515625 0.0595703125 0.18798828125 0.078125 0.19775390625 0.091796875 0.20654296875 0.109375 0.21630859375 0.142578125 0.2197265625 0.158203125 0.2255859375 0.1923828125 0.22998046875 0.2216796875 0.23046875 0.2607421875 0.23046875 0.2939453125 0.2265625 0.3203125 0.236328125 0.3447265625 0.24072265625 0.353515625 0.23974609375 0.37890625 0.2412109375 0.390625 0.24755859375 0.3916015625 0.248046875 0.373046875 0.25 0.35546875 0.2548828125 0.3740234375 0.26025390625 0.375 0.25830078125 0.361328125 0.26708984375 0.3515625 0.27099609375 0.3583984375 0.2802734375 0.3740234375 0.2900390625 0.384765625
3 0.28515625 0.4384765625 0.265625 0.4423828125 0.2255859375 0.4443359375 0.2001953125 0.4443359375 0.20068359375 0.4931640625 0.2392578125 0.4892578125 0.27734375 0.478515625
4 0.3720703125 0.333984375 0.380859375 0.3271484375 0.38916015625 0.326171875 0.396484375 0.3349609375 0.4033203125 0.349609375 0.4091796875 0.3603515625 0.41748046875 0.373046875 0.42236328125 0.3828125 0.41943359375 0.396484375 0.41552734375 0.4091796875 0.4033203125 0.423828125 0.3896484375 0.4296875 0.37841796875 0.41015625 0.36962890625 0.376953125 0.3701171875 0.3642578125 0.37158203125 0.3583984375
5 0.35205078125 0.427734375 0.3447265625 0.4462890625 0.341796875 0.4462890625 0.34033203125 0.4482421875 0.34326171875 0.453125 0.341796875 0.4638671875 0.33935546875 0.474609375 0.33935546875 0.4892578125 0.34130859375 0.49609375 0.34619140625 0.4970703125 0.34716796875 0.4912109375 0.35107421875 0.490234375 0.35302734375 0.49609375 0.3564453125 0.4970703125 0.35986328125 0.4912109375 0.36669921875 0.4912109375 0.3720703125 0.4921875 0.3798828125 0.4931640625 0.39111328125 0.4833984375 0.3935546875 0.47265625 0.392578125 0.451171875 0.3896484375 0.439453125 0.38330078125 0.4228515625
4 0.1318359375 0.2705078125 0.13916015625 0.2763671875 0.13916015625 0.2880859375 0.14599609375 0.2900390625 0.15380859375 0.3017578125 0.16162109375 0.3017578125 0.17236328125 0.3017578125 0.17822265625 0.2958984375 0.18310546875 0.306640625 0.19091796875 0.3134765625 0.19775390625 0.3134765625 0.205078125 0.302734375 0.20654296875 0.2939453125 0.2158203125 0.294921875 0.22705078125 0.283203125 0.23486328125 0.2666015625 0.23779296875 0.240234375 0.236328125 0.1953125 0.23193359375 0.1533203125 0.21044921875 0.1201171875 0.1865234375 0.0771484375 0.17041015625 0.06640625 0.177734375 0.0615234375 0.173828125 0.0458984375 0.17236328125 0.03125 0.16650390625 0.013671875 0.166015625 0.001953125 0.115234375 0.0009765625 0.103515625 0.0078125 0.0859375 0.01171875 0.06884765625 0.0234375 0.0498046875 0.0400390625 0.04931640625 0.056640625 0.05615234375 0.07421875 0.052734375 0.08984375 0.046875 0.1005859375 0.03369140625 0.091796875 0.02099609375 0.078125 0.01953125 0.0556640625 0.009765625 0.037109375 0.0 0.0341796875 0.001953125 0.3203125 0.01123046875 0.3193359375 0.0283203125 0.318359375 0.03076171875 0.3076171875 0.0263671875 0.287109375 0.03759765625 0.3046875 0.04833984375 0.2978515625 0.05859375 0.2958984375 0.068359375 0.29296875 0.078125 0.294921875 0.08251953125 0.2861328125 0.0869140625 0.2783203125 0.09814453125 0.2861328125 0.1064453125 0.2724609375 0.11376953125 0.2822265625 0.11767578125 0.2998046875 0.1220703125 0.306640625 0.12060546875 0.318359375 0.11767578125 0.3486328125 0.12255859375 0.3779296875 0.1240234375 0.4990234375 0.1337890625 0.5 0.130859375 0.4033203125 0.130859375 0.3935546875 0.1298828125 0.3896484375 0.13037109375 0.3447265625 0.1298828125 0.326171875 0.13037109375 0.2958984375 0.1318359375 0.2880859375 0.13037109375 0.2822265625
4 0.2177734375 0.4853515625 0.212890625 0.47265625 0.2109375 0.4599609375 0.201171875 0.4580078125 0.19140625 0.4580078125 0.1787109375 0.4599609375 0.1630859375 0.4609375 0.15576171875 0.4638671875 0.15087890625 0.4580078125 0.14404296875 0.4658203125 0.13427734375 0.4677734375 0.12060546875 0.466796875 0.11083984375 0.466796875 0.10009765625 0.4697265625 0.0888671875 0.4765625 0.07958984375 0.474609375 0.07080078125 0.4736328125 0.0546875 0.4765625 0.0439453125 0.4765625 0.03125 0.4765625 0.02490234375 0.4716796875 0.00927734375 0.4716796875 0.01171875 0.4599609375 0.015625 0.4462890625 0.00927734375 0.4404296875 0.00634765625 0.4296875 0.005859375 0.4140625 0.0 0.40625 0.0009765625 0.5087890625 0.0361328125 0.5078125 0.1015625 0.5068359375 0.14111328125 0.5029296875 0.21728515625 0.4912109375
