4 0.5107421875 0.0009765625 0.9453125 0.0009765625 0.939453125 0.453125 0.52685546875 0.4384765625
0 0.0 0.6640625 0.330078125 0.4541015625 0.5400390625 0.43359375 0.57861328125 0.43359375 0.6806640625 0.427734375 0.6982421875 0.427734375 0.71484375 0.4248046875 0.73876953125 0.423828125 0.80224609375 0.44140625 0.82568359375 0.4404296875 0.923828125 0.4423828125 0.9345703125 0.443359375 0.99951171875 0.48046875 0.99951171875 0.9990234375 0.0 1.0
1 0.6708984375 0.462890625 0.6865234375 0.44921875 0.6865234375 0.4453125 0.669921875 0.4326171875
1 0.32373046875 0.474609375 0.35205078125 0.470703125 0.37353515625 0.4755859375 0.4052734375 0.4765625 0.4326171875 0.4755859375 0.44189453125 0.478515625 0.43701171875 0.494140625 0.41748046875 0.53515625 0.38916015625 0.58203125 0.3232421875 0.69140625 0.21728515625 0.8564453125 0.1220703125 1.0 0.0 0.998046875 0.0 0.6787109375
3 0.74951171875 0.3828125 0.751953125 0.4208984375 0.66259765625 0.4287109375 0.5556640625 0.4365234375 0.53173828125 0.43359375 0.5322265625 0.40234375 0.56005859375 0.40234375 0.66455078125 0.39453125 0.6845703125 0.388671875
2 0.27734375 0.001953125 0.55126953125 0.001953125 0.55126953125 0.1484375 0.53857421875 0.1494140625 0.53515625 0.4208984375 0.541015625 0.4228515625 0.541015625 0.4345703125 0.47607421875 0.45703125 0.447265625 0.4560546875 0.400390625 0.4580078125 0.3544921875 0.4609375 0.32177734375 0.4609375
3 0.798828125 0.392578125 0.814453125 0.390625 0.814453125 0.4287109375 0.80029296875 0.4296875
4 0.6767578125 0.4296875 0.68310546875 0.421875 0.6875 0.4169921875 0.69482421875 0.4130859375 0.69873046875 0.4091796875 0.70458984375 0.4033203125 0.70458984375 0.400390625 0.70458984375 0.39453125 0.7060546875 0.384765625 0.70849609375 0.3876953125 0.7119140625 0.390625 0.71533203125 0.3896484375 0.7177734375 0.38671875 0.7197265625 0.3828125 0.72314453125 0.3828125 0.7294921875 0.392578125 0.73388671875 0.400390625 0.734375 0.42578125 0.71484375 0.4248046875 0.697265625 0.427734375
1 0.89990234375 0.439453125 0.9306640625 0.4404296875 0.93408203125 0.4775390625 0.92529296875 0.4765625 0.9072265625 0.4619140625
3 0.904296875 0.4033203125 0.92578125 0.4013671875 0.92529296875 0.443359375 0.90673828125 0.4423828125
1 0.71240234375 0.484375 0.7880859375 0.4853515625 0.9365234375 0.4833984375 0.99951171875 0.5888671875 0.99951171875 0.8447265625 0.921875 0.775390625 0.84326171875 0.7060546875 0.81884765625 0.6845703125 0.79931640625 0.6591796875 0.76025390625 0.6142578125 0.73193359375 0.583984375 0.7158203125 0.5625 0.70458984375 0.54296875 0.703125 0.5234375 0.703125 0.5087890625
5 0.8349609375 0.373046875 0.84130859375 0.3720703125 0.84716796875 0.3720703125 0.84912109375 0.37109375 0.8623046875 0.37109375 0.84814453125 0.4560546875 0.8466796875 0.453125 0.84619140625 0.4453125 0.84130859375 0.4423828125 0.83544921875 0.44140625 0.83203125 0.443359375 0.8310546875 0.447265625 0.82958984375 0.451171875 0.82568359375 0.451171875 0.82177734375 0.44921875 0.8203125 0.443359375 0.8193359375 0.4384765625 0.81591796875 0.431640625 0.81396484375 0.42578125 0.81396484375 0.41015625 0.814453125 0.400390625 0.81884765625 0.38671875 0.8232421875 0.3779296875 0.82958984375 0.3740234375 0.83349609375 0.373046875
5 0.87744140625 0.3779296875 0.8896484375 0.3798828125 0.89599609375 0.3818359375 0.9013671875 0.388671875 0.90625 0.404296875 0.9091796875 0.41015625 0.90966796875 0.4326171875 0.90966796875 0.453125 0.9091796875 0.46484375 0.908203125 0.4697265625 0.90380859375 0.46875 0.90234375 0.466796875 0.9013671875 0.4609375 0.900390625 0.4609375 0.8994140625 0.466796875 0.89599609375 0.46875 0.89306640625 0.466796875 0.892578125 0.462890625 0.89306640625 0.45703125 0.88232421875 0.45703125 0.86572265625 0.455078125 0.85888671875 0.4658203125 0.8515625 0.46484375 0.85009765625 0.4609375 0.84619140625 0.45703125 0.84619140625 0.447265625 0.84765625 0.431640625 0.85205078125 0.412109375 0.85205078125 0.408203125 0.84814453125 0.40625 0.84716796875 0.40234375 0.84912109375 0.396484375 0.85595703125 0.396484375 0.86865234375 0.3828125 0.8759765625 0.37890625
4 0.94091796875 0.521484375 0.94287109375 0.5146484375 0.94384765625 0.5068359375 0.94677734375 0.4990234375 0.94921875 0.490234375 0.94921875 0.4853515625 0.95458984375 0.48046875 0.96240234375 0.478515625 0.96923828125 0.4814453125 0.97119140625 0.478515625 0.97607421875 0.474609375 0.97802734375 0.478515625 0.98193359375 0.486328125 0.9873046875 0.4912109375 0.98876953125 0.4990234375 0.98681640625 0.5068359375 0.98681640625 0.5126953125 0.99072265625 0.513671875 0.99072265625 0.5244140625 0.98876953125 0.5302734375 0.98583984375 0.53515625 0.9794921875 0.5361328125 0.97900390625 0.5400390625 0.98193359375 0.5419921875 0.98828125 0.5478515625 0.98876953125 0.5556640625 0.9873046875 0.5634765625 0.990234375 0.5693359375 0.99267578125 0.5712890625 0.99365234375 0.5791015625 0.99365234375 0.5908203125 0.99365234375 0.599609375 0.9931640625 0.6103515625 0.98974609375 0.6123046875 0.98681640625 0.6171875 0.98193359375 0.6201171875 0.97607421875 0.630859375 0.97265625 0.6318359375 0.97216796875 0.623046875 0.970703125 0.6123046875 0.97265625 0.6083984375 0.97216796875 0.5986328125 0.96875 0.591796875 0.96533203125 0.6015625 0.9638671875 0.6083984375 0.96240234375 0.6162109375 0.95947265625 0.6103515625 0.955078125 0.599609375 0.9521484375 0.5888671875 0.94970703125 0.580078125 0.94775390625 0.5732421875 0.94775390625 0.56640625 0.95068359375 0.5595703125 0.95068359375 0.5517578125 0.9482421875 0.5439453125 0.9453125 0.5390625 0.94287109375 0.5322265625 0.94140625 0.525390625
4 0.77734375 0.228515625 0.7763671875 0.1669921875 0.77685546875 0.140625 0.775390625 0.125 0.7734375 0.12109375 0.76708984375 0.123046875 0.763671875 0.12109375 0.76220703125 0.1279296875 0.76025390625 0.1328125 0.7568359375 0.1318359375 0.755859375 0.13671875 0.7578125 0.14453125 0.75732421875 0.15234375 0.75439453125 0.1630859375 0.7509765625 0.1689453125 0.74560546875 0.1689453125 0.7421875 0.1630859375 0.73876953125 0.1669921875 0.736328125 0.162109375 0.734375 0.1533203125 0.732421875 0.146484375 0.7294921875 0.1494140625 0.7255859375 0.142578125 0.7216796875 0.1396484375 0.716796875 0.140625 0.71533203125 0.1337890625 0.716796875 0.123046875 0.71533203125 0.115234375 0.71142578125 0.119140625 0.71240234375 0.126953125 0.70849609375 0.1328125 0.70458984375 0.130859375 0.69921875 0.1328125 0.69677734375 0.13671875 0.69580078125 0.142578125 0.69384765625 0.1435546875 0.69140625 0.154296875 0.6884765625 0.162109375 0.68408203125 0.1630859375 0.68359375 0.15625 0.67822265625 0.158203125 0.673828125 0.1474609375 0.67529296875 0.140625 0.67333984375 0.12890625 0.67041015625 0.126953125 0.66748046875 0.1279296875 0.66162109375 0.13671875 0.65576171875 0.13671875 0.6494140625 0.1455078125 0.64990234375 0.150390625 0.646484375 0.15625 0.64013671875 0.15234375 0.63671875 0.150390625 0.63916015625 0.1611328125 0.63671875 0.169921875 0.6318359375 0.16796875 0.626953125 0.1591796875 0.6201171875 0.162109375 0.6181640625 0.1494140625 0.6171875 0.13671875 0.61767578125 0.1201171875 0.62109375 0.095703125 0.62548828125 0.080078125 0.62890625 0.0673828125 0.625 0.068359375 0.61962890625 0.078125 0.61767578125 0.083984375 0.6162109375 0.08984375 0.61181640625 0.0849609375 0.60791015625 0.078125 0.60546875 0.0859375 0.60498046875 0.0927734375 0.59912109375 0.107421875 0.59521484375 0.1142578125 0.5888671875 0.107421875 0.58349609375 0.095703125 0.57861328125 0.0908203125 0.57470703125 0.076171875 0.56982421875 0.0751953125 0.56591796875 0.06640625 0.56201171875 0.0537109375 0.55810546875 0.0458984375 0.5537109375 0.0400390625 0.55029296875 0.0498046875 0.54541015625 0.0478515625 0.5419921875 0.04296875 0.53759765625 0.05078125 0.5380859375 0.0556640625 0.53662109375 0.06640625 0.52978515625 0.072265625 0.52685546875 0.078125 0.52197265625 0.072265625 0.51708984375 0.0712890625 0.51171875 0.080078125 0.50830078125 0.08203125 0.50634765625 0.07421875 0.50634765625 0.0654296875 0.505859375 0.0576171875 0.505859375 0.0478515625 0.505859375 0.0361328125 0.50439453125 0.0244140625 0.5029296875 0.0166015625 0.4990234375 0.0107421875 0.49755859375 0.013671875 0.49462890625 0.009765625 0.49169921875 0.0146484375 0.490234375 0.0205078125 0.4873046875 0.0185546875 0.4833984375 0.0185546875 0.486328125 0.0048828125 0.486328125 0.0009765625 0.84423828125 0.0029296875 0.84423828125 0.009765625 0.841796875 0.0166015625 0.83984375 0.02734375 0.83837890625 0.0380859375 0.83447265625 0.0478515625 0.83447265625 0.0595703125 0.82861328125 0.064453125 0.822265625 0.068359375 0.830078125 0.07421875 0.82763671875 0.08203125 0.8232421875 0.0869140625 0.82080078125 0.091796875 0.81689453125 0.0947265625 0.81640625 0.1015625 0.8125 0.111328125 0.80517578125 0.1201171875 0.7978515625 0.1259765625 0.7958984375 0.1201171875 0.79541015625 0.146484375 0.79833984375 0.2158203125 0.79931640625 0.2216796875 0.79931640625 0.2314453125 0.7978515625 0.2392578125 0.7998046875 0.318359375 0.802734375 0.3837890625 0.8046875 0.4658203125 0.80859375 0.5 0.81005859375 0.5048828125 0.80859375 0.5087890625 0.79638671875 0.5146484375 0.78662109375 0.513671875 0.77587890625 0.5107421875 0.77783203125 0.421875 0.7783203125 0.2421875
2 0.0869140625 0.67578125 0.072265625 0.673828125 0.00048828125 0.724609375 0.00048828125 0.0009765625 0.3837890625 0.0009765625 0.3798828125 0.0185546875 0.38037109375 0.1142578125 0.36767578125 0.12109375 0.37255859375 0.12890625 0.37744140625 0.1298828125 0.3837890625 0.1328125 0.3837890625 0.1416015625 0.3828125 0.1435546875 0.38232421875 0.15625 0.38134765625 0.171875 0.3798828125 0.1845703125 0.376953125 0.1884765625 0.3720703125 0.1884765625 0.3779296875 0.2001953125 0.3779296875 0.2080078125 0.37548828125 0.21484375 0.373046875 0.2177734375 0.3466796875 0.2197265625 0.34619140625 0.29296875 0.34228515625 0.470703125 0.33740234375 0.4716796875 0.33544921875 0.466796875 0.3369140625 0.2236328125 0.3291015625 0.2236328125 0.328125 0.4853515625 0.32275390625 0.490234375 0.31494140625 0.490234375 0.28955078125 0.509765625 0.28955078125 0.513671875 0.27685546875 0.5234375 0.27099609375 0.5234375 0.2275390625 0.55859375 0.2294921875 0.5673828125 0.21337890625 0.583984375 0.2021484375 0.5810546875 0.11376953125 0.6435546875
5 0.56982421875 0.365234375 0.57763671875 0.337890625 0.5830078125 0.3310546875 0.5888671875 0.326171875 0.59423828125 0.3291015625 0.59619140625 0.330078125 0.6181640625 0.33203125 0.64111328125 0.333984375 0.64794921875 0.33203125 0.65283203125 0.3388671875 0.658203125 0.3466796875 0.66259765625 0.359375 0.666015625 0.380859375 0.66796875 0.392578125 0.67041015625 0.3935546875 0.67041015625 0.38671875 0.67041015625 0.3837890625 0.6748046875 0.3828125 0.6796875 0.3857421875 0.681640625 0.3896484375 0.68017578125 0.3955078125 0.67626953125 0.3984375 0.67236328125 0.400390625 0.67138671875 0.4052734375 0.6748046875 0.4150390625 0.6748046875 0.4501953125 0.67529296875 0.482421875 0.67431640625 0.4931640625 0.67333984375 0.505859375 0.6689453125 0.5126953125 0.66796875 0.5234375 0.66748046875 0.5361328125 0.6650390625 0.541015625 0.65234375 0.5400390625 0.6494140625 0.53125 0.64794921875 0.517578125 0.64794921875 0.51171875 0.61962890625 0.5126953125 0.6123046875 0.513671875 0.60595703125 0.509765625 0.580078125 0.505859375 0.57568359375 0.5078125 0.5732421875 0.509765625 0.57275390625 0.51171875 0.56884765625 0.5126953125 0.56689453125 0.5302734375 0.5634765625 0.53125 0.55419921875 0.529296875 0.55078125 0.521484375 0.55126953125 0.474609375 0.5546875 0.4130859375 0.5556640625 0.400390625 0.5615234375 0.3876953125 0.5634765625 0.37890625 0.56787109375 0.373046875
