0 0.0 0.9990234375 0.40625 0.4482421875 0.4833984375 0.4521484375 0.60791015625 0.4873046875 0.99951171875 0.609375 0.99951171875 0.9990234375
1 0.4755859375 0.4541015625 0.61669921875 0.482421875 0.6259765625 0.5048828125 0.5859375 0.5068359375 0.5673828125 0.4931640625 0.5498046875 0.4833984375 0.52197265625 0.4794921875 0.474609375 0.4658203125 0.44921875 0.4580078125 0.42822265625 0.4560546875 0.4267578125 0.4462890625
2 0.41259765625 0.2197265625 0.4267578125 0.2216796875 0.427734375 0.216796875 0.43212890625 0.21875 0.431640625 0.2294921875 0.44189453125 0.2294921875 0.44384765625 0.1962890625 0.44482421875 0.1962890625 0.44384765625 0.2294921875 0.46337890625 0.2314453125 0.46484375 0.216796875 0.4794921875 0.216796875 0.470703125 0.4580078125 0.4599609375 0.4560546875 0.4287109375 0.453125 0.4033203125 0.455078125
4 0.46630859375 0.416015625 0.4638671875 0.4189453125 0.46044921875 0.4248046875 0.46044921875 0.416015625 0.4609375 0.4140625 0.46044921875 0.408203125 0.45849609375 0.404296875 0.45849609375 0.3994140625 0.45849609375 0.396484375 0.4599609375 0.39453125 0.46240234375 0.3916015625 0.4658203125 0.3916015625 0.46484375 0.3876953125 0.4609375 0.3857421875 0.4619140625 0.3837890625 0.4638671875 0.3837890625 0.4658203125 0.3828125 0.46630859375 0.3818359375 0.470703125 0.3828125 0.47021484375 0.4150390625
1 0.0 0.671875 0.39306640625 0.4609375 0.427734375 0.4609375 0.4345703125 0.4716796875 0.43798828125 0.478515625 0.43701171875 0.49609375 0.42431640625 0.5322265625 0.4033203125 0.580078125 0.36083984375 0.65625 0.28076171875 0.7978515625 0.205078125 0.9296875 0.162109375 0.9990234375 0.0009765625 1.0
2 0.0009765625 0.001953125 0.41357421875 0.0009765625 0.4248046875 0.1689453125 0.41650390625 0.16796875 0.41455078125 0.2548828125 0.4130859375 0.40234375 0.396484375 0.490234375 0.39404296875 0.494140625 0.37548828125 0.4931640625 0.359375 0.5029296875 0.35888671875 0.53515625 0.3564453125 0.5361328125 0.3564453125 0.5419921875 0.35009765625 0.5400390625 0.3359375 0.5439453125 0.30224609375 0.5615234375 0.22900390625 0.599609375 0.19580078125 0.62109375 0.20751953125 0.626953125 0.19140625 0.63671875 0.158203125 0.63671875 0.1484375 0.64453125 0.1474609375 0.6484375 0.1337890625 0.650390625 0.12548828125 0.6591796875 0.1015625 0.6552734375 0.04931640625 0.666015625 0.0009765625 0.697265625
2 0.46826171875 0.193359375 0.47314453125 0.1865234375 0.5 0.146484375 0.50048828125 0.0986328125 0.50830078125 0.0986328125 0.51513671875 0.0908203125 0.52392578125 0.08984375 0.5283203125 0.08984375 0.52783203125 0.1044921875 0.53515625 0.1044921875 0.5703125 0.0380859375 0.5712890625 0.03125 0.57421875 0.03125 0.59228515625 0.0009765625 0.6044921875 0.0009765625 0.6201171875 0.0458984375 0.62109375 0.001953125 0.9990234375 0.0009765625 0.99853515625 0.6748046875 0.77783203125 0.5517578125 0.56640625 0.4736328125 0.53271484375 0.474609375 0.52294921875 0.474609375 0.5068359375 0.4697265625 0.50048828125 0.4638671875 0.46533203125 0.45703125 0.470703125 0.2685546875 0.466796875 0.2646484375 0.46728515625 0.2529296875 0.46923828125 0.2158203125 0.46728515625 0.2041015625 0.46923828125 0.203125
4 0.54248046875 0.2763671875 0.54833984375 0.267578125 0.54541015625 0.2626953125 0.54736328125 0.2548828125 0.5537109375 0.2412109375 0.55859375 0.234375 0.56298828125 0.2333984375 0.56640625 0.228515625 0.57080078125 0.2294921875 0.57666015625 0.2314453125 0.58251953125 0.236328125 0.5869140625 0.2490234375 0.58642578125 0.2568359375 0.58642578125 0.2646484375 0.58984375 0.2724609375 0.59326171875 0.283203125 0.59130859375 0.2978515625 0.58935546875 0.3134765625 0.58642578125 0.3212890625 0.58349609375 0.3310546875 0.58349609375 0.3447265625 0.58056640625 0.353515625 0.580078125 0.3583984375 0.5810546875 0.365234375 0.58251953125 0.373046875 0.58056640625 0.384765625 0.57861328125 0.3955078125 0.56884765625 0.4013671875 0.5634765625 0.400390625 0.55908203125 0.3935546875 0.55615234375 0.38671875 0.54931640625 0.3876953125 0.544921875 0.392578125 0.5390625 0.3955078125 0.53466796875 0.3896484375 0.52880859375 0.3798828125 0.52783203125 0.369140625 0.52490234375 0.357421875 0.52978515625 0.3466796875 0.53271484375 0.3330078125 0.5302734375 0.318359375 0.52978515625 0.3095703125 0.53076171875 0.298828125 0.53564453125 0.29296875 0.54248046875 0.291015625 0.54345703125 0.28515625 0.54345703125 0.2822265625
5 0.5361328125 0.4306640625 0.53857421875 0.4228515625 0.5419921875 0.416015625 0.55224609375 0.4140625 0.5673828125 0.4140625 0.57373046875 0.42578125 0.57470703125 0.4765625 0.55126953125 0.478515625 0.5458984375 0.478515625 0.5458984375 0.484375 0.54541015625 0.4873046875 0.54248046875 0.48828125 0.53857421875 0.484375 0.53466796875 0.484375 0.533203125 0.48046875 0.53076171875 0.470703125 0.53076171875 0.45703125 0.53173828125 0.44921875 0.53466796875 0.4404296875 0.53173828125 0.4384765625 0.53076171875 0.43359375
5 0.59130859375 0.4267578125 0.59423828125 0.4130859375 0.599609375 0.3974609375 0.599609375 0.3935546875 0.599609375 0.388671875 0.603515625 0.384765625 0.63916015625 0.3837890625 0.61865234375 0.5078125 0.60595703125 0.5107421875 0.6044921875 0.51953125 0.59765625 0.51953125 0.5947265625 0.517578125 0.59375 0.513671875 0.583984375 0.51171875 0.5830078125 0.5009765625 0.583984375 0.4638671875 0.583984375 0.4521484375 0.58642578125 0.447265625 0.58935546875 0.443359375 0.5888671875 0.439453125 0.5830078125 0.4375 0.5830078125 0.4287109375 0.587890625 0.4267578125
5 0.63916015625 0.3779296875 0.642578125 0.375 0.65234375 0.376953125 0.66455078125 0.376953125 0.6826171875 0.3779296875 0.69677734375 0.380859375 0.70849609375 0.390625 0.66748046875 0.52734375 0.64794921875 0.5224609375 0.642578125 0.5234375 0.64111328125 0.525390625 0.6396484375 0.5390625 0.6376953125 0.54296875 0.6318359375 0.5458984375 0.62646484375 0.54296875 0.6240234375 0.5341796875 0.62353515625 0.53125 0.61474609375 0.5283203125 0.61279296875 0.5224609375 0.6123046875 0.5068359375 0.61279296875 0.4716796875 0.6142578125 0.451171875 0.6162109375 0.4453125 0.619140625 0.4384765625 0.6171875 0.4326171875 0.6162109375 0.4267578125 0.6181640625 0.419921875 0.62109375 0.421875 0.62158203125 0.427734375 0.625 0.4169921875 0.62890625 0.40234375 0.63330078125 0.3876953125 0.63671875 0.3818359375
4 0.87109375 0.3916015625 0.87451171875 0.373046875 0.8759765625 0.345703125 0.87158203125 0.3359375 0.8544921875 0.3173828125 0.85009765625 0.310546875 0.85693359375 0.2939453125 0.8525390625 0.2802734375 0.84912109375 0.255859375 0.84375 0.2529296875 0.8447265625 0.2607421875 0.84375 0.28125 0.84033203125 0.2900390625 0.8359375 0.291015625 0.83251953125 0.283203125 0.82666015625 0.27734375 0.814453125 0.2744140625 0.80859375 0.26953125 0.80029296875 0.275390625 0.80078125 0.2861328125 0.798828125 0.302734375 0.79052734375 0.30859375 0.79296875 0.3193359375 0.7890625 0.330078125 0.78369140625 0.337890625 0.7744140625 0.3447265625 0.76708984375 0.3505859375 0.76171875 0.3427734375 0.7578125 0.3330078125 0.751953125 0.328125 0.7470703125 0.3212890625 0.7470703125 0.2998046875 0.74365234375 0.2939453125 0.74169921875 0.287109375 0.7421875 0.2783203125 0.74267578125 0.2705078125 0.7451171875 0.2685546875 0.7490234375 0.2548828125 0.7451171875 0.2509765625 0.73876953125 0.248046875 0.72802734375 0.2470703125 0.7216796875 0.2451171875 0.72119140625 0.2392578125 0.720703125 0.22265625 0.71728515625 0.2109375 0.71728515625 0.2060546875 0.72119140625 0.1943359375 0.72119140625 0.1884765625 0.7216796875 0.1787109375 0.72412109375 0.166015625 0.73095703125 0.15625 0.7275390625 0.138671875 0.7275390625 0.1318359375 0.72900390625 0.12109375 0.7314453125 0.1103515625 0.72509765625 0.0908203125 0.716796875 0.0849609375 0.71484375 0.0771484375 0.70947265625 0.064453125 0.705078125 0.0537109375 0.70166015625 0.04296875 0.697265625 0.0302734375 0.697265625 0.01953125 0.69921875 0.0087890625 0.70361328125 0.00390625 0.70654296875 0.0009765625 0.9990234375 0.0009765625 0.998046875 0.3251953125 0.98681640625 0.3251953125 0.97412109375 0.3271484375 0.96435546875 0.326171875 0.9560546875 0.3251953125 0.9453125 0.328125 0.9267578125 0.333984375 0.9130859375 0.341796875 0.9091796875 0.337890625 0.908203125 0.3291015625 0.904296875 0.3251953125 0.90771484375 0.3125 0.90185546875 0.3115234375 0.8984375 0.3173828125 0.900390625 0.333984375 0.8994140625 0.33984375 0.89794921875 0.349609375 0.89404296875 0.3525390625 0.88916015625 0.3818359375
4 0.8876953125 0.39453125 0.8896484375 0.37109375 0.89453125 0.36328125 0.90966796875 0.3505859375 0.927734375 0.349609375 0.93896484375 0.3447265625 0.9462890625 0.33984375 0.955078125 0.341796875 0.96728515625 0.3427734375 0.97705078125 0.3427734375 0.98095703125 0.3466796875 0.98828125 0.3486328125 0.9931640625 0.3359375 0.99755859375 0.3349609375 0.99951171875 0.337890625 0.99951171875 0.4384765625
4 0.7998046875 0.4521484375 0.80859375 0.4287109375 0.810546875 0.4189453125 0.81005859375 0.4091796875 0.8115234375 0.396484375 0.8173828125 0.388671875 0.82666015625 0.380859375 0.82763671875 0.373046875 0.826171875 0.3564453125 0.8271484375 0.3359375 0.8271484375 0.318359375 0.828125 0.306640625 0.8310546875 0.30078125 0.8349609375 0.296875 0.8388671875 0.310546875 0.84423828125 0.3134765625 0.84619140625 0.3154296875 0.84619140625 0.30078125 0.84765625 0.2890625 0.8515625 0.294921875 0.8564453125 0.296875 0.86083984375 0.296875 0.86572265625 0.2939453125 0.87060546875 0.2958984375 0.8740234375 0.328125 0.8759765625 0.3427734375 0.87548828125 0.37890625 0.87841796875 0.373046875 0.880859375 0.3544921875 0.880859375 0.341796875 0.8818359375 0.333984375 0.88525390625 0.3388671875 0.88916015625 0.3759765625 0.88916015625 0.3935546875 0.828125 0.4599609375 0.8134765625 0.466796875
5 0.70751953125 0.3837890625 0.71826171875 0.3828125 0.724609375 0.3837890625 0.72998046875 0.3876953125 0.74755859375 0.3876953125 0.75927734375 0.3876953125 0.7666015625 0.3818359375 0.78125 0.3857421875 0.78759765625 0.3916015625 0.791015625 0.3955078125 0.79736328125 0.4033203125 0.80419921875 0.4248046875 0.81201171875 0.453125 0.81787109375 0.4775390625 0.78759765625 0.5693359375 0.7392578125 0.564453125 0.71435546875 0.568359375 0.7119140625 0.587890625 0.70068359375 0.5888671875 0.6943359375 0.5869140625 0.69091796875 0.576171875 0.69091796875 0.55859375 0.68017578125 0.5517578125 0.67822265625 0.564453125 0.66357421875 0.5625 0.66064453125 0.5478515625 0.66015625 0.5361328125 0.66015625 0.5185546875 0.6611328125 0.4970703125 0.66357421875 0.4833984375 0.67041015625 0.4609375 0.66455078125 0.4599609375 0.662109375 0.4521484375 0.6640625 0.4453125 0.67333984375 0.4443359375 0.67626953125 0.4501953125 0.677734375 0.4501953125 0.68212890625 0.4306640625 0.6884765625 0.41015625 0.69677734375 0.3974609375 0.70361328125 0.388671875 0.705078125 0.38671875
5 0.83349609375 0.4228515625 0.8447265625 0.4013671875 0.85400390625 0.388671875 0.87744140625 0.375 0.90185546875 0.3671875 0.9345703125 0.365234375 0.98583984375 0.36328125 0.99853515625 0.36328125 0.99853515625 0.7138671875 0.96044921875 0.712890625 0.94970703125 0.7216796875 0.9296875 0.7236328125 0.9169921875 0.72265625 0.9130859375 0.7529296875 0.9091796875 0.7705078125 0.88671875 0.7685546875 0.876953125 0.759765625 0.87158203125 0.7333984375 0.869140625 0.71875 0.86669921875 0.6982421875 0.8271484375 0.66796875 0.8251953125 0.681640625 0.81982421875 0.689453125 0.80859375 0.6884765625 0.796875 0.6845703125 0.78759765625 0.66796875 0.78271484375 0.6337890625 0.7841796875 0.607421875 0.7880859375 0.583984375 0.7890625 0.556640625 0.79248046875 0.533203125 0.794921875 0.5166015625 0.8056640625 0.4951171875 0.80029296875 0.4931640625 0.796875 0.4873046875 0.796875 0.4765625 0.79931640625 0.466796875 0.81494140625 0.4638671875 0.8154296875 0.4775390625 0.8203125 0.4658203125 0.82861328125 0.4365234375
5 0.412109375 0.421875 0.4248046875 0.4228515625 0.4267578125 0.427734375 0.4306640625 0.44921875 0.43017578125 0.462890625 0.4296875 0.4736328125 0.42724609375 0.4736328125 0.42138671875 0.4716796875 0.41943359375 0.466796875 0.40869140625 0.46484375 0.41015625 0.431640625 0.41064453125 0.427734375
4 0.4775390625 0.3544921875 0.4794921875 0.3427734375 0.48828125 0.341796875 0.4990234375 0.3466796875 0.49755859375 0.369140625 0.48974609375 0.39453125 0.484375 0.412109375 0.478515625 0.4130859375 0.4716796875 0.3935546875 0.47607421875 0.369140625
