0 0.0 0.5908203125 0.455078125 0.37890625 0.5546875 0.380859375 0.99951171875 0.8427734375 0.9990234375 1.0 0.0009765625 1.0
1 0.3876953125 0.4228515625 0.44775390625 0.3876953125 0.5439453125 0.380859375 0.52783203125 0.400390625 0.50634765625 0.4013671875 0.486328125 0.4033203125 0.47705078125 0.4052734375 0.47021484375 0.412109375 0.46533203125 0.4248046875 0.4609375 0.4326171875 0.45849609375 0.451171875 0.4521484375 0.4541015625 0.42529296875 0.4560546875 0.421875 0.466796875 0.4130859375 0.486328125 0.4033203125 0.50390625 0.3798828125 0.5205078125 0.35400390625 0.5400390625 0.34716796875 0.5478515625 0.3623046875 0.5546875 0.39404296875 0.564453125 0.4111328125 0.568359375 0.41552734375 0.57421875 0.4130859375 0.5810546875 0.390625 0.62109375 0.38134765625 0.63671875 0.37109375 0.64453125 0.3076171875 0.66015625 0.2099609375 0.685546875 0.19091796875 0.69140625 0.16748046875 0.5302734375 0.30029296875 0.4482421875
1 0.55712890625 0.427734375 0.61474609375 0.4296875 0.7958984375 0.509765625 0.9990234375 0.6005859375 0.99853515625 0.89453125 0.60791015625 0.51953125 0.568359375 0.46875
2 0.0 0.0009765625 0.4716796875 0.0029296875 0.4716796875 0.0556640625 0.4755859375 0.0556640625 0.4765625 0.052734375 0.47900390625 0.052734375 0.47998046875 0.0166015625 0.482421875 0.0166015625 0.48291015625 0.0517578125 0.48681640625 0.0546875 0.49755859375 0.0673828125 0.5087890625 0.0654296875 0.5087890625 0.0546875 0.5107421875 0.0546875 0.5107421875 0.0634765625 0.52099609375 0.0625 0.5234375 0.078125 0.53271484375 0.078125 0.53515625 0.0849609375 0.5380859375 0.0849609375 0.556640625 0.109375 0.54638671875 0.390625 0.51025390625 0.3916015625 0.4775390625 0.3974609375 0.46484375 0.3974609375 0.455078125 0.400390625 0.44921875 0.4013671875 0.43310546875 0.4013671875 0.42041015625 0.4228515625 0.4140625 0.44140625 0.40380859375 0.4521484375 0.37890625 0.451171875 0.3681640625 0.4560546875 0.3623046875 0.462890625 0.35498046875 0.4755859375 0.349609375 0.4814453125 0.3447265625 0.484375 0.3095703125 0.482421875 0.294921875 0.49609375 0.259765625 0.4921875 0.21826171875 0.525390625 0.18408203125 0.55859375 0.0 0.619140625
4 0.47265625 0.396484375 0.474609375 0.384765625 0.4736328125 0.3779296875 0.4755859375 0.36328125 0.47900390625 0.361328125 0.47900390625 0.3505859375 0.47412109375 0.3466796875 0.46923828125 0.3466796875 0.46630859375 0.3447265625 0.46630859375 0.3232421875 0.46630859375 0.296875 0.46923828125 0.2783203125 0.47265625 0.271484375 0.47216796875 0.265625 0.47314453125 0.2578125 0.48046875 0.248046875 0.48828125 0.2470703125 0.48974609375 0.2568359375 0.49169921875 0.2646484375 0.4970703125 0.2685546875 0.49755859375 0.27734375 0.498046875 0.2861328125 0.49609375 0.2978515625 0.49853515625 0.3046875 0.49853515625 0.314453125 0.49560546875 0.3232421875 0.498046875 0.3310546875 0.49755859375 0.3408203125 0.494140625 0.34765625 0.4833984375 0.3466796875 0.484375 0.3671875 0.4892578125 0.36328125 0.494140625 0.36328125 0.4990234375 0.3681640625 0.50439453125 0.3671875 0.50927734375 0.369140625 0.51220703125 0.380859375 0.5107421875 0.3876953125 0.5068359375 0.3984375 0.501953125 0.3984375 0.4912109375 0.3984375 0.484375 0.3984375 0.47412109375 0.3974609375
2 0.5380859375 0.0009765625 0.87255859375 0.0009765625 0.86962890625 0.5712890625 0.6982421875 0.4716796875 0.6328125 0.45703125 0.59130859375 0.4365234375 0.5517578125 0.4130859375 0.544921875 0.39453125 0.54443359375 0.24609375 0.5419921875 0.2392578125 0.541015625 0.1298828125 0.53662109375 0.1298828125
3 0.59326171875 0.3251953125 0.56201171875 0.3525390625 0.564453125 0.3974609375 0.5927734375 0.3740234375
4 0.5703125 0.39453125 0.5732421875 0.3896484375 0.57421875 0.3818359375 0.57666015625 0.376953125 0.58056640625 0.3740234375 0.58349609375 0.3740234375 0.58740234375 0.3740234375 0.58984375 0.3828125 0.591796875 0.3916015625 0.5947265625 0.3984375 0.56884765625 0.400390625 0.56982421875 0.392578125
5 0.65869140625 0.4072265625 0.6640625 0.392578125 0.67041015625 0.3779296875 0.68017578125 0.37109375 0.697265625 0.3671875 0.71142578125 0.365234375 0.72119140625 0.365234375 0.728515625 0.3701171875 0.7353515625 0.3876953125 0.7412109375 0.3935546875 0.75048828125 0.3955078125 0.75537109375 0.40234375 0.76123046875 0.4287109375 0.716796875 0.484375 0.67333984375 0.4775390625 0.66357421875 0.4765625 0.6630859375 0.484375 0.658203125 0.486328125 0.6533203125 0.4384765625 0.65576171875 0.4169921875
5 0.72900390625 0.4755859375 0.72802734375 0.4423828125 0.7373046875 0.4404296875 0.73876953125 0.435546875 0.75 0.4296875 0.75341796875 0.4228515625 0.76318359375 0.419921875 0.7646484375 0.423828125 0.787109375 0.427734375 0.78662109375 0.44140625
4 0.83447265625 0.41015625 0.8359375 0.400390625 0.845703125 0.38671875 0.84375 0.3828125 0.8408203125 0.390625 0.84033203125 0.38671875 0.837890625 0.3828125 0.83251953125 0.3837890625 0.8271484375 0.3828125 0.826171875 0.37109375 0.8310546875 0.361328125 0.8388671875 0.357421875 0.84912109375 0.3544921875 0.85498046875 0.353515625 0.85888671875 0.349609375 0.85693359375 0.3330078125 0.853515625 0.3203125 0.8515625 0.328125 0.8515625 0.330078125 0.85009765625 0.3349609375 0.8486328125 0.3291015625 0.84423828125 0.328125 0.84130859375 0.3310546875 0.83447265625 0.322265625 0.83447265625 0.3095703125 0.83935546875 0.30078125 0.84228515625 0.2998046875 0.84521484375 0.294921875 0.8505859375 0.2880859375 0.85986328125 0.2841796875 0.8662109375 0.283203125 0.8671875 0.291015625 0.86474609375 0.41015625
2 0.86083984375 0.1201171875 0.849609375 0.119140625 0.849609375 0.001953125 0.9990234375 0.0009765625 0.99951171875 0.6650390625 0.9208984375 0.630859375 0.88623046875 0.634765625 0.8623046875 0.619140625 0.8271484375 0.59765625 0.8271484375 0.5712890625 0.8486328125 0.5703125 0.85107421875 0.5439453125 0.86279296875 0.5458984375
5 0.05615234375 0.0166015625 0.10595703125 0.0556640625 0.13916015625 0.083984375 0.158203125 0.1015625 0.162109375 0.1220703125 0.171875 0.1875 0.17529296875 0.2626953125 0.177734375 0.3115234375 0.18310546875 0.4189453125 0.185546875 0.4677734375 0.189453125 0.552734375 0.18994140625 0.587890625 0.19287109375 0.6162109375 0.19384765625 0.7021484375 0.19091796875 0.7490234375 0.18798828125 0.7900390625 0.17822265625 0.8291015625 0.169921875 0.849609375 0.16845703125 0.87890625 0.1650390625 0.947265625 0.1611328125 0.98046875 0.15625 0.9990234375 0.0 1.0 0.0 0.0009765625 0.03369140625 0.0009765625 0.04296875 0.005859375 0.05224609375 0.013671875
