0 0.0009765625 0.44921875 0.63525390625 0.3935546875 0.74462890625 0.41015625 0.80419921875 0.408203125 0.8212890625 0.42578125 0.861328125 0.4873046875 0.99951171875 0.556640625 0.99951171875 1.0 0.0 1.0
1 0.22265625 0.4765625 0.19775390625 0.4833984375 0.12451171875 0.494140625 0.05810546875 0.5048828125 0.0498046875 0.4560546875 0.21923828125 0.453125
4 0.0009765625 0.0009765625 0.60205078125 0.001953125 0.60400390625 0.0048828125 0.6015625 0.0087890625 0.599609375 0.013671875 0.59765625 0.0146484375 0.599609375 0.0185546875 0.6005859375 0.021484375 0.60009765625 0.0244140625 0.6005859375 0.029296875 0.60107421875 0.037109375 0.6015625 0.04296875 0.6015625 0.048828125 0.6015625 0.0546875 0.60693359375 0.060546875 0.61083984375 0.0654296875 0.61083984375 0.0673828125 0.61083984375 0.072265625 0.61279296875 0.072265625 0.6181640625 0.0693359375 0.625 0.0712890625 0.62939453125 0.0703125 0.63037109375 0.072265625 0.63037109375 0.08203125 0.63232421875 0.0908203125 0.63671875 0.087890625 0.642578125 0.087890625 0.64404296875 0.0888671875 0.64306640625 0.09765625 0.642578125 0.1025390625 0.64404296875 0.1083984375 0.6416015625 0.1201171875 0.64208984375 0.1318359375 0.6416015625 0.138671875 0.64794921875 0.1376953125 0.64892578125 0.1396484375 0.650390625 0.1484375 0.6552734375 0.1484375 0.6552734375 0.1552734375 0.6572265625 0.1611328125 0.65966796875 0.1640625 0.6611328125 0.16796875 0.66650390625 0.1748046875 0.66748046875 0.17578125 0.66748046875 0.1826171875 0.67138671875 0.189453125 0.67236328125 0.189453125 0.67626953125 0.1875 0.681640625 0.1982421875 0.68505859375 0.2041015625 0.6865234375 0.212890625 0.68896484375 0.2119140625 0.69873046875 0.2119140625 0.69921875 0.2080078125 0.7041015625 0.20703125 0.70654296875 0.2109375 0.71044921875 0.2060546875 0.71630859375 0.2060546875 0.72412109375 0.2060546875 0.72412109375 0.2001953125 0.73291015625 0.1953125 0.7353515625 0.1923828125 0.73681640625 0.1865234375 0.7421875 0.18359375 0.74658203125 0.1943359375 0.7509765625 0.1923828125 0.755859375 0.189453125 0.765625 0.1943359375 0.77099609375 0.205078125 0.775390625 0.21484375 0.77978515625 0.2255859375 0.78466796875 0.228515625 0.7939453125 0.2314453125 0.80712890625 0.23828125 0.8134765625 0.240234375 0.8134765625 0.2490234375 0.81640625 0.2548828125 0.81787109375 0.26171875 0.81982421875 0.2578125 0.8232421875 0.25 0.8251953125 0.244140625 0.8330078125 0.244140625 0.8388671875 0.2431640625 0.84521484375 0.2431640625 0.845703125 0.232421875 0.84619140625 0.22265625 0.8505859375 0.2177734375 0.857421875 0.2216796875 0.861328125 0.2216796875 0.86181640625 0.23046875 0.86474609375 0.234375 0.8662109375 0.2294921875 0.869140625 0.228515625 0.869140625 0.2255859375 0.87158203125 0.2177734375 0.87646484375 0.2099609375 0.88134765625 0.203125 0.8896484375 0.2041015625 0.89453125 0.2041015625 0.89501953125 0.2138671875 0.8984375 0.216796875 0.90087890625 0.22265625 0.90380859375 0.2294921875 0.9072265625 0.2314453125 0.90966796875 0.2236328125 0.9111328125 0.2177734375 0.91259765625 0.2119140625 0.91748046875 0.2109375 0.92529296875 0.212890625 0.93115234375 0.2138671875 0.93505859375 0.216796875 0.93896484375 0.2138671875 0.9501953125 0.21875 0.95068359375 0.4150390625 0.80712890625 0.4140625 0.77587890625 0.416015625 0.68994140625 0.4130859375 0.5966796875 0.4287109375 0.5517578125 0.4326171875 0.4853515625 0.4404296875 0.21044921875 0.4638671875 0.15869140625 0.4658203125 0.0966796875 0.46875 0.0 0.466796875
5 0.4599609375 0.404296875 0.4736328125 0.404296875 0.482421875 0.419921875 0.4853515625 0.4228515625 0.48583984375 0.4375 0.4853515625 0.4482421875 0.4853515625 0.451171875 0.4599609375 0.4482421875
5 0.58203125 0.3896484375 0.59521484375 0.390625 0.59814453125 0.3955078125 0.60107421875 0.41015625 0.60205078125 0.4267578125 0.60205078125 0.4365234375 0.58251953125 0.4326171875 0.580078125 0.4033203125
5 0.5595703125 0.3916015625 0.580078125 0.3916015625 0.5849609375 0.4052734375 0.59033203125 0.404296875 0.59228515625 0.4169921875 0.59228515625 0.423828125 0.58837890625 0.43359375 0.56396484375 0.4375 0.5546875 0.4384765625 0.54833984375 0.4384765625 0.54931640625 0.4140625 0.55615234375 0.4052734375
4 0.88671875 0.369140625 0.8984375 0.373046875 0.9033203125 0.3720703125 0.90478515625 0.365234375 0.92236328125 0.361328125 0.9375 0.359375 0.94921875 0.3603515625 0.94580078125 0.416015625 0.888671875 0.4052734375
2 0.935546875 0.162109375 0.94580078125 0.12109375 0.96044921875 0.1044921875 0.990234375 0.001953125 0.99951171875 0.0009765625 0.99951171875 0.4580078125 0.95556640625 0.4609375 0.9443359375 0.453125 0.9443359375 0.4462890625 0.95068359375 0.44140625 0.95068359375 0.4296875 0.94580078125 0.408203125 0.9443359375 0.1787109375 0.9365234375 0.1728515625 0.93603515625 0.1669921875
3 0.95361328125 0.408203125 0.95458984375 0.4453125 0.943359375 0.43359375 0.91162109375 0.4287109375 0.9052734375 0.4267578125 0.8876953125 0.427734375 0.8876953125 0.40234375 0.91357421875 0.400390625 0.9462890625 0.3994140625
4 0.98095703125 0.408203125 0.98095703125 0.4013671875 0.98388671875 0.392578125 0.98876953125 0.38671875 0.99462890625 0.38671875 0.99853515625 0.3876953125 0.99951171875 0.388671875 0.99853515625 0.42578125 0.984375 0.423828125 0.982421875 0.419921875 0.9814453125 0.416015625
2 0.888671875 0.35546875 0.88916015625 0.421875 0.85595703125 0.38671875 0.85498046875 0.3662109375 0.85107421875 0.361328125 0.861328125 0.3583984375 0.8818359375 0.35546875
5 0.79443359375 0.4013671875 0.79833984375 0.39453125 0.80517578125 0.3955078125 0.80029296875 0.416015625 0.796875 0.416015625 0.7958984375 0.41796875 0.79345703125 0.41796875 0.79296875 0.412109375 0.79296875 0.4052734375
5 0.80908203125 0.3935546875 0.81689453125 0.3935546875 0.8115234375 0.42578125 0.80615234375 0.42578125 0.80615234375 0.4306640625 0.80419921875 0.4296875 0.80419921875 0.427734375 0.80224609375 0.42578125 0.8017578125 0.4296875 0.798828125 0.4296875 0.798828125 0.4189453125 0.7998046875 0.40625 0.802734375 0.396484375 0.8056640625 0.39453125
5 0.82080078125 0.3818359375 0.84326171875 0.376953125 0.85693359375 0.376953125 0.86572265625 0.384765625 0.8759765625 0.408203125 0.82373046875 0.443359375 0.81591796875 0.4453125 0.81298828125 0.4375 0.81103515625 0.4375 0.80908203125 0.431640625 0.80908203125 0.421875 0.810546875 0.41015625 0.81396484375 0.39453125 0.81787109375 0.3837890625
5 0.83251953125 0.392578125 0.85791015625 0.3896484375 0.86669921875 0.3955078125 0.873046875 0.404296875 0.8828125 0.41015625 0.890625 0.416015625 0.8916015625 0.42578125 0.89111328125 0.431640625 0.89013671875 0.4384765625 0.88671875 0.4404296875 0.8857421875 0.4462890625 0.880859375 0.4462890625 0.87744140625 0.44140625 0.86572265625 0.4404296875 0.865234375 0.4462890625 0.86474609375 0.44921875 0.8603515625 0.44921875 0.857421875 0.4462890625 0.85595703125 0.443359375 0.849609375 0.443359375 0.84765625 0.4501953125 0.84716796875 0.451171875 0.84130859375 0.451171875 0.83984375 0.44921875 0.83837890625 0.4462890625 0.837890625 0.4443359375 0.828125 0.4453125 0.82666015625 0.44921875 0.8251953125 0.4521484375 0.8203125 0.453125 0.81591796875 0.447265625 0.8154296875 0.427734375 0.8154296875 0.4189453125 0.81884765625 0.404296875 0.82373046875 0.396484375 0.82958984375 0.392578125
5 0.74267578125 0.39453125 0.75 0.390625 0.75732421875 0.390625 0.76123046875 0.392578125 0.765625 0.3984375 0.7587890625 0.419921875 0.75146484375 0.41796875
5 0.7568359375 0.396484375 0.7646484375 0.39453125 0.76904296875 0.39453125 0.7724609375 0.396484375 0.77783203125 0.4052734375 0.7802734375 0.4091796875 0.7822265625 0.4130859375 0.78125 0.419921875 0.77978515625 0.423828125 0.7783203125 0.42578125 0.77734375 0.42578125 0.77685546875 0.419921875 0.7724609375 0.421875 0.7724609375 0.42578125 0.76953125 0.42578125 0.7685546875 0.421875 0.7646484375 0.421875 0.76416015625 0.42578125 0.76220703125 0.42578125 0.759765625 0.421875 0.7548828125 0.421875 0.751953125 0.40625 0.75341796875 0.4013671875 0.7548828125 0.3994140625
5 0.63037109375 0.4111328125 0.634765625 0.396484375 0.63818359375 0.3916015625 0.64892578125 0.3896484375 0.65380859375 0.390625 0.658203125 0.3955078125 0.66064453125 0.408203125 0.658203125 0.42578125 0.62744140625 0.4267578125 0.626953125 0.4228515625 0.6279296875 0.4140625
5 0.6728515625 0.390625 0.6796875 0.390625 0.685546875 0.392578125 0.689453125 0.400390625 0.67919921875 0.4482421875 0.6669921875 0.447265625 0.66650390625 0.4521484375 0.66357421875 0.451171875 0.662109375 0.447265625 0.65966796875 0.4462890625 0.65966796875 0.453125 0.65576171875 0.4521484375 0.6552734375 0.4375 0.6552734375 0.421875 0.6591796875 0.400390625 0.66162109375 0.39453125 0.66650390625 0.390625 0.67138671875 0.390625
5 0.7158203125 0.3896484375 0.734375 0.3896484375 0.73828125 0.390625 0.73974609375 0.3876953125 0.7431640625 0.384765625 0.74560546875 0.3896484375 0.7490234375 0.396484375 0.75537109375 0.4189453125 0.7607421875 0.4404296875 0.76416015625 0.466796875 0.76416015625 0.5029296875 0.763671875 0.5234375 0.76220703125 0.525390625 0.75244140625 0.5234375 0.75146484375 0.513671875 0.74365234375 0.5126953125 0.7392578125 0.5068359375 0.701171875 0.505859375 0.69384765625 0.5126953125 0.6884765625 0.513671875 0.6884765625 0.525390625 0.681640625 0.5244140625 0.6767578125 0.51953125 0.67578125 0.5068359375 0.67578125 0.478515625 0.67529296875 0.451171875 0.677734375 0.4423828125 0.6787109375 0.4384765625 0.6767578125 0.4384765625 0.67041015625 0.4375 0.6708984375 0.42578125 0.6796875 0.423828125 0.68310546875 0.423828125 0.68505859375 0.4130859375 0.68994140625 0.396484375 0.69287109375 0.388671875 0.69580078125 0.3857421875 0.6982421875 0.390625 0.708984375 0.388671875
4 0.47021484375 0.44921875 0.46435546875 0.46484375 0.45556640625 0.4853515625 0.45556640625 0.490234375 0.44384765625 0.4951171875 0.43701171875 0.48828125 0.42333984375 0.4794921875 0.4091796875 0.462890625 0.396484375 0.4599609375 0.40087890625 0.4775390625 0.40283203125 0.5 0.40234375 0.51171875 0.3994140625 0.513671875 0.39501953125 0.5185546875 0.388671875 0.5234375 0.375 0.5224609375 0.37109375 0.5244140625 0.37060546875 0.5185546875 0.359375 0.5068359375 0.3408203125 0.50390625 0.318359375 0.498046875 0.3076171875 0.4853515625 0.30712890625 0.4853515625 0.3095703125 0.4794921875 0.31005859375 0.462890625 0.3134765625 0.44921875 0.3134765625 0.4423828125 0.32080078125 0.43359375 0.3330078125 0.4296875 0.33837890625 0.4248046875 0.341796875 0.41796875 0.35400390625 0.41015625 0.361328125 0.4111328125 0.3828125 0.4111328125 0.38427734375 0.404296875 0.388671875 0.404296875 0.392578125 0.40625 0.39111328125 0.4189453125 0.390625 0.4287109375 0.39208984375 0.4365234375 0.3974609375 0.4306640625 0.40087890625 0.4248046875 0.4033203125 0.412109375 0.4033203125 0.4013671875 0.408203125 0.3935546875 0.4072265625 0.384765625 0.408203125 0.3759765625 0.4130859375 0.37890625 0.41748046875 0.376953125 0.419921875 0.3720703125 0.42529296875 0.373046875 0.427734375 0.373046875 0.43505859375 0.3671875 0.43896484375 0.3662109375 0.44091796875 0.37109375 0.44189453125 0.373046875 0.4453125 0.3740234375 0.44873046875 0.376953125 0.45458984375 0.3798828125 0.45751953125 0.380859375 0.46044921875 0.3779296875 0.4638671875 0.380859375 0.46337890625 0.38671875 0.46240234375 0.3935546875 0.46728515625 0.4033203125 0.46728515625 0.41796875 0.46875 0.427734375 0.46875 0.4326171875 0.4697265625 0.4423828125 0.46728515625 0.4462890625 0.47021484375 0.44921875
4 0.1279296875 0.50390625 0.1298828125 0.513671875 0.1103515625 0.556640625 0.0908203125 0.578125 0.0703125 0.57421875 0.04052734375 0.548828125 0.033203125 0.564453125 0.0361328125 0.580078125 0.025390625 0.6123046875 0.00634765625 0.611328125 0.00048828125 0.6103515625 0.00048828125 0.4111328125 0.00048828125 0.29296875 0.00341796875 0.2900390625 0.013671875 0.2919921875 0.0166015625 0.296875 0.02099609375 0.2958984375 0.0234375 0.2880859375 0.029296875 0.2880859375 0.0341796875 0.2998046875 0.029296875 0.3251953125 0.03466796875 0.333984375 0.03515625 0.3466796875 0.03515625 0.36328125 0.04296875 0.365234375 0.0439453125 0.3544921875 0.0439453125 0.3359375 0.048828125 0.318359375 0.05224609375 0.3115234375 0.05419921875 0.296875 0.0556640625 0.2890625 0.0576171875 0.2880859375 0.06103515625 0.2880859375 0.06982421875 0.2939453125 0.07666015625 0.296875 0.080078125 0.302734375 0.080078125 0.3125 0.07763671875 0.3203125 0.08349609375 0.3251953125 0.09130859375 0.3330078125 0.09228515625 0.3447265625 0.08544921875 0.3466796875 0.07568359375 0.3466796875 0.07568359375 0.357421875 0.08935546875 0.36328125 0.09765625 0.373046875 0.1025390625 0.3740234375 0.1044921875 0.3818359375 0.10595703125 0.38671875 0.10302734375 0.39453125 0.099609375 0.400390625 0.10009765625 0.40625 0.10205078125 0.41015625 0.09814453125 0.419921875 0.09375 0.4248046875 0.0986328125 0.4375 0.1044921875 0.4423828125 0.107421875 0.4453125 0.10986328125 0.44921875 0.11083984375 0.4560546875 0.111328125 0.462890625 0.10693359375 0.470703125 0.09912109375 0.474609375 0.1025390625 0.484375 0.11083984375 0.486328125 0.109375 0.4951171875 0.111328125 0.5068359375 0.12158203125 0.501953125 0.1279296875 0.50390625
