0 0.0 0.55859375 0.35546875 0.439453125 0.41455078125 0.3876953125 0.4248046875 0.3818359375 0.45849609375 0.3720703125 0.48779296875 0.375 0.56787109375 0.4462890625 0.99951171875 0.6103515625 0.99951171875 1.0 0.0 1.0
4 0.38916015625 0.23046875 0.408203125 0.2373046875 0.41748046875 0.236328125 0.42578125 0.2353515625 0.427734375 0.2353515625 0.4296875 0.2314453125 0.43603515625 0.2314453125 0.44482421875 0.2314453125 0.45166015625 0.2314453125 0.45654296875 0.236328125 0.4609375 0.236328125 0.46630859375 0.2333984375 0.4794921875 0.2294921875 0.48828125 0.228515625 0.494140625 0.228515625 0.49560546875 0.232421875 0.49609375 0.236328125 0.51708984375 0.236328125 0.52587890625 0.234375 0.5166015625 0.384765625 0.45361328125 0.3818359375 0.40185546875 0.3740234375
2 0.4208984375 0.28515625 0.42724609375 0.28515625 0.4482421875 0.2998046875 0.44677734375 0.3056640625 0.44677734375 0.37890625 0.41650390625 0.3818359375 0.41650390625 0.3349609375 0.41650390625 0.28515625
4 0.4404296875 0.3349609375 0.44091796875 0.330078125 0.44091796875 0.322265625 0.4423828125 0.31640625 0.44677734375 0.318359375 0.45068359375 0.314453125 0.4541015625 0.3134765625 0.458984375 0.30859375 0.46484375 0.3095703125 0.46728515625 0.3154296875 0.4697265625 0.3251953125 0.47119140625 0.3466796875 0.46826171875 0.3525390625 0.46826171875 0.3564453125 0.46875 0.3603515625 0.46728515625 0.3662109375 0.45947265625 0.373046875 0.45654296875 0.373046875 0.45361328125 0.3798828125 0.44189453125 0.380859375 0.4375 0.3701171875 0.43505859375 0.3603515625 0.43505859375 0.349609375 0.43603515625 0.34375 0.4375 0.33984375 0.431640625 0.333984375 0.43359375 0.33203125 0.43701171875 0.33203125
5 0.46484375 0.390625 0.46484375 0.3837890625 0.4658203125 0.376953125 0.470703125 0.376953125 0.47265625 0.3828125 0.47314453125 0.390625
1 0.50146484375 0.3798828125 0.57763671875 0.4140625 0.7119140625 0.447265625 0.99951171875 0.5068359375 0.9990234375 0.6953125 0.8857421875 0.640625 0.69482421875 0.5322265625 0.5947265625 0.47265625 0.56591796875 0.45703125 0.5380859375 0.4404296875 0.5146484375 0.4208984375 0.48193359375 0.3837890625
2 0.52099609375 0.2451171875 0.54443359375 0.2451171875 0.54345703125 0.4013671875 0.52490234375 0.404296875 0.51025390625 0.396484375 0.509765625 0.2802734375 0.51708984375 0.2724609375 0.51708984375 0.25
4 0.53857421875 0.3916015625 0.5322265625 0.390625 0.53173828125 0.3828125 0.5302734375 0.37890625 0.52978515625 0.365234375 0.53173828125 0.359375 0.5283203125 0.359375 0.52685546875 0.35546875 0.52685546875 0.3515625 0.52978515625 0.349609375 0.5283203125 0.3466796875 0.52294921875 0.345703125 0.5224609375 0.33984375 0.52294921875 0.3369140625 0.52734375 0.3349609375 0.5322265625 0.3271484375 0.52734375 0.3271484375 0.5205078125 0.326171875 0.517578125 0.322265625 0.517578125 0.3154296875 0.51953125 0.310546875 0.5146484375 0.3095703125 0.515625 0.2978515625 0.51513671875 0.291015625 0.51708984375 0.28515625 0.51708984375 0.28125 0.51806640625 0.27734375 0.52197265625 0.275390625 0.52392578125 0.271484375 0.52392578125 0.26953125 0.5244140625 0.267578125 0.529296875 0.265625 0.52734375 0.263671875 0.52392578125 0.2626953125 0.51953125 0.2646484375 0.5166015625 0.2607421875 0.5166015625 0.2587890625 0.51806640625 0.255859375 0.521484375 0.2548828125 0.52099609375 0.251953125 0.517578125 0.2548828125 0.51416015625 0.25390625 0.51220703125 0.251953125 0.5107421875 0.244140625 0.513671875 0.2353515625 0.51220703125 0.23046875 0.5146484375 0.216796875 0.51953125 0.2080078125 0.515625 0.2080078125 0.515625 0.2060546875 0.51806640625 0.2041015625 0.51708984375 0.1982421875 0.5146484375 0.1943359375 0.5126953125 0.189453125 0.5107421875 0.1806640625 0.51025390625 0.1728515625 0.51123046875 0.1689453125 0.5107421875 0.1611328125 0.51220703125 0.15625 0.51416015625 0.1533203125 0.5146484375 0.1484375 0.5107421875 0.1416015625 0.51123046875 0.1318359375 0.5166015625 0.1318359375 0.51904296875 0.1396484375 0.52197265625 0.13671875 0.52197265625 0.126953125 0.52685546875 0.119140625 0.5263671875 0.111328125 0.529296875 0.1044921875 0.53369140625 0.1044921875 0.53955078125 0.1162109375 0.544921875 0.1171875 0.5478515625 0.38671875
2 0.54150390625 0.0771484375 0.56396484375 0.080078125 0.5634765625 0.0703125 0.55810546875 0.0703125 0.560546875 0.0009765625 0.99951171875 0.0029296875 0.99853515625 0.533203125 0.9677734375 0.525390625 0.875 0.5107421875 0.84326171875 0.505859375 0.83349609375 0.4736328125 0.76953125 0.4853515625 0.65185546875 0.44921875 0.65185546875 0.4404296875 0.63525390625 0.4423828125 0.61572265625 0.439453125 0.6015625 0.439453125 0.57080078125 0.4248046875 0.54248046875 0.4072265625 0.541015625 0.3359375 0.5419921875 0.2138671875 0.537109375 0.21484375 0.537109375 0.2041015625 0.5439453125 0.19140625 0.54296875 0.1494140625 0.5390625 0.1484375
2 0.76318359375 0.1083984375 0.83251953125 0.0517578125 0.8896484375 0.0009765625 0.99853515625 0.0009765625 0.9990234375 0.0703125 0.9365234375 0.109375 0.9599609375 0.1181640625 0.953125 0.5087890625 0.87353515625 0.5126953125 0.87744140625 0.1708984375 0.7841796875 0.15234375 0.77978515625 0.1318359375 0.7919921875 0.1318359375 0.7919921875 0.1240234375 0.78662109375 0.1181640625 0.771484375 0.1162109375
4 0.986328125 0.404296875 0.98486328125 0.3896484375 0.98876953125 0.36328125 0.99072265625 0.3515625 0.99267578125 0.3359375 0.99951171875 0.330078125 0.99951171875 0.4892578125 0.9951171875 0.486328125 0.98828125 0.48046875 0.9833984375 0.48046875 0.97900390625 0.4765625 0.97900390625 0.458984375 0.97900390625 0.439453125 0.98388671875 0.43359375 0.98388671875 0.4150390625
4 0.45361328125 0.3896484375 0.45703125 0.3798828125 0.453125 0.376953125 0.44384765625 0.375 0.44091796875 0.3759765625 0.4365234375 0.376953125 0.43359375 0.37109375 0.43115234375 0.3662109375 0.427734375 0.3662109375 0.4248046875 0.369140625 0.42041015625 0.3701171875 0.42041015625 0.38671875 0.43896484375 0.3896484375 0.447265625 0.390625
1 0.0009765625 0.4619140625 0.19482421875 0.443359375 0.2958984375 0.4296875 0.35888671875 0.40234375 0.39013671875 0.40234375 0.41650390625 0.4013671875 0.4287109375 0.404296875 0.43310546875 0.40625 0.43310546875 0.41015625 0.4287109375 0.4150390625 0.41748046875 0.4150390625 0.3798828125 0.421875 0.3642578125 0.4365234375 0.36181640625 0.439453125 0.39599609375 0.44140625 0.39599609375 0.443359375 0.38134765625 0.455078125 0.3701171875 0.46484375 0.3515625 0.4755859375 0.3310546875 0.4912109375 0.314453125 0.494140625 0.29150390625 0.4931640625 0.24609375 0.4951171875 0.22216796875 0.505859375 0.12158203125 0.54296875 0.04736328125 0.5703125 0.0009765625 0.5908203125
4 0.0 0.001953125 0.43505859375 0.0029296875 0.43701171875 0.0068359375 0.43701171875 0.015625 0.43603515625 0.021484375 0.43603515625 0.0234375 0.4345703125 0.0302734375 0.43359375 0.0322265625 0.435546875 0.0361328125 0.4326171875 0.0400390625 0.4287109375 0.0439453125 0.43115234375 0.0517578125 0.43212890625 0.0556640625 0.43212890625 0.0595703125 0.43115234375 0.0654296875 0.42724609375 0.0673828125 0.42626953125 0.068359375 0.42724609375 0.072265625 0.43017578125 0.0751953125 0.4345703125 0.0830078125 0.435546875 0.0908203125 0.4365234375 0.1015625 0.4365234375 0.1142578125 0.4365234375 0.119140625 0.43994140625 0.119140625 0.43994140625 0.126953125 0.4345703125 0.12890625 0.4326171875 0.1328125 0.43310546875 0.1357421875 0.43212890625 0.142578125 0.43359375 0.1484375 0.43359375 0.1552734375 0.435546875 0.1630859375 0.43408203125 0.1640625 0.42822265625 0.15625 0.423828125 0.1435546875 0.42236328125 0.150390625 0.42431640625 0.1669921875 0.427734375 0.173828125 0.4296875 0.177734375 0.4267578125 0.18359375 0.4267578125 0.1875 0.4267578125 0.1923828125 0.42626953125 0.1943359375 0.42236328125 0.1943359375 0.4189453125 0.19140625 0.41357421875 0.19921875 0.40966796875 0.208984375 0.40673828125 0.208984375 0.40380859375 0.2041015625 0.4013671875 0.212890625 0.4013671875 0.22265625 0.4052734375 0.216796875 0.408203125 0.2177734375 0.408203125 0.228515625 0.408203125 0.23828125 0.41259765625 0.2421875 0.4189453125 0.259765625 0.42236328125 0.2841796875 0.42431640625 0.296875 0.427734375 0.310546875 0.4248046875 0.3212890625 0.42236328125 0.3291015625 0.4228515625 0.34375 0.42578125 0.353515625 0.4248046875 0.36328125 0.4208984375 0.37109375 0.41748046875 0.3740234375 0.4140625 0.373046875 0.4111328125 0.37109375 0.40625 0.3720703125 0.39892578125 0.3701171875 0.39892578125 0.3818359375 0.4013671875 0.3896484375 0.40234375 0.3994140625 0.36865234375 0.41015625 0.34912109375 0.4169921875 0.32763671875 0.42578125 0.31494140625 0.4296875 0.29296875 0.4384765625 0.21630859375 0.4580078125 0.14599609375 0.4677734375 0.08203125 0.474609375 0.013671875 0.4892578125 0.0009765625 0.490234375
2 0.21044921875 0.2939453125 0.3046875 0.29296875 0.32421875 0.302734375 0.32421875 0.318359375 0.3369140625 0.3232421875 0.33642578125 0.33203125 0.30419921875 0.3349609375 0.29931640625 0.421875 0.21484375 0.4033203125 0.20947265625 0.3076171875
4 0.1708984375 0.3681640625 0.17724609375 0.357421875 0.177734375 0.333984375 0.1767578125 0.3203125 0.18017578125 0.314453125 0.18603515625 0.30859375 0.193359375 0.3017578125 0.20166015625 0.3056640625 0.20654296875 0.30859375 0.21240234375 0.3046875 0.21337890625 0.296875 0.21826171875 0.2919921875 0.22265625 0.3017578125 0.2265625 0.2998046875 0.22998046875 0.294921875 0.23388671875 0.3017578125 0.23876953125 0.30859375 0.2421875 0.3056640625 0.2490234375 0.30859375 0.251953125 0.314453125 0.25390625 0.3203125 0.25439453125 0.328125 0.25732421875 0.3251953125 0.26220703125 0.3251953125 0.267578125 0.3232421875 0.27587890625 0.3203125 0.28076171875 0.32421875 0.28515625 0.328125 0.2900390625 0.3359375 0.29150390625 0.341796875 0.291015625 0.3466796875 0.28955078125 0.3466796875 0.28515625 0.3466796875 0.2861328125 0.353515625 0.287109375 0.359375 0.28662109375 0.365234375 0.28662109375 0.373046875 0.28857421875 0.3759765625 0.2890625 0.3857421875 0.28759765625 0.4052734375 0.21923828125 0.4580078125 0.197265625 0.46484375 0.17822265625 0.4619140625 0.17529296875 0.453125 0.169921875 0.4462890625 0.16357421875 0.4453125 0.15576171875 0.453125 0.15185546875 0.451171875 0.14697265625 0.435546875 0.14794921875 0.4189453125 0.1513671875 0.4072265625 0.15380859375 0.390625 0.16259765625 0.3828125 0.16796875 0.380859375 0.17138671875 0.3759765625
4 0.294921875 0.423828125 0.29638671875 0.404296875 0.3046875 0.283203125 0.306640625 0.2451171875 0.2978515625 0.25 0.2958984375 0.251953125 0.2958984375 0.2705078125 0.28955078125 0.28125 0.28662109375 0.2685546875 0.28369140625 0.2490234375 0.26318359375 0.2470703125 0.25048828125 0.2470703125 0.2373046875 0.2392578125 0.23193359375 0.2236328125 0.22900390625 0.203125 0.2333984375 0.1845703125 0.23828125 0.1572265625 0.2421875 0.1318359375 0.24462890625 0.1220703125 0.24365234375 0.115234375 0.2451171875 0.099609375 0.259765625 0.076171875 0.26708984375 0.0654296875 0.26708984375 0.0517578125 0.27099609375 0.044921875 0.283203125 0.0341796875 0.28857421875 0.0244140625 0.2890625 0.0146484375 0.29296875 0.0048828125 0.30224609375 0.0009765625 0.40185546875 0.0009765625 0.40673828125 0.013671875 0.41259765625 0.0224609375 0.416015625 0.0400390625 0.41650390625 0.052734375 0.4169921875 0.0595703125 0.416015625 0.0703125 0.41015625 0.08203125 0.40478515625 0.107421875 0.4052734375 0.115234375 0.40478515625 0.125 0.39697265625 0.1357421875 0.388671875 0.1484375 0.39111328125 0.1669921875 0.39208984375 0.1796875 0.39697265625 0.193359375 0.4013671875 0.201171875 0.40283203125 0.212890625 0.3994140625 0.22265625 0.3994140625 0.2333984375 0.3955078125 0.2431640625 0.39013671875 0.2490234375 0.3857421875 0.25 0.37939453125 0.2568359375 0.373046875 0.2587890625 0.36572265625 0.259765625 0.3544921875 0.263671875 0.3486328125 0.2607421875 0.34130859375 0.26171875 0.3359375 0.267578125 0.333984375 0.27734375 0.32958984375 0.279296875 0.3251953125 0.271484375 0.32275390625 0.2587890625 0.318359375 0.2529296875 0.314453125 0.251953125 0.31103515625 0.2939453125 0.30859375 0.326171875 0.30419921875 0.39453125 0.30517578125 0.431640625
5 0.40576171875 0.380859375 0.41162109375 0.3798828125 0.41748046875 0.3798828125 0.42041015625 0.380859375 0.42236328125 0.384765625 0.42333984375 0.404296875 0.4228515625 0.41796875 0.42236328125 0.421875 0.4189453125 0.421875 0.41845703125 0.419921875 0.40869140625 0.419921875 0.40380859375 0.39453125 0.4033203125 0.3916015625 0.40380859375 0.3828125
5 0.3935546875 0.390625 0.40625 0.392578125 0.41162109375 0.4033203125 0.41259765625 0.412109375 0.41259765625 0.4248046875 0.41259765625 0.4306640625 0.41064453125 0.431640625 0.40869140625 0.431640625 0.40771484375 0.4296875 0.40283203125 0.4296875 0.390625 0.396484375 0.3916015625 0.390625
5 0.38232421875 0.392578125 0.39208984375 0.392578125 0.39892578125 0.39453125 0.40283203125 0.4072265625 0.40478515625 0.416015625 0.40625 0.43359375 0.40283203125 0.4365234375 0.39794921875 0.431640625 0.384765625 0.40234375
5 0.38037109375 0.396484375 0.3837890625 0.3916015625 0.39453125 0.3935546875 0.39794921875 0.404296875 0.39990234375 0.4130859375 0.40087890625 0.4267578125 0.40087890625 0.435546875 0.3974609375 0.4375 0.392578125 0.435546875 0.38525390625 0.421875 0.380859375 0.40234375
5 0.380859375 0.3916015625 0.39013671875 0.3935546875 0.39208984375 0.3994140625 0.39599609375 0.41015625 0.39697265625 0.42578125 0.396484375 0.439453125 0.39404296875 0.44140625 0.390625 0.439453125 0.37109375 0.4365234375 0.36962890625 0.4384765625 0.3642578125 0.4375 0.3642578125 0.4208984375 0.3681640625 0.3994140625 0.37109375 0.3935546875 0.376953125 0.3916015625
5 0.248046875 0.376953125 0.26318359375 0.37890625 0.263671875 0.384765625 0.2626953125 0.390625 0.28564453125 0.392578125 0.29248046875 0.3955078125 0.296875 0.40625 0.29833984375 0.4140625 0.3017578125 0.419921875 0.3095703125 0.421875 0.3095703125 0.4296875 0.30908203125 0.43359375 0.31103515625 0.44140625 0.31201171875 0.4501953125 0.3125 0.46875 0.31201171875 0.486328125 0.31103515625 0.498046875 0.3095703125 0.4990234375 0.302734375 0.4990234375 0.3017578125 0.4892578125 0.2998046875 0.4892578125 0.29541015625 0.494140625 0.29541015625 0.5009765625 0.29541015625 0.505859375 0.29296875 0.5087890625 0.28662109375 0.5087890625 0.28564453125 0.5009765625 0.28515625 0.4951171875 0.255859375 0.4970703125 0.232421875 0.4990234375 0.232421875 0.5048828125 0.23046875 0.5087890625 0.22265625 0.5107421875 0.2197265625 0.5048828125 0.220703125 0.4931640625 0.21875 0.4814453125 0.21630859375 0.4697265625 0.21630859375 0.45703125 0.21826171875 0.4375 0.2197265625 0.427734375 0.224609375 0.4248046875 0.2314453125 0.408203125 0.23681640625 0.3974609375 0.2431640625 0.390625 0.24560546875 0.388671875 0.24560546875 0.37890625
