0 0.0068359375 0.6064453125 0.171875 0.5322265625 0.35009765625 0.4638671875 0.9990234375 0.4296875 0.99951171875 1.0 0.0 1.0 0.0 0.6064453125
1 0.0 0.8759765625 0.32861328125 0.59765625 0.3544921875 0.5771484375 0.37451171875 0.564453125 0.408203125 0.556640625 0.44873046875 0.5439453125 0.4833984375 0.5341796875 0.50244140625 0.525390625 0.5078125 0.5234375 0.51171875 0.517578125 0.5166015625 0.5087890625 0.5146484375 0.4990234375 0.505859375 0.49609375 0.4033203125 0.486328125 0.35107421875 0.4775390625 0.0439453125 0.5087890625 0.0009765625 0.52734375
2 0.240234375 0.0009765625 0.99951171875 0.0009765625 0.99951171875 0.5009765625 0.833984375 0.5029296875 0.6640625 0.4921875 0.51513671875 0.4892578125 0.349609375 0.470703125 0.2587890625 0.390625
4 0.080078125 0.0009765625 0.41748046875 0.0009765625 0.416015625 0.0029296875 0.41552734375 0.017578125 0.412109375 0.029296875 0.39990234375 0.029296875 0.3974609375 0.033203125 0.3984375 0.05078125 0.396484375 0.056640625 0.3994140625 0.060546875 0.39501953125 0.080078125 0.39306640625 0.0859375 0.396484375 0.087890625 0.39794921875 0.0966796875 0.38916015625 0.099609375 0.37890625 0.09765625 0.37109375 0.1103515625 0.3662109375 0.12109375 0.36181640625 0.1435546875 0.36572265625 0.162109375 0.36669921875 0.1767578125 0.357421875 0.18359375 0.35107421875 0.1953125 0.3427734375 0.197265625 0.3388671875 0.2109375 0.34423828125 0.2158203125 0.34326171875 0.236328125 0.341796875 0.2578125 0.3330078125 0.2744140625 0.3212890625 0.287109375 0.30126953125 0.2939453125 0.27734375 0.3056640625 0.248046875 0.357421875 0.10595703125 0.3720703125
2 0.09765625 0.0263671875 0.1103515625 0.0615234375 0.11279296875 0.16015625 0.111328125 0.3681640625 0.01904296875 0.392578125 0.01171875 0.001953125 0.080078125 0.001953125
4 0.02880859375 0.068359375 0.0361328125 0.0693359375 0.0458984375 0.0751953125 0.05029296875 0.078125 0.056640625 0.0771484375 0.0625 0.0810546875 0.0654296875 0.0986328125 0.06982421875 0.1171875 0.07421875 0.134765625 0.08251953125 0.1416015625 0.083984375 0.154296875 0.08837890625 0.1708984375 0.09228515625 0.1806640625 0.09228515625 0.197265625 0.1005859375 0.203125 0.10595703125 0.208984375 0.111328125 0.2158203125 0.1123046875 0.2265625 0.1201171875 0.228515625 0.12890625 0.24609375 0.12890625 0.265625 0.12548828125 0.26953125 0.134765625 0.2861328125 0.13134765625 0.2978515625 0.125 0.3115234375 0.115234375 0.314453125 0.09765625 0.3017578125 0.10205078125 0.3291015625 0.1015625 0.3447265625 0.10107421875 0.35546875 0.09326171875 0.373046875 0.07763671875 0.384765625 0.0439453125 0.39453125 0.0234375 0.400390625 0.01806640625 0.3974609375 0.02294921875 0.0615234375
4 0.18310546875 0.359375 0.18701171875 0.349609375 0.193359375 0.349609375 0.19921875 0.3564453125 0.20703125 0.3603515625 0.26416015625 0.361328125 0.2744140625 0.515625 0.05908203125 0.5087890625 0.017578125 0.5029296875 0.02294921875 0.37109375 0.04248046875 0.3681640625 0.0537109375 0.3671875 0.06591796875 0.365234375 0.0732421875 0.3603515625 0.08056640625 0.361328125 0.0888671875 0.3544921875 0.0927734375 0.3408203125 0.09716796875 0.333984375 0.1015625 0.3271484375 0.10205078125 0.3427734375 0.10595703125 0.3505859375 0.111328125 0.3408203125 0.1142578125 0.3505859375 0.11669921875 0.357421875 0.12158203125 0.3515625 0.12744140625 0.3603515625 0.13671875 0.345703125 0.142578125 0.3525390625 0.1572265625 0.3583984375 0.16748046875 0.3623046875 0.17333984375 0.3623046875 0.17822265625 0.36328125
2 0.02880859375 0.009765625 0.0302734375 0.5361328125 0.0009765625 0.560546875 0.0 0.0009765625 0.02880859375 0.0009765625
4 0.05419921875 0.5419921875 0.05419921875 0.5380859375 0.06005859375 0.521484375 0.06103515625 0.509765625 0.06640625 0.490234375 0.06640625 0.478515625 0.064453125 0.46484375 0.05615234375 0.4541015625 0.04638671875 0.4638671875 0.0478515625 0.443359375 0.046875 0.4140625 0.04345703125 0.3896484375 0.04248046875 0.3564453125 0.03955078125 0.3349609375 0.03564453125 0.3154296875 0.0283203125 0.341796875 0.0263671875 0.35546875 0.0234375 0.3837890625 0.02099609375 0.4033203125 0.01953125 0.4384765625 0.01953125 0.45703125 0.0185546875 0.4736328125 0.0166015625 0.478515625 0.01171875 0.482421875 0.0068359375 0.490234375 0.0048828125 0.4951171875 0.00830078125 0.5126953125 0.00927734375 0.5302734375 0.0126953125 0.5419921875 0.02197265625 0.5439453125 0.044921875 0.544921875
1 0.82763671875 0.5341796875 0.998046875 0.5498046875 0.9990234375 0.4990234375 0.83984375 0.4970703125 0.65771484375 0.490234375 0.50732421875 0.486328125 0.35107421875 0.4716796875 0.35107421875 0.478515625 0.5185546875 0.4970703125 0.71240234375 0.5146484375 0.826171875 0.533203125
1 0.8134765625 0.681640625 0.80615234375 0.68359375 0.77978515625 0.6611328125 0.75830078125 0.6396484375 0.75048828125 0.6181640625 0.75 0.611328125 0.75048828125 0.603515625 0.75341796875 0.5947265625 0.76171875 0.5859375 0.7939453125 0.5693359375 0.82861328125 0.5595703125 0.9990234375 0.5615234375 0.9990234375 0.740234375
5 0.86572265625 0.4697265625 0.8701171875 0.470703125 0.8701171875 0.4775390625 0.87060546875 0.4912109375 0.8876953125 0.44921875 0.9111328125 0.4140625 0.9287109375 0.396484375 0.96826171875 0.37890625 0.9990234375 0.375 0.99853515625 0.822265625 0.9853515625 0.8466796875 0.97412109375 0.853515625 0.96533203125 0.8525390625 0.95849609375 0.8466796875 0.9521484375 0.8349609375 0.94677734375 0.81640625 0.94384765625 0.7978515625 0.9404296875 0.7724609375 0.853515625 0.70703125 0.85205078125 0.71484375 0.84765625 0.728515625 0.84130859375 0.73046875 0.83251953125 0.7294921875 0.826171875 0.7265625 0.82177734375 0.7197265625 0.8173828125 0.7001953125 0.81298828125 0.6611328125 0.81103515625 0.626953125 0.8115234375 0.580078125 0.81787109375 0.552734375 0.82958984375 0.5322265625 0.85009765625 0.5068359375 0.8466796875 0.5048828125 0.84326171875 0.5009765625 0.84521484375 0.48828125 0.85009765625 0.4775390625 0.85400390625 0.4736328125
5 0.169921875 0.619140625 0.27783203125 0.625 0.27783203125 0.6416015625 0.28076171875 0.65234375 0.2861328125 0.6572265625 0.29052734375 0.6572265625 0.30419921875 0.658203125 0.30810546875 0.646484375 0.30908203125 0.626953125 0.31103515625 0.6083984375 0.330078125 0.5908203125 0.33056640625 0.6103515625 0.333984375 0.6142578125 0.34375 0.6142578125 0.34912109375 0.6083984375 0.353515625 0.5869140625 0.3544921875 0.5537109375 0.35595703125 0.533203125 0.35498046875 0.5009765625 0.3544921875 0.47265625 0.353515625 0.451171875 0.34912109375 0.419921875 0.34521484375 0.3916015625 0.33984375 0.3740234375 0.35009765625 0.3271484375 0.3564453125 0.3193359375 0.32470703125 0.30078125 0.291015625 0.2939453125 0.27197265625 0.2958984375 0.25537109375 0.3046875 0.24853515625 0.3125 0.24853515625 0.3427734375 0.22900390625 0.3408203125 0.21484375 0.3466796875 0.19873046875 0.3662109375 0.185546875 0.3916015625 0.17578125 0.4150390625 0.171875 0.412109375 0.166015625 0.4189453125 0.1650390625 0.4296875 0.1669921875 0.4404296875 0.15283203125 0.466796875 0.14404296875 0.490234375 0.13916015625 0.5517578125 0.13916015625 0.59375 0.14013671875 0.62109375 0.14404296875 0.638671875 0.14892578125 0.646484375 0.158203125 0.646484375 0.166015625 0.6416015625 0.16943359375 0.6337890625
