0 0.00146484375 0.5927734375 0.0185546875 0.59375 0.0615234375 0.5869140625 0.1318359375 0.572265625 0.19189453125 0.55859375 0.2197265625 0.552734375 0.2392578125 0.5380859375 0.27587890625 0.5546875 0.35107421875 0.5478515625 0.7333984375 0.5556640625 1.0 0.4970703125 1.0 0.73828125 1.0 1.0 0.98876953125 0.9990234375 0.0 0.9990234375 0.0 0.7841796875 0.00048828125 0.76171875 0.0009765625 0.7470703125
2 0.99951171875 0.482421875 0.79736328125 0.4736328125 0.6884765625 0.4599609375 0.6865234375 0.224609375 0.74951171875 0.2216796875 0.7509765625 0.0009765625 0.9990234375 0.0009765625
4 0.78466796875 0.3720703125 0.78662109375 0.3427734375 0.79638671875 0.322265625 0.80419921875 0.3095703125 0.82080078125 0.2919921875 0.82470703125 0.2685546875 0.8271484375 0.2421875 0.8271484375 0.2099609375 0.8232421875 0.177734375 0.8173828125 0.15234375 0.80419921875 0.1298828125 0.79296875 0.1162109375 0.791015625 0.0947265625 0.78076171875 0.072265625 0.7705078125 0.0703125 0.755859375 0.078125 0.74462890625 0.087890625 0.7333984375 0.1015625 0.7236328125 0.126953125 0.7119140625 0.162109375 0.7021484375 0.1767578125 0.69091796875 0.203125 0.68603515625 0.220703125 0.68408203125 0.2412109375 0.6865234375 0.2744140625 0.6865234375 0.3173828125 0.68798828125 0.353515625 0.69384765625 0.3779296875 0.69970703125 0.3955078125 0.7041015625 0.4296875 0.71435546875 0.451171875 0.72509765625 0.4599609375 0.7490234375 0.4541015625 0.755859375 0.4375 0.7724609375 0.4287109375 0.779296875 0.42578125 0.783203125 0.4091796875 0.783203125 0.3876953125
3 0.759765625 0.3662109375 0.99951171875 0.3798828125 0.99951171875 0.4853515625 0.7763671875 0.4736328125 0.68896484375 0.4609375 0.6875 0.375
4 0.73388671875 0.52734375 0.73974609375 0.521484375 0.7509765625 0.509765625 0.76025390625 0.4951171875 0.76220703125 0.4853515625 0.76513671875 0.4765625 0.77001953125 0.4716796875 0.77734375 0.4765625 0.78271484375 0.4775390625 0.78515625 0.470703125 0.78515625 0.4580078125 0.787109375 0.4482421875 0.7900390625 0.4404296875 0.794921875 0.4326171875 0.802734375 0.4296875 0.8095703125 0.431640625 0.822265625 0.4326171875 0.8310546875 0.4326171875 0.83740234375 0.4296875 0.849609375 0.421875 0.8515625 0.419921875 0.86669921875 0.4130859375 0.8642578125 0.3984375 0.8720703125 0.384765625 0.87939453125 0.3837890625 0.88525390625 0.384765625 0.89111328125 0.3974609375 0.89404296875 0.3994140625 0.9072265625 0.3984375 0.9072265625 0.3896484375 0.91064453125 0.3857421875 0.91552734375 0.3837890625 0.92236328125 0.3828125 0.921875 0.3828125 0.92138671875 0.408203125 0.9228515625 0.416015625 0.9443359375 0.4033203125 0.95703125 0.4013671875 0.94677734375 0.43359375 0.94677734375 0.435546875 0.96337890625 0.4228515625 0.970703125 0.4287109375 0.9765625 0.46875 0.97998046875 0.4775390625 0.99951171875 0.5029296875 0.99951171875 0.52734375 0.88232421875 0.5556640625
4 0.57275390625 0.0263671875 0.57421875 0.044921875 0.57763671875 0.0625 0.58203125 0.08203125 0.5830078125 0.1044921875 0.5859375 0.1181640625 0.58935546875 0.13671875 0.58984375 0.15625 0.59130859375 0.1748046875 0.5966796875 0.193359375 0.59619140625 0.2177734375 0.5947265625 0.23046875 0.59375 0.248046875 0.59521484375 0.26953125 0.59716796875 0.291015625 0.5986328125 0.3037109375 0.60009765625 0.3173828125 0.578125 0.3251953125 0.5654296875 0.3134765625 0.55419921875 0.2138671875 0.55224609375 0.123046875 0.56396484375 0.05859375
4 0.7275390625 0.1787109375 0.7353515625 0.1455078125 0.7421875 0.126953125 0.7431640625 0.095703125 0.74267578125 0.056640625 0.7421875 0.017578125 0.7392578125 0.001953125 0.6123046875 0.005859375 0.60205078125 0.015625 0.59521484375 0.048828125 0.5908203125 0.078125 0.587890625 0.0966796875 0.58349609375 0.1240234375 0.58837890625 0.1552734375 0.5986328125 0.1826171875 0.60498046875 0.19921875 0.61279296875 0.2099609375 0.625 0.2109375 0.6337890625 0.2197265625 0.63916015625 0.2314453125 0.65087890625 0.244140625 0.67431640625 0.259765625 0.69384765625 0.2578125 0.70703125 0.2451171875 0.7177734375 0.228515625 0.728515625 0.205078125
2 0.048828125 0.2275390625 0.087890625 0.2236328125 0.0927734375 0.470703125 0.05517578125 0.4716796875 0.048828125 0.23046875
4 0.03125 0.3662109375 0.0400390625 0.3359375 0.05029296875 0.3271484375 0.05810546875 0.31640625 0.06640625 0.3037109375 0.0732421875 0.291015625 0.078125 0.275390625 0.07861328125 0.25390625 0.07470703125 0.23828125 0.06640625 0.2314453125 0.0517578125 0.234375 0.0439453125 0.2265625 0.03076171875 0.21484375 0.01318359375 0.2041015625 0.0029296875 0.2041015625 0.0 0.2041015625 0.0 0.41015625 0.01025390625 0.421875 0.0185546875 0.4296875 0.0224609375 0.4287109375 0.03076171875 0.40234375 0.03125 0.373046875
4 0.0869140625 0.27734375 0.08056640625 0.271484375 0.080078125 0.27734375 0.08349609375 0.2841796875 0.08447265625 0.2890625 0.08447265625 0.29296875 0.0771484375 0.2919921875 0.07470703125 0.2939453125 0.07275390625 0.298828125 0.07568359375 0.3037109375 0.07958984375 0.3076171875 0.08447265625 0.3095703125 0.08642578125 0.310546875 0.08642578125 0.31640625 0.08154296875 0.322265625 0.0830078125 0.328125 0.087890625 0.3408203125
2 0.087890625 0.34765625 0.08935546875 0.4677734375 0.08984375 0.498046875 0.2646484375 0.490234375 0.384765625 0.4853515625 0.5498046875 0.484375 0.54931640625 0.474609375 0.69091796875 0.4755859375 0.6845703125 0.0009765625 0.0869140625 0.0009765625
4 0.833984375 0.13671875 0.8232421875 0.1484375 0.80908203125 0.1552734375 0.79345703125 0.1572265625 0.7734375 0.15234375 0.76220703125 0.1376953125 0.7490234375 0.1201171875 0.74560546875 0.1044921875 0.732421875 0.11328125 0.712890625 0.1015625 0.65185546875 0.0615234375 0.609375 0.001953125 0.74365234375 0.0009765625 0.99951171875 0.0009765625 0.9990234375 0.0185546875 0.990234375 0.0048828125 0.98974609375 0.0205078125 0.982421875 0.0224609375 0.9677734375 0.0048828125 0.97021484375 0.025390625 0.966796875 0.0244140625 0.953125 0.01171875 0.94140625 0.0048828125 0.94677734375 0.0166015625 0.955078125 0.025390625 0.96044921875 0.0361328125 0.95458984375 0.04296875 0.9404296875 0.0419921875 0.94580078125 0.0546875 0.95556640625 0.0556640625 0.9658203125 0.0546875 0.97216796875 0.0576171875 0.97412109375 0.06640625 0.97021484375 0.080078125 0.9736328125 0.095703125 0.974609375 0.111328125 0.9755859375 0.12890625 0.97021484375 0.1376953125 0.95751953125 0.146484375 0.94384765625 0.1640625 0.93896484375 0.1591796875 0.921875 0.1396484375 0.9130859375 0.13671875 0.912109375 0.1484375 0.91796875 0.1552734375 0.91455078125 0.16796875 0.90185546875 0.1669921875 0.8828125 0.14453125 0.88134765625 0.12890625 0.88916015625 0.4736328125 0.88232421875 0.4619140625 0.87451171875 0.4609375 0.86962890625 0.484375 0.86767578125 0.47265625 0.86181640625 0.48046875 0.8642578125 0.130859375 0.859375 0.150390625 0.85595703125 0.16015625 0.8515625 0.15625 0.84814453125 0.14453125 0.84033203125 0.134765625
4 0.021484375 0.2685546875 0.02587890625 0.2802734375 0.03076171875 0.287109375 0.037109375 0.28125 0.03759765625 0.26953125 0.041015625 0.265625 0.04541015625 0.259765625 0.0478515625 0.2548828125 0.0400390625 0.2431640625 0.03466796875 0.2392578125 0.04443359375 0.2255859375 0.04541015625 0.2197265625 0.04931640625 0.2314453125 0.0537109375 0.2353515625 0.0625 0.2314453125 0.08154296875 0.2275390625 0.0830078125 0.23828125 0.09228515625 0.240234375 0.1005859375 0.2490234375 0.10693359375 0.2470703125 0.111328125 0.240234375 0.10888671875 0.232421875 0.1015625 0.2216796875 0.09619140625 0.2099609375 0.09375 0.1904296875 0.09375 0.1748046875 0.09326171875 0.1513671875 0.09423828125 0.130859375 0.091796875 0.1083984375 0.091796875 0.08984375 0.08984375 0.0712890625 0.08837890625 0.05078125 0.087890625 0.037109375 0.087890625 0.0283203125 0.08740234375 0.0009765625 0.0 0.0009765625 0.0 0.2646484375 0.0068359375 0.26171875 0.00927734375 0.2734375 0.01708984375 0.27734375
5 0.05419921875 0.490234375 0.0556640625 0.4873046875 0.056640625 0.4765625 0.0576171875 0.4677734375 0.056640625 0.4580078125 0.05419921875 0.4521484375 0.04736328125 0.44140625 0.0419921875 0.4375 0.04541015625 0.435546875 0.04638671875 0.4326171875 0.04541015625 0.4296875 0.03955078125 0.4306640625 0.03759765625 0.4267578125 0.03076171875 0.4140625 0.0244140625 0.4072265625 0.01708984375 0.4052734375 0.0009765625 0.40234375 0.0009765625 0.490234375 0.00439453125 0.490234375 0.00634765625 0.4921875 0.0078125 0.49609375 0.01025390625 0.4990234375 0.013671875 0.4970703125 0.0166015625 0.4951171875 0.0205078125 0.4873046875 0.03271484375 0.4873046875 0.04248046875 0.4873046875 0.04248046875 0.490234375 0.04541015625 0.4912109375 0.05078125 0.4912109375
4 0.14111328125 0.5234375 0.1396484375 0.4990234375 0.1416015625 0.4501953125 0.1416015625 0.4228515625 0.1435546875 0.3916015625 0.14111328125 0.3310546875 0.13916015625 0.2685546875 0.14013671875 0.1669921875 0.15283203125 0.09765625 0.17041015625 0.0478515625 0.17138671875 0.0302734375 0.18359375 0.001953125 0.19091796875 0.001953125 0.19091796875 0.01171875 0.193359375 0.017578125 0.20068359375 0.0205078125 0.20751953125 0.015625 0.21923828125 0.0048828125 0.2431640625 0.001953125 0.24365234375 0.0078125 0.25 0.029296875 0.2568359375 0.0361328125 0.26318359375 0.033203125 0.27099609375 0.0224609375 0.27978515625 0.0048828125 0.28125 0.0009765625 0.05517578125 0.0009765625 0.09765625 0.099609375 0.111328125 0.130859375 0.11376953125 0.1435546875 0.11669921875 0.1708984375 0.11669921875 0.2021484375 0.1142578125 0.2314453125 0.11279296875 0.24609375 0.11279296875 0.2626953125 0.11279296875 0.27734375 0.11279296875 0.318359375 0.11279296875 0.337890625 0.115234375 0.3642578125 0.1123046875 0.40234375 0.11279296875 0.4697265625 0.10986328125 0.50390625 0.109375 0.521484375 0.1201171875 0.533203125 0.1337890625 0.529296875
2 0.1357421875 0.044921875 0.13818359375 0.0791015625 0.1591796875 0.00390625 0.134765625 0.0029296875
2 0.11767578125 0.0283203125 0.12109375 0.087890625 0.11962890625 0.1123046875 0.11962890625 0.1171875 0.09765625 0.052734375 0.09033203125 0.0341796875 0.0888671875 0.0048828125 0.11865234375 0.0048828125 0.11767578125 0.0234375
