0 0.53125 0.4375 0.447265625 0.5087890625 0.0009765625 0.4775390625 0.0 0.9990234375 0.99951171875 0.9970703125 0.99951171875 0.5107421875 0.6796875 0.45703125 0.63232421875 0.439453125
4 0.52001953125 0.24609375 0.52978515625 0.2431640625 0.53564453125 0.2431640625 0.55126953125 0.24609375 0.564453125 0.2548828125 0.5654296875 0.296875 0.54638671875 0.33984375 0.5224609375 0.33203125 0.51171875 0.28515625
2 0.5068359375 0.1162109375 0.51513671875 0.126953125 0.51513671875 0.18359375 0.51953125 0.1875 0.5234375 0.193359375 0.52587890625 0.2099609375 0.52587890625 0.23046875 0.50927734375 0.2353515625 0.5087890625 0.2431640625 0.52294921875 0.244140625 0.5205078125 0.2939453125 0.52734375 0.298828125 0.52880859375 0.328125 0.53125 0.4375 0.515625 0.4423828125 0.48193359375 0.4580078125 0.447265625 0.4794921875 0.392578125 0.51171875 0.21826171875 0.4970703125 0.0 0.486328125 0.0009765625 0.0009765625 0.4775390625 0.0029296875 0.4765625 0.0341796875 0.47900390625 0.0341796875 0.4814453125 0.119140625
2 0.57275390625 0.296875 0.55419921875 0.3447265625 0.5810546875 0.3798828125 0.60888671875 0.3681640625 0.61767578125 0.318359375 0.59375 0.2978515625
4 0.5234375 0.4091796875 0.52685546875 0.412109375 0.5302734375 0.41796875 0.53515625 0.4189453125 0.53857421875 0.4189453125 0.54443359375 0.4130859375 0.5478515625 0.4130859375 0.5537109375 0.4091796875 0.5556640625 0.4033203125 0.55908203125 0.3974609375 0.56396484375 0.3876953125 0.56787109375 0.37890625 0.5732421875 0.37109375 0.57470703125 0.3486328125 0.578125 0.33203125 0.57958984375 0.3134765625 0.576171875 0.2919921875 0.56982421875 0.2763671875 0.56396484375 0.2587890625 0.5517578125 0.2548828125 0.53955078125 0.255859375 0.5322265625 0.265625 0.5263671875 0.2763671875 0.521484375 0.2861328125 0.52197265625 0.3046875 0.52294921875 0.3203125 0.5224609375 0.3427734375 0.52197265625 0.3623046875 0.5205078125 0.3720703125 0.5205078125 0.384765625 0.51904296875 0.3935546875 0.521484375 0.4033203125 0.5224609375 0.4072265625
4 0.47705078125 0.26953125 0.4794921875 0.2685546875 0.484375 0.2734375 0.48681640625 0.2861328125 0.484375 0.296875 0.48681640625 0.2978515625 0.4814453125 0.3154296875 0.47900390625 0.330078125 0.48193359375 0.333984375 0.4814453125 0.3466796875 0.478515625 0.3583984375 0.4755859375 0.3720703125 0.46923828125 0.375 0.4609375 0.3603515625 0.4619140625 0.349609375 0.4658203125 0.3388671875 0.4638671875 0.3291015625 0.462890625 0.3125 0.46533203125 0.298828125
4 0.47998046875 0.380859375 0.48291015625 0.3798828125 0.48681640625 0.380859375 0.4873046875 0.39453125 0.4912109375 0.3935546875 0.4931640625 0.4033203125 0.49072265625 0.4111328125 0.49072265625 0.4169921875 0.49267578125 0.4267578125 0.4931640625 0.4326171875 0.48876953125 0.4326171875 0.4833984375 0.4267578125 0.47998046875 0.419921875 0.478515625 0.4033203125 0.478515625 0.392578125
2 0.4755859375 0.251953125 0.458984375 0.30078125 0.4755859375 0.30078125 0.4775390625 0.2939453125 0.47705078125 0.2900390625 0.4775390625 0.25
4 0.58837890625 0.345703125 0.5888671875 0.3623046875 0.59375 0.353515625 0.6005859375 0.3427734375 0.60400390625 0.34765625 0.60888671875 0.333984375 0.61376953125 0.326171875 0.61962890625 0.3408203125 0.625 0.3525390625 0.63232421875 0.361328125 0.63427734375 0.3798828125 0.6328125 0.3955078125 0.62646484375 0.408203125 0.62158203125 0.419921875 0.6142578125 0.4208984375 0.5849609375 0.4189453125 0.57861328125 0.4072265625 0.57177734375 0.4033203125 0.56787109375 0.39453125 0.5673828125 0.3779296875 0.56884765625 0.369140625 0.572265625 0.361328125 0.57763671875 0.3564453125 0.58154296875 0.3564453125 0.58203125 0.3525390625 0.58447265625 0.345703125
5 0.57421875 0.4228515625 0.58642578125 0.4228515625 0.587890625 0.439453125 0.5751953125 0.4404296875 0.5703125 0.42578125
1 0.64208984375 0.4482421875 0.61865234375 0.4521484375 0.615234375 0.4521484375 0.6162109375 0.4619140625 0.630859375 0.4619140625 0.66357421875 0.470703125 0.7177734375 0.4833984375 0.7763671875 0.505859375 0.80810546875 0.51953125 0.83251953125 0.5283203125 0.91796875 0.548828125 0.998046875 0.5615234375 0.99951171875 0.5078125 0.94580078125 0.505859375 0.86328125 0.494140625 0.77880859375 0.4755859375 0.7060546875 0.4599609375 0.6435546875 0.4482421875
5 0.5810546875 0.4326171875 0.5810546875 0.427734375 0.5849609375 0.4267578125 0.5849609375 0.4208984375 0.58935546875 0.412109375 0.61083984375 0.412109375 0.61572265625 0.4228515625 0.619140625 0.4248046875 0.62158203125 0.4296875 0.6201171875 0.4326171875 0.6171875 0.43359375 0.61865234375 0.451171875 0.61767578125 0.466796875 0.61767578125 0.47265625 0.6123046875 0.47265625 0.6123046875 0.4677734375 0.59130859375 0.4677734375 0.5888671875 0.4716796875 0.583984375 0.4716796875 0.583984375 0.453125 0.583984375 0.4453125 0.58447265625 0.439453125
4 0.58203125 0.0615234375 0.5869140625 0.0537109375 0.583984375 0.04296875 0.58740234375 0.03125 0.59326171875 0.02734375 0.59716796875 0.0234375 0.6015625 0.0146484375 0.59619140625 0.009765625 0.5888671875 0.00390625 0.755859375 0.001953125 0.73779296875 0.3955078125 0.72900390625 0.421875 0.67236328125 0.4326171875 0.64111328125 0.4296875 0.63037109375 0.419921875 0.62890625 0.4072265625 0.6298828125 0.3671875 0.62548828125 0.35546875 0.62109375 0.3515625 0.623046875 0.341796875 0.6171875 0.3466796875 0.611328125 0.349609375 0.60791015625 0.349609375 0.60498046875 0.3408203125 0.6015625 0.3369140625 0.5986328125 0.333984375 0.59912109375 0.322265625 0.59228515625 0.3173828125 0.58837890625 0.32421875 0.58203125 0.3330078125 0.576171875 0.3310546875 0.57275390625 0.322265625 0.5634765625 0.314453125 0.55615234375 0.302734375 0.5458984375 0.2939453125 0.5400390625 0.2841796875 0.53662109375 0.2685546875 0.53662109375 0.244140625 0.53759765625 0.228515625 0.54541015625 0.2138671875 0.55029296875 0.2119140625 0.55859375 0.2158203125 0.5673828125 0.21875 0.572265625 0.205078125 0.56689453125 0.2001953125 0.5703125 0.1875 0.568359375 0.1748046875 0.56201171875 0.169921875 0.56201171875 0.1572265625 0.56640625 0.146484375 0.5634765625 0.13671875 0.56494140625 0.123046875 0.56640625 0.1064453125 0.57275390625 0.107421875 0.5771484375 0.1083984375 0.5751953125 0.0966796875 0.57763671875 0.091796875 0.5712890625 0.083984375 0.5712890625 0.0703125 0.578125 0.0673828125
2 0.7236328125 0.0419921875 0.74072265625 0.041015625 0.73681640625 0.4697265625 0.794921875 0.482421875 0.89453125 0.4990234375 0.998046875 0.5078125 0.99951171875 0.0009765625 0.7255859375 0.0009765625
3 0.69970703125 0.3984375 0.83056640625 0.3837890625 0.9638671875 0.373046875 0.99951171875 0.376953125 0.998046875 0.5087890625 0.98388671875 0.5068359375 0.9833984375 0.515625 0.95703125 0.515625 0.9521484375 0.513671875 0.95263671875 0.5048828125 0.88916015625 0.5048828125 0.82421875 0.490234375 0.75732421875 0.478515625 0.69482421875 0.46484375 0.6953125 0.40234375
1 0.931640625 0.6103515625 0.9287109375 0.6044921875 0.9296875 0.5986328125 0.94482421875 0.5927734375 0.98486328125 0.58984375 0.99853515625 0.587890625 0.9990234375 0.6494140625 0.9853515625 0.642578125 0.95361328125 0.6259765625
1 0.53466796875 0.4404296875 0.52099609375 0.4619140625 0.49755859375 0.490234375 0.4853515625 0.50390625 0.4609375 0.5166015625 0.43408203125 0.5244140625 0.40673828125 0.5244140625 0.318359375 0.5244140625 0.0 0.5234375 0.0 0.4697265625 0.2236328125 0.4921875 0.392578125 0.5048828125 0.4716796875 0.462890625 0.51171875 0.4423828125 0.52587890625 0.4375
5 0.5390625 0.4951171875 0.57666015625 0.4951171875 0.57568359375 0.5009765625 0.57958984375 0.5009765625 0.58251953125 0.5 0.583984375 0.490234375 0.58447265625 0.474609375 0.5849609375 0.45703125 0.580078125 0.4423828125 0.58154296875 0.4326171875 0.5791015625 0.4296875 0.576171875 0.4296875 0.5751953125 0.423828125 0.57080078125 0.4169921875 0.55859375 0.4130859375 0.54296875 0.4130859375 0.53759765625 0.419921875 0.53515625 0.431640625 0.5341796875 0.4365234375 0.53076171875 0.4326171875 0.52783203125 0.43359375 0.52734375 0.4384765625 0.53125 0.4443359375 0.52880859375 0.455078125 0.52880859375 0.4814453125 0.52978515625 0.501953125 0.53515625 0.501953125 0.53662109375 0.5
1 0.02197265625 0.6865234375 0.0478515625 0.677734375 0.0751953125 0.662109375 0.09375 0.646484375 0.1044921875 0.63671875 0.1044921875 0.625 0.1025390625 0.6123046875 0.0966796875 0.603515625 0.07666015625 0.5908203125 0.03759765625 0.578125 0.0009765625 0.5703125 0.0 0.6923828125
4 0.0634765625 0.353515625 0.068359375 0.333984375 0.07275390625 0.33203125 0.0712890625 0.314453125 0.08251953125 0.2958984375 0.08251953125 0.3173828125 0.0849609375 0.3271484375 0.07861328125 0.33984375 0.07666015625 0.3525390625 0.083984375 0.353515625 0.07568359375 0.3720703125 0.0947265625 0.376953125 0.09326171875 0.3798828125 0.09716796875 0.3935546875 0.0986328125 0.3974609375 0.09716796875 0.400390625 0.10888671875 0.4169921875 0.11474609375 0.416015625 0.125 0.416015625 0.134765625 0.4111328125 0.14453125 0.390625 0.14306640625 0.37890625 0.166015625 0.3818359375 0.1708984375 0.3837890625 0.16943359375 0.3759765625 0.17529296875 0.3623046875 0.1826171875 0.369140625 0.1904296875 0.361328125 0.197265625 0.3486328125 0.20458984375 0.3525390625 0.20947265625 0.3525390625 0.2177734375 0.3505859375 0.2216796875 0.345703125 0.22021484375 0.333984375 0.21630859375 0.326171875 0.220703125 0.3193359375 0.2099609375 0.310546875 0.21142578125 0.3046875 0.2060546875 0.3037109375 0.2060546875 0.291015625 0.19873046875 0.2939453125 0.203125 0.2802734375 0.2041015625 0.26953125 0.203125 0.263671875 0.20751953125 0.255859375 0.2080078125 0.2490234375 0.20361328125 0.23828125 0.20556640625 0.224609375 0.19873046875 0.2275390625 0.201171875 0.220703125 0.1962890625 0.2099609375 0.20361328125 0.2041015625 0.208984375 0.205078125 0.20947265625 0.197265625 0.2001953125 0.1884765625 0.19970703125 0.17578125 0.1904296875 0.1669921875 0.17919921875 0.1806640625 0.17333984375 0.169921875 0.18115234375 0.1640625 0.17919921875 0.1494140625 0.181640625 0.140625 0.17626953125 0.1298828125 0.166015625 0.1298828125 0.17138671875 0.1162109375 0.17236328125 0.099609375 0.17431640625 0.0888671875 0.1826171875 0.087890625 0.18505859375 0.08203125 0.1806640625 0.0732421875 0.17626953125 0.0703125 0.17578125 0.056640625 0.1689453125 0.056640625 0.16015625 0.06640625 0.1494140625 0.0703125 0.14013671875 0.0595703125 0.1455078125 0.052734375 0.1494140625 0.0390625 0.1396484375 0.0302734375 0.14306640625 0.0126953125 0.1396484375 0.0087890625 0.1376953125 0.0009765625 0.0 0.0009765625 0.0009765625 0.423828125 0.005859375 0.419921875 0.01171875 0.4033203125 0.0234375 0.38671875 0.03466796875 0.3798828125 0.04345703125 0.3740234375 0.04736328125 0.380859375 0.04638671875 0.4033203125 0.064453125 0.4033203125
3 0.166015625 0.3837890625 0.130859375 0.3779296875 0.0009765625 0.3603515625 0.0 0.4833984375 0.1376953125 0.4970703125 0.16748046875 0.4931640625 0.1669921875 0.466796875
4 0.14208984375 0.466796875 0.15185546875 0.4599609375 0.1484375 0.44921875 0.1484375 0.4365234375 0.15087890625 0.42578125 0.14794921875 0.4140625 0.14990234375 0.4013671875 0.150390625 0.384765625 0.14794921875 0.3798828125 0.13427734375 0.3896484375 0.13232421875 0.3759765625 0.11962890625 0.3828125 0.11181640625 0.365234375 0.09765625 0.3623046875 0.0771484375 0.369140625 0.0771484375 0.3828125 0.07861328125 0.3916015625 0.08154296875 0.400390625 0.08544921875 0.4033203125 0.09228515625 0.41015625 0.09619140625 0.4169921875 0.1044921875 0.4267578125 0.11572265625 0.439453125 0.11572265625 0.451171875 0.11181640625 0.4697265625 0.11083984375 0.482421875 0.11083984375 0.4951171875 0.12060546875 0.501953125 0.12939453125 0.4970703125 0.13330078125 0.4951171875 0.13720703125 0.4951171875 0.1435546875 0.490234375 0.138671875 0.4755859375
