0 0.146484375 0.525390625 0.21923828125 0.443359375 0.2763671875 0.4306640625 0.3955078125 0.44921875 0.99951171875 0.751953125 0.99951171875 0.998046875 0.0 1.0 0.0009765625 0.658203125
4 0.24755859375 0.267578125 0.2568359375 0.259765625 0.27099609375 0.2578125 0.2861328125 0.255859375 0.2900390625 0.3857421875 0.2333984375 0.380859375 0.2265625 0.2890625
1 0.2626953125 0.427734375 0.39453125 0.431640625 0.376953125 0.4736328125 0.310546875 0.4560546875 0.2802734375 0.443359375 0.26806640625 0.4404296875
1 0.43505859375 0.4638671875 0.4716796875 0.478515625 0.521484375 0.49609375 0.5693359375 0.51171875 0.705078125 0.5556640625 0.85205078125 0.6279296875 0.9150390625 0.6552734375 0.99951171875 0.6875 0.99853515625 0.8056640625 0.89453125 0.73828125 0.74462890625 0.6494140625 0.56396484375 0.5478515625 0.4853515625 0.513671875 0.43212890625 0.4912109375
2 0.26025390625 0.3681640625 0.26318359375 0.3056640625 0.26708984375 0.296875 0.2685546875 0.2744140625 0.27587890625 0.2705078125 0.27685546875 0.2353515625 0.34375 0.2373046875 0.34130859375 0.3759765625
4 0.36572265625 0.1923828125 0.3671875 0.1767578125 0.3701171875 0.1630859375 0.36572265625 0.140625 0.36376953125 0.126953125 0.3681640625 0.1171875 0.36767578125 0.103515625 0.36572265625 0.0908203125 0.3623046875 0.068359375 0.3623046875 0.0546875 0.36328125 0.046875 0.36572265625 0.048828125 0.36572265625 0.0341796875 0.3642578125 0.0234375 0.365234375 0.0126953125 0.36669921875 0.0029296875 0.3876953125 0.001953125 0.38818359375 0.0126953125 0.3876953125 0.0234375 0.38916015625 0.0400390625 0.3896484375 0.0537109375 0.3896484375 0.0703125 0.39111328125 0.0703125 0.392578125 0.078125 0.3916015625 0.09375 0.3896484375 0.10546875 0.38818359375 0.1103515625 0.39208984375 0.1162109375 0.3935546875 0.1220703125 0.39208984375 0.1513671875 0.39111328125 0.17578125
4 0.4033203125 0.146484375 0.40234375 0.13671875 0.39990234375 0.1240234375 0.3984375 0.1171875 0.3984375 0.0986328125 0.40185546875 0.08984375 0.4033203125 0.0791015625 0.40869140625 0.06640625 0.4091796875 0.0546875 0.408203125 0.048828125 0.41015625 0.0458984375 0.41259765625 0.0341796875 0.41064453125 0.033203125 0.41259765625 0.025390625 0.41357421875 0.013671875 0.4150390625 0.0029296875 0.46875 0.001953125 0.46826171875 0.0068359375 0.46337890625 0.0146484375 0.4638671875 0.021484375 0.4658203125 0.01953125 0.46923828125 0.01953125 0.4716796875 0.0224609375 0.47412109375 0.033203125 0.47900390625 0.03125 0.47998046875 0.0419921875 0.478515625 0.052734375 0.47412109375 0.0595703125 0.47216796875 0.078125 0.4736328125 0.123046875
4 0.255859375 0.3701171875 0.2607421875 0.3447265625 0.2763671875 0.330078125 0.27783203125 0.3212890625 0.27783203125 0.3115234375 0.27880859375 0.30078125 0.28369140625 0.2958984375 0.29296875 0.2958984375 0.294921875 0.2900390625 0.29931640625 0.2802734375 0.30419921875 0.2724609375 0.31103515625 0.2646484375 0.31787109375 0.26171875 0.32421875 0.259765625 0.3291015625 0.2587890625 0.333984375 0.259765625 0.34228515625 0.26171875 0.33935546875 0.4033203125 0.26513671875 0.419921875
2 0.34912109375 0.2060546875 0.431640625 0.0986328125 0.4580078125 0.0693359375 0.5 0.134765625 0.53076171875 0.24609375 0.57275390625 0.2314453125 0.57080078125 0.435546875 0.38427734375 0.435546875 0.353515625 0.4296875 0.3388671875 0.3505859375 0.3408203125 0.2333984375 0.33056640625 0.2412109375 0.32763671875 0.236328125 0.337890625 0.2216796875
4 0.279296875 0.4013671875 0.2783203125 0.3896484375 0.2783203125 0.3779296875 0.2783203125 0.369140625 0.2783203125 0.359375 0.28076171875 0.3447265625 0.2880859375 0.337890625 0.29150390625 0.337890625 0.296875 0.3369140625 0.302734375 0.33203125 0.3095703125 0.33203125 0.314453125 0.3369140625 0.3203125 0.3388671875 0.32763671875 0.3388671875 0.3330078125 0.3408203125 0.3388671875 0.3427734375 0.341796875 0.3408203125 0.34619140625 0.341796875 0.3515625 0.349609375 0.3544921875 0.34765625 0.3583984375 0.3447265625 0.361328125 0.3447265625 0.36376953125 0.376953125 0.36474609375 0.390625 0.36328125 0.400390625 0.2939453125 0.4091796875
2 0.55078125 0.0048828125 0.60107421875 0.009765625 0.6064453125 0.001953125 0.76025390625 0.0009765625 0.75341796875 0.306640625 0.5654296875 0.4609375 0.482421875 0.408203125 0.486328125 0.1796875
4 0.50732421875 0.3603515625 0.5078125 0.3173828125 0.5078125 0.310546875 0.50244140625 0.3125 0.5 0.318359375 0.4970703125 0.3212890625 0.48828125 0.31640625 0.48095703125 0.314453125 0.47900390625 0.3017578125 0.47607421875 0.29296875 0.47216796875 0.28515625 0.47216796875 0.275390625 0.45751953125 0.25390625 0.4619140625 0.24609375 0.45751953125 0.240234375 0.45849609375 0.2314453125 0.4619140625 0.2314453125 0.4638671875 0.2197265625 0.46044921875 0.216796875 0.4638671875 0.2001953125 0.4658203125 0.1953125 0.4716796875 0.1806640625 0.47119140625 0.169921875 0.47509765625 0.162109375 0.46923828125 0.158203125 0.4677734375 0.1591796875 0.46728515625 0.15234375 0.4736328125 0.142578125 0.47412109375 0.1357421875 0.46923828125 0.1240234375 0.47265625 0.0888671875 0.46923828125 0.0791015625 0.46923828125 0.0693359375 0.48291015625 0.0595703125 0.48583984375 0.0498046875 0.48974609375 0.05078125 0.486328125 0.037109375 0.484375 0.0361328125 0.48095703125 0.029296875 0.47998046875 0.0263671875 0.4873046875 0.0185546875 0.48974609375 0.009765625 0.49169921875 0.005859375 0.49462890625 0.001953125 0.56591796875 0.0009765625 0.56591796875 0.0048828125 0.56494140625 0.013671875 0.56640625 0.0166015625 0.568359375 0.01953125 0.56884765625 0.0302734375 0.56494140625 0.0400390625 0.564453125 0.0517578125 0.56787109375 0.052734375 0.572265625 0.05078125 0.5751953125 0.04296875 0.57958984375 0.0380859375 0.5810546875 0.0517578125 0.58251953125 0.060546875 0.5791015625 0.0712890625 0.5751953125 0.083984375 0.57568359375 0.1015625 0.57861328125 0.1083984375 0.57763671875 0.12109375 0.57568359375 0.1328125 0.5712890625 0.16015625 0.56982421875 0.203125 0.57177734375 0.208984375 0.57421875 0.2099609375 0.57568359375 0.21875 0.572265625 0.2314453125 0.572265625 0.2490234375 0.5732421875 0.2587890625 0.5732421875 0.271484375 0.57177734375 0.287109375 0.5634765625 0.2958984375 0.55859375 0.3017578125 0.5546875 0.3037109375 0.54833984375 0.306640625 0.5390625 0.3076171875 0.537109375 0.3076171875 0.53515625 0.3671875 0.52978515625 0.353515625 0.53125 0.306640625 0.52685546875 0.30859375 0.52392578125 0.296875 0.52294921875 0.349609375 0.51904296875 0.3505859375 0.5185546875 0.3125 0.517578125 0.314453125 0.51416015625 0.314453125 0.513671875 0.3212890625 0.51220703125 0.32421875 0.51220703125 0.353515625
4 0.408203125 0.400390625 0.4072265625 0.384765625 0.40625 0.3662109375 0.4072265625 0.3515625 0.4091796875 0.34375 0.42236328125 0.33984375 0.43310546875 0.337890625 0.44091796875 0.3349609375 0.439453125 0.328125 0.43896484375 0.328125 0.43798828125 0.3251953125 0.439453125 0.3193359375 0.43798828125 0.3095703125 0.43408203125 0.296875 0.43310546875 0.287109375 0.4384765625 0.291015625 0.44091796875 0.2880859375 0.4443359375 0.291015625 0.44580078125 0.294921875 0.44580078125 0.2890625 0.4453125 0.28515625 0.44580078125 0.2783203125 0.447265625 0.2724609375 0.4521484375 0.265625 0.45654296875 0.2607421875 0.4609375 0.2607421875 0.46533203125 0.2607421875 0.4677734375 0.27734375 0.46875 0.2822265625 0.47216796875 0.2880859375 0.4755859375 0.2880859375 0.47607421875 0.296875 0.4716796875 0.30078125 0.4677734375 0.2978515625 0.46923828125 0.3037109375 0.47412109375 0.3056640625 0.478515625 0.3046875 0.48828125 0.2998046875 0.48974609375 0.3076171875 0.4873046875 0.3173828125 0.48486328125 0.322265625 0.48486328125 0.3291015625 0.484375 0.3330078125 0.47900390625 0.3310546875 0.4755859375 0.3291015625 0.47705078125 0.3359375 0.48291015625 0.33984375 0.486328125 0.34375 0.48828125 0.3486328125 0.48583984375 0.3544921875 0.48095703125 0.3583984375 0.48046875 0.359375 0.48291015625 0.3662109375 0.48876953125 0.36328125 0.49169921875 0.3662109375 0.49267578125 0.373046875 0.4970703125 0.3740234375 0.49951171875 0.3720703125 0.50390625 0.36328125 0.50146484375 0.353515625 0.4990234375 0.349609375 0.505859375 0.3447265625 0.51171875 0.341796875 0.5146484375 0.3388671875 0.5146484375 0.33203125 0.5185546875 0.330078125 0.52294921875 0.33203125 0.52880859375 0.3330078125 0.533203125 0.33203125 0.5390625 0.33203125 0.54052734375 0.3408203125 0.54248046875 0.353515625 0.544921875 0.361328125 0.55029296875 0.36328125 0.55029296875 0.3583984375 0.55615234375 0.3447265625 0.56201171875 0.3466796875 0.56689453125 0.359375 0.564453125 0.4658203125 0.51025390625 0.470703125 0.44384765625 0.4599609375
2 0.5732421875 0.46875 0.56494140625 0.46484375 0.56396484375 0.291015625 0.65234375 0.2509765625 0.705078125 0.26171875 0.71923828125 0.1220703125 0.70947265625 0.0947265625 0.70068359375 0.0703125 0.689453125 0.08203125 0.68701171875 0.0712890625 0.72314453125 0.0205078125 0.73828125 0.0009765625 0.99951171875 0.0009765625 0.99951171875 0.4248046875
4 0.59814453125 0.5068359375 0.568359375 0.5107421875 0.568359375 0.4951171875 0.568359375 0.4873046875 0.56787109375 0.486328125 0.56591796875 0.4853515625 0.56591796875 0.4755859375 0.57080078125 0.4697265625 0.57080078125 0.46484375 0.5703125 0.4599609375 0.57421875 0.4560546875 0.578125 0.4521484375 0.5869140625 0.451171875 0.58740234375 0.4462890625 0.59326171875 0.4443359375 0.603515625 0.439453125
4 0.625 0.4208984375 0.625 0.40625 0.6298828125 0.4013671875 0.634765625 0.396484375 0.634765625 0.390625 0.63232421875 0.3779296875 0.62841796875 0.373046875 0.626953125 0.3642578125 0.626953125 0.3603515625 0.6298828125 0.357421875 0.6337890625 0.3564453125 0.6328125 0.3427734375 0.6328125 0.3291015625 0.6337890625 0.3193359375 0.63330078125 0.314453125 0.63037109375 0.3134765625 0.6259765625 0.318359375 0.6181640625 0.32421875 0.61279296875 0.3251953125 0.60986328125 0.333984375 0.60693359375 0.3369140625 0.60205078125 0.3349609375 0.59716796875 0.3291015625 0.5927734375 0.328125 0.587890625 0.328125 0.583984375 0.3115234375 0.58349609375 0.30859375 0.5810546875 0.30078125 0.57958984375 0.27734375 0.59228515625 0.271484375 0.60791015625 0.2626953125 0.623046875 0.2587890625 0.63330078125 0.2548828125 0.63427734375 0.24609375 0.634765625 0.2392578125 0.63916015625 0.232421875 0.64404296875 0.228515625 0.65185546875 0.23046875 0.66015625 0.2353515625 0.66357421875 0.240234375 0.66796875 0.23828125 0.66796875 0.228515625 0.66796875 0.2138671875 0.669921875 0.205078125 0.673828125 0.1982421875 0.6767578125 0.1943359375 0.677734375 0.171875 0.6767578125 0.154296875 0.6689453125 0.1455078125 0.6669921875 0.126953125 0.6669921875 0.1201171875 0.66943359375 0.1181640625 0.6728515625 0.126953125 0.67724609375 0.1376953125 0.68212890625 0.1455078125 0.6865234375 0.1455078125 0.69091796875 0.146484375 0.6953125 0.146484375 0.69580078125 0.138671875 0.69775390625 0.1298828125 0.7021484375 0.1455078125 0.70751953125 0.13671875 0.71337890625 0.1298828125 0.708984375 0.123046875 0.7080078125 0.1044921875 0.70458984375 0.0986328125 0.703125 0.08984375 0.70166015625 0.080078125 0.70556640625 0.0693359375 0.71240234375 0.0634765625 0.71923828125 0.0625 0.72119140625 0.0791015625 0.7314453125 0.08984375 0.73486328125 0.1025390625 0.7431640625 0.115234375 0.74658203125 0.103515625 0.74755859375 0.0947265625 0.75244140625 0.08984375 0.75048828125 0.08203125 0.75048828125 0.0791015625 0.7568359375 0.060546875 0.76220703125 0.0380859375 0.7705078125 0.0185546875 0.77294921875 0.0048828125 0.77734375 0.0009765625 0.83251953125 0.0009765625 0.8359375 0.013671875 0.8359375 0.0302734375 0.84521484375 0.044921875 0.85107421875 0.044921875 0.85205078125 0.0537109375 0.85400390625 0.068359375 0.85791015625 0.0732421875 0.86279296875 0.083984375 0.86767578125 0.08203125 0.87451171875 0.0810546875 0.8798828125 0.0888671875 0.88037109375 0.0986328125 0.88525390625 0.0986328125 0.888671875 0.08203125 0.8876953125 0.0712890625 0.8837890625 0.0625 0.8828125 0.0546875 0.88916015625 0.0517578125 0.8955078125 0.0556640625 0.9033203125 0.0673828125 0.908203125 0.0703125 0.91259765625 0.0625 0.92236328125 0.052734375 0.93115234375 0.0615234375 0.93359375 0.0556640625 0.93994140625 0.048828125 0.943359375 0.0263671875 0.94384765625 0.01953125 0.947265625 0.0166015625 0.9521484375 0.0166015625 0.95703125 0.0234375 0.9599609375 0.025390625 0.9677734375 0.021484375 0.9677734375 0.0166015625 0.9677734375 0.0078125 0.97412109375 0.005859375 0.982421875 0.0048828125 0.98583984375 0.001953125 0.99853515625 0.001953125 0.99951171875 0.2373046875 0.9931640625 0.2412109375 0.982421875 0.25 0.96923828125 0.2529296875 0.95654296875 0.259765625 0.94677734375 0.2685546875 0.93408203125 0.2705078125 0.923828125 0.26953125 0.91455078125 0.2685546875 0.900390625 0.259765625 0.89013671875 0.259765625 0.88720703125 0.267578125 0.8818359375 0.2802734375 0.8798828125 0.2861328125 0.88232421875 0.302734375 0.8955078125 0.3046875 0.9013671875 0.30078125 0.90869140625 0.3017578125 0.91455078125 0.294921875 0.91845703125 0.296875 0.92236328125 0.3046875 0.9287109375 0.3037109375 0.93603515625 0.3037109375 0.94091796875 0.3056640625 0.94921875 0.3056640625 0.95556640625 0.306640625 0.96435546875 0.3076171875 0.96875 0.3115234375 0.97314453125 0.3134765625 0.9736328125 0.302734375 0.97021484375 0.2861328125 0.96728515625 0.2744140625 0.966796875 0.2587890625 0.97314453125 0.255859375 0.9765625 0.26171875 0.978515625 0.2685546875 0.97900390625 0.2763671875 0.9814453125 0.27734375 0.982421875 0.287109375 0.98388671875 0.2978515625 0.98779296875 0.3046875 0.9931640625 0.298828125 0.99755859375 0.2978515625 0.9990234375 0.3046875 0.99951171875 0.626953125 0.9814453125 0.623046875 0.96484375 0.6220703125 0.9599609375 0.58984375 0.88818359375 0.5703125 0.884765625 0.46875 0.83203125 0.4716796875 0.83251953125 0.5615234375 0.75 0.55078125 0.71923828125 0.5478515625 0.71484375 0.5458984375 0.70458984375 0.546875 0.6982421875 0.546875 0.69140625 0.5419921875 0.68994140625 0.5380859375 0.69580078125 0.5146484375 0.6982421875 0.5048828125 0.6953125 0.4951171875 0.6953125 0.486328125 0.6962890625 0.4853515625 0.697265625 0.470703125 0.697265625 0.4580078125 0.69189453125 0.4580078125 0.693359375 0.509765625 0.609375 0.4990234375 0.61279296875 0.435546875
4 0.828125 0.4609375 0.84033203125 0.4580078125 0.84619140625 0.4580078125 0.8623046875 0.458984375 0.8701171875 0.462890625 0.87060546875 0.4716796875 0.86865234375 0.486328125 0.87109375 0.4970703125 0.88037109375 0.5029296875 0.8857421875 0.501953125 0.8916015625 0.517578125 0.89697265625 0.53515625 0.90625 0.5595703125 0.90478515625 0.57421875 0.9033203125 0.5888671875 0.9033203125 0.5966796875 0.90625 0.6083984375 0.9111328125 0.6123046875 0.91455078125 0.6083984375 0.91748046875 0.611328125 0.91845703125 0.6201171875 0.9130859375 0.6298828125 0.890625 0.6318359375 0.8759765625 0.623046875 0.87548828125 0.6142578125 0.8740234375 0.5986328125 0.8779296875 0.58984375 0.875 0.576171875 0.86767578125 0.572265625 0.86279296875 0.580078125 0.86083984375 0.5927734375 0.86083984375 0.6103515625 0.85791015625 0.6259765625 0.849609375 0.6298828125 0.8271484375 0.625 0.81201171875 0.6181640625 0.806640625 0.6015625 0.80419921875 0.5859375 0.80322265625 0.5712890625 0.80712890625 0.5439453125 0.8125 0.5234375 0.814453125 0.505859375 0.81591796875 0.49609375 0.81201171875 0.4912109375 0.81201171875 0.482421875 0.818359375 0.4765625 0.82470703125 0.4677734375 0.82666015625 0.466796875 0.82666015625 0.462890625 0.8271484375 0.4619140625
4 0.65234375 0.4931640625 0.65771484375 0.4873046875 0.6640625 0.4912109375 0.66748046875 0.4912109375 0.66943359375 0.4853515625 0.66748046875 0.4794921875 0.67041015625 0.4775390625 0.677734375 0.4853515625 0.68212890625 0.4814453125 0.68701171875 0.484375 0.68896484375 0.490234375 0.6904296875 0.4990234375 0.69140625 0.5087890625 0.69189453125 0.5146484375 0.6884765625 0.52734375 0.6875 0.5361328125 0.6826171875 0.533203125 0.6826171875 0.529296875 0.6767578125 0.537109375 0.6728515625 0.5390625 0.6708984375 0.53515625 0.6689453125 0.5380859375 0.666015625 0.5380859375 0.6650390625 0.53515625 0.6611328125 0.5390625 0.6572265625 0.5400390625 0.65625 0.5419921875 0.65234375 0.5419921875 0.64892578125 0.541015625 0.646484375 0.5380859375 0.642578125 0.5380859375 0.638671875 0.533203125 0.63720703125 0.5283203125 0.63671875 0.517578125 0.64013671875 0.509765625 0.6455078125 0.501953125 0.6484375 0.49609375
4 0.0 0.0009765625 0.23828125 0.0009765625 0.236328125 0.013671875 0.23974609375 0.0126953125 0.2470703125 0.0107421875 0.2490234375 0.017578125 0.244140625 0.0380859375 0.24755859375 0.044921875 0.24853515625 0.0537109375 0.24658203125 0.0615234375 0.2353515625 0.0625 0.22412109375 0.0615234375 0.2294921875 0.068359375 0.236328125 0.0712890625 0.2392578125 0.07421875 0.2373046875 0.0830078125 0.2314453125 0.0908203125 0.23095703125 0.1025390625 0.23779296875 0.0986328125 0.2421875 0.103515625 0.248046875 0.1015625 0.25537109375 0.107421875 0.2548828125 0.1220703125 0.2529296875 0.1337890625 0.25341796875 0.1474609375 0.2568359375 0.1484375 0.263671875 0.154296875 0.2666015625 0.171875 0.26806640625 0.1748046875 0.26806640625 0.1982421875 0.26318359375 0.2119140625 0.26806640625 0.2216796875 0.26953125 0.2314453125 0.26708984375 0.2421875 0.267578125 0.25 0.26611328125 0.2607421875 0.259765625 0.2685546875 0.25390625 0.28515625 0.25341796875 0.2919921875 0.244140625 0.32421875 0.23828125 0.36328125 0.16943359375 0.4921875 0.0009765625 0.513671875
2 0.14453125 0.3232421875 0.1435546875 0.4951171875 0.11767578125 0.51953125 0.07275390625 0.5537109375 0.05029296875 0.5703125 0.05029296875 0.5986328125 0.04296875 0.6015625 0.02001953125 0.6044921875 0.0009765625 0.6162109375 0.0009765625 0.181640625
1 0.0 0.607421875 0.1494140625 0.4765625 0.16650390625 0.4765625 0.15869140625 0.5576171875 0.1259765625 0.595703125 0.08642578125 0.6337890625 0.033203125 0.673828125 0.00146484375 0.697265625
5 0.16162109375 0.384765625 0.1728515625 0.3916015625 0.16357421875 0.4375 0.1533203125 0.4384765625 0.15283203125 0.3916015625
5 0.173828125 0.38671875 0.1904296875 0.390625 0.1630859375 0.4501953125 0.16015625 0.443359375 0.15869140625 0.4208984375 0.15673828125 0.416015625 0.1572265625 0.41015625 0.15869140625 0.4072265625 0.16015625 0.400390625 0.16455078125 0.3896484375
4 0.00830078125 0.04296875 0.0087890625 0.03125 0.0146484375 0.0224609375 0.0185546875 0.01953125 0.02001953125 0.029296875 0.02099609375 0.0419921875 0.02294921875 0.0498046875 0.02587890625 0.0517578125 0.03466796875 0.05859375 0.044921875 0.06640625 0.05078125 0.0732421875 0.05126953125 0.0849609375 0.0556640625 0.0869140625 0.06103515625 0.083984375 0.068359375 0.080078125 0.07177734375 0.0751953125 0.07080078125 0.0693359375 0.078125 0.0576171875 0.08447265625 0.0517578125 0.09716796875 0.046875 0.10009765625 0.046875 0.1025390625 0.0478515625 0.1025390625 0.064453125 0.10888671875 0.0703125 0.11083984375 0.080078125 0.111328125 0.0927734375 0.107421875 0.099609375 0.11572265625 0.1064453125 0.1162109375 0.1201171875 0.11962890625 0.1220703125 0.12451171875 0.1181640625 0.126953125 0.1162109375 0.1298828125 0.1181640625 0.1298828125 0.1279296875 0.12548828125 0.13671875 0.12548828125 0.146484375 0.119140625 0.162109375 0.119140625 0.1708984375 0.125 0.1708984375 0.12890625 0.1728515625 0.13427734375 0.185546875 0.13720703125 0.18359375 0.1396484375 0.1845703125 0.14013671875 0.2041015625 0.1435546875 0.2119140625 0.1416015625 0.21875 0.1337890625 0.2294921875 0.1328125 0.23828125 0.13623046875 0.2470703125 0.1396484375 0.25 0.142578125 0.2421875 0.1474609375 0.2431640625 0.1494140625 0.251953125 0.15283203125 0.259765625 0.1533203125 0.267578125 0.14697265625 0.291015625 0.1494140625 0.3037109375 0.1494140625 0.3115234375 0.15283203125 0.318359375 0.15234375 0.3271484375 0.15234375 0.333984375 0.15283203125 0.3466796875 0.15185546875 0.3564453125 0.14892578125 0.3603515625 0.14599609375 0.373046875 0.1474609375 0.3837890625 0.1455078125 0.3935546875 0.14013671875 0.4013671875 0.1357421875 0.39453125 0.13427734375 0.375 0.13427734375 0.357421875 0.1337890625 0.3427734375 0.1298828125 0.3330078125 0.12353515625 0.31640625 0.11767578125 0.306640625 0.1123046875 0.2998046875 0.10302734375 0.29296875 0.0986328125 0.30078125 0.09716796875 0.306640625 0.08935546875 0.291015625 0.083984375 0.2822265625 0.08056640625 0.2841796875 0.078125 0.294921875 0.07080078125 0.302734375 0.06884765625 0.27734375 0.06689453125 0.2666015625 0.0625 0.259765625 0.05908203125 0.259765625 0.056640625 0.2626953125 0.05517578125 0.2724609375 0.05322265625 0.28125 0.0498046875 0.2841796875 0.04931640625 0.271484375 0.04931640625 0.2578125 0.05078125 0.2470703125 0.04833984375 0.2470703125 0.04345703125 0.2470703125 0.03955078125 0.240234375 0.03125 0.2470703125 0.02587890625 0.248046875 0.02978515625 0.263671875 0.03076171875 0.2705078125 0.0322265625 0.2880859375 0.03173828125 0.294921875 0.02880859375 0.302734375 0.02734375 0.3125 0.02099609375 0.32421875 0.0126953125 0.33203125 0.0068359375 0.33984375 0.00341796875 0.3486328125 0.0009765625 0.3505859375 0.0009765625 0.0595703125 0.0029296875 0.05859375 0.00634765625 0.0517578125
3 0.00390625 0.0986328125 0.01806640625 0.1181640625 0.015625 0.1435546875 0.01220703125 0.140625 0.005859375 0.1376953125 0.00439453125 0.130859375 0.00146484375 0.126953125 0.0009765625 0.09375
3 0.08251953125 0.193359375 0.09521484375 0.2119140625 0.08984375 0.2197265625 0.08544921875 0.224609375 0.0810546875 0.2158203125 0.08251953125 0.203125
5 0.38037109375 0.416015625 0.3828125 0.408203125 0.388671875 0.396484375 0.39990234375 0.3935546875 0.4130859375 0.392578125 0.42919921875 0.396484375 0.4375 0.408203125 0.44677734375 0.4326171875 0.45361328125 0.4521484375 0.4541015625 0.4794921875 0.4541015625 0.494140625 0.45263671875 0.498046875 0.443359375 0.498046875 0.4423828125 0.4951171875 0.44189453125 0.4912109375 0.427734375 0.4931640625 0.40966796875 0.4892578125 0.40234375 0.48828125 0.40234375 0.4951171875 0.40185546875 0.498046875 0.39599609375 0.49609375 0.39404296875 0.4931640625 0.39404296875 0.4853515625 0.38916015625 0.4833984375 0.3837890625 0.482421875 0.3837890625 0.4873046875 0.3837890625 0.4892578125 0.37744140625 0.4892578125 0.375 0.474609375 0.375 0.4521484375 0.37646484375 0.43359375 0.37890625 0.419921875
5 0.18408203125 0.4267578125 0.18603515625 0.3916015625 0.19140625 0.3486328125 0.19482421875 0.3212890625 0.1982421875 0.310546875 0.20458984375 0.3076171875 0.212890625 0.306640625 0.2138671875 0.2998046875 0.236328125 0.2978515625 0.23779296875 0.3037109375 0.25146484375 0.3095703125 0.2548828125 0.3173828125 0.263671875 0.373046875 0.26953125 0.39453125 0.27392578125 0.3935546875 0.275390625 0.41015625 0.27197265625 0.4169921875 0.27392578125 0.4521484375 0.27587890625 0.4970703125 0.2763671875 0.5146484375 0.27392578125 0.5263671875 0.2607421875 0.5302734375 0.220703125 0.486328125 0.189453125 0.4404296875
5 0.1708984375 0.412109375 0.17626953125 0.4013671875 0.1826171875 0.3935546875 0.19140625 0.3916015625 0.2275390625 0.3916015625 0.24267578125 0.392578125 0.25 0.416015625 0.25537109375 0.4345703125 0.2607421875 0.4384765625 0.26171875 0.44140625 0.26171875 0.4521484375 0.26025390625 0.4580078125 0.26220703125 0.474609375 0.26220703125 0.5048828125 0.26171875 0.5126953125 0.2626953125 0.5234375 0.26416015625 0.5341796875 0.263671875 0.5478515625 0.26171875 0.560546875 0.259765625 0.564453125 0.25390625 0.568359375 0.2470703125 0.5693359375 0.2412109375 0.552734375 0.2158203125 0.5517578125 0.17138671875 0.5537109375 0.1708984375 0.5634765625 0.16748046875 0.572265625 0.158203125 0.57421875 0.15234375 0.5595703125 0.15087890625 0.529296875 0.15283203125 0.4951171875 0.15576171875 0.474609375 0.15771484375 0.466796875 0.154296875 0.4580078125 0.15283203125 0.4482421875 0.1533203125 0.4384765625 0.15625 0.4365234375 0.1630859375 0.4384765625 0.1650390625 0.4326171875 0.1669921875 0.4228515625
