4 0.0 0.0009765625 0.69091796875 0.0009765625 0.69287109375 0.00390625 0.69140625 0.0107421875 0.68896484375 0.0185546875 0.68310546875 0.033203125 0.6865234375 0.03515625 0.68701171875 0.0419921875 0.68896484375 0.0498046875 0.689453125 0.0576171875 0.6904296875 0.0625 0.68798828125 0.06640625 0.693359375 0.072265625 0.6962890625 0.0732421875 0.69970703125 0.080078125 0.703125 0.087890625 0.7041015625 0.083984375 0.7060546875 0.07421875 0.70654296875 0.0693359375 0.70947265625 0.060546875 0.71142578125 0.0556640625 0.716796875 0.0595703125 0.71875 0.0498046875 0.7177734375 0.0283203125 0.71875 0.009765625 0.71875 0.0009765625 0.75048828125 0.0009765625 0.75244140625 0.009765625 0.75927734375 0.0244140625 0.75927734375 0.046875 0.77001953125 0.0751953125 0.7705078125 0.4091796875 0.64990234375 0.419921875 0.0 0.5224609375
0 0.0009765625 0.654296875 0.4365234375 0.419921875 0.6767578125 0.41015625 0.99951171875 0.578125 0.99951171875 0.9990234375 0.0 1.0
1 0.0 0.5439453125 0.4033203125 0.4296875 0.43115234375 0.4296875 0.41748046875 0.4541015625 0.35791015625 0.4951171875 0.22314453125 0.5771484375 0.00146484375 0.712890625
3 0.40478515625 0.4033203125 0.40576171875 0.435546875 0.30908203125 0.466796875 0.00146484375 0.560546875 0.0 0.4208984375 0.20068359375 0.4130859375 0.30908203125 0.408203125 0.36962890625 0.404296875
4 0.44287109375 0.3876953125 0.44580078125 0.3818359375 0.4482421875 0.375 0.455078125 0.3720703125 0.4619140625 0.3681640625 0.47314453125 0.3662109375 0.47900390625 0.3701171875 0.4873046875 0.3701171875 0.494140625 0.375 0.51708984375 0.384765625 0.5244140625 0.384765625 0.52783203125 0.3828125 0.529296875 0.3740234375 0.53173828125 0.365234375 0.53857421875 0.3564453125 0.5546875 0.357421875 0.56396484375 0.3564453125 0.5791015625 0.357421875 0.58544921875 0.349609375 0.59375 0.3388671875 0.60107421875 0.3369140625 0.60595703125 0.341796875 0.6103515625 0.3564453125 0.6123046875 0.3759765625 0.61328125 0.3896484375 0.615234375 0.39453125 0.61767578125 0.3984375 0.623046875 0.4013671875 0.626953125 0.4150390625 0.630859375 0.408203125 0.64892578125 0.412109375 0.64306640625 0.431640625 0.61083984375 0.43359375 0.57470703125 0.4365234375 0.5283203125 0.4384765625 0.4814453125 0.4453125 0.45849609375 0.4501953125 0.4296875 0.453125 0.41552734375 0.451171875 0.41943359375 0.4462890625 0.42431640625 0.4365234375 0.42236328125 0.4267578125 0.421875 0.419921875 0.42578125 0.4150390625 0.4296875 0.4130859375 0.42724609375 0.4072265625 0.4296875 0.40234375 0.43505859375 0.404296875 0.4365234375 0.40234375 0.43798828125 0.3955078125
5 0.48388671875 0.40234375 0.48828125 0.388671875 0.49169921875 0.3828125 0.501953125 0.3818359375 0.5166015625 0.3828125 0.52197265625 0.3876953125 0.5263671875 0.404296875 0.5302734375 0.4052734375 0.5302734375 0.41015625 0.53076171875 0.4140625 0.5322265625 0.423828125 0.5322265625 0.435546875 0.53076171875 0.447265625 0.52880859375 0.451171875 0.525390625 0.451171875 0.525390625 0.4482421875 0.52099609375 0.4462890625 0.52099609375 0.4501953125 0.52001953125 0.453125 0.51611328125 0.453125 0.5146484375 0.4482421875 0.4990234375 0.447265625 0.49853515625 0.4501953125 0.49267578125 0.4501953125 0.49267578125 0.447265625 0.48681640625 0.4443359375 0.48681640625 0.451171875 0.4814453125 0.4501953125 0.48046875 0.4375 0.4814453125 0.416015625
2 0.75927734375 0.3916015625 0.7626953125 0.0869140625 0.7548828125 0.0849609375 0.75244140625 0.0791015625 0.75146484375 0.052734375 0.76611328125 0.02734375 0.7783203125 0.001953125 0.859375 0.0009765625 0.85986328125 0.4580078125
4 0.8125 0.41015625 0.802734375 0.3896484375 0.80029296875 0.3818359375 0.79833984375 0.375 0.796875 0.3662109375 0.80126953125 0.3544921875 0.80126953125 0.3486328125 0.79931640625 0.3427734375 0.79638671875 0.3310546875 0.79443359375 0.3232421875 0.79443359375 0.31640625 0.796875 0.31640625 0.79736328125 0.3095703125 0.79052734375 0.3095703125 0.78466796875 0.3076171875 0.78076171875 0.3056640625 0.78076171875 0.3017578125 0.78564453125 0.30078125 0.78662109375 0.2978515625 0.78564453125 0.291015625 0.78515625 0.287109375 0.78955078125 0.2861328125 0.7880859375 0.2822265625 0.78759765625 0.27734375 0.79443359375 0.2802734375 0.79931640625 0.2822265625 0.80224609375 0.2802734375 0.80078125 0.271484375 0.80517578125 0.26953125 0.80908203125 0.2685546875 0.8125 0.2744140625 0.81103515625 0.2607421875 0.8076171875 0.2392578125 0.806640625 0.2236328125 0.8095703125 0.2109375 0.8134765625 0.212890625 0.818359375 0.2314453125 0.8232421875 0.2392578125 0.822265625 0.2275390625 0.81982421875 0.2138671875 0.8232421875 0.2119140625 0.82861328125 0.22265625 0.83251953125 0.2314453125 0.8388671875 0.232421875 0.84521484375 0.2353515625 0.85302734375 0.2392578125 0.8505859375 0.41015625
2 0.8466796875 0.4248046875 0.84814453125 0.001953125 0.9990234375 0.0009765625 0.99951171875 0.6005859375 0.92333984375 0.5234375 0.90234375 0.4951171875 0.88134765625 0.466796875 0.8544921875 0.4384765625
5 0.70361328125 0.4130859375 0.70849609375 0.400390625 0.71484375 0.3984375 0.72412109375 0.3994140625 0.73193359375 0.408203125 0.7138671875 0.4208984375
5 0.673828125 0.39453125 0.68115234375 0.388671875 0.68798828125 0.388671875 0.69970703125 0.390625 0.7041015625 0.4013671875 0.705078125 0.408203125 0.69775390625 0.4140625 0.67822265625 0.40625
5 0.63720703125 0.45703125 0.6376953125 0.4384765625 0.638671875 0.4306640625 0.6396484375 0.4267578125 0.64404296875 0.41015625 0.64697265625 0.4013671875 0.6533203125 0.39453125 0.6630859375 0.39453125 0.6455078125 0.4873046875 0.64208984375 0.4912109375 0.63916015625 0.486328125 0.6376953125 0.4814453125 0.63671875 0.4765625 0.63671875 0.4697265625 0.63671875 0.46484375
5 0.64453125 0.447265625 0.64599609375 0.431640625 0.6494140625 0.4169921875 0.65380859375 0.4013671875 0.65771484375 0.39453125 0.6669921875 0.390625 0.67822265625 0.390625 0.6884765625 0.3916015625 0.6953125 0.396484375 0.69921875 0.4091796875 0.66259765625 0.4873046875 0.65234375 0.490234375 0.6513671875 0.49609375 0.650390625 0.5029296875 0.64599609375 0.5029296875 0.642578125 0.49609375 0.64306640625 0.486328125 0.6435546875 0.474609375 0.64404296875 0.4658203125 0.64404296875 0.4541015625
5 0.67431640625 0.4267578125 0.68017578125 0.4169921875 0.68701171875 0.408203125 0.703125 0.40625 0.72021484375 0.4091796875 0.70654296875 0.5087890625 0.689453125 0.5087890625 0.68310546875 0.5087890625 0.68212890625 0.521484375 0.681640625 0.5234375 0.6728515625 0.5205078125 0.669921875 0.5146484375 0.67041015625 0.50390625 0.66748046875 0.50390625 0.66796875 0.513671875 0.66064453125 0.513671875 0.658203125 0.5087890625 0.65673828125 0.498046875 0.65673828125 0.4775390625 0.658203125 0.4599609375 0.66064453125 0.4482421875 0.66357421875 0.443359375 0.66357421875 0.4375 0.666015625 0.43359375 0.6689453125 0.4306640625 0.6708984375 0.4375
5 0.73095703125 0.3818359375 0.75146484375 0.3818359375 0.77294921875 0.384765625 0.78515625 0.3916015625 0.79296875 0.4013671875 0.7451171875 0.5283203125 0.73291015625 0.53125 0.72900390625 0.53125 0.7265625 0.544921875 0.71630859375 0.5439453125 0.712890625 0.5341796875 0.7080078125 0.533203125 0.70361328125 0.5263671875 0.703125 0.5009765625 0.703125 0.4755859375 0.70849609375 0.453125 0.7109375 0.4375 0.7060546875 0.4375 0.70361328125 0.43359375 0.70361328125 0.427734375 0.70703125 0.4228515625 0.712890625 0.4208984375 0.71435546875 0.4267578125 0.7177734375 0.41015625 0.7236328125 0.3916015625
5 0.8125 0.3818359375 0.82275390625 0.3837890625 0.82666015625 0.3896484375 0.85595703125 0.392578125 0.8642578125 0.388671875 0.88330078125 0.3896484375 0.8154296875 0.59375 0.8095703125 0.603515625 0.7998046875 0.6025390625 0.78955078125 0.599609375 0.787109375 0.5888671875 0.78515625 0.5673828125 0.76416015625 0.55859375 0.75634765625 0.5556640625 0.7568359375 0.5703125 0.751953125 0.572265625 0.74169921875 0.568359375 0.74169921875 0.5478515625 0.73876953125 0.5322265625 0.740234375 0.4951171875 0.74169921875 0.478515625 0.74609375 0.4697265625 0.75244140625 0.4638671875 0.7451171875 0.4599609375 0.7431640625 0.451171875 0.74365234375 0.443359375 0.75439453125 0.4453125 0.76171875 0.4482421875 0.76904296875 0.4287109375 0.78173828125 0.404296875 0.7919921875 0.3916015625 0.79638671875 0.384765625 0.802734375 0.3818359375 0.80712890625 0.380859375
5 0.8798828125 0.376953125 0.8916015625 0.361328125 0.90234375 0.3486328125 0.9091796875 0.341796875 0.931640625 0.337890625 0.9619140625 0.3369140625 0.986328125 0.3369140625 0.99951171875 0.3369140625 0.998046875 0.6591796875 0.9765625 0.66015625 0.953125 0.658203125 0.951171875 0.6845703125 0.9443359375 0.71484375 0.93701171875 0.716796875 0.9140625 0.7119140625 0.90185546875 0.6962890625 0.8955078125 0.6640625 0.89404296875 0.640625 0.89404296875 0.6259765625 0.86767578125 0.615234375 0.8642578125 0.625 0.8583984375 0.638671875 0.8515625 0.646484375 0.82958984375 0.640625 0.8193359375 0.6201171875 0.8134765625 0.6015625 0.8115234375 0.5703125 0.81640625 0.5380859375 0.822265625 0.5302734375 0.82421875 0.5048828125 0.8310546875 0.4775390625 0.8388671875 0.4619140625 0.84716796875 0.4462890625 0.84130859375 0.4404296875 0.83740234375 0.431640625 0.837890625 0.423828125 0.84130859375 0.4140625 0.8486328125 0.4111328125 0.85595703125 0.42578125 0.8642578125 0.40625 0.875 0.3857421875
