4 0.513671875 0.3330078125 0.51708984375 0.330078125 0.51953125 0.3310546875 0.5234375 0.328125 0.5263671875 0.33203125 0.52978515625 0.3330078125 0.53466796875 0.337890625 0.53857421875 0.337890625 0.5419921875 0.3408203125 0.5419921875 0.3369140625 0.54052734375 0.3310546875 0.5400390625 0.32421875 0.5419921875 0.31640625 0.54248046875 0.3125 0.541015625 0.306640625 0.546875 0.2880859375 0.5478515625 0.279296875 0.54833984375 0.2744140625 0.55224609375 0.2744140625 0.55517578125 0.27734375 0.5595703125 0.2861328125 0.560546875 0.412109375 0.5087890625 0.4072265625 0.51025390625 0.3349609375
2 0.5146484375 0.3515625 0.5126953125 0.4052734375 0.4990234375 0.40234375 0.50048828125 0.3642578125
4 0.4931640625 0.2705078125 0.49755859375 0.2685546875 0.5 0.2685546875 0.501953125 0.2705078125 0.50439453125 0.2744140625 0.5048828125 0.283203125 0.5068359375 0.283203125 0.51123046875 0.283203125 0.515625 0.28515625 0.5146484375 0.294921875 0.51123046875 0.30078125 0.51123046875 0.3056640625 0.513671875 0.306640625 0.515625 0.322265625 0.5166015625 0.3427734375 0.51416015625 0.3583984375 0.51171875 0.369140625 0.51171875 0.37890625 0.50927734375 0.3876953125 0.5068359375 0.396484375 0.5048828125 0.4052734375 0.5 0.4013671875 0.49365234375 0.30859375 0.4921875 0.294921875 0.4921875 0.2783203125
0 0.0 0.5029296875 0.5009765625 0.4033203125 0.53955078125 0.40625 0.626953125 0.4443359375 0.75146484375 0.4638671875 1.0 0.62109375 0.99951171875 1.0 0.0 0.9990234375
1 0.47705078125 0.3984375 0.501953125 0.4013671875 0.50048828125 0.4033203125 0.4912109375 0.4140625 0.47705078125 0.4248046875 0.45947265625 0.4443359375 0.42626953125 0.4677734375 0.416015625 0.47265625 0.3564453125 0.4775390625 0.30859375 0.474609375 0.3046875 0.4658203125 0.388671875 0.4365234375 0.4697265625 0.40234375
2 0.44287109375 0.0908203125 0.45458984375 0.0888671875 0.45361328125 0.083984375 0.45947265625 0.0830078125 0.45947265625 0.15234375 0.46240234375 0.15234375 0.46240234375 0.1591796875 0.47216796875 0.158203125 0.47314453125 0.2080078125 0.4892578125 0.2080078125 0.48974609375 0.2392578125 0.4873046875 0.244140625 0.4873046875 0.263671875 0.49365234375 0.263671875 0.49462890625 0.26953125 0.49658203125 0.2724609375 0.50341796875 0.2978515625 0.50439453125 0.3212890625 0.5029296875 0.40234375 0.48974609375 0.40234375 0.48095703125 0.4052734375 0.458984375 0.416015625 0.42578125 0.435546875 0.40673828125 0.4453125 0.39208984375 0.4580078125 0.38623046875 0.4580078125 0.37939453125 0.46484375 0.35791015625 0.4677734375 0.33642578125 0.4697265625 0.30859375 0.470703125 0.310546875 0.001953125 0.43994140625 0.0009765625 0.439453125 0.005859375 0.44140625 0.08203125 0.4423828125 0.0888671875
1 0.560546875 0.4169921875 0.611328125 0.4248046875 0.7568359375 0.4521484375 0.7412109375 0.4765625 0.705078125 0.478515625 0.66943359375 0.4794921875 0.62646484375 0.478515625 0.60986328125 0.4794921875 0.59521484375 0.4775390625 0.5869140625 0.4716796875 0.57861328125 0.4619140625 0.57275390625 0.4521484375 0.5634765625 0.435546875
2 0.556640625 0.400390625 0.55908203125 0.255859375 0.5634765625 0.2578125 0.56396484375 0.2490234375 0.56201171875 0.2431640625 0.5654296875 0.228515625 0.56640625 0.2265625 0.56689453125 0.2080078125 0.5751953125 0.208984375 0.5751953125 0.1689453125 0.578125 0.16796875 0.5791015625 0.1875 0.58203125 0.1875 0.5830078125 0.1650390625 0.5869140625 0.1640625 0.58740234375 0.1787109375 0.5908203125 0.1796875 0.59130859375 0.162109375 0.59423828125 0.1591796875 0.59912109375 0.0849609375 0.615234375 0.0849609375 0.62646484375 0.0498046875 0.62646484375 0.0400390625 0.62158203125 0.0390625 0.61474609375 0.0283203125 0.62646484375 0.021484375 0.62646484375 0.001953125 0.8798828125 0.001953125 0.88671875 0.466796875 0.73876953125 0.4658203125 0.677734375 0.4658203125 0.66455078125 0.4677734375 0.63525390625 0.46484375 0.62744140625 0.4580078125 0.61767578125 0.4541015625 0.61328125 0.4482421875 0.60595703125 0.4453125 0.59912109375 0.4384765625 0.59716796875 0.4326171875 0.591796875 0.431640625 0.57763671875 0.42578125 0.5625 0.4111328125 0.55712890625 0.408203125
4 0.3076171875 0.4130859375 0.31103515625 0.4111328125 0.31494140625 0.4140625 0.3173828125 0.41796875 0.3193359375 0.4248046875 0.31982421875 0.4326171875 0.31884765625 0.443359375 0.31591796875 0.453125 0.3125 0.4599609375 0.3095703125 0.4521484375 0.30712890625 0.4228515625
1 0.302734375 0.4794921875 0.31298828125 0.48046875 0.333984375 0.4833984375 0.3603515625 0.486328125 0.37158203125 0.4873046875 0.37646484375 0.4873046875 0.37744140625 0.4931640625 0.34716796875 0.505859375 0.27001953125 0.5419921875 0.1884765625 0.5810546875 0.10888671875 0.6181640625 0.052734375 0.6435546875 0.01220703125 0.662109375 0.00244140625 0.666015625 0.0 0.6669921875 0.00146484375 0.5419921875
2 0.0009765625 0.0009765625 0.31591796875 0.0009765625 0.31640625 0.0302734375 0.31640625 0.033203125 0.31591796875 0.0419921875 0.31396484375 0.0439453125 0.31103515625 0.4248046875 0.3115234375 0.4296875 0.3115234375 0.482421875 0.29931640625 0.484375 0.25 0.501953125 0.18603515625 0.51953125 0.078125 0.5478515625 0.025390625 0.5615234375 0.0166015625 0.5625 0.0078125 0.564453125 0.0009765625 0.5693359375 0.0 0.3779296875 0.0009765625 0.08984375
5 0.53564453125 0.3837890625 0.54248046875 0.3837890625 0.54443359375 0.38671875 0.54443359375 0.39453125 0.5400390625 0.40625 0.5361328125 0.4052734375 0.5341796875 0.4033203125 0.5341796875 0.3955078125 0.53515625 0.38671875
5 0.54052734375 0.390625 0.54736328125 0.390625 0.5498046875 0.39453125 0.53857421875 0.4072265625 0.53759765625 0.3984375 0.5390625 0.392578125
5 0.5419921875 0.39453125 0.5498046875 0.39453125 0.54052734375 0.41796875 0.5380859375 0.416015625 0.5380859375 0.408203125 0.5390625 0.3984375 0.54052734375 0.3955078125
5 0.5537109375 0.39453125 0.556640625 0.396484375 0.55908203125 0.40234375 0.54296875 0.423828125 0.54052734375 0.423828125 0.5400390625 0.41796875 0.54052734375 0.41015625 0.54345703125 0.4013671875 0.546875 0.3955078125 0.5498046875 0.39453125 0.55224609375 0.39453125
5 0.5498046875 0.3984375 0.5537109375 0.3984375 0.55615234375 0.3984375 0.5576171875 0.3994140625 0.56005859375 0.4033203125 0.56201171875 0.4091796875 0.5478515625 0.431640625 0.54638671875 0.4326171875 0.54296875 0.4306640625 0.54150390625 0.4248046875 0.54248046875 0.4140625 0.5439453125 0.40625 0.54638671875 0.4013671875 0.5478515625 0.3994140625
5 0.56396484375 0.4072265625 0.568359375 0.408203125 0.57373046875 0.4111328125 0.57373046875 0.4501953125 0.5517578125 0.458984375 0.54931640625 0.4580078125 0.548828125 0.453125 0.54638671875 0.4521484375 0.5458984375 0.4404296875 0.5478515625 0.4248046875 0.55126953125 0.4150390625 0.55419921875 0.4091796875 0.55810546875 0.4072265625 0.5625 0.40625
5 0.56640625 0.412109375 0.57666015625 0.4130859375 0.58056640625 0.4189453125 0.583984375 0.439453125 0.5830078125 0.4599609375 0.58251953125 0.462890625 0.57763671875 0.462890625 0.57568359375 0.4599609375 0.57568359375 0.4580078125 0.5673828125 0.45703125 0.5576171875 0.45703125 0.55615234375 0.4619140625 0.552734375 0.4619140625 0.55078125 0.4560546875 0.55029296875 0.443359375 0.5498046875 0.4345703125 0.552734375 0.4228515625 0.5537109375 0.4169921875 0.5556640625 0.4130859375 0.56005859375 0.4111328125
4 0.72705078125 0.4130859375 0.82958984375 0.41015625 0.8681640625 0.4111328125 0.86669921875 0.4560546875 0.73388671875 0.4580078125
4 0.7421875 0.427734375 0.75146484375 0.4267578125 0.86962890625 0.431640625 0.87060546875 0.46875 0.7470703125 0.4716796875 0.73974609375 0.4716796875 0.73779296875 0.45703125 0.73876953125 0.4365234375
1 0.6611328125 0.498046875 0.68603515625 0.4990234375 0.7412109375 0.498046875 0.99951171875 0.5693359375 0.99853515625 0.6943359375 0.92822265625 0.6552734375 0.849609375 0.6123046875 0.78515625 0.5751953125 0.7333984375 0.5439453125 0.689453125 0.5205078125 0.67236328125 0.509765625 0.65966796875 0.50390625 0.65869140625 0.498046875
4 0.82568359375 0.439453125 0.85009765625 0.4384765625 0.87353515625 0.439453125 0.9306640625 0.4443359375 1.0 0.4521484375 1.0 0.5439453125 0.81640625 0.4970703125
2 0.99951171875 0.001953125 0.9990234375 0.484375 0.8681640625 0.4521484375 0.87646484375 0.001953125
2 0.75 0.3408203125 0.79052734375 0.3388671875 0.79052734375 0.4873046875 0.7822265625 0.5009765625 0.7822265625 0.517578125 0.7744140625 0.5166015625 0.76953125 0.494140625 0.75 0.4931640625 0.7490234375 0.5166015625 0.744140625 0.515625
2 0.7412109375 0.33203125 0.78173828125 0.3173828125 0.83056640625 0.3212890625 0.82763671875 0.46875 0.82763671875 0.529296875 0.82177734375 0.5263671875 0.8173828125 0.501953125 0.7900390625 0.5009765625 0.79052734375 0.5283203125 0.78564453125 0.5263671875 0.78857421875 0.341796875 0.75 0.34375 0.740234375 0.341796875
5 0.50341796875 0.4130859375 0.505859375 0.404296875 0.5126953125 0.4033203125 0.52099609375 0.4033203125 0.52294921875 0.40625 0.5263671875 0.4169921875 0.5068359375 0.44921875 0.50341796875 0.44921875 0.50048828125 0.4462890625 0.50048828125 0.4326171875 0.5009765625 0.419921875 0.49951171875 0.4189453125 0.49951171875 0.416015625 0.501953125 0.4140625
5 0.5068359375 0.4287109375 0.50830078125 0.4189453125 0.5107421875 0.4150390625 0.52001953125 0.4140625 0.533203125 0.416015625 0.5361328125 0.4189453125 0.5380859375 0.4267578125 0.53955078125 0.4287109375 0.54052734375 0.4287109375 0.54150390625 0.4345703125 0.5400390625 0.4365234375 0.54052734375 0.44921875 0.54052734375 0.4599609375 0.5400390625 0.46875 0.5400390625 0.4736328125 0.5341796875 0.47265625 0.533203125 0.4697265625 0.53369140625 0.46484375 0.521484375 0.4658203125 0.51025390625 0.46484375 0.509765625 0.4697265625 0.50830078125 0.470703125 0.5048828125 0.46875 0.50439453125 0.4638671875 0.50341796875 0.447265625 0.50439453125 0.435546875 0.50439453125 0.4326171875 0.501953125 0.4296875 0.50146484375 0.42578125 0.50439453125 0.423828125 0.505859375 0.4248046875
5 0.43798828125 0.412109375 0.44921875 0.41015625 0.45361328125 0.41015625 0.455078125 0.4072265625 0.45654296875 0.4072265625 0.45849609375 0.4091796875 0.46142578125 0.4150390625 0.46337890625 0.419921875 0.46484375 0.4296875 0.466796875 0.4287109375 0.47119140625 0.4287109375 0.47216796875 0.435546875 0.46728515625 0.4365234375 0.4677734375 0.4404296875 0.46826171875 0.44921875 0.46826171875 0.4736328125 0.4638671875 0.478515625 0.4599609375 0.478515625 0.45849609375 0.4716796875 0.4521484375 0.4697265625 0.4423828125 0.4697265625 0.43505859375 0.4716796875 0.43408203125 0.4775390625 0.4306640625 0.478515625 0.42626953125 0.478515625 0.42529296875 0.4765625 0.42578125 0.451171875 0.42626953125 0.4306640625 0.43017578125 0.4140625 0.4326171875 0.41015625 0.43505859375 0.4091796875 0.4375 0.4091796875
