4 0.30908203125 0.1728515625 0.31494140625 0.1591796875 0.31787109375 0.138671875 0.31787109375 0.123046875 0.31396484375 0.130859375 0.31298828125 0.1142578125 0.31103515625 0.1103515625 0.30322265625 0.1103515625 0.29541015625 0.1064453125 0.2900390625 0.1044921875 0.2861328125 0.1123046875 0.28369140625 0.115234375 0.27685546875 0.111328125 0.27099609375 0.111328125 0.26611328125 0.1064453125 0.26025390625 0.099609375 0.25048828125 0.0947265625 0.24609375 0.09375 0.240234375 0.09765625 0.236328125 0.10546875 0.23095703125 0.1142578125 0.22607421875 0.1181640625 0.224609375 0.1142578125 0.22021484375 0.109375 0.21875 0.1044921875 0.21142578125 0.09765625 0.20654296875 0.091796875 0.20263671875 0.0859375 0.19775390625 0.0908203125 0.1884765625 0.09765625 0.1806640625 0.09765625 0.17333984375 0.0986328125 0.1728515625 0.107421875 0.17431640625 0.1171875 0.17236328125 0.1259765625 0.16796875 0.1240234375 0.16650390625 0.12109375 0.1572265625 0.1279296875 0.15234375 0.1376953125 0.15234375 0.146484375 0.15185546875 0.1611328125 0.14892578125 0.1689453125 0.146484375 0.1796875 0.14208984375 0.19140625 0.1484375 0.19140625 0.1513671875 0.193359375 0.14892578125 0.2099609375 0.14794921875 0.22265625 0.1552734375 0.2431640625 0.1650390625 0.255859375 0.1748046875 0.265625 0.3095703125 0.17578125
2 0.48193359375 0.2880859375 0.49169921875 0.30078125 0.51904296875 0.30859375 0.51904296875 0.326171875 0.474609375 0.3330078125 0.4609375 0.3115234375 0.4677734375 0.291015625 0.47216796875 0.3017578125 0.4755859375 0.2880859375 0.47802734375 0.2958984375
4 0.5048828125 0.283203125 0.509765625 0.2841796875 0.5107421875 0.291015625 0.51318359375 0.298828125 0.517578125 0.3037109375 0.52099609375 0.310546875 0.52099609375 0.3232421875 0.50439453125 0.32421875 0.501953125 0.3232421875 0.49609375 0.330078125 0.49072265625 0.3232421875 0.48779296875 0.31640625 0.4892578125 0.3037109375 0.4892578125 0.29296875 0.49267578125 0.2978515625 0.49462890625 0.291015625 0.49560546875 0.283203125 0.4970703125 0.28125 0.50146484375 0.2802734375 0.5029296875 0.2861328125
2 0.466796875 0.310546875 0.47900390625 0.310546875 0.4794921875 0.3154296875 0.48828125 0.3173828125 0.494140625 0.3291015625 0.501953125 0.3232421875 0.525390625 0.3212890625 0.56005859375 0.3701171875 0.60986328125 0.36328125 0.6083984375 0.44921875 0.50830078125 0.4443359375 0.453125 0.44140625 0.39990234375 0.443359375 0.39990234375 0.3857421875 0.45751953125 0.3095703125
0 0.35595703125 0.4716796875 0.18115234375 0.51953125 0.0 0.552734375 0.0 0.998046875 0.9990234375 0.9990234375 0.9990234375 0.8544921875 0.6533203125 0.5185546875 0.5224609375 0.4423828125 0.46044921875 0.435546875 0.3740234375 0.4541015625
4 0.47802734375 0.4326171875 0.4833984375 0.427734375 0.48291015625 0.419921875 0.48095703125 0.4111328125 0.47998046875 0.3974609375 0.47705078125 0.390625 0.47314453125 0.384765625 0.46875 0.390625 0.46484375 0.3896484375 0.46142578125 0.3798828125 0.4580078125 0.390625 0.45458984375 0.4072265625 0.45166015625 0.4072265625 0.44580078125 0.41015625 0.443359375 0.4130859375 0.44482421875 0.4248046875 0.4501953125 0.4345703125 0.46044921875 0.435546875 0.46875 0.4375 0.47705078125 0.439453125
4 0.5205078125 0.4287109375 0.51025390625 0.421875 0.509765625 0.40625 0.513671875 0.3974609375 0.52392578125 0.4033203125 0.53466796875 0.416015625 0.533203125 0.4287109375 0.52685546875 0.435546875
5 0.5390625 0.4287109375 0.52685546875 0.4267578125 0.51904296875 0.431640625 0.515625 0.435546875 0.51513671875 0.4423828125 0.51708984375 0.4462890625 0.52001953125 0.44921875 0.52294921875 0.44921875 0.52978515625 0.4453125 0.533203125 0.4462890625 0.53857421875 0.4462890625 0.53955078125 0.4423828125 0.53955078125 0.4375
1 0.5087890625 0.462890625 0.54443359375 0.4892578125 0.60107421875 0.5361328125 0.64599609375 0.5791015625 0.703125 0.6455078125 0.76416015625 0.728515625 0.82763671875 0.8056640625 0.83984375 0.818359375 0.9794921875 0.99609375 0.99951171875 1.0 0.99755859375 0.6171875 0.87890625 0.5625 0.73974609375 0.4892578125 0.611328125 0.451171875 0.5537109375 0.443359375 0.50244140625 0.443359375
4 0.6513671875 0.318359375 0.712890625 0.2998046875 0.74267578125 0.306640625 0.76513671875 0.357421875 0.77099609375 0.423828125 0.736328125 0.4736328125 0.658203125 0.451171875 0.61279296875 0.4287109375 0.607421875 0.3544921875 0.6103515625 0.3291015625
4 0.52197265625 0.3916015625 0.51708984375 0.3994140625 0.51416015625 0.3955078125 0.51123046875 0.3828125 0.50634765625 0.3818359375 0.50341796875 0.376953125 0.50830078125 0.3671875 0.50830078125 0.357421875 0.50830078125 0.34765625 0.515625 0.34765625 0.51904296875 0.333984375 0.52294921875 0.322265625 0.52685546875 0.314453125 0.5234375 0.3125 0.52197265625 0.3076171875 0.52783203125 0.2890625 0.5302734375 0.283203125 0.53173828125 0.2685546875 0.52587890625 0.2685546875 0.5244140625 0.259765625 0.52587890625 0.2451171875 0.5322265625 0.240234375 0.52978515625 0.2353515625 0.53466796875 0.23046875 0.53173828125 0.2216796875 0.529296875 0.2099609375 0.53076171875 0.197265625 0.53515625 0.1904296875 0.5400390625 0.2021484375 0.5439453125 0.193359375 0.53759765625 0.189453125 0.5400390625 0.1748046875 0.541015625 0.1650390625 0.54052734375 0.1552734375 0.5458984375 0.1142578125 0.5556640625 0.111328125 0.556640625 0.09375 0.56298828125 0.0771484375 0.5732421875 0.056640625 0.57470703125 0.0439453125 0.57958984375 0.03125 0.5830078125 0.0439453125 0.58544921875 0.025390625 0.58935546875 0.0126953125 0.583984375 0.001953125 0.6376953125 0.00390625 0.63916015625 0.0693359375 0.6474609375 0.1748046875 0.6416015625 0.2333984375 0.6298828125 0.2841796875 0.623046875 0.3203125 0.62109375 0.3671875 0.6171875 0.4287109375 0.60205078125 0.4267578125 0.60302734375 0.41015625 0.59716796875 0.41015625 0.58837890625 0.4130859375 0.58544921875 0.419921875 0.576171875 0.4208984375 0.56640625 0.416015625 0.560546875 0.4150390625 0.55859375 0.4248046875 0.55908203125 0.4462890625 0.552734375 0.4482421875 0.5400390625 0.439453125 0.54052734375 0.4287109375 0.53515625 0.4169921875 0.53369140625 0.3994140625
5 0.56787109375 0.4296875 0.56494140625 0.4365234375 0.56396484375 0.443359375 0.56494140625 0.447265625 0.56787109375 0.44921875 0.57275390625 0.44921875 0.57568359375 0.4482421875 0.57666015625 0.443359375 0.57666015625 0.4345703125 0.576171875 0.4287109375 0.57275390625 0.427734375
3 0.55322265625 0.4296875 0.55517578125 0.4296875 0.5556640625 0.4365234375 0.56201171875 0.4365234375 0.56103515625 0.4501953125 0.546875 0.44921875 0.54736328125 0.435546875 0.55224609375 0.4365234375
4 0.5595703125 0.4541015625 0.56591796875 0.4560546875 0.5771484375 0.4638671875 0.5947265625 0.466796875 0.625 0.4736328125 0.638671875 0.470703125 0.65087890625 0.474609375 0.66064453125 0.484375 0.66357421875 0.4921875 0.67724609375 0.4892578125 0.69677734375 0.4931640625 0.7138671875 0.4970703125 0.6962890625 0.5048828125 0.75634765625 0.5224609375 0.76953125 0.5361328125 0.8056640625 0.5771484375 0.853515625 0.5908203125 0.96875 0.6181640625 0.99853515625 0.6259765625 0.99951171875 0.3896484375 0.98583984375 0.373046875 0.955078125 0.384765625 0.943359375 0.38671875 0.908203125 0.3935546875 0.8720703125 0.404296875 0.8427734375 0.41015625 0.82958984375 0.4140625 0.80126953125 0.419921875 0.787109375 0.419921875 0.76806640625 0.419921875 0.7421875 0.42578125 0.71875 0.4375 0.7109375 0.4443359375 0.69580078125 0.443359375 0.6923828125 0.42578125 0.6923828125 0.3974609375 0.68359375 0.3798828125 0.67529296875 0.373046875 0.6611328125 0.384765625 0.65380859375 0.396484375 0.646484375 0.3935546875 0.625 0.4072265625 0.62109375 0.42578125 0.59326171875 0.42578125 0.578125 0.4296875 0.57763671875 0.447265625 0.546875 0.4501953125 0.556640625 0.4541015625
3 0.56689453125 0.439453125 0.57421875 0.4423828125 0.5732421875 0.4609375 0.5673828125 0.45703125
4 0.99951171875 0.0029296875 0.9990234375 0.3935546875 0.955078125 0.419921875 0.88720703125 0.435546875 0.814453125 0.4482421875 0.765625 0.4482421875 0.74755859375 0.4345703125 0.73974609375 0.3837890625 0.74072265625 0.326171875 0.75048828125 0.255859375 0.75634765625 0.1865234375 0.76416015625 0.1318359375 0.7744140625 0.0810546875 0.78271484375 0.0625 0.79052734375 0.0341796875 0.80615234375 0.0009765625
4 0.640625 0.3818359375 0.642578125 0.3359375 0.64697265625 0.3388671875 0.65869140625 0.3349609375 0.6767578125 0.31640625 0.6923828125 0.2890625 0.72021484375 0.240234375 0.73388671875 0.189453125 0.73046875 0.146484375 0.724609375 0.1123046875 0.71044921875 0.068359375 0.69482421875 0.0146484375 0.6875 0.001953125 0.61669921875 0.0029296875 0.60595703125 0.0361328125 0.5986328125 0.0693359375 0.5830078125 0.12109375 0.56982421875 0.1689453125 0.56787109375 0.2265625 0.57275390625 0.2685546875 0.58544921875 0.30078125 0.59521484375 0.3232421875 0.61083984375 0.345703125 0.62548828125 0.3505859375 0.634765625 0.3486328125 0.63671875 0.4736328125 0.642578125 0.4716796875 0.64404296875 0.466796875 0.640625 0.3857421875
4 0.701171875 0.4189453125 0.703125 0.3681640625 0.7099609375 0.345703125 0.7216796875 0.3564453125 0.74951171875 0.3564453125 0.74560546875 0.330078125 0.74658203125 0.296875 0.75634765625 0.287109375 0.7734375 0.2578125 0.77880859375 0.22265625 0.7744140625 0.18359375 0.775390625 0.1103515625 0.81494140625 0.001953125 0.794921875 0.0009765625 0.76220703125 0.0009765625 0.73974609375 0.0009765625 0.70361328125 0.0009765625 0.64404296875 0.001953125 0.62890625 0.0322265625 0.61962890625 0.076171875 0.6162109375 0.1396484375 0.61669921875 0.181640625 0.62060546875 0.2265625 0.62744140625 0.251953125 0.638671875 0.283203125 0.6513671875 0.3193359375 0.6796875 0.33203125 0.68896484375 0.330078125 0.68798828125 0.458984375 0.7060546875 0.45703125
3 0.78955078125 0.4970703125 0.7509765625 0.4833984375 0.70361328125 0.4736328125 0.70361328125 0.498046875 0.71728515625 0.4990234375 0.7529296875 0.509765625 0.775390625 0.525390625 0.79052734375 0.5390625 0.79052734375 0.513671875
4 0.435546875 0.4345703125 0.4365234375 0.4130859375 0.4365234375 0.3994140625 0.43896484375 0.3916015625 0.44482421875 0.3896484375 0.45068359375 0.3828125 0.45458984375 0.3740234375 0.45458984375 0.3525390625 0.45703125 0.3388671875 0.4609375 0.330078125 0.46484375 0.3212890625 0.46484375 0.3134765625 0.4736328125 0.3095703125 0.4697265625 0.296875 0.4677734375 0.29296875 0.46826171875 0.2861328125 0.4658203125 0.2783203125 0.4599609375 0.271484375 0.458984375 0.259765625 0.45458984375 0.259765625 0.44921875 0.25 0.44873046875 0.2373046875 0.44384765625 0.224609375 0.4365234375 0.2138671875 0.43212890625 0.208984375 0.42529296875 0.2080078125 0.41943359375 0.197265625 0.41455078125 0.19921875 0.408203125 0.2158203125 0.40185546875 0.240234375 0.3984375 0.2734375 0.3994140625 0.3232421875 0.40185546875 0.365234375 0.4033203125 0.3994140625 0.4052734375 0.44140625 0.41943359375 0.4384765625 0.43408203125 0.43359375
5 0.43505859375 0.419921875 0.4462890625 0.419921875 0.4462890625 0.4296875 0.44091796875 0.4306640625 0.4345703125 0.427734375
5 0.455078125 0.427734375 0.45556640625 0.4326171875 0.45458984375 0.447265625 0.447265625 0.447265625 0.44482421875 0.4482421875 0.4423828125 0.4482421875 0.44140625 0.4384765625 0.4423828125 0.431640625 0.4443359375 0.427734375 0.44873046875 0.4267578125
5 0.4404296875 0.4384765625 0.44580078125 0.431640625 0.4443359375 0.427734375 0.4404296875 0.4248046875 0.4345703125 0.4248046875 0.43115234375 0.431640625
5 0.2275390625 0.41796875 0.234375 0.4150390625 0.25 0.41796875 0.2490234375 0.4375 0.23828125 0.4638671875 0.22265625 0.4873046875 0.21484375 0.4775390625 0.21484375 0.45703125 0.2177734375 0.4306640625
5 0.44287109375 0.4580078125 0.44482421875 0.44140625 0.44140625 0.4326171875 0.43408203125 0.4296875 0.431640625 0.431640625 0.43212890625 0.451171875 0.4365234375 0.45703125 0.43994140625 0.4580078125
5 0.4365234375 0.462890625 0.4365234375 0.4462890625 0.4365234375 0.4345703125 0.4345703125 0.427734375 0.4287109375 0.42578125 0.41748046875 0.4267578125 0.41845703125 0.447265625 0.4228515625 0.4619140625 0.43212890625 0.4609375 0.431640625 0.462890625 0.43310546875 0.46484375 0.435546875 0.4658203125
5 0.47021484375 0.451171875 0.47021484375 0.4560546875 0.47265625 0.4560546875 0.47265625 0.4423828125 0.47216796875 0.431640625 0.46923828125 0.42578125 0.4599609375 0.42578125 0.45556640625 0.4296875 0.45361328125 0.44140625 0.4541015625 0.4521484375 0.4541015625 0.4560546875 0.45703125 0.4560546875 0.4580078125 0.451171875
1 0.29931640625 0.4736328125 0.353515625 0.455078125 0.4052734375 0.4482421875 0.3896484375 0.466796875 0.37939453125 0.4765625 0.33251953125 0.4990234375 0.31103515625 0.5078125 0.1865234375 0.5439453125 0.0595703125 0.5888671875 0.01806640625 0.5478515625 0.14306640625 0.513671875 0.2177734375 0.484375
2 0.19873046875 0.1708984375 0.25244140625 0.169921875 0.25244140625 0.1552734375 0.26416015625 0.15625 0.265625 0.1650390625 0.3154296875 0.1650390625 0.3427734375 0.2890625 0.33837890625 0.3916015625 0.28173828125 0.41015625 0.2333984375 0.4482421875 0.13916015625 0.4736328125 0.17041015625 0.267578125
4 0.3798828125 0.453125 0.3798828125 0.423828125 0.3896484375 0.4111328125 0.40087890625 0.4072265625 0.408203125 0.3984375 0.40869140625 0.37890625 0.41259765625 0.3662109375 0.41650390625 0.3447265625 0.42236328125 0.328125 0.427734375 0.3134765625 0.41845703125 0.2880859375 0.41845703125 0.2568359375 0.41943359375 0.232421875 0.42041015625 0.203125 0.41650390625 0.193359375 0.42529296875 0.1962890625 0.4267578125 0.19140625 0.423828125 0.1787109375 0.41943359375 0.1591796875 0.4169921875 0.140625 0.41064453125 0.1162109375 0.39599609375 0.1142578125 0.3828125 0.1064453125 0.37841796875 0.08984375 0.36767578125 0.1015625 0.36328125 0.1005859375 0.35595703125 0.10546875 0.34521484375 0.1064453125 0.33447265625 0.109375 0.3232421875 0.12109375 0.3251953125 0.1279296875 0.3291015625 0.130859375 0.32373046875 0.1416015625 0.318359375 0.15234375 0.32763671875 0.1591796875 0.32275390625 0.16796875 0.318359375 0.1806640625 0.3173828125 0.193359375 0.31884765625 0.2080078125 0.32421875 0.2119140625 0.3173828125 0.2236328125 0.3173828125 0.234375 0.318359375 0.24609375 0.30859375 0.259765625 0.30419921875 0.2685546875 0.30419921875 0.27734375 0.31201171875 0.275390625 0.31689453125 0.28125 0.3232421875 0.29296875 0.32080078125 0.306640625 0.32080078125 0.30859375 0.32666015625 0.3232421875 0.32275390625 0.333984375 0.3232421875 0.34375 0.3203125 0.3486328125 0.3115234375 0.3623046875 0.30810546875 0.37109375 0.3271484375 0.4443359375 0.35009765625 0.4365234375 0.35595703125 0.4580078125
5 0.3984375 0.4716796875 0.41748046875 0.4716796875 0.41845703125 0.4765625 0.42138671875 0.4765625 0.423828125 0.4736328125 0.42529296875 0.46484375 0.423828125 0.4521484375 0.42236328125 0.43359375 0.41796875 0.42578125 0.39794921875 0.42578125 0.3935546875 0.4404296875 0.39208984375 0.4384765625 0.3896484375 0.44140625 0.390625 0.4462890625 0.39111328125 0.4462890625 0.39111328125 0.4541015625 0.39111328125 0.466796875 0.39208984375 0.4775390625 0.3955078125 0.478515625 0.39794921875 0.474609375
4 0.18115234375 0.388671875 0.19287109375 0.3837890625 0.2041015625 0.37890625 0.21484375 0.37109375 0.216796875 0.357421875 0.21923828125 0.3310546875 0.21533203125 0.3056640625 0.2109375 0.2880859375 0.20751953125 0.265625 0.20166015625 0.2490234375 0.1943359375 0.232421875 0.18701171875 0.2216796875 0.1806640625 0.224609375 0.173828125 0.24609375 0.16748046875 0.2666015625 0.16162109375 0.29296875 0.158203125 0.318359375 0.1611328125 0.3544921875 0.1669921875 0.373046875 0.17431640625 0.3837890625
4 0.06201171875 0.171875 0.06787109375 0.15625 0.07470703125 0.1591796875 0.07666015625 0.16796875 0.0810546875 0.1591796875 0.0859375 0.1650390625 0.0908203125 0.1787109375 0.0966796875 0.173828125 0.1005859375 0.1650390625 0.1103515625 0.1748046875 0.1142578125 0.1728515625 0.11669921875 0.18359375 0.12255859375 0.1845703125 0.12841796875 0.1826171875 0.13525390625 0.18359375 0.14208984375 0.1943359375 0.14306640625 0.21484375 0.1474609375 0.2216796875 0.15576171875 0.2080078125 0.16162109375 0.203125 0.16650390625 0.23046875 0.16845703125 0.251953125 0.1689453125 0.271484375 0.15966796875 0.3779296875 0.12060546875 0.423828125 0.0537109375 0.3671875 0.0283203125 0.2548828125 0.0419921875 0.19140625
2 0.16748046875 0.2783203125 0.20654296875 0.2783203125 0.24365234375 0.298828125 0.24267578125 0.33203125 0.23193359375 0.3330078125 0.23193359375 0.41796875 0.22900390625 0.4189453125 0.22802734375 0.330078125 0.20703125 0.330078125 0.20703125 0.4384765625 0.20556640625 0.4384765625 0.205078125 0.328125 0.16748046875 0.328125 0.150390625 0.3251953125 0.15087890625 0.2783203125
4 0.2392578125 0.36328125 0.2490234375 0.3583984375 0.25244140625 0.353515625 0.25390625 0.33203125 0.2568359375 0.31640625 0.25830078125 0.3095703125 0.26171875 0.314453125 0.26318359375 0.31640625 0.265625 0.31640625 0.26611328125 0.326171875 0.271484375 0.341796875 0.27490234375 0.3203125 0.283203125 0.34375 0.28662109375 0.3408203125 0.28955078125 0.3369140625 0.29541015625 0.34765625 0.30078125 0.3486328125 0.30419921875 0.357421875 0.30908203125 0.3671875 0.31494140625 0.3759765625 0.318359375 0.3779296875 0.32177734375 0.3857421875 0.32275390625 0.400390625 0.3251953125 0.41015625 0.32568359375 0.419921875 0.326171875 0.4326171875 0.32421875 0.458984375 0.2431640625 0.4677734375 0.234375 0.423828125 0.240234375 0.412109375 0.23486328125 0.40625 0.23828125 0.390625 0.23779296875 0.3818359375
3 0.30712890625 0.4765625 0.32958984375 0.470703125 0.32958984375 0.427734375 0.30517578125 0.4296875 0.26806640625 0.4306640625 0.265625 0.4287109375 0.25146484375 0.427734375 0.2431640625 0.427734375 0.22021484375 0.42578125 0.19384765625 0.42578125 0.16748046875 0.423828125 0.12353515625 0.4296875 0.12744140625 0.51953125 0.171875 0.513671875 0.18115234375 0.5078125 0.201171875 0.5048828125 0.2158203125 0.49609375 0.24462890625 0.490234375 0.2578125 0.48828125 0.271484375 0.486328125 0.28271484375 0.48046875 0.29736328125 0.4775390625
4 0.138671875 0.322265625 0.14404296875 0.330078125 0.1494140625 0.337890625 0.1533203125 0.3525390625 0.1494140625 0.373046875 0.1416015625 0.380859375 0.150390625 0.3916015625 0.1533203125 0.4052734375 0.14453125 0.419921875 0.1474609375 0.435546875 0.12646484375 0.447265625 0.1337890625 0.4560546875 0.138671875 0.4736328125 0.1396484375 0.4794921875 0.13427734375 0.4931640625 0.14306640625 0.4970703125 0.13818359375 0.5126953125 0.1435546875 0.5234375 0.099609375 0.533203125 0.05029296875 0.5419921875 0.0009765625 0.517578125 0.0 0.2021484375 0.0 0.0009765625 0.07958984375 0.00390625 0.07763671875 0.015625 0.0869140625 0.03125 0.09033203125 0.0498046875 0.0830078125 0.052734375 0.0791015625 0.0625 0.07568359375 0.0732421875 0.0703125 0.0712890625 0.060546875 0.0810546875 0.05712890625 0.1025390625 0.05615234375 0.1181640625 0.0615234375 0.1083984375 0.064453125 0.125 0.06884765625 0.1337890625 0.07080078125 0.1474609375 0.0771484375 0.150390625 0.07763671875 0.1748046875 0.0810546875 0.193359375 0.0947265625 0.2119140625 0.1005859375 0.2392578125 0.109375 0.2626953125 0.119140625 0.287109375 0.12841796875 0.3017578125 0.13623046875 0.306640625
5 0.01611328125 0.662109375 0.0185546875 0.6650390625 0.025390625 0.6650390625 0.02880859375 0.67578125 0.03173828125 0.681640625 0.0361328125 0.685546875 0.0419921875 0.685546875 0.0478515625 0.68359375 0.05419921875 0.6767578125 0.05712890625 0.6611328125 0.06103515625 0.630859375 0.0634765625 0.6103515625 0.06396484375 0.5810546875 0.06298828125 0.5556640625 0.05908203125 0.541015625 0.0537109375 0.5244140625 0.05126953125 0.5 0.046875 0.48046875 0.04296875 0.4619140625 0.0390625 0.4443359375 0.0283203125 0.4208984375 0.01708984375 0.41015625 0.0 0.3984375 0.0009765625 0.673828125
5 0.48876953125 0.4296875 0.48193359375 0.4296875 0.47998046875 0.4365234375 0.4794921875 0.4482421875 0.47900390625 0.4541015625 0.4814453125 0.451171875
5 0.486328125 0.453125 0.48388671875 0.455078125 0.48193359375 0.4501953125 0.482421875 0.44140625 0.4833984375 0.4345703125 0.48828125 0.4296875 0.49365234375 0.4296875
5 0.49169921875 0.4599609375 0.50537109375 0.458984375 0.50537109375 0.4658203125 0.5087890625 0.466796875 0.50927734375 0.455078125 0.509765625 0.4453125 0.5087890625 0.4384765625 0.50634765625 0.4296875 0.4921875 0.427734375 0.48681640625 0.4345703125 0.4853515625 0.4443359375 0.48583984375 0.46484375 0.48974609375 0.4658203125 0.48974609375 0.4609375
