0 -0.0009765625 0.505859375 0.47900390625 0.42578125 0.51904296875 0.421875 0.58203125 0.447265625 0.865234375 0.4404296875 0.99853515625 0.765625 0.998046875 0.9970703125 -0.0009765625 0.99609375
4 0.59033203125 0.3515625 0.51220703125 0.3642578125 0.51171875 0.3525390625 0.5146484375 0.3427734375 0.51708984375 0.333984375 0.52099609375 0.326171875 0.5283203125 0.3232421875 0.52978515625 0.3203125 0.52587890625 0.3134765625 0.52294921875 0.3056640625 0.52880859375 0.3056640625 0.525390625 0.2802734375 0.52978515625 0.259765625 0.53173828125 0.24609375 0.53662109375 0.2470703125 0.53857421875 0.234375 0.54443359375 0.2265625 0.55029296875 0.203125 0.55078125 0.19921875 0.5634765625 0.1875 0.57958984375 0.185546875 0.58544921875 0.1923828125
4 0.4931640625 0.3525390625 0.48974609375 0.3486328125 0.4873046875 0.3505859375 0.484375 0.3466796875 0.482421875 0.337890625 0.47802734375 0.3291015625 0.47021484375 0.3251953125 0.4658203125 0.3212890625 0.46337890625 0.33984375 0.46728515625 0.3525390625 0.46875 0.3681640625 0.482421875 0.3720703125 0.49658203125 0.36328125
4 0.47021484375 0.380859375 0.4755859375 0.3779296875 0.4765625 0.365234375 0.47314453125 0.3466796875 0.4775390625 0.330078125 0.474609375 0.3095703125 0.4697265625 0.2958984375 0.46826171875 0.2822265625 0.47412109375 0.27734375 0.47900390625 0.2744140625 0.4775390625 0.2607421875 0.47705078125 0.2431640625 0.48291015625 0.232421875 0.47998046875 0.220703125 0.4775390625 0.2001953125 0.4794921875 0.1826171875 0.4765625 0.177734375 0.47314453125 0.173828125 0.4716796875 0.1591796875 0.47119140625 0.1474609375 0.4677734375 0.1455078125 0.4638671875 0.1484375 0.4619140625 0.13671875 0.4580078125 0.142578125 0.45556640625 0.146484375 0.45458984375 0.1455078125 0.4521484375 0.1240234375 0.45068359375 0.1201171875 0.4462890625 0.123046875 0.4423828125 0.1240234375 0.43994140625 0.1171875 0.44140625 0.1142578125 0.43994140625 0.1064453125 0.435546875 0.10546875 0.4306640625 0.1103515625 0.427734375 0.119140625 0.42041015625 0.1181640625 0.4189453125 0.125 0.4189453125 0.1357421875 0.412109375 0.1396484375 0.4072265625 0.1396484375 0.40283203125 0.1513671875 0.40234375 0.158203125 0.39794921875 0.1650390625 0.39306640625 0.171875 0.38720703125 0.177734375 0.3857421875 0.1787109375 0.38037109375 0.1796875 0.37841796875 0.1826171875 0.37890625 0.193359375 0.3798828125 0.2041015625 0.38134765625 0.220703125 0.37939453125 0.44140625 0.42578125 0.4580078125 0.45654296875 0.45703125 0.46923828125 0.4482421875 0.47314453125 0.435546875 0.47412109375 0.4248046875 0.47265625 0.4169921875 0.4697265625 0.4091796875 0.46923828125 0.400390625 0.46875 0.3916015625
2 0.3896484375 0.4365234375 0.384765625 0.2216796875 0.33154296875 0.126953125 0.330078125 0.103515625 0.32080078125 0.1044921875 0.32080078125 0.119140625 0.279296875 0.12109375 0.27783203125 0.0166015625 0.28271484375 0.005859375 0.28857421875 0.0029296875 0.2861328125 0.0 -0.00048828125 0.0 0.0 0.5458984375 0.14501953125 0.5400390625 0.2265625 0.53125 0.2939453125 0.509765625 0.35400390625 0.45703125
4 0.4443359375 0.4404296875 0.4267578125 0.431640625 0.41064453125 0.4267578125 0.3974609375 0.42578125 0.390625 0.423828125 0.3828125 0.419921875 0.36962890625 0.4150390625 0.36279296875 0.416015625 0.3525390625 0.4130859375 0.341796875 0.4111328125 0.33447265625 0.41796875 0.33056640625 0.4228515625 0.326171875 0.419921875 0.32275390625 0.40625 0.3173828125 0.3994140625 0.31494140625 0.404296875 0.30810546875 0.3994140625 0.28515625 0.3837890625 0.2890625 0.4736328125 0.2890625 0.4921875 0.28515625 0.498046875 0.27978515625 0.5029296875 0.283203125 0.515625 0.29345703125 0.5107421875 0.32373046875 0.50390625 0.34765625 0.4921875 0.36865234375 0.4873046875 0.3779296875 0.4853515625 0.3994140625 0.4775390625 0.41015625 0.4755859375 0.43359375 0.46875 0.44287109375 0.45703125
1 0.431640625 0.4765625 0.4169921875 0.4853515625 0.40234375 0.4931640625 0.36669921875 0.5087890625 0.33447265625 0.525390625 0.3125 0.5380859375 0.287109375 0.5400390625 0.2490234375 0.5439453125 0.2041015625 0.5498046875 0.11181640625 0.552734375 0.001953125 0.5654296875 0.0 0.5517578125 0.0 0.5390625 0.0361328125 0.533203125 0.10986328125 0.5341796875 0.16748046875 0.533203125 0.1904296875 0.5302734375 0.2001953125 0.52734375 0.20849609375 0.5283203125 0.2265625 0.521484375 0.23095703125 0.5166015625 0.26611328125 0.505859375 0.29931640625 0.50390625 0.34326171875 0.490234375 0.375 0.4814453125 0.400390625 0.4736328125 0.42138671875 0.46875 0.43408203125 0.4658203125
1 0.5625 0.4638671875 0.58251953125 0.4609375 0.60205078125 0.455078125 0.658203125 0.4521484375 0.7841796875 0.4765625 0.8740234375 0.4677734375 0.85986328125 0.5146484375 0.83447265625 0.51171875 0.7900390625 0.5146484375 0.68408203125 0.51953125 0.64501953125 0.5205078125 0.63037109375 0.5126953125 0.59716796875 0.4951171875 0.568359375 0.482421875 0.56005859375 0.4775390625
1 0.81640625 0.5400390625 0.779296875 0.5419921875 0.71533203125 0.5478515625 0.6640625 0.5556640625 0.64501953125 0.5634765625 0.63818359375 0.5712890625 0.63671875 0.5791015625 0.64697265625 0.591796875 0.693359375 0.6455078125 0.755859375 0.658203125 0.81103515625 0.666015625
2 0.64013671875 0.47265625 0.599609375 0.462890625 0.5849609375 0.4599609375 0.58349609375 0.392578125 0.580078125 0.1748046875 0.5888671875 0.14453125 0.59326171875 0.1376953125 0.59326171875 0.1279296875 0.59326171875 0.1005859375 0.5966796875 0.0498046875 0.5986328125 0.056640625 0.5986328125 0.0654296875 0.60009765625 0.0859375 0.6083984375 0.0849609375 0.607421875 0.076171875 0.609375 0.0458984375 0.615234375 0.044921875 0.6171875 0.0478515625 0.63134765625 0.0439453125 0.63330078125 0.0322265625 0.646484375 0.0302734375 0.64599609375 0.0 0.99853515625 0.0 0.99853515625 0.4345703125 0.84375 0.4921875 0.77490234375 0.49609375 0.7216796875 0.486328125 0.66650390625 0.4755859375 0.64892578125 0.4697265625
4 0.5888671875 0.4755859375 0.5888671875 0.431640625 0.591796875 0.4052734375 0.595703125 0.4013671875 0.6044921875 0.3994140625 0.60791015625 0.3984375 0.6083984375 0.3935546875 0.60986328125 0.390625 0.61181640625 0.39453125 0.61669921875 0.3955078125 0.61962890625 0.3935546875 0.6201171875 0.390625 0.62158203125 0.388671875 0.623046875 0.3828125 0.623046875 0.3759765625 0.6240234375 0.373046875 0.6259765625 0.3662109375 0.6279296875 0.3623046875 0.63134765625 0.359375 0.63232421875 0.3466796875 0.62939453125 0.3369140625 0.62841796875 0.3232421875 0.62255859375 0.326171875 0.61962890625 0.3203125 0.615234375 0.3154296875 0.60302734375 0.3212890625 0.60302734375 0.314453125 0.6005859375 0.310546875 0.59716796875 0.3056640625 0.59228515625 0.2978515625 0.587890625 0.2978515625 0.5849609375 0.3037109375 0.58203125 0.3037109375 0.57666015625 0.3037109375 0.5693359375 0.310546875 0.56298828125 0.314453125 0.55517578125 0.330078125 0.54833984375 0.3466796875 0.54443359375 0.3642578125 0.5458984375 0.3779296875 0.54931640625 0.3857421875 0.55419921875 0.3935546875 0.5576171875 0.4033203125 0.56103515625 0.412109375 0.56298828125 0.41796875 0.56640625 0.46875 0.5673828125 0.46875 0.56591796875 0.4189453125 0.5693359375 0.40234375 0.5703125 0.3955078125 0.57373046875 0.390625 0.576171875 0.390625 0.580078125 0.390625 0.58251953125 0.3984375 0.5859375 0.4052734375 0.5869140625 0.4140625 0.58642578125 0.427734375 0.58642578125 0.4755859375
4 0.736328125 0.04296875 0.7392578125 0.033203125 0.73974609375 0.0126953125 0.740234375 0.00390625 0.74462890625 0.0 0.99853515625 0.0 0.9619140625 0.2021484375 0.95458984375 0.216796875 0.94384765625 0.236328125 0.9404296875 0.2587890625 0.94287109375 0.27734375 0.939453125 0.298828125 0.9423828125 0.380859375 0.923828125 0.380859375 0.92626953125 0.3681640625 0.92431640625 0.314453125 0.91845703125 0.291015625 0.912109375 0.275390625 0.8935546875 0.234375 0.8935546875 0.224609375 0.888671875 0.220703125 0.888671875 0.2060546875 0.89111328125 0.193359375 0.89111328125 0.1845703125 0.892578125 0.177734375 0.8935546875 0.1689453125 0.89306640625 0.1630859375 0.892578125 0.154296875 0.8935546875 0.150390625 0.8935546875 0.1416015625 0.89111328125 0.1328125 0.89111328125 0.1259765625 0.8828125 0.1220703125 0.875 0.12109375 0.86767578125 0.12109375 0.8896484375 0.0966796875 0.89306640625 0.0888671875 0.8857421875 0.087890625 0.8759765625 0.0888671875 0.8681640625 0.0888671875 0.87353515625 0.0791015625 0.869140625 0.0791015625 0.85009765625 0.07421875 0.84912109375 0.0732421875 0.84619140625 0.0810546875 0.8447265625 0.087890625 0.83154296875 0.0888671875 0.822265625 0.0869140625 0.8037109375 0.080078125 0.78955078125 0.080078125 0.77392578125 0.076171875 0.76806640625 0.0751953125 0.7646484375 0.0712890625 0.76611328125 0.064453125 0.76806640625 0.0546875 0.7666015625 0.046875 0.75830078125 0.05078125 0.75146484375 0.0498046875 0.7451171875 0.0458984375 0.740234375 0.044921875
5 0.49462890625 0.5390625 0.494140625 0.470703125 0.49609375 0.4599609375 0.4912109375 0.4599609375 0.490234375 0.4560546875 0.4912109375 0.44921875 0.4970703125 0.447265625 0.49853515625 0.4482421875 0.50439453125 0.423828125 0.50732421875 0.4189453125 0.51025390625 0.416015625 0.51171875 0.416015625 0.52734375 0.4140625 0.546875 0.4150390625 0.55029296875 0.4140625 0.55322265625 0.4189453125 0.55712890625 0.423828125 0.5634765625 0.453125 0.56689453125 0.4638671875 0.56787109375 0.4755859375 0.568359375 0.494140625 0.568359375 0.5341796875 0.5576171875 0.5361328125 0.55419921875 0.5302734375 0.55419921875 0.5234375 0.53515625 0.525390625 0.5263671875 0.525390625 0.51611328125 0.525390625 0.505859375 0.525390625 0.5048828125 0.525390625 0.50537109375 0.5400390625 0.50244140625 0.5390625 0.498046875 0.5390625
1 0.00341796875 0.5908203125 0.08837890625 0.587890625 0.17529296875 0.587890625 0.21337890625 0.5908203125 0.2294921875 0.5966796875 0.23681640625 0.6064453125 0.23583984375 0.6162109375 0.2314453125 0.62109375 0.15380859375 0.6796875 0.009765625 0.708984375
4 0.0634765625 0.626953125 0.06396484375 0.4365234375 0.0615234375 0.2451171875 0.0576171875 0.087890625 0.02978515625 0.05859375 0.01806640625 0.0478515625 0.00439453125 0.0419921875 -0.00048828125 0.041015625 0.0 0.0 0.16748046875 0.0 0.171875 0.0078125 0.1728515625 0.021484375 0.16455078125 0.0263671875 0.158203125 0.0283203125 0.1435546875 0.0302734375 0.14404296875 0.0380859375 0.14208984375 0.04296875 0.140625 0.0439453125 0.142578125 0.0517578125 0.14599609375 0.0595703125 0.14404296875 0.064453125 0.140625 0.0703125 0.14111328125 0.08203125 0.13525390625 0.087890625 0.13134765625 0.087890625 0.126953125 0.0849609375 0.1220703125 0.087890625 0.1201171875 0.091796875 0.1201171875 0.099609375 0.11328125 0.1005859375 0.1025390625 0.099609375 0.099609375 0.1064453125 0.0927734375 0.111328125 0.0830078125 0.1162109375 0.0791015625 0.107421875 0.07177734375 0.09765625 0.0693359375 0.1005859375 0.06982421875 0.109375 0.072265625 0.2255859375 0.0732421875 0.33984375 0.07421875 0.4580078125 0.0751953125 0.572265625 0.07568359375 0.638671875 0.06640625 0.634765625
5 0.01025390625 0.7470703125 0.013671875 0.7158203125 0.01171875 0.6650390625 0.0126953125 0.640625 0.009765625 0.5908203125 0.0048828125 0.556640625 0.0 0.5439453125 0.0 0.755859375 0.005859375 0.751953125
5 0.90185546875 0.3818359375 0.9287109375 0.3671875 0.9765625 0.357421875 0.99853515625 0.357421875 0.99853515625 0.8046875 0.97705078125 0.8046875 0.97314453125 0.84375 0.96630859375 0.8662109375 0.955078125 0.8720703125 0.94091796875 0.869140625 0.92822265625 0.859375 0.91552734375 0.80078125 0.91162109375 0.7626953125 0.84619140625 0.71875 0.83984375 0.7392578125 0.8359375 0.7451171875 0.82666015625 0.74609375 0.81396484375 0.7421875 0.80712890625 0.7353515625 0.8017578125 0.7109375 0.79833984375 0.6533203125 0.80029296875 0.583984375 0.806640625 0.5458984375 0.8232421875 0.521484375 0.84033203125 0.5009765625 0.83984375 0.48828125 0.84228515625 0.4716796875 0.85009765625 0.4658203125 0.859375 0.46484375 0.865234375 0.4453125 0.88330078125 0.4052734375 0.892578125 0.3916015625
