4 0.1279296875 0.1240234375 0.12109375 0.1337890625 0.125 0.1435546875 0.12890625 0.1533203125 0.13525390625 0.1494140625 0.154296875 0.1728515625 0.158203125 0.1923828125 0.16748046875 0.1904296875 0.1728515625 0.2041015625 0.18017578125 0.2158203125 0.18212890625 0.2255859375 0.18701171875 0.2451171875 0.1982421875 0.2548828125 0.2060546875 0.24609375 0.21142578125 0.25390625 0.22314453125 0.2587890625 0.23095703125 0.27734375 0.24609375 0.2744140625 0.2578125 0.2587890625 0.26611328125 0.2275390625 0.26708984375 0.19921875 0.28515625 0.1708984375 0.3037109375 0.1328125 0.32568359375 0.0869140625 0.34326171875 0.06640625 0.3515625 0.0390625 0.36474609375 0.021484375 0.3603515625 0.0009765625 0.7236328125 0.0009765625 0.71435546875 0.0283203125 0.70703125 0.0576171875 0.705078125 0.08984375 0.7060546875 0.1171875 0.724609375 0.1015625 0.74169921875 0.087890625 0.7353515625 0.1259765625 0.7568359375 0.130859375 0.77880859375 0.1044921875 0.80859375 0.0849609375 0.82373046875 0.1318359375 0.84619140625 0.1259765625 0.86181640625 0.1328125 0.86962890625 0.154296875 0.884765625 0.1611328125 0.89794921875 0.123046875 0.912109375 0.11328125 0.923828125 0.087890625 0.9462890625 0.08203125 0.9560546875 0.1181640625 0.96923828125 0.126953125 0.9853515625 0.1240234375 0.99658203125 0.1298828125 0.99853515625 0.1357421875 0.99853515625 0.4013671875 0.5390625 0.4384765625 0.0380859375 0.4775390625 -0.00048828125 0.474609375 0.0 0.00390625 0.005859375 0.015625 0.0107421875 0.0 0.05078125 0.0 0.05078125 0.01953125 0.05419921875 0.05859375 0.0615234375 0.0751953125 0.07763671875 0.0712890625 0.10107421875 0.0849609375 0.1123046875 0.09765625 0.119140625 0.1044921875 0.11962890625 0.1103515625 0.1171875 0.11328125
3 0.97509765625 0.3740234375 0.9208984375 0.3740234375 0.88525390625 0.3798828125 0.86572265625 0.37890625 0.7822265625 0.384765625 0.740234375 0.384765625 0.70263671875 0.3837890625 0.666015625 0.3798828125 0.6328125 0.37890625 0.56787109375 0.380859375 0.47607421875 0.388671875 0.42041015625 0.3955078125 0.353515625 0.4072265625 0.3359375 0.4091796875 0.35400390625 0.533203125 0.9990234375 0.5205078125
1 0.45751953125 0.484375 0.51708984375 0.482421875 0.57177734375 0.48046875 0.6416015625 0.474609375 0.69873046875 0.470703125 0.7412109375 0.4677734375 0.787109375 0.4619140625 0.89404296875 0.4501953125 0.96533203125 0.4384765625 0.99169921875 0.4326171875 0.99853515625 0.4306640625 0.99853515625 0.4619140625 0.7568359375 0.5 0.41455078125 0.5087890625 0.4140625 0.4892578125 0.44287109375 0.4833984375
4 0.7734375 0.392578125 0.76611328125 0.3916015625 0.76025390625 0.4013671875 0.75927734375 0.4248046875 0.75537109375 0.4326171875 0.74609375 0.431640625 0.74267578125 0.4365234375 0.73583984375 0.4404296875 0.72998046875 0.4453125 0.72314453125 0.4482421875 0.71826171875 0.455078125 0.71484375 0.4609375 0.71923828125 0.4619140625 0.72607421875 0.4619140625 0.73583984375 0.4609375 0.74267578125 0.4599609375 0.74560546875 0.4580078125 0.74462890625 0.4482421875 0.74560546875 0.439453125 0.751953125 0.4404296875 0.75732421875 0.439453125 0.76416015625 0.4384765625 0.77001953125 0.435546875 0.7734375 0.4326171875 0.775390625 0.41796875
2 0.8994140625 0.34765625 0.81689453125 0.32421875 0.7919921875 0.326171875 0.7802734375 0.35546875 0.78125 0.4658203125 0.78125 0.466796875 0.88671875 0.45703125 0.88818359375 0.353515625
5 0.986328125 0.37109375 0.97216796875 0.375 0.95654296875 0.3916015625 0.94775390625 0.404296875 0.94677734375 0.4248046875 0.95068359375 0.427734375 0.95751953125 0.4326171875 0.96240234375 0.4326171875 0.9658203125 0.4326171875 0.97314453125 0.43359375 0.97607421875 0.4287109375 0.9912109375 0.4267578125 0.9990234375 0.419921875 0.9990234375 0.369140625
0 0.9111328125 0.466796875 0.9814453125 0.455078125 0.99853515625 0.453125 0.99853515625 0.998046875 -0.0009765625 0.9970703125 -0.0009765625 0.515625 0.02880859375 0.51171875 0.37890625 0.4814453125 0.42236328125 0.4951171875 0.453125 0.4931640625 0.501953125 0.494140625 0.55517578125 0.4931640625 0.61767578125 0.4931640625 0.66162109375 0.4892578125 0.7021484375 0.4853515625 0.75439453125 0.4833984375 0.81298828125 0.4794921875 0.85107421875 0.474609375
1 0.0224609375 0.51953125 -0.0009765625 0.5205078125 -0.0009765625 0.5087890625 0.0224609375 0.5087890625
5 0.46044921875 0.4638671875 0.45947265625 0.44140625 0.45263671875 0.419921875 0.44873046875 0.4130859375 0.42822265625 0.41015625 0.40625 0.41015625 0.396484375 0.4140625 0.38818359375 0.42578125 0.373046875 0.447265625 0.36767578125 0.462890625 0.3818359375 0.4921875 0.40234375 0.4912109375 0.404296875 0.49609375 0.40625 0.5 0.42138671875 0.5 0.423828125 0.4912109375 0.423828125 0.4892578125 0.4462890625 0.490234375 0.447265625 0.49609375 0.44921875 0.5 0.45556640625 0.4990234375 0.4580078125 0.4892578125 0.4599609375 0.470703125
1 0.95751953125 0.4794921875 0.99951171875 0.484375 0.99951171875 0.49609375 0.9453125 0.5029296875 0.94482421875 0.4921875 0.90625 0.48828125
5 0.09033203125 0.66796875 0.1044921875 0.66015625 0.197265625 0.673828125 0.2001953125 0.6982421875 0.20703125 0.7158203125 0.21044921875 0.7236328125 0.23046875 0.7236328125 0.24755859375 0.7177734375 0.26123046875 0.6806640625 0.26513671875 0.6572265625 0.345703125 0.625 0.3486328125 0.640625 0.35791015625 0.6552734375 0.37841796875 0.6513671875 0.38623046875 0.6318359375 0.390625 0.5859375 0.390625 0.533203125 0.3857421875 0.5 0.37841796875 0.474609375 0.36376953125 0.4521484375 0.36083984375 0.439453125 0.359375 0.4267578125 0.35498046875 0.4189453125 0.35302734375 0.416015625 0.35302734375 0.4091796875 0.35009765625 0.400390625 0.34619140625 0.3984375 0.3427734375 0.4013671875 0.3251953125 0.369140625 0.298828125 0.3388671875 0.28564453125 0.322265625 0.267578125 0.3115234375 0.24462890625 0.306640625 0.2109375 0.30859375 0.2060546875 0.310546875 0.18359375 0.3095703125 0.17041015625 0.310546875 0.15283203125 0.3046875 0.13427734375 0.302734375 0.1044921875 0.306640625 0.0927734375 0.3154296875 0.0869140625 0.32421875 0.0751953125 0.326171875 0.06884765625 0.3291015625 0.06787109375 0.33984375 0.05322265625 0.3701171875 0.03955078125 0.4052734375 0.02099609375 0.44921875 0.01904296875 0.4833984375 0.017578125 0.48828125 0.0185546875 0.494140625 0.02001953125 0.5 0.01904296875 0.5244140625 0.01416015625 0.5400390625 0.0107421875 0.564453125 0.01123046875 0.58984375 0.01025390625 0.5966796875 0.01171875 0.6240234375 0.015625 0.6455078125 0.0224609375 0.6484375 0.02587890625 0.6689453125 0.03466796875 0.6943359375 0.04296875 0.7021484375 0.05322265625 0.7041015625 0.06787109375 0.7021484375 0.0791015625 0.6943359375 0.08740234375 0.673828125
