4 0.42138671875 0.3037109375 0.44091796875 0.294921875 0.4482421875 0.29296875 0.453125 0.2978515625 0.46044921875 0.2958984375 0.46875 0.2958984375 0.47802734375 0.2958984375 0.4853515625 0.30078125 0.49658203125 0.2958984375 0.50537109375 0.291015625 0.51025390625 0.28515625 0.51513671875 0.28515625 0.53466796875 0.28125 0.54931640625 0.279296875 0.5595703125 0.2763671875 0.56982421875 0.2763671875 0.59814453125 0.267578125 0.59521484375 0.359375 0.41650390625 0.361328125
2 0.560546875 0.3173828125 0.5263671875 0.318359375 0.52392578125 0.33203125 0.560546875 0.3291015625
2 0.44482421875 0.3154296875 0.44775390625 0.3154296875 0.45068359375 0.314453125 0.45361328125 0.3154296875 0.455078125 0.3173828125 0.4560546875 0.31640625 0.4599609375 0.3173828125 0.46240234375 0.3154296875 0.462890625 0.3212890625 0.462890625 0.326171875 0.4580078125 0.326171875 0.45654296875 0.322265625 0.45458984375 0.3232421875 0.45263671875 0.3193359375 0.44921875 0.3212890625 0.4462890625 0.3203125 0.443359375 0.3203125 0.44482421875 0.3271484375 0.44921875 0.326171875 0.4521484375 0.326171875 0.45556640625 0.328125 0.45751953125 0.3271484375 0.45947265625 0.326171875 0.46337890625 0.3271484375 0.46533203125 0.330078125 0.46630859375 0.3271484375 0.46826171875 0.328125 0.47021484375 0.3330078125 0.4736328125 0.3330078125 0.47265625 0.3369140625 0.4677734375 0.337890625 0.46435546875 0.3359375 0.4599609375 0.3408203125 0.44091796875 0.333984375
2 0.494140625 0.361328125 0.4599609375 0.3349609375 0.44482421875 0.333984375 0.4384765625 0.3359375 0.4072265625 0.3427734375 0.4130859375 0.4716796875 0.50634765625 0.4609375
0 0.21044921875 0.494140625 0.42333984375 0.4365234375 0.48876953125 0.4296875 0.5400390625 0.4189453125 0.5654296875 0.40234375 0.68603515625 0.419921875 0.9990234375 0.3896484375 0.99853515625 0.998046875 -0.0009765625 0.9970703125 -0.0009765625 0.525390625
1 0.474609375 0.4384765625 0.494140625 0.4384765625 0.494140625 0.431640625 0.4755859375 0.4326171875
4 0.51708984375 0.3076171875 0.51318359375 0.3125 0.5107421875 0.3125 0.50927734375 0.3076171875 0.5048828125 0.31640625 0.50244140625 0.3125 0.50830078125 0.306640625 0.50390625 0.3037109375 0.5009765625 0.3056640625 0.5 0.30078125 0.49755859375 0.2939453125 0.494140625 0.2880859375 0.490234375 0.2900390625 0.48779296875 0.294921875 0.4853515625 0.2978515625 0.48193359375 0.3056640625 0.4775390625 0.3095703125 0.47509765625 0.3173828125 0.47265625 0.326171875 0.47119140625 0.3310546875 0.47216796875 0.3369140625 0.46875 0.34765625 0.46875 0.353515625 0.4677734375 0.3583984375 0.46337890625 0.36328125 0.4609375 0.369140625 0.4609375 0.3759765625 0.4638671875 0.37890625 0.46728515625 0.37890625 0.46923828125 0.37890625 0.46728515625 0.3857421875 0.46533203125 0.392578125 0.46630859375 0.3994140625 0.46728515625 0.4091796875 0.4697265625 0.4150390625 0.4736328125 0.4130859375 0.47802734375 0.4130859375 0.48193359375 0.4189453125 0.4833984375 0.4228515625 0.4853515625 0.4228515625 0.48828125 0.4150390625 0.490234375 0.4130859375 0.49267578125 0.4296875 0.4970703125 0.4287109375 0.5009765625 0.4111328125 0.501953125 0.4052734375 0.5087890625 0.3818359375 0.52392578125 0.330078125 0.5234375 0.3193359375 0.521484375 0.31640625
2 0.58544921875 0.27734375 0.5732421875 0.29296875 0.57958984375 0.294921875 0.5791015625 0.3203125 0.5693359375 0.322265625 0.568359375 0.326171875 0.5224609375 0.3271484375 0.5 0.36328125 0.50341796875 0.3642578125 0.5029296875 0.388671875 0.4951171875 0.3916015625 0.49560546875 0.400390625 0.4970703125 0.4013671875 0.49755859375 0.43359375 0.541015625 0.4228515625 0.5615234375 0.4111328125 0.58984375 0.3369140625
4 0.416015625 0.4326171875 0.42041015625 0.431640625 0.42578125 0.431640625 0.42919921875 0.4296875 0.43212890625 0.4287109375 0.435546875 0.42578125 0.4384765625 0.4267578125 0.443359375 0.4248046875 0.4482421875 0.4248046875 0.45166015625 0.4267578125 0.4560546875 0.42578125 0.45947265625 0.4267578125 0.4765625 0.4306640625 0.47998046875 0.4287109375 0.482421875 0.4248046875 0.48486328125 0.4248046875 0.48681640625 0.423828125 0.48974609375 0.423828125 0.4931640625 0.4248046875 0.49658203125 0.427734375 0.5 0.427734375 0.4970703125 0.4384765625 0.4912109375 0.44140625 0.4892578125 0.4404296875 0.4892578125 0.4365234375 0.4853515625 0.435546875 0.48095703125 0.435546875 0.47607421875 0.435546875 0.45654296875 0.439453125 0.44775390625 0.439453125 0.4345703125 0.4404296875 0.41748046875 0.443359375
2 0.4560546875 0.44140625 0.455078125 0.4130859375 0.4765625 0.412109375 0.47900390625 0.412109375 0.47900390625 0.4404296875
1 0.54150390625 0.455078125 0.53564453125 0.4609375 0.53564453125 0.4619140625 0.5390625 0.462890625 0.54443359375 0.4619140625 0.5498046875 0.466796875 0.5615234375 0.474609375 0.5751953125 0.4765625 0.5947265625 0.4794921875 0.6279296875 0.4794921875 0.6767578125 0.48046875 0.6904296875 0.4814453125 0.73486328125 0.478515625 0.79736328125 0.47265625 0.84326171875 0.46875 0.89990234375 0.462890625 0.916015625 0.458984375 0.94677734375 0.458984375 0.97119140625 0.455078125 0.9814453125 0.4169921875 0.74609375 0.4404296875 0.5859375 0.447265625 0.54541015625 0.453125
1 0.58935546875 0.44140625 0.580078125 0.4453125 0.5634765625 0.447265625 0.552734375 0.447265625 0.54296875 0.4453125 0.54296875 0.4375 0.54736328125 0.435546875 0.5546875 0.43359375 0.57421875 0.4375 0.58740234375 0.4326171875
4 0.6357421875 0.0517578125 0.6298828125 0.046875 0.62451171875 0.0390625 0.61962890625 0.029296875 0.61572265625 0.025390625 0.61474609375 0.029296875 0.619140625 0.0380859375 0.62255859375 0.0498046875 0.62158203125 0.0634765625 0.6240234375 0.072265625 0.6181640625 0.0751953125 0.615234375 0.078125 0.61865234375 0.080078125 0.62255859375 0.080078125 0.62451171875 0.0830078125 0.61962890625 0.08984375 0.61474609375 0.083984375 0.60791015625 0.08984375 0.60400390625 0.091796875 0.61328125 0.0986328125 0.60791015625 0.10546875 0.60302734375 0.103515625 0.59326171875 0.1044921875 0.59814453125 0.1083984375 0.60693359375 0.11328125 0.60302734375 0.1171875 0.6044921875 0.12890625 0.60009765625 0.119140625 0.5986328125 0.1259765625 0.59765625 0.1376953125 0.58837890625 0.13671875 0.5927734375 0.1484375 0.5888671875 0.1572265625 0.5791015625 0.1533203125 0.576171875 0.16015625 0.583984375 0.166015625 0.5859375 0.1708984375 0.5849609375 0.17578125 0.58056640625 0.173828125 0.580078125 0.1796875 0.587890625 0.1845703125 0.580078125 0.1875 0.57568359375 0.19140625 0.57373046875 0.197265625 0.572265625 0.205078125 0.5751953125 0.2138671875 0.57958984375 0.2265625 0.5712890625 0.2236328125 0.56103515625 0.2236328125 0.5654296875 0.2314453125 0.57275390625 0.2392578125 0.58154296875 0.2412109375 0.58056640625 0.2470703125 0.58154296875 0.25390625 0.57763671875 0.2587890625 0.57275390625 0.2607421875 0.5712890625 0.263671875 0.56689453125 0.263671875 0.56005859375 0.2646484375 0.57080078125 0.271484375 0.5693359375 0.2802734375 0.57080078125 0.28515625 0.5751953125 0.2822265625 0.578125 0.283203125 0.58154296875 0.2900390625 0.58642578125 0.29296875 0.5849609375 0.3017578125 0.580078125 0.3037109375 0.57958984375 0.3095703125 0.5830078125 0.3095703125 0.5771484375 0.3115234375 0.5732421875 0.318359375 0.5771484375 0.3232421875 0.583984375 0.3173828125 0.583984375 0.3232421875 0.57958984375 0.3251953125 0.57763671875 0.3310546875 0.578125 0.3369140625 0.5771484375 0.3427734375 0.5703125 0.341796875 0.5693359375 0.322265625 0.56689453125 0.326171875 0.56201171875 0.3271484375 0.5634765625 0.3349609375 0.5595703125 0.3369140625 0.55859375 0.3408203125 0.55615234375 0.34375 0.55517578125 0.3505859375 0.552734375 0.353515625 0.55517578125 0.3603515625 0.5556640625 0.365234375 0.55419921875 0.3720703125 0.55322265625 0.380859375 0.552734375 0.388671875 0.5498046875 0.3876953125 0.54931640625 0.3935546875 0.5546875 0.3955078125 0.55615234375 0.3974609375 0.55078125 0.4033203125 0.55029296875 0.41015625 0.5537109375 0.4130859375 0.5556640625 0.41796875 0.55859375 0.4189453125 0.5615234375 0.419921875 0.56494140625 0.4248046875 0.56494140625 0.4326171875 0.5732421875 0.4345703125 0.57421875 0.4169921875 0.5830078125 0.4140625 0.58447265625 0.423828125 0.58642578125 0.427734375 0.58740234375 0.4130859375 0.587890625 0.40625 0.59033203125 0.41015625 0.59130859375 0.40234375 0.591796875 0.3955078125 0.5966796875 0.3955078125 0.5986328125 0.40234375 0.60107421875 0.3974609375 0.60302734375 0.3984375 0.6064453125 0.404296875 0.609375 0.400390625 0.61376953125 0.4013671875 0.6171875 0.40625 0.619140625 0.40625 0.61962890625 0.400390625 0.63037109375 0.400390625 0.6318359375 0.447265625 0.72314453125 0.43359375 0.9990234375 0.4072265625 0.9990234375 0.0 0.8916015625 0.0 0.8896484375 0.00390625 0.8916015625 0.0146484375 0.892578125 0.0205078125 0.8896484375 0.0126953125 0.88671875 0.0048828125 0.88330078125 0.001953125 0.88037109375 0.0009765625 0.8798828125 0.009765625 0.8818359375 0.0205078125 0.87890625 0.0263671875 0.8759765625 0.0244140625 0.873046875 0.0166015625 0.86865234375 0.01953125 0.8681640625 0.01171875 0.86474609375 0.013671875 0.86572265625 0.0 0.82568359375 0.0 0.82373046875 0.00390625 0.82275390625 0.009765625 0.8251953125 0.0234375 0.82568359375 0.033203125 0.82568359375 0.04296875 0.81884765625 0.044921875 0.82080078125 0.0546875 0.81201171875 0.0556640625 0.814453125 0.0654296875 0.81005859375 0.0673828125 0.8115234375 0.078125 0.81787109375 0.0927734375 0.81103515625 0.0849609375 0.81103515625 0.09375 0.80712890625 0.1005859375 0.8037109375 0.1005859375 0.80029296875 0.0966796875 0.794921875 0.1025390625 0.79150390625 0.0966796875 0.78564453125 0.09375 0.7802734375 0.0986328125 0.78076171875 0.107421875 0.7783203125 0.111328125 0.7763671875 0.1064453125 0.7763671875 0.095703125 0.7783203125 0.083984375 0.7763671875 0.07421875 0.77001953125 0.0791015625 0.77099609375 0.0712890625 0.7666015625 0.0673828125 0.76708984375 0.060546875 0.7666015625 0.052734375 0.763671875 0.05078125 0.7568359375 0.0634765625 0.75244140625 0.0693359375 0.7529296875 0.060546875 0.7529296875 0.0478515625 0.7548828125 0.0361328125 0.75732421875 0.03515625 0.75927734375 0.029296875 0.75830078125 0.0126953125 0.75439453125 0.013671875 0.75439453125 0.0078125 0.75146484375 0.0 0.73828125 0.0 0.7373046875 0.009765625 0.73681640625 0.017578125 0.73681640625 0.021484375 0.73828125 0.02734375 0.736328125 0.03125 0.736328125 0.0380859375 0.7392578125 0.0419921875 0.73779296875 0.046875 0.736328125 0.05078125 0.736328125 0.0556640625 0.73388671875 0.060546875 0.732421875 0.068359375 0.734375 0.0751953125 0.7294921875 0.072265625 0.72705078125 0.0771484375 0.7294921875 0.0849609375 0.73291015625 0.091796875 0.73486328125 0.10546875 0.7314453125 0.103515625 0.7294921875 0.103515625 0.728515625 0.107421875 0.7255859375 0.1064453125 0.72509765625 0.115234375 0.7236328125 0.1201171875 0.7177734375 0.1171875 0.72021484375 0.107421875 0.7177734375 0.1015625 0.7119140625 0.09765625 0.70703125 0.1025390625 0.70654296875 0.11328125 0.7041015625 0.123046875 0.701171875 0.126953125 0.69580078125 0.134765625 0.70166015625 0.125 0.7001953125 0.11328125 0.69677734375 0.10546875 0.7001953125 0.1015625 0.703125 0.0966796875 0.701171875 0.091796875 0.6953125 0.09375 0.6923828125 0.0927734375 0.689453125 0.083984375 0.68505859375 0.076171875 0.69140625 0.0732421875 0.689453125 0.0673828125 0.68603515625 0.0634765625 0.68798828125 0.056640625 0.6875 0.0439453125 0.68505859375 0.041015625 0.67626953125 0.0517578125 0.66796875 0.0556640625 0.67138671875 0.0439453125 0.6728515625 0.037109375 0.66845703125 0.0390625 0.6611328125 0.0419921875 0.65771484375 0.0390625 0.64990234375 0.0439453125 0.64501953125 0.04296875 0.638671875 0.0478515625
2 0.65283203125 0.3515625 0.654296875 0.3837890625 0.65625 0.380859375 0.6591796875 0.376953125 0.66259765625 0.37109375 0.66357421875 0.380859375 0.66552734375 0.3837890625 0.66796875 0.3828125 0.67138671875 0.38671875 0.6748046875 0.3857421875 0.677734375 0.373046875 0.677734375 0.3515625
1 0.97119140625 0.8193359375 0.86572265625 0.71484375 0.7763671875 0.625 0.73095703125 0.5810546875 0.71435546875 0.5615234375 0.70361328125 0.546875 0.7001953125 0.5380859375 0.70166015625 0.5283203125 0.7119140625 0.5205078125 0.73046875 0.5146484375 0.7548828125 0.51171875 0.76806640625 0.5087890625 0.794921875 0.505859375 0.8251953125 0.501953125 0.8623046875 0.4970703125 0.890625 0.4912109375 0.9091796875 0.48828125 0.98046875 0.4716796875 0.99853515625 0.4677734375 0.99853515625 0.84765625
3 0.96923828125 0.2861328125 0.97021484375 0.4501953125 0.9990234375 0.447265625 0.99853515625 0.2822265625 0.97314453125 0.2919921875 0.97314453125 0.2861328125
4 -0.00048828125 0.0 0.1669921875 -0.0009765625 0.1728515625 0.001953125 0.16943359375 0.0078125 0.17431640625 0.0185546875 0.17041015625 0.0205078125 0.16552734375 0.017578125 0.162109375 0.0146484375 0.16064453125 0.0087890625 0.158203125 0.001953125 0.15771484375 -0.0009765625 0.14599609375 0.0 0.1484375 0.0029296875 0.1484375 0.009765625 0.1474609375 0.017578125 0.146484375 0.01953125 0.14697265625 0.0263671875 0.146484375 0.03125 0.15087890625 0.0419921875 0.15673828125 0.0478515625 0.15771484375 0.0556640625 0.162109375 0.0615234375 0.17236328125 0.056640625 0.1806640625 0.0615234375 0.18701171875 0.0751953125 0.18603515625 0.083984375 0.18017578125 0.091796875 0.18212890625 0.099609375 0.18212890625 0.10546875 0.17919921875 0.115234375 0.1826171875 0.1171875 0.1884765625 0.1142578125 0.19140625 0.119140625 0.19482421875 0.1298828125 0.19580078125 0.1435546875 0.1953125 0.1640625 0.1982421875 0.16015625 0.19921875 0.146484375 0.20654296875 0.1455078125 0.20263671875 0.1357421875 0.20556640625 0.123046875 0.20751953125 0.1201171875 0.20654296875 0.1103515625 0.20703125 0.1005859375 0.2119140625 0.103515625 0.216796875 0.109375 0.2197265625 0.099609375 0.22021484375 0.0888671875 0.22314453125 0.0830078125 0.22509765625 0.07421875 0.22802734375 0.068359375 0.23388671875 0.0732421875 0.23193359375 0.0810546875 0.234375 0.091796875 0.23681640625 0.095703125 0.2431640625 0.0869140625 0.244140625 0.080078125 0.24267578125 0.0703125 0.24853515625 0.0693359375 0.2529296875 0.0751953125 0.26123046875 0.083984375 0.25830078125 0.0693359375 0.26220703125 0.0673828125 0.2724609375 0.087890625 0.27783203125 0.08203125 0.27685546875 0.0693359375 0.267578125 0.0615234375 0.26123046875 0.0537109375 0.2626953125 0.046875 0.2724609375 0.0458984375 0.27392578125 0.0517578125 0.27392578125 0.04296875 0.26904296875 0.03125 0.265625 0.0234375 0.26806640625 0.01953125 0.2763671875 0.0244140625 0.2783203125 0.0146484375 0.28271484375 0.0126953125 0.2900390625 0.0234375 0.2939453125 0.025390625 0.2998046875 0.021484375 0.30322265625 0.0146484375 0.30908203125 0.0166015625 0.31591796875 0.02734375 0.3203125 0.029296875 0.32470703125 0.017578125 0.33203125 0.01171875 0.33447265625 0.021484375 0.3310546875 0.044921875 0.32861328125 0.060546875 0.330078125 0.0634765625 0.3330078125 0.0546875 0.33984375 0.0517578125 0.34423828125 0.052734375 0.34619140625 0.0634765625 0.349609375 0.05859375 0.35498046875 0.0517578125 0.35693359375 0.0634765625 0.35888671875 0.0732421875 0.35791015625 0.087890625 0.3515625 0.095703125 0.34912109375 0.0986328125 0.35546875 0.103515625 0.35009765625 0.1123046875 0.34521484375 0.115234375 0.345703125 0.126953125 0.33837890625 0.12890625 0.34326171875 0.140625 0.34814453125 0.1396484375 0.35107421875 0.134765625 0.3564453125 0.146484375 0.359375 0.1533203125 0.365234375 0.1630859375 0.37353515625 0.166015625 0.3662109375 0.1748046875 0.3603515625 0.177734375 0.36572265625 0.181640625 0.3642578125 0.1904296875 0.361328125 0.1962890625 0.35791015625 0.203125 0.35400390625 0.2119140625 0.3564453125 0.216796875 0.36083984375 0.2177734375 0.3603515625 0.224609375 0.35498046875 0.232421875 0.35302734375 0.2392578125 0.35693359375 0.2431640625 0.3623046875 0.23828125 0.36669921875 0.2392578125 0.3720703125 0.23828125 0.37646484375 0.2412109375 0.38330078125 0.2333984375 0.3876953125 0.23828125 0.38916015625 0.244140625 0.39404296875 0.2353515625 0.39892578125 0.2314453125 0.4052734375 0.23828125 0.404296875 0.2490234375 0.40771484375 0.2470703125 0.412109375 0.251953125 0.41162109375 0.2685546875 0.416015625 0.265625 0.423828125 0.271484375 0.42431640625 0.2841796875 0.42822265625 0.28125 0.43310546875 0.287109375 0.43798828125 0.2880859375 0.44482421875 0.2919921875 0.44482421875 0.3037109375 0.44873046875 0.3056640625 0.4541015625 0.3095703125 0.451171875 0.3173828125 0.4482421875 0.3212890625 0.4443359375 0.330078125 0.44677734375 0.333984375 0.447265625 0.33984375 0.45068359375 0.345703125 0.44970703125 0.353515625 0.4501953125 0.359375 0.453125 0.3642578125 0.45703125 0.3671875 0.45947265625 0.3798828125 0.45849609375 0.388671875 0.45849609375 0.3984375 0.45751953125 0.4091796875 0.45458984375 0.4150390625 0.44970703125 0.419921875 0.443359375 0.4169921875 0.4404296875 0.41015625 0.43701171875 0.40625 0.43359375 0.4013671875 0.43212890625 0.396484375 0.43310546875 0.3916015625 0.43212890625 0.38671875 0.4287109375 0.380859375 0.42822265625 0.3876953125 0.43017578125 0.396484375 0.427734375 0.40234375 0.42431640625 0.4072265625 0.4208984375 0.416015625 0.419921875 0.42578125 0.419921875 0.43359375 0.419921875 0.4404296875 0.41845703125 0.44921875 0.41748046875 0.451171875 0.412109375 0.4619140625 0.31884765625 0.4951171875 0.1884765625 0.5205078125 -0.0009765625 0.564453125
1 0.0185546875 0.5712890625 0.05517578125 0.564453125 0.12255859375 0.5478515625 0.203125 0.5283203125 0.2763671875 0.513671875 0.3017578125 0.5087890625 0.31787109375 0.5078125 0.3427734375 0.498046875 0.36083984375 0.4892578125 0.408203125 0.4697265625 0.42626953125 0.4609375 0.43798828125 0.4560546875 0.435546875 0.4541015625 0.4228515625 0.4541015625 0.41259765625 0.4580078125 0.4013671875 0.4599609375 0.39794921875 0.4638671875 0.39306640625 0.46484375 0.3857421875 0.46875 0.37646484375 0.47265625 0.36376953125 0.4736328125 0.3564453125 0.4765625 0.3427734375 0.4833984375 0.3330078125 0.4853515625 0.3232421875 0.490234375 0.310546875 0.4951171875 0.30322265625 0.4970703125 0.27392578125 0.498046875 0.2490234375 0.50390625 0.22216796875 0.5107421875 0.19580078125 0.5146484375 0.16650390625 0.521484375 0.1396484375 0.5263671875 0.09423828125 0.5361328125 0.01708984375 0.55078125 -0.00048828125 0.5537109375 -0.0009765625 0.57421875
5 0.5458984375 0.4853515625 0.5458984375 0.462890625 0.54638671875 0.451171875 0.544921875 0.4384765625 0.546875 0.4375 0.5478515625 0.4345703125 0.54736328125 0.4306640625 0.5458984375 0.427734375 0.54296875 0.4267578125 0.5400390625 0.4111328125 0.53759765625 0.4072265625 0.53369140625 0.40625 0.525390625 0.404296875 0.5 0.43359375 0.5 0.46484375 0.5302734375 0.4765625 0.5390625 0.4765625 0.53955078125 0.4853515625
