0 0.0 0.48828125 0.2744140625 0.4580078125 0.32666015625 0.453125 0.3603515625 0.453125 0.498046875 0.4697265625 0.99853515625 0.642578125 0.998046875 0.998046875 -0.0009765625 0.9970703125
4 0.28759765625 0.35546875 0.2880859375 0.34765625 0.29150390625 0.34375 0.30126953125 0.3369140625 0.30615234375 0.3369140625 0.3115234375 0.3447265625 0.31640625 0.3525390625 0.31982421875 0.3544921875 0.32373046875 0.3603515625 0.32666015625 0.3642578125 0.32470703125 0.388671875 0.322265625 0.40625 0.3251953125 0.4287109375 0.322265625 0.4375 0.3173828125 0.443359375 0.31298828125 0.4453125 0.3095703125 0.4423828125 0.306640625 0.4375 0.302734375 0.4375 0.30029296875 0.4375 0.298828125 0.4404296875 0.296875 0.4482421875 0.2958984375 0.45703125 0.296875 0.46484375 0.28955078125 0.46484375
1 0.12353515625 0.4697265625 0.2021484375 0.470703125 0.18115234375 0.474609375 0.15087890625 0.4814453125
2 0.1708984375 0.2626953125 0.19482421875 0.240234375 0.1953125 0.2109375 0.20263671875 0.2119140625 0.20361328125 0.181640625 0.20703125 0.1572265625 0.21044921875 0.0439453125 0.21240234375 0.0419921875 0.21630859375 0.119140625 0.2216796875 0.1201171875 0.22705078125 0.0 0.2333984375 0.0 0.24267578125 0.1201171875 0.2470703125 0.1220703125 0.248046875 0.044921875 0.25146484375 0.05078125 0.2578125 0.1845703125 0.2587890625 0.1982421875 0.2666015625 0.2080078125 0.26904296875 0.302734375 0.28564453125 0.3037109375 0.28857421875 0.3505859375 0.291015625 0.353515625 0.29248046875 0.4658203125 0.2587890625 0.46484375 0.17138671875 0.46875 0.11865234375 0.4697265625 0.1171875 0.3193359375
4 0.16552734375 0.4560546875 0.16552734375 0.4423828125 0.16650390625 0.4287109375 0.16748046875 0.4287109375 0.17138671875 0.431640625 0.17333984375 0.4365234375 0.1796875 0.43359375 0.1923828125 0.4208984375 0.19921875 0.416015625 0.20458984375 0.41796875 0.2119140625 0.4189453125 0.21630859375 0.419921875 0.21923828125 0.427734375 0.220703125 0.4306640625 0.220703125 0.4404296875 0.2216796875 0.44921875 0.21435546875 0.4658203125 0.16845703125 0.4658203125
5 0.25732421875 0.4443359375 0.2509765625 0.443359375 0.2392578125 0.443359375 0.23583984375 0.4619140625 0.23681640625 0.4736328125 0.251953125 0.47265625 0.25830078125 0.4697265625
5 0.3310546875 0.4443359375 0.3369140625 0.4443359375 0.33935546875 0.451171875 0.3408203125 0.46484375 0.337890625 0.4658203125 0.3369140625 0.462890625 0.33251953125 0.462890625 0.32666015625 0.466796875 0.32666015625 0.44921875
2 0.3505859375 0.3212890625 0.349609375 0.2158203125 0.36328125 0.193359375 0.38427734375 0.19140625 0.4970703125 0.0791015625 0.5419921875 0.0810546875 0.8515625 0.2412109375 0.84765625 0.4501953125 0.40185546875 0.4697265625 0.3544921875 0.44140625
1 0.65234375 0.443359375 0.6806640625 0.4423828125 0.7109375 0.4443359375 0.755859375 0.455078125 0.79833984375 0.4736328125 0.84619140625 0.4853515625 0.9990234375 0.5009765625 0.9990234375 0.5615234375 0.76416015625 0.5771484375 0.69580078125 0.5498046875 0.6533203125 0.4658203125
5 0.37939453125 0.439453125 0.38720703125 0.4375 0.39697265625 0.4375 0.4033203125 0.443359375 0.39794921875 0.4716796875 0.3876953125 0.4736328125 0.3837890625 0.478515625
5 0.40380859375 0.4384765625 0.42041015625 0.4404296875 0.42529296875 0.4521484375 0.42626953125 0.4736328125 0.42626953125 0.4775390625 0.42236328125 0.4775390625 0.41357421875 0.478515625 0.4130859375 0.4755859375 0.4052734375 0.474609375 0.40478515625 0.4765625 0.39453125 0.4755859375 0.3935546875 0.46484375 0.39453125 0.4541015625 0.3974609375 0.4482421875 0.400390625 0.4443359375
2 0.32421875 0.318359375 0.3662109375 0.32421875 0.38330078125 0.3544921875 0.38525390625 0.4970703125 0.3798828125 0.498046875 0.3779296875 0.4853515625 0.357421875 0.490234375 0.3583984375 0.50390625 0.357421875 0.5048828125 0.353515625 0.50390625 0.3515625 0.501953125 0.349609375 0.353515625 0.33154296875 0.3515625 0.322265625 0.337890625
4 0.79931640625 0.42578125 0.806640625 0.4169921875 0.8125 0.4091796875 0.8134765625 0.4033203125 0.8115234375 0.392578125 0.81201171875 0.3828125 0.8115234375 0.373046875 0.80859375 0.3662109375 0.80419921875 0.35546875 0.7958984375 0.3388671875 0.77490234375 0.333984375 0.7578125 0.34765625 0.75341796875 0.3564453125 0.75146484375 0.3876953125 0.7509765625 0.4140625 0.751953125 0.4248046875 0.75927734375 0.4296875 0.77880859375 0.4365234375 0.79150390625 0.4365234375
2 0.87646484375 0.4716796875 0.8447265625 0.45703125 0.84521484375 0.0 0.99853515625 0.0009765625 0.99853515625 0.45703125
4 0.439453125 0.4375 0.439453125 0.423828125 0.4345703125 0.423828125 0.43115234375 0.4228515625 0.42919921875 0.4189453125 0.42919921875 0.4091796875 0.4296875 0.400390625 0.42529296875 0.39453125 0.42431640625 0.380859375 0.42041015625 0.3759765625 0.41455078125 0.375 0.4091796875 0.375 0.40625 0.36328125 0.40380859375 0.3603515625 0.3974609375 0.357421875 0.392578125 0.35546875 0.38818359375 0.35546875 0.38330078125 0.3505859375 0.3837890625 0.337890625 0.38525390625 0.3291015625 0.38134765625 0.32421875 0.37548828125 0.3154296875 0.373046875 0.302734375 0.373046875 0.2900390625 0.3740234375 0.27734375 0.37890625 0.2646484375 0.37890625 0.2548828125 0.37451171875 0.2548828125 0.3740234375 0.2490234375 0.369140625 0.240234375 0.37060546875 0.21875 0.369140625 0.2021484375 0.37451171875 0.1865234375 0.3740234375 0.1669921875 0.37255859375 0.154296875 0.3720703125 0.138671875 0.37646484375 0.134765625 0.37939453125 0.1337890625 0.37841796875 0.1240234375 0.37890625 0.109375 0.3798828125 0.09765625 0.38330078125 0.0830078125 0.384765625 0.0791015625 0.3818359375 0.0732421875 0.3818359375 0.0634765625 0.38330078125 0.0478515625 0.388671875 0.0439453125 0.3984375 0.0419921875 0.40576171875 0.0400390625 0.412109375 0.0361328125 0.42138671875 0.0302734375 0.4248046875 0.0244140625 0.427734375 0.0126953125 0.43310546875 0.0029296875 0.4404296875 0.0009765625 0.46044921875 0.0009765625 0.46826171875 0.0087890625 0.470703125 0.0185546875 0.4765625 0.025390625 0.48388671875 0.0302734375 0.490234375 0.033203125 0.4951171875 0.041015625 0.5009765625 0.0419921875 0.50439453125 0.05078125 0.5087890625 0.0615234375 0.515625 0.0791015625 0.52001953125 0.07421875 0.52294921875 0.0732421875 0.52783203125 0.0732421875 0.53515625 0.0791015625 0.53662109375 0.0654296875 0.5361328125 0.056640625 0.5341796875 0.0439453125 0.5380859375 0.0322265625 0.54296875 0.0205078125 0.54052734375 0.0126953125 0.541015625 0.0048828125 0.54541015625 0.0009765625 0.865234375 0.0 0.8642578125 0.0126953125 0.85546875 0.0322265625 0.84326171875 0.044921875 0.85205078125 0.0546875 0.85498046875 0.072265625 0.859375 0.08203125 0.86376953125 0.0966796875 0.8740234375 0.13671875 0.87109375 0.16796875 0.861328125 0.193359375 0.8544921875 0.193359375 0.85498046875 0.1962890625 0.8505859375 0.21484375 0.84716796875 0.224609375 0.853515625 0.2265625 0.85546875 0.2294921875 0.8515625 0.2412109375 0.849609375 0.24609375 0.84716796875 0.2548828125 0.85400390625 0.2587890625 0.8564453125 0.2626953125 0.85302734375 0.275390625 0.84814453125 0.283203125 0.84716796875 0.3056640625 0.8466796875 0.3173828125 0.83935546875 0.31640625 0.83203125 0.32421875 0.83203125 0.330078125 0.83203125 0.3642578125 0.83203125 0.388671875 0.82763671875 0.4287109375 0.8271484375 0.41015625 0.826171875 0.390625 0.82568359375 0.3642578125 0.82568359375 0.345703125 0.82568359375 0.3330078125 0.82275390625 0.3232421875 0.818359375 0.3095703125 0.8154296875 0.3134765625 0.8154296875 0.3154296875 0.80859375 0.32421875 0.8017578125 0.328125 0.77685546875 0.3525390625 0.76318359375 0.36328125 0.76025390625 0.3671875 0.755859375 0.3818359375 0.75244140625 0.4189453125 0.75048828125 0.4833984375 0.75390625 0.5087890625 0.73779296875 0.5078125 0.7392578125 0.484375 0.74169921875 0.4560546875 0.744140625 0.4091796875 0.74560546875 0.3876953125 0.74951171875 0.3623046875 0.7392578125 0.3720703125 0.73583984375 0.39453125 0.73291015625 0.4130859375 0.732421875 0.4462890625 0.72314453125 0.4443359375 0.72314453125 0.4248046875 0.720703125 0.41015625 0.7138671875 0.4130859375 0.70849609375 0.412109375 0.70263671875 0.40625 0.69580078125 0.396484375 0.681640625 0.3955078125 0.6767578125 0.4013671875 0.66845703125 0.4052734375 0.6630859375 0.408203125 0.6611328125 0.4326171875 0.658203125 0.4658203125 0.64306640625 0.462890625 0.6435546875 0.4462890625 0.64697265625 0.4228515625 0.64697265625 0.4072265625 0.640625 0.4033203125 0.63330078125 0.4033203125 0.6123046875 0.4072265625 0.60107421875 0.4072265625 0.591796875 0.4091796875 0.5849609375 0.41796875 0.5810546875 0.4189453125 0.57958984375 0.4091796875 0.5673828125 0.416015625 0.56201171875 0.4169921875 0.55810546875 0.4130859375 0.55419921875 0.4091796875 0.5498046875 0.400390625 0.541015625 0.4033203125 0.52978515625 0.4111328125 0.52490234375 0.421875 0.517578125 0.421875 0.5107421875 0.4189453125 0.5029296875 0.4189453125 0.50390625 0.44921875 0.505859375 0.4677734375 0.5 0.4658203125 0.4990234375 0.4501953125 0.49853515625 0.4189453125 0.49609375 0.4189453125 0.490234375 0.4150390625 0.48291015625 0.40625 0.482421875 0.4208984375 0.484375 0.4580078125 0.474609375 0.4560546875 0.474609375 0.4326171875 0.47314453125 0.4111328125 0.46923828125 0.4140625 0.46630859375 0.4169921875 0.46240234375 0.4228515625 0.45703125 0.4228515625 0.45166015625 0.419921875 0.451171875 0.4326171875 0.4501953125 0.455078125 0.451171875 0.466796875 0.435546875 0.466796875 0.43896484375 0.4560546875 0.439453125 0.4482421875
5 0.8447265625 0.4091796875 0.8349609375 0.4091796875 0.826171875 0.4189453125 0.82470703125 0.4287109375 0.82470703125 0.44140625 0.8271484375 0.447265625 0.83544921875 0.4482421875 0.84521484375 0.447265625
5 0.177734375 0.453125 0.1796875 0.4443359375 0.193359375 0.4423828125 0.19384765625 0.4677734375 0.177734375 0.4697265625
4 0.0 0.064453125 0.00390625 0.060546875 0.0087890625 0.0576171875 0.01318359375 0.0595703125 0.015625 0.0693359375 0.015625 0.0791015625 0.01611328125 0.08984375 0.017578125 0.0947265625 0.0185546875 0.107421875 0.02001953125 0.1220703125 0.02294921875 0.115234375 0.02490234375 0.10546875 0.03125 0.103515625 0.033203125 0.1015625 0.0380859375 0.099609375 0.04248046875 0.099609375 0.04541015625 0.1025390625 0.04931640625 0.111328125 0.05322265625 0.1142578125 0.0576171875 0.1181640625 0.060546875 0.123046875 0.064453125 0.1240234375 0.068359375 0.134765625 0.072265625 0.140625 0.0771484375 0.14453125 0.08154296875 0.1474609375 0.083984375 0.154296875 0.0888671875 0.1552734375 0.0927734375 0.15234375 0.103515625 0.154296875 0.10888671875 0.16015625 0.11083984375 0.158203125 0.1123046875 0.1572265625 0.115234375 0.1650390625 0.1181640625 0.169921875 0.12451171875 0.1767578125 0.1259765625 0.173828125 0.1259765625 0.1669921875 0.13134765625 0.1572265625 0.13427734375 0.16015625 0.1396484375 0.158203125 0.142578125 0.158203125 0.14599609375 0.1640625 0.15087890625 0.1708984375 0.15673828125 0.173828125 0.15869140625 0.173828125 0.162109375 0.1787109375 0.16552734375 0.1845703125 0.1708984375 0.1865234375 0.17724609375 0.19140625 0.18603515625 0.1953125 0.18896484375 0.2001953125 0.18994140625 0.2099609375 0.1904296875 0.212890625 0.19384765625 0.2197265625 0.2021484375 0.212890625 0.20556640625 0.205078125 0.20947265625 0.197265625 0.21337890625 0.203125 0.21435546875 0.21875 0.21337890625 0.234375 0.21142578125 0.2509765625 0.2080078125 0.2587890625 0.2109375 0.26953125 0.21337890625 0.2724609375 0.21630859375 0.27734375 0.2197265625 0.279296875 0.2216796875 0.28515625 0.22314453125 0.294921875 0.224609375 0.3046875 0.22314453125 0.3125 0.22265625 0.3212890625 0.22705078125 0.32421875 0.2294921875 0.326171875 0.232421875 0.3291015625 0.23486328125 0.33203125 0.2373046875 0.3349609375 0.240234375 0.3388671875 0.24072265625 0.3427734375 0.2333984375 0.3544921875 0.22900390625 0.3642578125 0.224609375 0.3681640625 0.224609375 0.3701171875 0.22412109375 0.373046875 0.22119140625 0.3779296875 0.2197265625 0.380859375 0.2138671875 0.3828125 0.20654296875 0.3857421875 0.197265625 0.3857421875 0.193359375 0.3876953125 0.18603515625 0.390625 0.1826171875 0.3896484375 0.18115234375 0.3828125 0.1787109375 0.37890625 0.17626953125 0.3798828125 0.1767578125 0.38671875 0.1787109375 0.392578125 0.17724609375 0.40234375 0.17626953125 0.4072265625 0.173828125 0.41015625 0.171875 0.4140625 0.16796875 0.4150390625 0.16455078125 0.4150390625 0.16162109375 0.419921875 0.16162109375 0.4541015625 0.15673828125 0.4599609375 0.1552734375 0.4462890625 0.1552734375 0.431640625 0.150390625 0.423828125 0.1455078125 0.41796875 0.1435546875 0.4208984375 0.13818359375 0.419921875 0.1337890625 0.4208984375 0.1318359375 0.4267578125 0.1318359375 0.44140625 0.13232421875 0.455078125 0.1259765625 0.45703125 0.125 0.447265625 0.12451171875 0.4365234375 0.1240234375 0.4306640625 0.11669921875 0.435546875 0.0390625 0.47265625 -0.0009765625 0.4775390625
2 0.0322265625 0.3720703125 0.0478515625 0.341796875 0.0947265625 0.3427734375 0.1455078125 0.35546875 0.1455078125 0.3662109375 0.1201171875 0.3701171875 0.12353515625 0.501953125 0.11962890625 0.5048828125 0.1064453125 0.5087890625 0.06103515625 0.5185546875 0.03564453125 0.5234375
