2 0.54541015625 0.279296875 0.5478515625 0.275390625 0.5673828125 0.2734375 0.5703125 0.267578125 0.5791015625 0.2666015625 0.57763671875 0.240234375 0.58056640625 0.2353515625 0.58203125 0.208984375 0.58447265625 0.201171875 0.59033203125 0.1826171875 0.63720703125 0.181640625 0.6357421875 0.013671875 0.6396484375 0.0 0.99853515625 0.0009765625 0.99853515625 0.4755859375 0.7880859375 0.48828125 0.63623046875 0.44921875 0.56640625 0.431640625 0.56494140625 0.3984375 0.5537109375 0.38671875 0.5458984375 0.3134765625
4 0.53173828125 0.365234375 0.5341796875 0.3583984375 0.5341796875 0.3408203125 0.537109375 0.3291015625 0.54052734375 0.3154296875 0.546875 0.310546875 0.55322265625 0.314453125 0.55810546875 0.33203125 0.56103515625 0.349609375 0.55810546875 0.3759765625 0.55615234375 0.3916015625 0.55224609375 0.4013671875 0.5439453125 0.408203125 0.53125 0.4052734375 0.5283203125 0.396484375 0.52783203125 0.380859375
2 0.49853515625 0.4287109375 0.4287109375 0.4599609375 0.3857421875 0.4716796875 0.318359375 0.484375 0.296875 0.443359375 0.236328125 0.4892578125 0.09814453125 0.546875 -0.0009765625 0.591796875 -0.00048828125 0.0 0.30517578125 0.0 0.30615234375 0.005859375 0.33935546875 0.0390625 0.34228515625 0.037109375 0.35107421875 0.0380859375 0.35205078125 0.048828125 0.35986328125 0.0546875 0.390625 0.12890625 0.4150390625 0.1279296875 0.4501953125 0.2294921875 0.4658203125 0.228515625 0.47314453125 0.248046875 0.47509765625 0.333984375 0.48193359375 0.34375 0.49365234375 0.359375 0.5029296875 0.359375 0.50439453125 0.376953125 0.5029296875 0.4228515625
4 0.30908203125 0.396484375 0.3193359375 0.390625 0.330078125 0.390625 0.33642578125 0.400390625 0.33984375 0.4384765625 0.33642578125 0.458984375 0.330078125 0.47265625 0.3203125 0.4716796875 0.30712890625 0.4404296875 0.306640625 0.404296875
0 -0.0009765625 0.61328125 0.326171875 0.48828125 0.3955078125 0.4697265625 0.46484375 0.4423828125 0.48779296875 0.43359375 0.5185546875 0.4287109375 0.54931640625 0.43359375 0.63671875 0.4560546875 0.73193359375 0.484375 0.8623046875 0.4853515625 0.994140625 0.47265625 0.97802734375 0.5244140625 0.93359375 0.564453125 0.99853515625 0.5986328125 0.998046875 0.9970703125 -0.0009765625 0.99609375
1 0.0439453125 0.548828125 -0.0009765625 0.5595703125 0.0 0.634765625 0.09814453125 0.5927734375 0.27587890625 0.525390625 0.3505859375 0.4931640625 0.40234375 0.48046875 0.4267578125 0.4677734375 0.44921875 0.455078125 0.48828125 0.439453125 0.49755859375 0.435546875 0.48388671875 0.4296875 0.431640625 0.451171875 0.40478515625 0.45703125 0.3330078125 0.4716796875 0.31689453125 0.4736328125 0.080078125 0.5400390625
1 0.67138671875 0.494140625 0.63916015625 0.4765625 0.5712890625 0.443359375 0.55517578125 0.4375 0.64501953125 0.4443359375 0.6767578125 0.4541015625 0.7177734375 0.4599609375 0.79150390625 0.4765625 0.80322265625 0.4833984375 0.90234375 0.4814453125 0.99658203125 0.474609375 0.9736328125 0.486328125 0.85546875 0.498046875 0.7939453125 0.501953125 0.7197265625 0.5009765625 0.6875 0.5
1 0.85546875 0.5576171875 0.884765625 0.552734375 0.95654296875 0.5439453125 0.96435546875 0.548828125 0.95263671875 0.6259765625 0.87744140625 0.591796875 0.85693359375 0.578125 0.8544921875 0.572265625
5 0.5849609375 0.4130859375 0.56982421875 0.416015625 0.56396484375 0.439453125 0.564453125 0.455078125 0.56591796875 0.458984375 0.56982421875 0.4599609375 0.57177734375 0.45703125 0.57861328125 0.453125 0.583984375 0.453125 0.58837890625 0.447265625 0.5888671875 0.416015625
5 0.43359375 0.3955078125 0.45751953125 0.392578125 0.4599609375 0.41796875 0.462890625 0.4189453125 0.4638671875 0.42578125 0.46142578125 0.4287109375 0.46240234375 0.447265625 0.4619140625 0.4580078125 0.4580078125 0.458984375 0.45654296875 0.4501953125 0.43994140625 0.4560546875 0.43701171875 0.4599609375 0.43212890625 0.4580078125 0.43212890625 0.4306640625 0.43310546875 0.4091796875
5 0.35546875 0.4248046875 0.38623046875 0.4228515625 0.39404296875 0.43359375 0.39599609375 0.439453125 0.3984375 0.4580078125 0.39794921875 0.4892578125 0.38525390625 0.4921875 0.3837890625 0.4853515625 0.35791015625 0.48828125 0.3564453125 0.4970703125 0.34912109375 0.49609375 0.34619140625 0.4638671875 0.34765625 0.455078125 0.34716796875 0.447265625 0.349609375 0.4443359375 0.3515625 0.4365234375
5 0.23486328125 0.46484375 0.24072265625 0.4619140625 0.25537109375 0.4296875 0.27734375 0.4228515625 0.3056640625 0.42578125 0.31494140625 0.44140625 0.31884765625 0.4521484375 0.32275390625 0.4638671875 0.32666015625 0.48828125 0.3271484375 0.5234375 0.32666015625 0.533203125 0.3173828125 0.5341796875 0.3154296875 0.5205078125 0.306640625 0.525390625 0.30615234375 0.541015625 0.2958984375 0.5439453125 0.2919921875 0.5400390625 0.29052734375 0.53125 0.25 0.5361328125 0.24560546875 0.546875 0.24169921875 0.5517578125 0.232421875 0.5498046875 0.2255859375 0.5029296875 0.22998046875 0.4814453125
5 0.099609375 0.4755859375 0.1083984375 0.474609375 0.109375 0.4765625 0.130859375 0.4365234375 0.1806640625 0.4248046875 0.20849609375 0.4287109375 0.2177734375 0.4375 0.23095703125 0.46484375 0.23681640625 0.47265625 0.24072265625 0.5009765625 0.24072265625 0.5283203125 0.23779296875 0.560546875 0.23388671875 0.5732421875 0.2216796875 0.5751953125 0.21728515625 0.55859375 0.19775390625 0.56640625 0.19775390625 0.58203125 0.193359375 0.5927734375 0.1845703125 0.59765625 0.1787109375 0.5908203125 0.1748046875 0.578125 0.10888671875 0.587890625 0.1083984375 0.5966796875 0.10400390625 0.6044921875 0.09765625 0.6083984375 0.087890625 0.6064453125 0.08154296875 0.5859375 0.07666015625 0.5498046875 0.08203125 0.5205078125 0.10107421875 0.490234375 0.0986328125 0.48828125
5 0.5771484375 0.396484375 0.58154296875 0.39453125 0.58447265625 0.404296875 0.5888671875 0.34765625 0.5986328125 0.328125 0.61767578125 0.32421875 0.6328125 0.3271484375 0.64111328125 0.3681640625 0.64306640625 0.4765625 0.63623046875 0.484375 0.626953125 0.4765625 0.6240234375 0.46875 0.61767578125 0.4697265625 0.6142578125 0.4716796875 0.6103515625 0.4677734375 0.6064453125 0.466796875 0.60498046875 0.470703125 0.60400390625 0.466796875 0.6005859375 0.46875 0.6015625 0.4765625 0.59619140625 0.4814453125 0.5908203125 0.4814453125 0.5849609375 0.478515625 0.5830078125 0.45703125 0.583984375 0.4189453125 0.578125 0.4130859375
5 0.90966796875 0.427734375 0.90283203125 0.423828125 0.90478515625 0.41796875 0.9111328125 0.4150390625 0.9130859375 0.4189453125 0.91943359375 0.400390625 0.92724609375 0.3896484375 0.95361328125 0.3818359375 0.98291015625 0.3857421875 0.99365234375 0.40234375 0.99853515625 0.419921875 0.99853515625 0.4794921875 0.9658203125 0.494140625 0.95703125 0.48828125 0.95361328125 0.4853515625 0.94921875 0.4892578125 0.94677734375 0.498046875 0.9384765625 0.5 0.93359375 0.494140625 0.93212890625 0.4833984375 0.9130859375 0.484375 0.912109375 0.494140625 0.91064453125 0.49609375 0.90625 0.4951171875 0.90185546875 0.4853515625 0.8994140625 0.4658203125 0.90087890625 0.447265625
5 0.9580078125 0.5068359375 0.97119140625 0.4873046875 0.99169921875 0.4697265625 0.99853515625 0.4658203125 0.998046875 0.765625 0.98681640625 0.7666015625 0.97021484375 0.759765625 0.96240234375 0.7421875 0.95458984375 0.7001953125 0.9501953125 0.6640625 0.94921875 0.583984375 0.95361328125 0.5302734375
5 0.5166015625 0.4560546875 0.5126953125 0.455078125 0.5126953125 0.4326171875 0.51806640625 0.4150390625 0.53369140625 0.4140625 0.53759765625 0.4248046875 0.53955078125 0.4384765625 0.5380859375 0.455078125 0.53466796875 0.4560546875 0.5341796875 0.4521484375 0.517578125 0.4521484375
