4 0.13818359375 0.154296875 0.154296875 0.1474609375 0.1708984375 0.150390625 0.1796875 0.1552734375 0.1884765625 0.1474609375 0.2041015625 0.1533203125 0.21435546875 0.150390625 0.22021484375 0.1484375 0.23876953125 0.1591796875 0.24755859375 0.1533203125 0.25390625 0.1552734375 0.25732421875 0.1533203125 0.26123046875 0.1552734375 0.27099609375 0.150390625 0.2802734375 0.150390625 0.2822265625 0.15234375 0.28466796875 0.1484375 0.29345703125 0.1591796875 0.30517578125 0.1630859375 0.3095703125 0.158203125 0.3154296875 0.1572265625 0.349609375 0.1640625 0.36279296875 0.1708984375 0.36669921875 0.16796875 0.3740234375 0.1787109375 0.3818359375 0.173828125 0.3916015625 0.171875 0.40234375 0.181640625 0.4072265625 0.162109375 0.41162109375 0.1708984375 0.41650390625 0.1650390625 0.41650390625 0.189453125 0.4248046875 0.1796875 0.4296875 0.1669921875 0.43896484375 0.1708984375 0.44189453125 0.1826171875 0.45849609375 0.185546875 0.46875 0.189453125 0.47021484375 0.1865234375 0.47314453125 0.19140625 0.482421875 0.1923828125 0.494140625 0.1943359375 0.49658203125 0.2021484375 0.515625 0.20703125 0.5283203125 0.3935546875 0.0 0.34765625 0.0 0.349609375 -0.0009765625 0.16015625 0.00439453125 0.1630859375 0.013671875 0.1611328125 0.02490234375 0.1630859375 0.029296875 0.1591796875 0.03955078125 0.16015625 0.046875 0.16015625 0.06689453125 0.1591796875 0.0810546875 0.1611328125 0.091796875 0.1591796875 0.1044921875 0.162109375 0.109375 0.1630859375 0.11962890625 0.1630859375 0.13330078125 0.1591796875
2 0.00146484375 0.1904296875 0.14208984375 0.1943359375 0.146484375 0.203125 0.146484375 0.2109375 0.16650390625 0.212890625 0.16650390625 0.20703125 0.17236328125 0.20703125 0.17236328125 0.2138671875 0.1826171875 0.21484375 0.18359375 0.2080078125 0.1884765625 0.2080078125 0.1904296875 0.2001953125 0.20068359375 0.1982421875 0.20166015625 0.201171875 0.19775390625 0.2080078125 0.19580078125 0.216796875 0.1953125 0.2236328125 0.1923828125 0.224609375 0.193359375 0.2314453125 0.18896484375 0.232421875 0.185546875 0.216796875 0.185546875 0.2119140625 0.18408203125 0.224609375 0.1806640625 0.224609375 0.1787109375 0.2265625 0.1767578125 0.2216796875 0.17626953125 0.232421875 0.173828125 0.2392578125 0.1708984375 0.2216796875 0.169921875 0.2431640625 0.16357421875 0.2412109375 0.15625 0.240234375 0.15087890625 0.2392578125 0.14404296875 0.2421875 0.1396484375 0.2431640625 0.13525390625 0.2373046875 0.13232421875 0.205078125 0.130859375 0.203125 0.12841796875 0.2099609375 0.1279296875 0.232421875 0.12353515625 0.232421875 0.08154296875 0.232421875 0.0791015625 0.2294921875 0.07763671875 0.224609375 0.06884765625 0.22265625 0.06494140625 0.2119140625 0.0615234375 0.201171875 0.05859375 0.2001953125 0.05517578125 0.20703125 0.056640625 0.21484375 0.0537109375 0.2236328125 0.0517578125 0.2109375 0.04736328125 0.20703125 0.04296875 0.212890625 0.0361328125 0.21875 0.03076171875 0.212890625 0.02587890625 0.2099609375 0.0244140625 0.2060546875 0.017578125 0.2041015625 0.015625 0.19140625 0.0126953125 0.19921875 0.00927734375 0.197265625 0.00830078125 0.205078125 0.0 0.197265625
2 0.04638671875 0.2587890625 0.064453125 0.2578125 0.0634765625 0.25390625 0.06103515625 0.251953125 0.0625 0.24609375 0.0595703125 0.24609375 0.05126953125 0.24609375
2 0.3017578125 0.220703125 0.2744140625 0.2109375 0.2744140625 0.21875 0.2666015625 0.2109375 0.26513671875 0.21484375 0.2578125 0.205078125 0.23095703125 0.2060546875 0.224609375 0.2099609375 0.22021484375 0.203125 0.2158203125 0.20703125 0.2138671875 0.2041015625 0.20166015625 0.2080078125 0.20947265625 0.2265625 0.21630859375 0.2177734375 0.21875 0.216796875 0.2216796875 0.2197265625 0.22412109375 0.2177734375 0.22705078125 0.2080078125 0.22998046875 0.20703125 0.23291015625 0.22265625 0.2373046875 0.2216796875 0.2392578125 0.21484375 0.25439453125 0.21484375 0.2568359375 0.2197265625 0.2646484375 0.21484375 0.26953125 0.2275390625 0.27197265625 0.2314453125 0.2724609375 0.236328125 0.2763671875 0.224609375 0.28271484375 0.2294921875 0.28564453125 0.240234375 0.287109375 0.2470703125 0.29150390625 0.2373046875 0.3056640625 0.2421875 0.3076171875 0.23828125 0.29931640625 0.234375
2 0.3115234375 0.21875 0.32275390625 0.220703125 0.3173828125 0.2255859375 0.314453125 0.2333984375 0.314453125 0.2392578125 0.31103515625 0.23828125
2 0.24853515625 0.24609375 0.25146484375 0.2314453125 0.25 0.2265625 0.244140625 0.2236328125 0.24365234375 0.2314453125 0.24609375 0.2451171875
2 0.34765625 0.2783203125 0.3359375 0.2783203125 0.33349609375 0.2734375 0.32958984375 0.271484375 0.32958984375 0.267578125 0.3271484375 0.267578125 0.3271484375 0.271484375 0.32421875 0.2724609375 0.32177734375 0.26953125 0.31591796875 0.2744140625 0.306640625 0.263671875 0.30224609375 0.2626953125 0.3017578125 0.275390625 0.30712890625 0.2783203125 0.30419921875 0.28125 0.3017578125 0.29296875 0.30419921875 0.302734375 0.31298828125 0.3037109375 0.3203125 0.29296875 0.32373046875 0.2958984375 0.32958984375 0.28125 0.333984375 0.2880859375 0.3369140625 0.2919921875 0.33740234375 0.2880859375 0.34228515625 0.2890625 0.34423828125 0.283203125
2 0.193359375 0.2646484375 0.212890625 0.263671875 0.21533203125 0.271484375 0.2177734375 0.2822265625 0.2041015625 0.29296875 0.19580078125 0.27734375 0.1943359375 0.267578125
2 0.1083984375 0.283203125 0.11376953125 0.2998046875 0.11474609375 0.291015625 0.11767578125 0.291015625 0.11865234375 0.283203125
3 0.162109375 0.33203125 0.08447265625 0.330078125 -0.0009765625 0.3251953125 -0.00048828125 0.365234375 0.171875 0.3740234375
1 0.16162109375 0.353515625 -0.0009765625 0.3447265625 -0.0009765625 0.365234375 0.16259765625 0.3740234375
0 0.404296875 0.369140625 0.48681640625 0.3681640625 0.99853515625 0.5048828125 0.99853515625 0.998046875 -0.0009765625 0.9970703125 -0.0009765625 0.357421875 0.16162109375 0.369140625 0.328125 0.369140625 0.34716796875 0.369140625
1 0.33203125 0.400390625 0.35107421875 0.408203125 0.3916015625 0.4208984375 0.4482421875 0.4345703125 0.53466796875 0.4609375 0.67236328125 0.5146484375 0.798828125 0.5859375 0.99853515625 0.712890625 0.9990234375 0.5166015625 0.580078125 0.40625 0.4365234375 0.38671875 0.427734375 0.376953125 0.37890625 0.3828125 0.34814453125 0.384765625 0.3349609375 0.3876953125 0.33154296875 0.392578125
4 0.515625 0.0234375 0.5068359375 0.0400390625 0.50732421875 0.0673828125 0.50537109375 0.080078125 0.515625 0.0888671875 0.5185546875 0.09765625 0.5068359375 0.1025390625 0.5 0.1103515625 0.5068359375 0.1259765625 0.5029296875 0.138671875 0.50146484375 0.1611328125 0.501953125 0.177734375 0.4951171875 0.177734375 0.49169921875 0.197265625 0.501953125 0.19921875 0.50732421875 0.2021484375 0.49951171875 0.2177734375 0.4931640625 0.2314453125 0.4931640625 0.244140625 0.49169921875 0.26953125 0.4951171875 0.2900390625 0.505859375 0.294921875 0.49609375 0.3154296875 0.49169921875 0.3330078125 0.49951171875 0.3427734375 0.50048828125 0.35546875 0.50634765625 0.3740234375 0.52490234375 0.3994140625 0.69873046875 0.4287109375 0.99853515625 0.4775390625 0.99853515625 0.0009765625 0.51708984375 0.001953125 0.51611328125 0.013671875
5 0.29638671875 0.345703125 0.30908203125 0.3447265625 0.3193359375 0.3466796875 0.32470703125 0.3505859375 0.330078125 0.365234375 0.3330078125 0.3876953125 0.33349609375 0.4072265625 0.33251953125 0.4130859375 0.33154296875 0.416015625 0.32666015625 0.416015625 0.32568359375 0.4091796875 0.3046875 0.4111328125 0.3037109375 0.41796875 0.29736328125 0.4189453125 0.2958984375 0.4140625
5 0.443359375 0.4501953125 0.44384765625 0.4736328125 0.44580078125 0.48828125 0.4541015625 0.4873046875 0.45458984375 0.4794921875 0.45751953125 0.48046875 0.45849609375 0.494140625 0.46044921875 0.501953125 0.46826171875 0.501953125 0.47021484375 0.490234375 0.470703125 0.4853515625 0.49951171875 0.482421875 0.5234375 0.484375 0.52392578125 0.49609375 0.52880859375 0.4990234375 0.5341796875 0.498046875 0.5361328125 0.474609375 0.53564453125 0.4658203125 0.5361328125 0.443359375 0.5341796875 0.421875 0.53515625 0.4150390625 0.53271484375 0.412109375 0.5302734375 0.412109375 0.52587890625 0.3974609375 0.52197265625 0.3828125 0.505859375 0.373046875 0.48486328125 0.3720703125 0.46533203125 0.3759765625 0.4599609375 0.3837890625 0.45166015625 0.4072265625 0.45068359375 0.404296875 0.44580078125 0.404296875 0.44287109375 0.408203125 0.443359375 0.4130859375 0.44580078125 0.4169921875 0.44775390625 0.41796875 0.4443359375 0.4267578125 0.443359375 0.4404296875
1 0.14013671875 0.41796875 0.076171875 0.4267578125 0.09375 0.4365234375 0.09912109375 0.4375 0.1650390625 0.421875
