0 -0.0009765625 0.490234375 0.40380859375 0.44921875 0.53564453125 0.4541015625 0.99853515625 0.4580078125 0.99853515625 0.9970703125 0.0 0.99609375
1 0.02734375 0.5361328125 0.07275390625 0.525390625 0.11572265625 0.51953125 0.13427734375 0.5166015625 0.14013671875 0.515625 0.232421875 0.5009765625 0.3349609375 0.4853515625 0.400390625 0.47265625 0.3955078125 0.470703125 0.38037109375 0.4716796875 0.3671875 0.46484375 0.02294921875 0.5087890625
1 0.51708984375 0.462890625 0.533203125 0.4658203125 0.53955078125 0.4619140625 0.54443359375 0.4580078125 0.53466796875 0.455078125
2 0.0 0.0 0.1181640625 0.0 0.11865234375 0.0205078125 0.1357421875 0.01953125 0.13330078125 0.01171875 0.13916015625 0.0 0.14501953125 0.00390625 0.1474609375 0.013671875 0.14599609375 0.017578125 0.14599609375 0.0205078125 0.25146484375 0.0166015625 0.29296875 0.1044921875 0.29345703125 0.130859375 0.31103515625 0.166015625 0.3125 0.23046875 0.4111328125 0.36328125 0.43896484375 0.3623046875 0.46875 0.359375 0.4892578125 0.3603515625 0.4951171875 0.353515625 0.5361328125 0.3623046875 0.55615234375 0.4267578125 0.55126953125 0.4482421875 0.53759765625 0.4609375 0.5009765625 0.4580078125 0.470703125 0.46484375 0.43896484375 0.4619140625 0.43115234375 0.462890625 0.41845703125 0.4619140625 0.400390625 0.4658203125 0.3818359375 0.46484375 0.3447265625 0.46875 0.2314453125 0.482421875 0.12255859375 0.5029296875 0.06884765625 0.515625 0.0283203125 0.5234375 -0.0009765625 0.5185546875
2 0.9990234375 0.0205078125 0.91650390625 0.09375 0.88525390625 0.1044921875 0.87353515625 0.1416015625 0.87255859375 0.16796875 0.85400390625 0.1865234375 0.83935546875 0.189453125 0.8291015625 0.1962890625 0.82373046875 0.177734375 0.81103515625 0.171875 0.7958984375 0.1748046875 0.77734375 0.2392578125 0.8037109375 0.4228515625 0.8994140625 0.435546875 0.99853515625 0.4267578125
4 0.4375 0.4658203125 0.439453125 0.4609375 0.4423828125 0.4580078125 0.44580078125 0.45703125 0.447265625 0.45703125 0.451171875 0.4560546875 0.4541015625 0.4560546875 0.45654296875 0.45703125 0.458984375 0.4599609375 0.46240234375 0.4638671875 0.4404296875 0.4658203125
4 0.46484375 0.3720703125 0.4677734375 0.3779296875 0.47021484375 0.3818359375 0.4716796875 0.3896484375 0.47412109375 0.396484375 0.4755859375 0.40625 0.47607421875 0.41015625 0.47509765625 0.416015625 0.4638671875 0.4326171875 0.4619140625 0.4326171875 0.458984375 0.43359375 0.45751953125 0.4345703125 0.455078125 0.439453125 0.453125 0.439453125 0.4501953125 0.44140625 0.4482421875 0.4423828125 0.4482421875 0.4423828125 0.4482421875 0.46484375 0.44677734375 0.46484375 0.4462890625 0.4443359375 0.44384765625 0.4404296875 0.44189453125 0.4375 0.43896484375 0.4375 0.43505859375 0.435546875 0.43017578125 0.427734375 0.43017578125 0.423828125 0.43017578125 0.4169921875 0.4287109375 0.416015625 0.42431640625 0.4169921875 0.42431640625 0.423828125 0.42529296875 0.4267578125 0.42529296875 0.4306640625 0.4248046875 0.43359375 0.42333984375 0.435546875 0.42041015625 0.435546875 0.41748046875 0.4384765625 0.41650390625 0.4404296875 0.41455078125 0.439453125 0.41357421875 0.439453125 0.41064453125 0.4404296875 0.40869140625 0.4453125 0.40185546875 0.4482421875 0.3896484375 0.453125 0.3896484375 0.462890625 0.388671875 0.462890625 0.38818359375 0.453125 0.380859375 0.4541015625 0.3779296875 0.4482421875 0.37548828125 0.4375 0.37353515625 0.4296875 0.37255859375 0.4228515625 0.3720703125 0.416015625 0.37060546875 0.41015625 0.369140625 0.40625 0.3681640625 0.400390625 0.3681640625 0.3896484375 0.41064453125 0.36328125 0.4130859375 0.361328125 0.41552734375 0.3623046875 0.419921875 0.3671875 0.42236328125 0.3701171875 0.4287109375 0.3720703125 0.43115234375 0.3662109375 0.4326171875 0.3623046875 0.435546875 0.3671875 0.43701171875 0.361328125 0.439453125 0.35546875 0.44287109375 0.353515625
4 0.41552734375 0.4638671875 0.42529296875 0.46484375 0.43115234375 0.46484375 0.42724609375 0.4609375 0.4248046875 0.4580078125 0.42138671875 0.45703125 0.4189453125 0.45703125 0.41748046875 0.45703125 0.41455078125 0.45703125
4 0.39453125 0.4619140625 0.39111328125 0.462890625 0.38720703125 0.4599609375 0.38134765625 0.4580078125 0.37841796875 0.455078125 0.3759765625 0.451171875 0.373046875 0.4462890625 0.3701171875 0.443359375 0.3662109375 0.4404296875 0.3623046875 0.443359375 0.35888671875 0.4453125 0.3447265625 0.4560546875 0.34033203125 0.4599609375 0.33203125 0.4619140625 0.3330078125 0.4765625 0.34521484375 0.4755859375 0.3515625 0.470703125 0.3603515625 0.4716796875 0.3779296875 0.47265625 0.38330078125 0.4716796875 0.384765625 0.4697265625 0.39501953125 0.4677734375
5 0.41748046875 0.4697265625 0.41748046875 0.458984375 0.41455078125 0.4521484375 0.40869140625 0.451171875 0.4130859375 0.4716796875 0.4150390625 0.4716796875
5 0.40234375 0.47265625 0.41064453125 0.4716796875 0.41064453125 0.4736328125 0.4130859375 0.47265625 0.4130859375 0.4638671875 0.412109375 0.45703125 0.40966796875 0.4521484375 0.4052734375 0.451171875 0.40087890625 0.453125 0.3994140625 0.4609375 0.3994140625 0.466796875 0.39990234375 0.4736328125 0.40185546875 0.4736328125
4 0.36474609375 0.4150390625 0.361328125 0.435546875 0.3603515625 0.44921875 0.36376953125 0.470703125 0.3583984375 0.4677734375 0.3583984375 0.462890625 0.3564453125 0.4501953125 0.35400390625 0.443359375 0.35400390625 0.427734375 0.3525390625 0.427734375 0.353515625 0.4345703125 0.35302734375 0.4384765625 0.35107421875 0.44140625 0.349609375 0.4404296875 0.34619140625 0.4443359375 0.3447265625 0.4404296875 0.3427734375 0.439453125 0.34423828125 0.4443359375 0.3408203125 0.447265625 0.33837890625 0.4462890625 0.33447265625 0.4462890625 0.33349609375 0.4443359375 0.32763671875 0.4462890625 0.32373046875 0.4423828125 0.32177734375 0.4384765625 0.3173828125 0.4365234375 0.314453125 0.431640625 0.3115234375 0.4267578125 0.31201171875 0.419921875 0.3134765625 0.41015625 0.3125 0.4072265625 0.3095703125 0.4033203125 0.3076171875 0.396484375 0.30712890625 0.3857421875 0.3046875 0.380859375 0.30419921875 0.373046875 0.3046875 0.3662109375 0.3056640625 0.357421875 0.302734375 0.3515625 0.298828125 0.34765625 0.29443359375 0.3408203125 0.29443359375 0.3330078125 0.29638671875 0.322265625 0.2958984375 0.3154296875 0.29638671875 0.3056640625 0.29833984375 0.2978515625 0.3134765625 0.294921875 0.31298828125 0.234375 0.314453125 0.234375 0.3154296875 0.2373046875 0.31884765625 0.2373046875 0.322265625 0.23828125 0.31884765625 0.2333984375 0.318359375 0.2255859375 0.3212890625 0.21484375 0.326171875 0.21484375 0.32861328125 0.2060546875 0.33251953125 0.2021484375 0.3369140625 0.201171875 0.34130859375 0.2080078125 0.34228515625 0.2177734375 0.34423828125 0.2177734375 0.3447265625 0.2099609375 0.34814453125 0.2021484375 0.3505859375 0.1962890625 0.3544921875 0.19921875 0.35693359375 0.2001953125 0.36181640625 0.201171875 0.36328125 0.212890625 0.3642578125 0.2138671875 0.36767578125 0.208984375 0.3701171875 0.2099609375 0.37255859375 0.2138671875 0.375 0.2060546875 0.37841796875 0.208984375 0.38134765625 0.2158203125 0.38232421875 0.2265625 0.38232421875 0.234375 0.38427734375 0.2421875 0.38720703125 0.244140625 0.39013671875 0.248046875 0.3935546875 0.251953125 0.39501953125 0.259765625 0.3955078125 0.2685546875 0.3984375 0.2744140625 0.40087890625 0.2783203125 0.40283203125 0.2841796875 0.40185546875 0.2939453125 0.40283203125 0.302734375 0.40478515625 0.3017578125 0.40966796875 0.2939453125 0.41259765625 0.2958984375 0.4140625 0.3017578125 0.41796875 0.3046875 0.4169921875 0.3115234375 0.41748046875 0.3232421875 0.416015625 0.3310546875 0.4189453125 0.34375 0.41796875 0.3525390625 0.4140625 0.3583984375 0.41259765625 0.3623046875 0.41552734375 0.3720703125 0.4150390625 0.376953125 0.41552734375 0.384765625 0.4140625 0.388671875 0.4140625 0.40234375 0.41259765625 0.408203125 0.4091796875 0.4150390625 0.4052734375 0.4189453125 0.39990234375 0.416015625 0.39794921875 0.416015625 0.39453125 0.4169921875 0.39208984375 0.4140625 0.3896484375 0.4189453125 0.3857421875 0.419921875 0.3818359375 0.419921875 0.3779296875 0.41796875 0.3759765625 0.41796875 0.3720703125 0.41796875 0.3681640625 0.41796875 0.365234375 0.4169921875
4 0.52001953125 0.4482421875 0.5166015625 0.4482421875 0.5146484375 0.4462890625 0.51220703125 0.4462890625 0.51025390625 0.447265625 0.5087890625 0.4501953125 0.50830078125 0.4560546875 0.5087890625 0.458984375 0.52099609375 0.458984375
4 0.5146484375 0.423828125 0.51220703125 0.421875 0.5126953125 0.41796875 0.51220703125 0.416015625 0.50927734375 0.4150390625 0.5078125 0.41015625 0.505859375 0.40625 0.505859375 0.4013671875 0.50341796875 0.3955078125 0.49853515625 0.3955078125 0.49462890625 0.3857421875 0.4931640625 0.3837890625 0.49169921875 0.3779296875 0.4921875 0.3720703125 0.49365234375 0.3623046875 0.4931640625 0.357421875 0.48828125 0.3564453125 0.48681640625 0.34765625 0.48583984375 0.3388671875 0.4833984375 0.3330078125 0.484375 0.3271484375 0.4873046875 0.3154296875 0.48681640625 0.3076171875 0.486328125 0.298828125 0.49267578125 0.3017578125 0.494140625 0.294921875 0.4951171875 0.2880859375 0.4970703125 0.2890625 0.49658203125 0.28125 0.49951171875 0.2763671875 0.50146484375 0.2724609375 0.50146484375 0.2666015625 0.4990234375 0.265625 0.49560546875 0.265625 0.4951171875 0.259765625 0.49853515625 0.248046875 0.5 0.23828125 0.49560546875 0.236328125 0.4951171875 0.2275390625 0.4970703125 0.224609375 0.494140625 0.21484375 0.490234375 0.216796875 0.4912109375 0.201171875 0.4951171875 0.1904296875 0.5 0.185546875 0.49951171875 0.181640625 0.49560546875 0.1826171875 0.49560546875 0.173828125 0.49755859375 0.1669921875 0.4990234375 0.1630859375 0.5 0.154296875 0.50341796875 0.1494140625 0.50732421875 0.14453125 0.51123046875 0.1376953125 0.51513671875 0.1337890625 0.51513671875 0.1240234375 0.51708984375 0.1171875 0.52197265625 0.1123046875 0.52880859375 0.11328125 0.53173828125 0.11328125 0.53271484375 0.1044921875 0.53515625 0.09765625 0.53955078125 0.09765625 0.54541015625 0.091796875 0.5478515625 0.0830078125 0.55224609375 0.0791015625 0.548828125 0.0703125 0.55322265625 0.0595703125 0.55419921875 0.0498046875 0.5576171875 0.0419921875 0.56103515625 0.0361328125 0.56298828125 0.029296875 0.56884765625 0.025390625 0.57666015625 0.0146484375 0.58203125 0.0107421875 0.58349609375 0.0009765625 0.86083984375 0.0 0.86083984375 0.005859375 0.859375 0.01171875 0.8583984375 0.0146484375 0.859375 0.0205078125 0.85986328125 0.029296875 0.8583984375 0.03515625 0.853515625 0.0390625 0.84814453125 0.0419921875 0.845703125 0.0458984375 0.8466796875 0.052734375 0.849609375 0.0556640625 0.8505859375 0.0625 0.84765625 0.068359375 0.8515625 0.0703125 0.853515625 0.072265625 0.85205078125 0.08203125 0.85009765625 0.0927734375 0.84765625 0.1015625 0.845703125 0.1142578125 0.8447265625 0.1201171875 0.84521484375 0.1318359375 0.84423828125 0.138671875 0.84130859375 0.1455078125 0.8388671875 0.15625 0.8349609375 0.16796875 0.83251953125 0.1728515625 0.82861328125 0.1767578125 0.8251953125 0.1884765625 0.8203125 0.1884765625 0.8203125 0.1962890625 0.82080078125 0.205078125 0.8193359375 0.220703125 0.81494140625 0.2197265625 0.8095703125 0.2119140625 0.806640625 0.2197265625 0.806640625 0.2275390625 0.81298828125 0.234375 0.81884765625 0.234375 0.8251953125 0.2373046875 0.8251953125 0.2412109375 0.82080078125 0.2470703125 0.8203125 0.2548828125 0.82373046875 0.2568359375 0.82861328125 0.25 0.83154296875 0.2529296875 0.83203125 0.2646484375 0.8349609375 0.2724609375 0.837890625 0.2822265625 0.8388671875 0.2880859375 0.83447265625 0.291015625 0.8310546875 0.2900390625 0.82958984375 0.2978515625 0.82568359375 0.2978515625 0.8232421875 0.2958984375 0.82080078125 0.30078125 0.81494140625 0.298828125 0.81103515625 0.302734375 0.810546875 0.3134765625 0.80908203125 0.3232421875 0.8076171875 0.333984375 0.80712890625 0.337890625 0.8095703125 0.3447265625 0.81103515625 0.349609375 0.8134765625 0.3505859375 0.81640625 0.353515625 0.81884765625 0.359375 0.81982421875 0.3662109375 0.81787109375 0.3740234375 0.818359375 0.3828125 0.81689453125 0.390625 0.81640625 0.3994140625 0.8154296875 0.4072265625 0.8173828125 0.4130859375 0.8212890625 0.416015625 0.82373046875 0.4248046875 0.82666015625 0.4306640625 0.62060546875 0.462890625 0.54345703125 0.4541015625 0.54443359375 0.44921875 0.54443359375 0.4404296875 0.5419921875 0.435546875 0.5400390625 0.4326171875 0.541015625 0.4267578125 0.5400390625 0.423828125 0.537109375 0.423828125 0.53369140625 0.421875 0.53369140625 0.4169921875 0.53173828125 0.4130859375 0.5283203125 0.4169921875 0.5302734375 0.4208984375 0.5302734375 0.42578125 0.5263671875 0.4228515625 0.52294921875 0.42578125 0.52001953125 0.423828125 0.51806640625 0.4228515625 0.51611328125 0.4248046875 0.517578125 0.458984375 0.5146484375 0.458984375
1 0.86279296875 0.5029296875 0.9052734375 0.50390625 0.93896484375 0.501953125 0.9765625 0.4970703125 0.9990234375 0.49609375 0.9990234375 0.4306640625 0.9990234375 0.423828125 0.8994140625 0.431640625 0.8310546875 0.4384765625 0.83154296875 0.443359375 0.83203125 0.44921875 0.830078125 0.4521484375 0.78173828125 0.4580078125 0.76171875 0.4609375 0.7255859375 0.46875 0.7177734375 0.470703125 0.69580078125 0.4755859375 0.6845703125 0.4765625 0.6640625 0.4794921875 0.64990234375 0.4873046875 0.69677734375 0.494140625 0.7548828125 0.49609375 0.80810546875 0.5 0.8525390625 0.501953125
3 0.9990234375 0.3759765625 0.82861328125 0.388671875 0.82958984375 0.4404296875 0.9990234375 0.431640625
4 0.13427734375 0.4677734375 0.13671875 0.458984375 0.138671875 0.4521484375 0.13818359375 0.4404296875 0.138671875 0.43359375 0.13818359375 0.42578125 0.12255859375 0.4189453125 0.12353515625 0.4619140625
4 0.1689453125 0.4443359375 0.169921875 0.4365234375 0.1728515625 0.44140625 0.17724609375 0.435546875 0.18017578125 0.4345703125 0.18603515625 0.4345703125 0.18994140625 0.435546875 0.193359375 0.431640625 0.19189453125 0.4248046875 0.18798828125 0.41796875 0.18798828125 0.4150390625 0.19384765625 0.4130859375 0.1943359375 0.4072265625 0.19287109375 0.400390625 0.18798828125 0.396484375 0.1884765625 0.39453125 0.1923828125 0.392578125 0.19384765625 0.3828125 0.19287109375 0.375 0.1884765625 0.37109375 0.18310546875 0.369140625 0.1826171875 0.3623046875 0.185546875 0.349609375 0.185546875 0.3388671875 0.181640625 0.3359375 0.17822265625 0.333984375 0.17626953125 0.3330078125 0.1748046875 0.3251953125 0.17431640625 0.3115234375 0.17236328125 0.3046875 0.16845703125 0.298828125 0.166015625 0.2880859375 0.16259765625 0.2841796875 0.15625 0.287109375 0.15380859375 0.2919921875 0.150390625 0.30078125 0.14501953125 0.3037109375 0.14013671875 0.3037109375 0.13525390625 0.30859375 0.12841796875 0.3134765625 0.125 0.314453125 0.12646484375 0.40625 0.12646484375 0.4091796875 0.1220703125 0.4091796875 0.12255859375 0.421875 0.12353515625 0.42578125 0.125 0.4267578125 0.12841796875 0.4287109375 0.1318359375 0.4306640625 0.134765625 0.4296875 0.13818359375 0.4296875 0.14208984375 0.4326171875 0.14453125 0.435546875 0.14990234375 0.4326171875 0.15478515625 0.4306640625 0.15771484375 0.4384765625 0.15966796875 0.447265625 0.16064453125 0.4931640625 0.16357421875 0.4931640625 0.1630859375 0.455078125 0.16455078125 0.44921875 0.166015625 0.4462890625
1 0.033203125 0.7236328125 0.30126953125 0.716796875 0.302734375 0.7568359375 0.29052734375 0.818359375 0.27392578125 0.8818359375 0.24951171875 0.947265625 0.2275390625 0.9990234375 0.0 0.9990234375 0.0 0.7236328125
5 0.3349609375 0.4892578125 0.3349609375 0.47265625 0.33349609375 0.453125 0.3310546875 0.4443359375 0.3271484375 0.44140625 0.3203125 0.44140625 0.31201171875 0.443359375 0.3056640625 0.4453125 0.3154296875 0.4873046875 0.322265625 0.486328125 0.32275390625 0.490234375 0.32568359375 0.490234375 0.326171875 0.486328125 0.33203125 0.4853515625 0.33203125 0.4892578125
5 0.27685546875 0.4560546875 0.28173828125 0.4453125 0.29248046875 0.443359375 0.30615234375 0.443359375 0.31201171875 0.4541015625 0.31591796875 0.4677734375 0.31640625 0.486328125 0.31640625 0.4912109375 0.3115234375 0.4921875 0.31005859375 0.4892578125 0.3076171875 0.4892578125 0.306640625 0.494140625 0.30078125 0.4951171875 0.29931640625 0.4931640625 0.2880859375 0.4931640625 0.287109375 0.4970703125 0.283203125 0.498046875
5 0.2705078125 0.44140625 0.2587890625 0.4404296875 0.24560546875 0.443359375 0.23974609375 0.4521484375 0.23583984375 0.458984375 0.232421875 0.4580078125 0.23095703125 0.4599609375 0.23095703125 0.46484375 0.232421875 0.466796875 0.22998046875 0.470703125 0.22900390625 0.4814453125 0.2294921875 0.4921875 0.23193359375 0.5078125 0.2373046875 0.5068359375 0.23828125 0.5009765625 0.24609375 0.5 0.2470703125 0.5048828125 0.25048828125 0.5048828125 0.2509765625 0.50390625 0.2529296875 0.5 0.26416015625 0.498046875 0.265625 0.5029296875 0.26806640625 0.5029296875 0.27587890625 0.5009765625 0.27685546875 0.494140625 0.27783203125 0.494140625 0.2783203125 0.4990234375 0.28173828125 0.5 0.283203125 0.498046875 0.28466796875 0.4833984375 0.28271484375 0.46484375 0.27880859375 0.455078125 0.2734375 0.4423828125
5 0.09423828125 0.455078125 0.083984375 0.4658203125 0.07861328125 0.4775390625 0.0751953125 0.4765625 0.0732421875 0.4775390625 0.07275390625 0.48046875 0.07421875 0.4833984375 0.0712890625 0.4873046875 0.06787109375 0.4951171875 0.06689453125 0.5048828125 0.06689453125 0.509765625 0.068359375 0.517578125 0.07080078125 0.529296875 0.07763671875 0.5283203125 0.07861328125 0.525390625 0.09521484375 0.5224609375 0.095703125 0.5263671875 0.10009765625 0.525390625 0.10107421875 0.5224609375 0.109375 0.521484375 0.1103515625 0.5244140625 0.11669921875 0.5234375 0.11865234375 0.5166015625 0.13134765625 0.5146484375 0.1328125 0.521484375 0.138671875 0.51953125 0.14013671875 0.5078125 0.13916015625 0.4873046875 0.13818359375 0.4755859375 0.134765625 0.462890625 0.130859375 0.4560546875 0.1201171875 0.4521484375
