4 0.4638671875 0.2451171875 0.47216796875 0.2412109375 0.478515625 0.2373046875 0.48486328125 0.2373046875 0.4873046875 0.23046875 0.4951171875 0.236328125 0.50146484375 0.2392578125 0.51220703125 0.232421875 0.517578125 0.2275390625 0.5234375 0.228515625 0.533203125 0.2236328125 0.6044921875 0.330078125 0.5546875 0.3173828125 0.47607421875 0.32421875
4 0.458984375 0.267578125 0.47607421875 0.267578125 0.482421875 0.2646484375 0.48974609375 0.2626953125 0.4951171875 0.2578125 0.501953125 0.2548828125 0.505859375 0.263671875 0.515625 0.263671875 0.52197265625 0.263671875 0.52685546875 0.2705078125 0.52783203125 0.2802734375 0.5322265625 0.2890625 0.5419921875 0.2890625 0.5693359375 0.30078125 0.59521484375 0.349609375 0.6005859375 0.4267578125 0.55810546875 0.4541015625 0.546875 0.4267578125 0.54296875 0.39453125 0.5390625 0.3818359375 0.52978515625 0.380859375 0.466796875 0.365234375
2 0.47216796875 0.3701171875 0.47314453125 0.265625 0.4765625 0.2646484375 0.47021484375 0.2470703125 0.47119140625 0.2275390625 0.4609375 0.201171875 0.46044921875 0.1455078125 0.45751953125 0.12890625 0.45068359375 0.1103515625 0.4423828125 0.09765625 0.43896484375 0.0849609375 0.43701171875 0.0537109375 0.43408203125 0.0888671875 0.43017578125 0.1005859375 0.38671875 0.099609375 0.38720703125 0.0 0.2392578125 0.0 0.23583984375 0.4931640625 0.4716796875 0.43359375
5 0.560546875 0.419921875 0.55810546875 0.427734375 0.55810546875 0.43359375 0.56884765625 0.43359375 0.56884765625 0.423828125 0.56689453125 0.419921875
1 0.0 0.478515625 0.19921875 0.466796875 0.2734375 0.4658203125 0.29931640625 0.4619140625 0.47265625 0.4375 0.4912109375 0.4306640625 0.5107421875 0.4560546875 -0.0009765625 0.8876953125
4 -0.00048828125 0.0 0.26513671875 0.0 0.2666015625 0.015625 0.27685546875 0.0126953125 0.29248046875 0.0078125 0.3076171875 0.0126953125 0.3125 0.0 0.33349609375 0.0 0.3408203125 0.041015625 0.3408203125 0.0732421875 0.33349609375 0.134765625 0.34375 0.1669921875 0.35498046875 0.1669921875 0.3603515625 0.19921875 0.361328125 0.23828125 0.3486328125 0.24609375 0.3330078125 0.2587890625 0.34423828125 0.2763671875 0.36865234375 0.2685546875 0.37841796875 0.3037109375 0.38330078125 0.3330078125 0.37890625 0.34765625 0.36572265625 0.3662109375 0.3603515625 0.390625 0.349609375 0.3828125 0.34130859375 0.388671875 0.33642578125 0.4130859375 0.30859375 0.4365234375 0.30615234375 0.3662109375 0.29736328125 0.37109375 0.27880859375 0.3603515625 0.27001953125 0.3447265625 0.259765625 0.3671875 0.25341796875 0.40625 0.25830078125 0.43359375 0.26953125 0.427734375 0.2744140625 0.451171875 0.2724609375 0.466796875 0.2607421875 0.4775390625 0.2236328125 0.4755859375 0.1796875 0.46484375 0.056640625 0.3271484375
4 0.99853515625 0.2763671875 0.9775390625 0.27734375 0.97216796875 0.26953125 0.92822265625 0.248046875 0.91552734375 0.2490234375 0.892578125 0.251953125 0.8720703125 0.2353515625 0.84228515625 0.2275390625 0.818359375 0.2177734375 0.7900390625 0.220703125 0.71826171875 0.248046875 0.7216796875 0.322265625 0.9638671875 0.3828125 0.99853515625 0.3671875
0 0.90771484375 0.6845703125 0.83935546875 0.630859375 0.7275390625 0.5400390625 0.66259765625 0.5087890625 0.60791015625 0.4658203125 0.58203125 0.4462890625 0.56884765625 0.43359375 0.53662109375 0.431640625 0.47265625 0.439453125 0.490234375 0.4423828125 0.4970703125 0.44921875 0.49853515625 0.4541015625 0.490234375 0.46484375 0.46240234375 0.484375 0.4375 0.50390625 0.4033203125 0.52734375 0.34912109375 0.5625 0.2451171875 0.6337890625 0.0 0.81640625 -0.0009765625 0.9970703125 0.99853515625 0.998046875 0.99853515625 0.75390625
4 0.51708984375 0.0087890625 0.51025390625 0.0244140625 0.50244140625 0.0419921875 0.49365234375 0.0693359375 0.49951171875 0.0859375 0.50341796875 0.1064453125 0.51220703125 0.12890625 0.5205078125 0.154296875 0.51513671875 0.1923828125 0.52197265625 0.21484375 0.5234375 0.2470703125 0.52783203125 0.2763671875 0.53466796875 0.2939453125 0.54638671875 0.3095703125 0.556640625 0.3154296875 0.5693359375 0.3193359375 0.58056640625 0.3388671875 0.59033203125 0.3701171875 0.595703125 0.3984375 0.59716796875 0.4326171875 0.66748046875 0.4326171875 0.6689453125 0.4091796875 0.669921875 0.37890625 0.67333984375 0.365234375 0.67578125 0.365234375 0.67333984375 0.435546875 0.69140625 0.435546875 0.69482421875 0.353515625 0.69921875 0.3505859375 0.70263671875 0.3671875 0.7060546875 0.3740234375 0.703125 0.4248046875 0.71044921875 0.4521484375 0.72998046875 0.44140625 0.72802734375 0.431640625 0.72900390625 0.28515625 0.7353515625 0.2861328125 0.7421875 0.296875 0.73974609375 0.3134765625 0.75244140625 0.3310546875 0.755859375 0.3447265625 0.75244140625 0.416015625 0.74951171875 0.4404296875 0.75 0.455078125 0.7939453125 0.4482421875 0.79345703125 0.41015625 0.796875 0.27734375 0.8017578125 0.2724609375 0.8134765625 0.2890625 0.826171875 0.283203125 0.8330078125 0.267578125 0.8408203125 0.236328125 0.83740234375 0.2109375 0.84130859375 0.197265625 0.857421875 0.2119140625 0.8720703125 0.2216796875 0.88916015625 0.228515625 0.8984375 0.2236328125 0.91357421875 0.2119140625 0.92041015625 0.1904296875 0.9140625 0.16796875 0.91943359375 0.1494140625 0.93505859375 0.15625 0.94384765625 0.181640625 0.9599609375 0.1904296875 0.97021484375 0.1787109375 0.97412109375 0.1611328125 0.97021484375 0.14453125 0.95361328125 0.130859375 0.94287109375 0.1103515625 0.9306640625 0.087890625 0.927734375 0.07421875 0.93212890625 0.0458984375 0.93798828125 0.029296875 0.9306640625 0.0146484375 0.91845703125 0.001953125 0.91796875 0.0 0.52001953125 0.0
5 0.4375 0.400390625 0.44287109375 0.40234375 0.44677734375 0.40625 0.447265625 0.41015625 0.45263671875 0.4111328125 0.45703125 0.4150390625 0.46240234375 0.42578125 0.4638671875 0.4375 0.46240234375 0.443359375 0.4580078125 0.44921875 0.4541015625 0.4501953125 0.42724609375 0.4091796875 0.42724609375 0.3984375
5 0.4560546875 0.462890625 0.45751953125 0.439453125 0.45556640625 0.416015625 0.4501953125 0.41015625 0.4384765625 0.40625 0.4267578125 0.40625 0.42041015625 0.4150390625 0.41796875 0.421875 0.41259765625 0.42578125 0.43115234375 0.45703125 0.43798828125 0.458984375 0.4384765625 0.4638671875 0.44091796875 0.4658203125 0.44384765625 0.4658203125 0.4453125 0.462890625 0.4462890625 0.458984375 0.44970703125 0.4580078125 0.45068359375 0.46484375 0.45361328125 0.46484375
5 0.42431640625 0.4599609375 0.4287109375 0.4560546875 0.43115234375 0.4482421875 0.4287109375 0.43359375 0.4208984375 0.42578125 0.41259765625 0.41796875 0.3994140625 0.408203125 0.408203125 0.4609375 0.4111328125 0.4658203125 0.41845703125 0.4658203125 0.421875 0.4658203125
5 0.4013671875 0.458984375 0.40966796875 0.458984375 0.41162109375 0.455078125 0.41162109375 0.4423828125 0.41015625 0.4267578125 0.39794921875 0.419921875
4 0.3837890625 0.408203125 0.384765625 0.2958984375 0.392578125 0.3125 0.39501953125 0.353515625 0.3984375 0.3740234375 0.4140625 0.380859375 0.41162109375 0.4013671875 0.40869140625 0.4189453125 0.3984375 0.4267578125
5 0.36474609375 0.3974609375 0.3837890625 0.4013671875 0.39404296875 0.4033203125 0.39990234375 0.4150390625 0.40380859375 0.4365234375 0.404296875 0.4560546875 0.40234375 0.4677734375 0.396484375 0.4697265625 0.39453125 0.4765625 0.39111328125 0.48046875 0.38525390625 0.482421875 0.37744140625 0.4833984375 0.373046875 0.478515625 0.37109375 0.4716796875 0.32373046875 0.46875 0.32177734375 0.474609375 0.31640625 0.4775390625 0.3134765625 0.474609375 0.31201171875 0.4755859375 0.302734375 0.4775390625 0.30029296875 0.47265625 0.2978515625 0.4677734375 0.2919921875 0.4677734375 0.287109375 0.4599609375 0.2861328125 0.4453125 0.29052734375 0.4345703125 0.29833984375 0.4267578125 0.31103515625 0.4228515625 0.32421875 0.4130859375 0.33935546875 0.3994140625 0.34814453125 0.3955078125
5 0.15087890625 0.3525390625 0.15869140625 0.35546875 0.18115234375 0.3837890625 0.19482421875 0.404296875 0.2001953125 0.4228515625 0.201171875 0.4306640625 0.20166015625 0.4580078125 0.20361328125 0.48046875 0.20166015625 0.48828125 0.19970703125 0.501953125 0.19384765625 0.5078125 0.1875 0.5087890625 0.18603515625 0.521484375 0.1806640625 0.5341796875 0.1689453125 0.5380859375 0.1552734375 0.53515625 0.1494140625 0.5380859375 0.13623046875 0.541015625 0.12646484375 0.537109375 0.11962890625 0.5234375 0.11669921875 0.5146484375 -0.0009765625 0.5048828125 -0.0009765625 0.369140625 0.07568359375 0.341796875 0.09716796875 0.3408203125 0.1328125 0.34765625 0.1484375 0.3515625
4 0.0205078125 0.4384765625 0.03759765625 0.4208984375 0.0478515625 0.3876953125 0.046875 0.3701171875 0.05810546875 0.3525390625 0.07861328125 0.34765625 0.0947265625 0.33203125 0.1162109375 0.314453125 0.13232421875 0.3173828125 0.15625 0.2822265625 0.17236328125 0.2705078125 0.1826171875 0.2568359375 0.205078125 0.2333984375 0.236328125 0.2294921875 0.2509765625 0.201171875 0.24658203125 0.1630859375 0.2421875 0.1083984375 0.24658203125 0.0791015625 0.23046875 0.0595703125 0.2177734375 0.0283203125 0.20947265625 0.0107421875 0.20556640625 0.0 0.0 0.001953125 0.0 0.4619140625 0.0068359375 0.4462890625 0.015625 0.4423828125
4 0.98046875 0.443359375 0.95556640625 0.447265625 0.943359375 0.431640625 0.927734375 0.4287109375 0.91455078125 0.4306640625 0.900390625 0.4365234375 0.88671875 0.4296875 0.873046875 0.4345703125 0.86279296875 0.431640625 0.8486328125 0.4345703125 0.83349609375 0.4345703125 0.82177734375 0.423828125 0.8154296875 0.42578125 0.80517578125 0.4287109375 0.796875 0.42578125 0.783203125 0.435546875 0.77587890625 0.4365234375 0.7568359375 0.4453125 0.751953125 0.4384765625 0.75244140625 0.427734375 0.744140625 0.42578125 0.73486328125 0.4228515625 0.728515625 0.421875 0.7275390625 0.431640625 0.71533203125 0.435546875 0.7060546875 0.435546875 0.68212890625 0.42578125 0.673828125 0.4267578125 0.671875 0.4208984375 0.66796875 0.421875 0.66064453125 0.427734375 0.654296875 0.4296875 0.65087890625 0.42578125 0.64453125 0.427734375 0.63671875 0.4267578125 0.63134765625 0.4267578125 0.6201171875 0.4267578125 0.61376953125 0.4248046875 0.60498046875 0.42578125 0.59765625 0.421875 0.58837890625 0.42578125 0.58203125 0.427734375 0.576171875 0.4326171875 0.57177734375 0.4326171875 0.56982421875 0.4345703125 0.64892578125 0.4990234375 0.8330078125 0.603515625 0.83251953125 0.6259765625 0.99951171875 0.7529296875 0.99951171875 0.7509765625 0.9990234375 0.4462890625
