2 0.0 0.0 0.99853515625 0.0 0.99853515625 0.5224609375 0.94580078125 0.4951171875 0.88671875 0.474609375 0.82861328125 0.4609375 0.732421875 0.4296875 0.57080078125 0.4736328125 0.423828125 0.5029296875 0.390625 0.5009765625 0.18505859375 0.5126953125 0.14697265625 0.51171875 0.0 0.5
5 0.81494140625 0.4189453125 0.81591796875 0.39453125 0.8564453125 0.3916015625 0.86376953125 0.3974609375 0.86669921875 0.4130859375 0.86376953125 0.4541015625 0.8271484375 0.4609375 0.8212890625 0.439453125 0.81689453125 0.42578125
4 0.60498046875 0.0126953125 0.59814453125 0.0380859375 0.58642578125 0.0576171875 0.58544921875 0.080078125 0.5908203125 0.103515625 0.58935546875 0.130859375 0.6005859375 0.1396484375 0.615234375 0.15625 0.62451171875 0.17578125 0.6318359375 0.185546875 0.6455078125 0.2021484375 0.66162109375 0.2177734375 0.67333984375 0.23046875 0.68310546875 0.23046875 0.69287109375 0.216796875 0.708984375 0.2080078125 0.71728515625 0.18359375 0.7255859375 0.1923828125 0.736328125 0.1943359375 0.7421875 0.1875 0.748046875 0.16015625 0.751953125 0.1630859375 0.7451171875 0.185546875 0.7451171875 0.2021484375 0.74658203125 0.23046875 0.74365234375 0.2392578125 0.74462890625 0.2470703125 0.7431640625 0.2587890625 0.74560546875 0.27734375 0.74365234375 0.2919921875 0.74658203125 0.3046875 0.74658203125 0.3271484375 0.7451171875 0.333984375 0.74609375 0.34765625 0.744140625 0.3583984375 0.75 0.3720703125 0.75341796875 0.376953125 0.76318359375 0.3779296875 0.78173828125 0.466796875 0.80419921875 0.408203125 0.81103515625 0.40234375 0.81640625 0.40234375 0.81689453125 0.3935546875 0.83056640625 0.3955078125 0.8349609375 0.4697265625 0.83984375 0.4697265625 0.83642578125 0.3935546875 0.84130859375 0.39453125 0.8408203125 0.3701171875 0.84619140625 0.3720703125 0.8515625 0.3720703125 0.85498046875 0.373046875 0.85595703125 0.41796875 0.859375 0.41796875 0.85791015625 0.3720703125 0.8603515625 0.365234375 0.86083984375 0.3564453125 0.865234375 0.3623046875 0.86865234375 0.373046875 0.87109375 0.37109375 0.87158203125 0.421875 0.87451171875 0.421875 0.8759765625 0.3623046875 0.88232421875 0.3623046875 0.88623046875 0.35546875 0.890625 0.361328125 0.888671875 0.2783203125 0.8828125 0.265625 0.8837890625 0.2421875 0.8837890625 0.2333984375 0.88525390625 0.140625 0.8837890625 0.1142578125 0.8818359375 0.08984375 0.884765625 0.07421875 0.88720703125 0.060546875 0.87939453125 0.0439453125 0.86962890625 0.02734375 0.86376953125 0.00390625 0.86328125 0.0 0.6083984375 0.0009765625
5 0.7138671875 0.4189453125 0.7177734375 0.41015625 0.72509765625 0.41015625 0.73681640625 0.412109375 0.74072265625 0.421875 0.72802734375 0.4521484375 0.71826171875 0.451171875
5 0.6806640625 0.4208984375 0.68505859375 0.4111328125 0.70458984375 0.4111328125 0.71337890625 0.4189453125 0.71875 0.4326171875 0.72119140625 0.4462890625 0.7197265625 0.4609375 0.71826171875 0.4638671875 0.71484375 0.462890625 0.71435546875 0.4599609375 0.70849609375 0.458984375 0.70849609375 0.4658203125 0.705078125 0.4658203125 0.703125 0.46484375 0.701171875 0.458984375 0.69384765625 0.458984375
5 0.6474609375 0.4365234375 0.65234375 0.4169921875 0.66552734375 0.4150390625 0.68212890625 0.4140625 0.68994140625 0.4287109375 0.69287109375 0.4287109375 0.69482421875 0.431640625 0.69287109375 0.4345703125 0.6953125 0.4404296875 0.69775390625 0.4482421875 0.6962890625 0.4658203125 0.6923828125 0.46875 0.69091796875 0.46875 0.6904296875 0.4638671875 0.68408203125 0.4658203125 0.68359375 0.4716796875 0.67578125 0.4716796875 0.67578125 0.4658203125 0.66455078125 0.466796875 0.66455078125 0.47265625 0.66015625 0.4736328125 0.65966796875 0.4658203125 0.650390625 0.4658203125
5 0.59619140625 0.455078125 0.599609375 0.4306640625 0.60498046875 0.4150390625 0.61572265625 0.4111328125 0.62890625 0.4111328125 0.64111328125 0.4189453125 0.6474609375 0.43359375 0.6513671875 0.4404296875 0.65380859375 0.447265625 0.6533203125 0.4619140625 0.65234375 0.46875 0.65234375 0.474609375 0.64990234375 0.4775390625 0.64599609375 0.4775390625 0.6455078125 0.470703125 0.6376953125 0.47265625 0.63720703125 0.478515625 0.634765625 0.48046875 0.6318359375 0.48046875 0.63037109375 0.478515625 0.6298828125 0.4736328125 0.6201171875 0.4716796875 0.619140625 0.4765625 0.61865234375 0.4794921875 0.61572265625 0.48046875 0.6142578125 0.478515625 0.61376953125 0.47265625 0.60498046875 0.4736328125 0.60400390625 0.478515625 0.60009765625 0.482421875
4 0.57373046875 0.4560546875 0.5712890625 0.443359375 0.57177734375 0.431640625 0.57666015625 0.421875 0.58642578125 0.419921875 0.595703125 0.4228515625 0.59912109375 0.4326171875 0.59912109375 0.443359375 0.59716796875 0.453125
4 0.24853515625 0.40625 0.24365234375 0.4091796875 0.23876953125 0.408203125 0.2353515625 0.4111328125 0.234375 0.419921875 0.232421875 0.423828125 0.23193359375 0.4375 0.23095703125 0.4453125 0.22900390625 0.4580078125 0.23388671875 0.4677734375 0.25830078125 0.4482421875
4 0.20263671875 0.4267578125 0.21484375 0.42578125 0.22412109375 0.431640625 0.2314453125 0.4462890625 0.23291015625 0.45703125 0.23046875 0.48046875 0.2275390625 0.4931640625 0.20361328125 0.49609375
5 0.0078125 0.3994140625 0.03955078125 0.3984375 0.064453125 0.404296875 0.08203125 0.41015625 0.107421875 0.4296875 0.1279296875 0.4521484375 0.1484375 0.47265625 0.15380859375 0.486328125 0.15673828125 0.4892578125 0.1552734375 0.5146484375 0.1494140625 0.51953125 0.138671875 0.521484375 0.1376953125 0.529296875 0.1298828125 0.529296875 0.10546875 0.53125 0.09716796875 0.5322265625 0.095703125 0.5234375 0.07177734375 0.5263671875 -0.0009765625 0.5322265625 -0.0009765625 0.400390625
4 0.18408203125 0.51953125 0.1826171875 0.3525390625 0.173828125 0.3447265625 0.17529296875 0.3359375 0.1796875 0.3330078125 0.1806640625 0.291015625 0.17626953125 0.2783203125 0.169921875 0.287109375 0.17431640625 0.3017578125 0.16455078125 0.306640625 0.154296875 0.310546875 0.14990234375 0.291015625 0.14501953125 0.2763671875 0.14013671875 0.296875 0.13330078125 0.306640625 0.125 0.3056640625 0.12060546875 0.2939453125 0.12060546875 0.2802734375 0.125 0.2578125 0.11328125 0.265625 0.10595703125 0.271484375 0.10107421875 0.2783203125 0.0986328125 0.296875 0.0966796875 0.306640625 0.08837890625 0.314453125 0.08154296875 0.30859375 0.08349609375 0.318359375 0.080078125 0.326171875 0.07421875 0.330078125 0.06884765625 0.330078125 0.06396484375 0.3330078125 0.07421875 0.541015625 0.044921875 0.5478515625 0.04296875 0.482421875 0.037109375 0.326171875 0.02587890625 0.3271484375 0.00537109375 0.328125 0.0 0.3291015625 0.0 0.0 0.3916015625 0.0 0.40087890625 0.0087890625 0.41015625 0.0126953125 0.4208984375 0.0185546875 0.42431640625 0.03125 0.421875 0.0400390625 0.41015625 0.044921875 0.3994140625 0.0478515625 0.38916015625 0.052734375 0.38671875 0.0576171875 0.39697265625 0.0732421875 0.4091796875 0.0849609375 0.4189453125 0.091796875 0.42724609375 0.099609375 0.44091796875 0.111328125 0.4462890625 0.1201171875 0.45361328125 0.1337890625 0.4560546875 0.1435546875 0.4521484375 0.15234375 0.4404296875 0.166015625 0.4140625 0.1787109375 0.3896484375 0.1748046875 0.3759765625 0.177734375 0.36279296875 0.1884765625 0.3486328125 0.185546875 0.3359375 0.19140625 0.31591796875 0.19921875 0.29296875 0.2021484375 0.29052734375 0.2158203125 0.2822265625 0.2177734375 0.27783203125 0.2099609375 0.2734375 0.1884765625 0.26611328125 0.1875 0.2529296875 0.1875 0.24267578125 0.1943359375 0.23779296875 0.2060546875 0.232421875 0.216796875 0.22509765625 0.21484375 0.2177734375 0.212890625 0.21142578125 0.2099609375 0.208984375 0.212890625 0.20751953125 0.2880859375 0.21044921875 0.3056640625 0.2080078125 0.3134765625 0.20751953125 0.3232421875 0.208984375 0.3388671875 0.205078125 0.3603515625 0.20458984375 0.38671875 0.2080078125 0.5146484375 0.20751953125 0.51953125
4 0.0693359375 0.564453125 0.0693359375 0.546875 0.06689453125 0.5283203125 0.06201171875 0.513671875 0.05615234375 0.5078125 0.04345703125 0.513671875 0.03515625 0.5234375 0.03173828125 0.5556640625 0.03662109375 0.568359375 0.044921875 0.5712890625 0.056640625 0.5703125 0.06640625 0.5693359375
5 0.826171875 0.4765625 0.82861328125 0.466796875 0.82763671875 0.4482421875 0.8232421875 0.43359375 0.81884765625 0.4267578125 0.818359375 0.41796875 0.81298828125 0.4140625 0.80712890625 0.4033203125 0.79248046875 0.3955078125 0.78662109375 0.3955078125 0.7900390625 0.42578125 0.8046875 0.470703125 0.81787109375 0.470703125 0.8203125 0.4765625 0.8232421875 0.478515625
4 0.73876953125 0.48046875 0.73681640625 0.46484375 0.7373046875 0.4423828125 0.7392578125 0.4248046875 0.7421875 0.4248046875 0.74609375 0.4404296875 0.74951171875 0.4482421875 0.75146484375 0.4599609375 0.7490234375 0.4775390625
4 0.80224609375 0.4736328125 0.80224609375 0.455078125 0.80029296875 0.431640625 0.7978515625 0.4091796875 0.79541015625 0.4052734375 0.7919921875 0.412109375 0.7890625 0.4267578125 0.78662109375 0.4443359375 0.78466796875 0.4580078125 0.787109375 0.4765625
