4 0.50048828125 0.388671875 0.49267578125 0.3447265625 0.4921875 0.32421875 0.49951171875 0.3134765625 0.5908203125 0.158203125 0.599609375 0.15234375 0.62060546875 0.107421875 0.646484375 0.0849609375 0.65185546875 0.09375 0.64892578125 0.40234375 0.54150390625 0.4091796875 0.501953125 0.4091796875
2 -0.0009765625 0.2705078125 0.0 0.0009765625 0.0 0.0 0.58984375 0.0009765625 0.5859375 0.3134765625 0.5693359375 0.3232421875 0.56640625 0.41015625 0.54736328125 0.4013671875 0.546875 0.3251953125 0.49365234375 0.322265625 0.48779296875 0.3203125 0.48876953125 0.39453125 0.4609375 0.3896484375 0.46044921875 0.3203125 0.42236328125 0.318359375 0.41943359375 0.3935546875 0.375 0.4306640625 -0.0009765625 0.4287109375 -0.0009765625 0.427734375
2 0.64111328125 0.416015625 0.6416015625 0.33984375 0.64404296875 0.087890625 0.63623046875 0.0771484375 0.673828125 0.0 0.87939453125 0.0009765625 0.87939453125 0.009765625 0.890625 0.0234375 0.8916015625 0.0009765625 0.89794921875 0.0029296875 0.8984375 0.015625 0.9033203125 0.0166015625 0.90234375 0.0390625 0.90771484375 0.0439453125 0.90771484375 0.0283203125 0.923828125 0.025390625 0.92529296875 0.0361328125 0.935546875 0.046875 0.93701171875 0.0341796875 0.9443359375 0.0361328125 0.9453125 0.0537109375 0.9921875 0.09765625 0.99755859375 0.1083984375 0.99853515625 0.109375 0.99853515625 0.4208984375 0.8515625 0.4580078125
1 0.9853515625 0.4033203125 0.94189453125 0.4091796875 0.9052734375 0.4189453125 0.84423828125 0.4306640625 0.8095703125 0.42578125 0.7548828125 0.4296875 0.6142578125 0.4375 0.48779296875 0.4423828125 0.28564453125 0.4501953125 -0.00048828125 0.462890625 -0.0009765625 0.5234375 0.51123046875 0.4921875 0.93359375 0.443359375 0.99755859375 0.41015625
5 0.095703125 0.376953125 0.1103515625 0.3681640625 0.15087890625 0.37109375 0.1640625 0.3818359375 0.12109375 0.42578125 0.10400390625 0.404296875 0.09326171875 0.392578125
5 0.03173828125 0.392578125 0.044921875 0.3818359375 0.095703125 0.37890625 0.10888671875 0.3828125 0.125 0.419921875 0.080078125 0.4580078125 0.03759765625 0.4560546875 0.02392578125 0.412109375
5 0.005859375 0.3828125 0.02587890625 0.3837890625 0.03759765625 0.4013671875 0.0478515625 0.416015625 0.05078125 0.431640625 0.04833984375 0.455078125 -0.0009765625 0.4580078125 -0.0009765625 0.4033203125
4 0.31298828125 0.4091796875 0.34423828125 0.4013671875 0.3583984375 0.4072265625 0.3720703125 0.4091796875 0.37451171875 0.4130859375 0.34228515625 0.43359375 0.31201171875 0.42578125
5 0.25634765625 0.3828125 0.279296875 0.3798828125 0.296875 0.388671875 0.31298828125 0.4013671875 0.34033203125 0.416015625 0.3408203125 0.4326171875 0.33203125 0.4453125 0.26806640625 0.4482421875
5 0.58203125 0.3837890625 0.56005859375 0.390625 0.5537109375 0.4072265625 0.578125 0.427734375 0.587890625 0.4326171875 0.62890625 0.431640625 0.6279296875 0.419921875 0.60986328125 0.40234375 0.59521484375 0.3896484375
5 0.51171875 0.41796875 0.51416015625 0.3994140625 0.537109375 0.390625 0.552734375 0.39453125 0.5625 0.40625 0.5791015625 0.4150390625 0.5849609375 0.421875 0.58544921875 0.435546875 0.52880859375 0.439453125
5 0.4814453125 0.3857421875 0.50732421875 0.3896484375 0.5244140625 0.4091796875 0.53564453125 0.4189453125 0.5390625 0.43359375 0.53759765625 0.4375 0.49365234375 0.4404296875 0.4814453125 0.3984375
0 -0.0009765625 0.9970703125 -0.0009765625 0.4990234375 0.09326171875 0.4931640625 0.2529296875 0.48046875 0.33642578125 0.4755859375 0.5048828125 0.462890625 0.63330078125 0.45703125 0.73681640625 0.44921875 0.79248046875 0.4453125 0.84521484375 0.4443359375 0.8603515625 0.4423828125 0.91259765625 0.4326171875 0.92919921875 0.4287109375 0.94580078125 0.4267578125 0.9873046875 0.4140625 0.99853515625 0.412109375 0.998046875 0.99609375
5 0.9853515625 0.3955078125 0.99072265625 0.380859375 0.99853515625 0.3818359375 0.99853515625 0.4150390625 0.9853515625 0.4169921875
5 0.9443359375 0.39453125 0.9521484375 0.384765625 0.97265625 0.3828125 0.9794921875 0.3984375 0.98193359375 0.41796875 0.98046875 0.4267578125 0.9560546875 0.4287109375 0.94384765625 0.427734375 0.94482421875 0.4013671875
5 0.85009765625 0.41015625 0.8603515625 0.390625 0.8935546875 0.37890625 0.90380859375 0.3837890625 0.90625 0.392578125 0.90869140625 0.416015625 0.90966796875 0.4287109375 0.90771484375 0.4404296875 0.904296875 0.4443359375 0.89990234375 0.439453125 0.89892578125 0.43359375 0.87939453125 0.4404296875 0.865234375 0.4404296875 0.85498046875 0.44140625 0.85302734375 0.4453125 0.849609375 0.447265625 0.84619140625 0.4423828125 0.84521484375 0.43359375 0.84619140625 0.419921875 0.84619140625 0.4169921875
5 0.68017578125 0.384765625 0.6875 0.3740234375 0.70849609375 0.3701171875 0.72314453125 0.3720703125 0.740234375 0.388671875 0.75830078125 0.396484375 0.763671875 0.4072265625 0.763671875 0.4150390625 0.76220703125 0.4248046875 0.7490234375 0.4365234375 0.74072265625 0.4375 0.73583984375 0.431640625 0.6826171875 0.3974609375
5 0.70947265625 0.40234375 0.72412109375 0.4052734375 0.73291015625 0.41015625 0.73583984375 0.4228515625 0.7333984375 0.431640625 0.7314453125 0.4365234375 0.7119140625 0.4365234375 0.705078125 0.41015625
4 0.6279296875 0.3408203125 0.62451171875 0.3251953125 0.62646484375 0.318359375 0.62744140625 0.298828125 0.63330078125 0.2880859375 0.6328125 0.267578125 0.6416015625 0.2548828125 0.65234375 0.25390625 0.6572265625 0.259765625 0.66162109375 0.2763671875 0.6591796875 0.283203125 0.6650390625 0.296875 0.662109375 0.3095703125 0.666015625 0.3203125 0.66650390625 0.333984375 0.6611328125 0.345703125 0.6484375 0.34375 0.64697265625 0.4111328125 0.64404296875 0.4111328125 0.64404296875 0.3447265625 0.634765625 0.3466796875
5 0.6552734375 0.3876953125 0.67578125 0.3828125 0.6923828125 0.3818359375 0.70458984375 0.390625 0.7119140625 0.400390625 0.71435546875 0.4189453125 0.71533203125 0.4375 0.71240234375 0.447265625 0.70849609375 0.455078125 0.70263671875 0.4521484375 0.70166015625 0.447265625 0.68408203125 0.447265625 0.681640625 0.4560546875 0.6669921875 0.4560546875 0.6552734375 0.4541015625 0.6435546875 0.4541015625 0.6396484375 0.45703125 0.6328125 0.4580078125 0.6298828125 0.451171875 0.62548828125 0.447265625 0.625 0.4287109375 0.63037109375 0.412109375 0.642578125 0.4072265625 0.650390625 0.392578125
5 0.39453125 0.3798828125 0.40380859375 0.373046875 0.4140625 0.3740234375 0.4462890625 0.369140625 0.45068359375 0.3623046875 0.45703125 0.3623046875 0.4619140625 0.369140625 0.4775390625 0.3740234375 0.48291015625 0.3837890625 0.49609375 0.4072265625 0.50048828125 0.4443359375 0.49609375 0.4609375 0.482421875 0.470703125 0.4775390625 0.48046875 0.4638671875 0.4833984375 0.4599609375 0.47265625 0.4462890625 0.474609375 0.39794921875 0.4765625 0.392578125 0.490234375 0.376953125 0.48828125 0.373046875 0.4814453125 0.35498046875 0.4794921875 0.35302734375 0.4892578125 0.33984375 0.490234375 0.33544921875 0.48046875 0.32666015625 0.474609375 0.3271484375 0.4658203125 0.32568359375 0.4443359375 0.33251953125 0.431640625 0.353515625 0.4189453125 0.3701171875 0.4091796875
5 0.169921875 0.37109375 0.17919921875 0.3603515625 0.2294921875 0.3583984375 0.23583984375 0.361328125 0.25390625 0.3720703125 0.26953125 0.40234375 0.27392578125 0.4267578125 0.275390625 0.4423828125 0.2724609375 0.4658203125 0.2685546875 0.474609375 0.26611328125 0.490234375 0.2509765625 0.498046875 0.24462890625 0.4921875 0.24072265625 0.484375 0.234375 0.484375 0.228515625 0.4990234375 0.21240234375 0.4970703125 0.208984375 0.484375 0.162109375 0.4912109375 0.15625 0.50390625 0.10498046875 0.505859375 0.099609375 0.49609375 0.09765625 0.4873046875 0.08544921875 0.484375 0.0849609375 0.4521484375 0.0927734375 0.427734375 0.1298828125 0.40625 0.16064453125 0.3779296875
4 0.41162109375 0.435546875 0.4130859375 0.3955078125 0.41015625 0.2978515625 0.40966796875 0.2529296875 0.3974609375 0.2109375 0.38330078125 0.1826171875 0.35498046875 0.1220703125 0.3583984375 0.0791015625 0.36572265625 0.0556640625 0.3642578125 0.0419921875 0.3525390625 0.029296875 0.34716796875 0.0 0.69482421875 0.0 0.69970703125 0.0068359375 0.703125 0.0322265625 0.703125 0.0419921875 0.70751953125 0.05078125 0.69580078125 0.0546875 0.7001953125 0.0654296875 0.70703125 0.0771484375 0.70751953125 0.0966796875 0.7001953125 0.10546875 0.693359375 0.095703125 0.685546875 0.0810546875 0.67626953125 0.083984375 0.67333984375 0.0908203125 0.6767578125 0.1064453125 0.65625 0.09765625 0.64501953125 0.0888671875 0.6376953125 0.1318359375 0.6015625 0.1630859375 0.58544921875 0.1279296875 0.580078125 0.1435546875 0.5732421875 0.1611328125 0.5703125 0.171875 0.57080078125 0.18359375 0.560546875 0.1904296875 0.54833984375 0.1796875 0.54296875 0.1484375 0.55322265625 0.119140625 0.5498046875 0.1005859375 0.55322265625 0.080078125 0.56201171875 0.080078125 0.5673828125 0.0869140625 0.57080078125 0.0732421875 0.56396484375 0.0556640625 0.55322265625 0.0595703125 0.5419921875 0.046875 0.5283203125 0.0556640625 0.52978515625 0.078125 0.52734375 0.1083984375 0.53369140625 0.1201171875 0.5341796875 0.1298828125 0.5341796875 0.1357421875 0.51806640625 0.130859375 0.5107421875 0.1318359375 0.5107421875 0.1455078125 0.5126953125 0.158203125 0.50732421875 0.1640625 0.49658203125 0.166015625 0.49609375 0.1787109375 0.49951171875 0.1787109375 0.50390625 0.19140625 0.49853515625 0.1923828125 0.4892578125 0.2001953125 0.486328125 0.208984375 0.48095703125 0.2177734375 0.4765625 0.2265625 0.47607421875 0.236328125 0.46728515625 0.2412109375 0.45556640625 0.2451171875 0.443359375 0.2392578125 0.44384765625 0.3056640625 0.44384765625 0.3759765625 0.44580078125 0.4599609375 0.4541015625 0.4892578125 0.43798828125 0.4814453125 0.4287109375 0.4853515625 0.42041015625 0.4814453125 0.41259765625 0.4912109375 0.4111328125 0.4755859375
4 0.00634765625 0.6953125 0.14208984375 0.6650390625 0.224609375 0.6455078125 0.22314453125 0.6318359375 0.20849609375 0.625 0.20361328125 0.6015625 0.20556640625 0.58984375 0.20361328125 0.5830078125 0.1943359375 0.578125 0.1767578125 0.5595703125 0.17431640625 0.552734375 0.1669921875 0.5517578125 0.154296875 0.546875 0.13232421875 0.53515625 0.123046875 0.525390625 0.10693359375 0.525390625 0.03271484375 0.5087890625 -0.0009765625 0.5107421875 -0.0009765625 0.7001953125
