4 0.43603515625 0.2548828125 0.43994140625 0.244140625 0.44482421875 0.2421875 0.45263671875 0.2431640625 0.4609375 0.2431640625 0.4658203125 0.2421875 0.4677734375 0.2353515625 0.4736328125 0.2392578125 0.4775390625 0.2412109375 0.4814453125 0.23828125 0.486328125 0.234375 0.48876953125 0.2314453125 0.51025390625 0.2421875 0.5185546875 0.3046875 0.4755859375 0.3447265625
2 0.45947265625 0.27734375 0.47021484375 0.279296875 0.47119140625 0.265625 0.4736328125 0.279296875 0.4794921875 0.2900390625 0.47998046875 0.330078125 0.4853515625 0.330078125 0.48486328125 0.3046875 0.49560546875 0.2890625 0.55859375 0.466796875 0.38232421875 0.4873046875 0.40576171875 0.2890625 0.4375 0.2578125 0.44482421875 0.2451171875 0.4501953125 0.255859375 0.45458984375 0.2578125 0.453125 0.2646484375
4 0.50830078125 0.404296875 0.5087890625 0.3974609375 0.51171875 0.3916015625 0.51416015625 0.3896484375 0.51416015625 0.3818359375 0.51220703125 0.375 0.509765625 0.3720703125 0.50732421875 0.3720703125 0.5068359375 0.376953125 0.50732421875 0.3818359375 0.5048828125 0.3837890625 0.50146484375 0.3828125 0.49853515625 0.37890625 0.49755859375 0.3828125 0.49853515625 0.3857421875 0.49560546875 0.3857421875 0.4931640625 0.3828125 0.49169921875 0.3876953125 0.4912109375 0.3916015625 0.48974609375 0.40625 0.48779296875 0.4072265625 0.4892578125 0.39453125 0.48974609375 0.38671875 0.48828125 0.3857421875 0.486328125 0.3876953125 0.48388671875 0.3896484375 0.48388671875 0.4013671875 0.46142578125 0.3984375 0.458984375 0.2900390625 0.4619140625 0.2890625 0.46435546875 0.2939453125 0.46435546875 0.3017578125 0.4677734375 0.3046875 0.47021484375 0.3095703125 0.47119140625 0.314453125 0.474609375 0.3154296875 0.47509765625 0.3203125 0.47509765625 0.3271484375 0.4775390625 0.32421875 0.48095703125 0.314453125 0.482421875 0.322265625 0.48388671875 0.3251953125 0.48486328125 0.3271484375 0.4873046875 0.326171875 0.490234375 0.328125 0.49267578125 0.3232421875 0.4970703125 0.3193359375 0.50146484375 0.3193359375 0.55029296875 0.37890625 0.54736328125 0.40234375
0 -0.0009765625 0.44140625 0.4921875 0.400390625 0.50146484375 0.4013671875 0.5263671875 0.400390625 0.5791015625 0.4345703125 0.99853515625 0.7099609375 0.99755859375 0.9970703125 -0.0009765625 0.9970703125
1 0.47216796875 0.41015625 0.4892578125 0.40234375 0.49365234375 0.4111328125 0.4814453125 0.421875 0.47509765625 0.423828125 0.458984375 0.4248046875 0.45458984375 0.4140625 0.462890625 0.408203125 0.47021484375 0.41015625 0.470703125 0.41015625
5 0.50341796875 0.416015625 0.5029296875 0.4033203125 0.501953125 0.39453125 0.5 0.392578125 0.4921875 0.3935546875 0.49072265625 0.400390625 0.49072265625 0.4091796875 0.49072265625 0.416015625 0.49267578125 0.416015625 0.4931640625 0.4130859375 0.50146484375 0.4130859375 0.50146484375 0.416015625
4 0.400390625 0.3701171875 0.40185546875 0.3798828125 0.4033203125 0.38671875 0.4072265625 0.3876953125 0.408203125 0.376953125 0.412109375 0.369140625 0.41748046875 0.369140625 0.41796875 0.359375 0.4208984375 0.353515625 0.4248046875 0.3525390625 0.42724609375 0.361328125 0.4306640625 0.3564453125 0.43212890625 0.34765625 0.4345703125 0.3408203125 0.43994140625 0.3388671875 0.4443359375 0.341796875 0.4482421875 0.349609375 0.45166015625 0.3544921875 0.45361328125 0.3583984375 0.45458984375 0.34765625 0.45751953125 0.345703125 0.45849609375 0.3505859375 0.45947265625 0.357421875 0.4609375 0.36328125 0.46044921875 0.369140625 0.462890625 0.3701171875 0.46142578125 0.376953125 0.46240234375 0.3828125 0.46142578125 0.388671875 0.4609375 0.39453125 0.4619140625 0.408203125 0.46142578125 0.416015625 0.46044921875 0.41796875 0.4267578125 0.4208984375 0.3740234375 0.416015625 0.376953125 0.111328125 0.3857421875 0.1123046875 0.38916015625 0.1171875 0.3955078125 0.11328125 0.40087890625 0.119140625 0.40380859375 0.1328125 0.412109375 0.1416015625 0.416015625 0.1572265625 0.419921875 0.1728515625 0.416015625 0.17578125 0.412109375 0.1845703125 0.41943359375 0.1806640625 0.421875 0.1865234375 0.42138671875 0.1923828125 0.423828125 0.205078125 0.4208984375 0.2138671875 0.421875 0.2197265625 0.419921875 0.2275390625 0.42041015625 0.23828125 0.423828125 0.240234375 0.42529296875 0.25390625 0.4267578125 0.255859375 0.43310546875 0.2470703125 0.4365234375 0.2490234375 0.44482421875 0.2392578125 0.447265625 0.244140625 0.4453125 0.255859375 0.4453125 0.2626953125 0.4423828125 0.267578125 0.4404296875 0.2724609375 0.43896484375 0.2822265625 0.43115234375 0.294921875 0.43408203125 0.302734375 0.43408203125 0.3115234375 0.4375 0.3193359375 0.4345703125 0.3251953125 0.43603515625 0.3310546875 0.43505859375 0.3388671875 0.4306640625 0.3388671875 0.427734375 0.3447265625 0.42333984375 0.353515625 0.41943359375 0.349609375 0.41162109375 0.349609375 0.40771484375 0.3447265625 0.40380859375 0.3486328125 0.40087890625 0.35546875 0.39990234375 0.361328125
3 0.37744140625 0.40234375 0.43359375 0.4013671875 0.4287109375 0.431640625 0.3779296875 0.4287109375
1 0.37939453125 0.478515625 0.3896484375 0.4775390625 0.3974609375 0.4765625 0.4052734375 0.46875 0.41552734375 0.46484375 0.419921875 0.4560546875 0.42236328125 0.431640625 0.37744140625 0.427734375 0.3525390625 0.4296875 0.20703125 0.4462890625 0.126953125 0.44921875 0.015625 0.494140625 0.1455078125 0.49609375 0.18798828125 0.49609375 0.2255859375 0.4931640625 0.25048828125 0.4912109375
2 0.35498046875 0.02734375 0.38623046875 0.09765625 0.38525390625 0.099609375 0.3837890625 0.099609375 0.38623046875 0.322265625 0.37939453125 0.3212890625 0.380859375 0.4306640625 0.3671875 0.4326171875 0.24853515625 0.4599609375 0.23291015625 0.4677734375 0.1416015625 0.46875 -0.0009765625 0.44921875 -0.00048828125 0.0 0.3505859375 0.0 0.353515625 0.00390625
5 0.46240234375 0.453125 0.46142578125 0.421875 0.45947265625 0.4091796875 0.4541015625 0.3984375 0.44873046875 0.396484375 0.43408203125 0.3984375 0.4267578125 0.4033203125 0.4228515625 0.4169921875 0.41943359375 0.4169921875 0.4189453125 0.419921875 0.42138671875 0.421875 0.41943359375 0.427734375 0.41845703125 0.439453125 0.4189453125 0.45703125 0.419921875 0.462890625 0.4248046875 0.4619140625 0.43017578125 0.458984375 0.4306640625 0.45703125 0.453125 0.453125 0.45361328125 0.4580078125 0.458984375 0.45703125
5 0.38330078125 0.513671875 0.38818359375 0.501953125 0.38623046875 0.4638671875 0.38427734375 0.4521484375 0.36865234375 0.43359375 0.36865234375 0.4267578125 0.36083984375 0.42578125 0.3515625 0.4091796875 0.34228515625 0.3955078125 0.30810546875 0.390625 0.2841796875 0.390625 0.26220703125 0.3984375 0.25244140625 0.4248046875 0.24609375 0.4453125 0.24609375 0.4638671875 0.2451171875 0.4892578125 0.248046875 0.513671875 0.2509765625 0.525390625 0.26318359375 0.525390625 0.265625 0.515625 0.265625 0.5126953125 0.275390625 0.5126953125 0.27685546875 0.515625 0.2958984375 0.515625 0.2978515625 0.529296875 0.302734375 0.5380859375 0.3173828125 0.5361328125 0.31982421875 0.52734375 0.32080078125 0.521484375 0.341796875 0.521484375 0.36865234375 0.5166015625 0.37060546875 0.525390625 0.37255859375 0.5283203125 0.38134765625 0.525390625 0.38330078125 0.51953125
5 0.0634765625 0.3994140625 0.09130859375 0.3984375 0.11572265625 0.3955078125 0.126953125 0.4033203125 0.1376953125 0.41796875 0.14306640625 0.4306640625 0.14453125 0.44921875 0.14599609375 0.4560546875 0.14501953125 0.4677734375 0.14306640625 0.4716796875 0.13623046875 0.4736328125 0.1357421875 0.4755859375 0.130859375 0.478515625 0.12939453125 0.4814453125 0.1259765625 0.490234375 0.11962890625 0.4912109375 0.11669921875 0.486328125 0.1142578125 0.4814453125 0.10546875 0.4814453125 0.10400390625 0.4833984375 0.0927734375 0.484375 0.091796875 0.4921875 0.08984375 0.494140625 0.07763671875 0.4951171875 0.07373046875 0.48828125 0.072265625 0.484375 0.025390625 0.484375 0.0048828125 0.4482421875 0.01171875 0.4423828125 0.02294921875 0.4384765625 0.0302734375 0.435546875 0.0380859375 0.4228515625 0.0498046875 0.40625 0.05859375 0.400390625
1 0.0341796875 0.6201171875 0.10302734375 0.61328125 0.17138671875 0.6015625 0.2197265625 0.5986328125 0.2548828125 0.5751953125 0.26806640625 0.56640625 0.2705078125 0.5498046875 0.26171875 0.5380859375 0.23583984375 0.52734375 0.15673828125 0.5166015625 0.087890625 0.5126953125 0.01611328125 0.5078125 -0.0009765625 0.4990234375 -0.0009765625 0.58984375
5 0.02490234375 0.4580078125 0.0302734375 0.478515625 0.02978515625 0.4931640625 0.02734375 0.505859375 0.0234375 0.5068359375 0.0205078125 0.5126953125 0.01513671875 0.51953125 0.01171875 0.5224609375 0.0 0.5166015625 0.0 0.4453125 0.009765625 0.4482421875 0.0185546875 0.453125
4 0.9794921875 0.6494140625 0.5341796875 0.39453125 0.5283203125 0.3837890625 0.52001953125 0.37109375 0.5107421875 0.349609375 0.5048828125 0.3271484375 0.49365234375 0.3037109375 0.4873046875 0.2802734375 0.484375 0.2314453125 0.48779296875 0.220703125 0.482421875 0.2099609375 0.470703125 0.1923828125 0.46630859375 0.1806640625 0.46923828125 0.1669921875 0.48193359375 0.1591796875 0.490234375 0.1533203125 0.4853515625 0.1435546875 0.47802734375 0.1328125 0.4736328125 0.099609375 0.4716796875 0.076171875 0.46484375 0.0673828125 0.453125 0.06640625 0.44580078125 0.0625 0.439453125 0.0673828125 0.427734375 0.0625 0.43310546875 0.0498046875 0.43017578125 0.03125 0.423828125 0.021484375 0.4130859375 0.02734375 0.40234375 0.0244140625 0.3984375 0.0087890625 0.3974609375 0.0 0.998046875 0.0 0.99755859375 0.6611328125
4 0.962890625 0.8779296875 0.54541015625 0.43359375 0.5439453125 0.42578125 0.537109375 0.4228515625 0.53173828125 0.4169921875 0.5302734375 0.412109375 0.52978515625 0.408203125 0.53076171875 0.396484375 0.53466796875 0.3916015625 0.5419921875 0.390625 0.544921875 0.3857421875 0.54833984375 0.384765625 0.55517578125 0.373046875 0.56005859375 0.376953125 0.56494140625 0.3818359375 0.56787109375 0.3837890625 0.57666015625 0.3857421875 0.583984375 0.3779296875 0.5908203125 0.37890625 0.59765625 0.380859375 0.60302734375 0.3857421875 0.60888671875 0.388671875 0.619140625 0.3857421875 0.6328125 0.3896484375 0.640625 0.375 0.64990234375 0.3916015625 0.6572265625 0.4130859375 0.6650390625 0.412109375 0.671875 0.41015625 0.6767578125 0.3759765625 0.6884765625 0.3583984375 0.7041015625 0.341796875 0.72021484375 0.3642578125 0.7353515625 0.380859375 0.7548828125 0.3798828125 0.77001953125 0.392578125 0.78662109375 0.4052734375 0.806640625 0.439453125 0.8232421875 0.45703125 0.85791015625 0.453125 0.884765625 0.4423828125 0.927734375 0.4482421875 0.947265625 0.4482421875 0.97021484375 0.4580078125 0.990234375 0.4619140625 0.99853515625 0.4677734375 0.99755859375 0.921875
