2 0.83740234375 0.2607421875 0.74072265625 0.255859375 0.703125 0.2646484375 0.68994140625 0.3310546875 0.7001953125 0.376953125 0.8427734375 0.3408203125 0.841796875 0.259765625
4 0.73095703125 0.2939453125 0.72802734375 0.26953125 0.71728515625 0.2607421875 0.7099609375 0.2587890625 0.70751953125 0.2509765625 0.7041015625 0.2490234375 0.69482421875 0.2568359375 0.68603515625 0.2529296875 0.689453125 0.244140625 0.689453125 0.23046875 0.68408203125 0.234375 0.68017578125 0.2275390625 0.677734375 0.2216796875 0.671875 0.224609375 0.67041015625 0.2177734375 0.66552734375 0.21484375 0.6552734375 0.205078125 0.6572265625 0.19921875 0.658203125 0.19140625 0.65478515625 0.1875 0.6552734375 0.1767578125 0.6494140625 0.173828125 0.6396484375 0.1689453125 0.6328125 0.166015625 0.6318359375 0.1513671875 0.6259765625 0.14453125 0.619140625 0.1533203125 0.609375 0.146484375 0.60546875 0.1494140625 0.59814453125 0.1455078125 0.591796875 0.15625 0.58642578125 0.1640625 0.57861328125 0.1767578125 0.572265625 0.1787109375 0.56689453125 0.1923828125 0.5634765625 0.1962890625 0.56103515625 0.2080078125 0.564453125 0.216796875 0.5634765625 0.23046875 0.56201171875 0.2373046875 0.5576171875 0.2333984375 0.552734375 0.2373046875 0.54833984375 0.234375 0.54150390625 0.2353515625 0.5341796875 0.23046875 0.52783203125 0.236328125 0.51953125 0.248046875 0.5185546875 0.2421875 0.51025390625 0.234375 0.5048828125 0.23828125 0.50537109375 0.2490234375 0.50341796875 0.2529296875 0.49658203125 0.2490234375 0.4921875 0.251953125 0.4892578125 0.263671875 0.484375 0.267578125 0.482421875 0.2783203125 0.482421875 0.287109375 0.47705078125 0.2998046875 0.4736328125 0.2919921875 0.47021484375 0.287109375 0.46533203125 0.287109375 0.458984375 0.29296875 0.455078125 0.294921875 0.4482421875 0.287109375 0.44091796875 0.2880859375 0.43408203125 0.291015625 0.42578125 0.3017578125 0.42529296875 0.3134765625 0.419921875 0.330078125 0.41748046875 0.341796875 0.41015625 0.3349609375 0.40673828125 0.3349609375 0.40234375 0.3271484375 0.3974609375 0.3193359375 0.3896484375 0.3232421875 0.38232421875 0.3232421875 0.37646484375 0.3330078125 0.37353515625 0.33984375 0.3681640625 0.33984375 0.3642578125 0.341796875 0.35595703125 0.333984375 0.33984375 0.29296875 0.33837890625 0.2802734375 0.33837890625 0.2724609375 0.33154296875 0.2490234375 0.3251953125 0.2392578125 0.31884765625 0.2275390625 0.306640625 0.2158203125 0.2978515625 0.2177734375 0.2900390625 0.2265625 0.28125 0.3759765625 0.28271484375 0.5859375 0.73486328125 0.494140625
2 0.35302734375 0.283203125 0.3525390625 0.2900390625 0.353515625 0.291015625 0.353515625 0.2998046875 0.35498046875 0.2998046875 0.35498046875 0.3095703125 0.35693359375 0.310546875 0.357421875 0.322265625 0.35888671875 0.32421875 0.35986328125 0.3642578125 0.36083984375 0.40625 0.32763671875 0.404296875 0.33251953125 0.2880859375 0.349609375 0.2880859375 0.349609375 0.2822265625
2 0.2841796875 0.1044921875 0.2841796875 0.138671875 0.2861328125 0.1396484375 0.2880859375 0.15234375 0.28857421875 0.2119140625 0.294921875 0.216796875 0.29736328125 0.3818359375 0.29248046875 0.3828125 0.29345703125 0.4404296875 -0.0009765625 0.47265625 -0.0009765625 0.087890625 0.03076171875 0.107421875 0.03564453125 0.1044921875 0.10498046875 0.099609375 0.10546875 0.09765625
0 0.9990234375 0.8505859375 0.865234375 0.7197265625 0.70166015625 0.57421875 0.59228515625 0.4541015625 0.57666015625 0.41796875 0.56884765625 0.408203125 0.548828125 0.4111328125 0.517578125 0.4140625 0.5068359375 0.4140625 0.48046875 0.4130859375 0.4384765625 0.416015625 0.41650390625 0.4169921875 0.3828125 0.4189453125 0.35400390625 0.421875 0.34326171875 0.4208984375 0.33203125 0.4189453125 0.3193359375 0.4189453125 0.30712890625 0.4287109375 0.27734375 0.431640625 0.2109375 0.439453125 0.04931640625 0.4892578125 -0.0009765625 0.4921875 -0.0009765625 0.9970703125 0.998046875 0.9970703125
1 0.990234375 0.9033203125 0.896484375 0.8154296875 0.78662109375 0.7080078125 0.7021484375 0.6298828125 0.63671875 0.5673828125 0.60205078125 0.5205078125 0.5830078125 0.48828125 0.5751953125 0.4580078125 0.57177734375 0.4267578125 0.57080078125 0.416015625 0.568359375 0.4140625 0.560546875 0.4140625 0.56005859375 0.404296875 0.578125 0.4091796875 0.6376953125 0.408203125 0.7880859375 0.4384765625 0.99853515625 0.4814453125 0.99853515625 0.9130859375
5 0.79638671875 0.3759765625 0.7822265625 0.376953125 0.7724609375 0.3828125 0.76318359375 0.3984375 0.7529296875 0.416015625 0.77587890625 0.419921875
5 0.80322265625 0.3701171875 0.79296875 0.376953125 0.783203125 0.3916015625 0.77734375 0.3994140625 0.771484375 0.4052734375 0.76611328125 0.4228515625 0.7724609375 0.4482421875 0.77392578125 0.451171875 0.7958984375 0.451171875 0.8359375 0.3671875 0.82373046875 0.3662109375 0.810546875 0.3671875
5 0.94775390625 0.3515625 0.93017578125 0.353515625 0.91650390625 0.3564453125 0.9033203125 0.3603515625 0.89208984375 0.3740234375 0.87841796875 0.39453125 0.87060546875 0.4033203125 0.85888671875 0.4130859375 0.85009765625 0.42578125 0.84716796875 0.4423828125 0.8466796875 0.458984375 0.84814453125 0.4677734375 0.923828125 0.4853515625 0.98388671875 0.35546875 0.97119140625 0.3525390625 0.97119140625 0.34375 0.9677734375 0.33984375 0.962890625 0.3388671875 0.95751953125 0.341796875 0.9560546875 0.349609375 0.95556640625 0.3515625
5 0.9658203125 0.3662109375 0.953125 0.3916015625 0.94873046875 0.3916015625 0.9443359375 0.3955078125 0.94287109375 0.4013671875 0.9443359375 0.404296875 0.9462890625 0.404296875 0.93798828125 0.412109375 0.927734375 0.423828125 0.92431640625 0.4423828125 0.923828125 0.4638671875 0.92431640625 0.4794921875 0.9912109375 0.4873046875 0.9990234375 0.4521484375 0.9990234375 0.3515625 0.98486328125 0.35546875 0.97412109375 0.359375
5 0.99609375 0.4365234375 0.99072265625 0.4580078125 0.990234375 0.4765625 0.9912109375 0.4951171875 0.99267578125 0.5009765625 0.9990234375 0.501953125 0.9990234375 0.431640625
1 0.0380859375 0.6767578125 0.1513671875 0.6083984375 0.2548828125 0.5478515625 0.33154296875 0.5029296875 0.380859375 0.4833984375 0.40087890625 0.4755859375 0.431640625 0.4609375 0.455078125 0.4501953125 0.46923828125 0.4443359375 0.47900390625 0.439453125 0.48193359375 0.4375 0.48193359375 0.4345703125 0.4755859375 0.43359375 0.46826171875 0.43359375 0.44580078125 0.4326171875 0.43359375 0.4365234375 0.3974609375 0.4482421875 0.29052734375 0.4716796875 0.17529296875 0.4951171875 -0.00048828125 0.552734375 -0.0009765625 0.7001953125
1 0.29150390625 0.43359375 0.306640625 0.4326171875 0.31689453125 0.431640625 0.32373046875 0.4296875 0.3271484375 0.4296875 0.3271484375 0.4267578125 0.32421875 0.423828125 0.314453125 0.4208984375 0.30712890625 0.419921875 0.30517578125 0.4208984375 0.30322265625 0.4248046875 0.2890625 0.42578125
1 0.25341796875 0.4609375 0.27880859375 0.45703125 0.3037109375 0.4521484375 0.328125 0.4462890625 0.34912109375 0.44140625 0.36181640625 0.4384765625 0.36767578125 0.4384765625 0.3662109375 0.4306640625 0.34765625 0.4326171875 0.3330078125 0.4365234375 0.3173828125 0.4404296875 0.30078125 0.4443359375 0.2861328125 0.4453125 0.27197265625 0.4482421875 0.2490234375 0.4501953125
