0 -0.0009765625 0.4677734375 0.7138671875 0.4287109375 0.998046875 0.4306640625 0.99755859375 0.9970703125 -0.0009765625 0.9951171875
1 0.673828125 0.4462890625 0.69384765625 0.447265625 0.71728515625 0.44921875 0.71826171875 0.4560546875 0.6904296875 0.458984375 0.62353515625 0.4716796875 0.568359375 0.478515625 0.45751953125 0.49609375 0.38037109375 0.5029296875 0.15283203125 0.517578125 -0.0009765625 0.5244140625 0.0 0.48828125 0.544921875 0.4501953125 0.59130859375 0.4462890625 0.62890625 0.439453125
2 0.61474609375 0.1181640625 0.6572265625 0.12109375 0.6591796875 0.2001953125 0.6884765625 0.201171875 0.740234375 0.177734375 0.73876953125 0.1591796875 0.75634765625 0.150390625 0.7802734375 0.15234375 0.7802734375 0.1669921875 0.85595703125 0.16796875 0.86669921875 0.1669921875 0.8916015625 0.1611328125 0.89208984375 0.234375 0.88427734375 0.3623046875 0.87548828125 0.4462890625 0.8369140625 0.44140625 0.7490234375 0.4384765625 0.7109375 0.439453125 0.6611328125 0.43359375 0.61669921875 0.439453125
4 0.619140625 0.2412109375 0.6220703125 0.234375 0.6240234375 0.23046875 0.6279296875 0.228515625 0.63134765625 0.2353515625 0.6337890625 0.2392578125 0.63916015625 0.23828125 0.64306640625 0.2294921875 0.6474609375 0.2294921875 0.6494140625 0.234375 0.65234375 0.23828125 0.654296875 0.2392578125 0.65576171875 0.2490234375 0.65869140625 0.2587890625 0.6611328125 0.2548828125 0.66259765625 0.2548828125 0.66455078125 0.26171875 0.666015625 0.2685546875 0.669921875 0.2685546875 0.67138671875 0.2724609375 0.671875 0.2841796875 0.671875 0.296875 0.669921875 0.3037109375 0.66748046875 0.3173828125 0.66943359375 0.3310546875 0.669921875 0.3388671875 0.67138671875 0.34375 0.67138671875 0.34765625 0.67138671875 0.35546875 0.67041015625 0.3564453125 0.66650390625 0.3564453125 0.66650390625 0.3662109375 0.66259765625 0.380859375 0.625 0.400390625 0.6181640625 0.400390625
2 0.615234375 0.384765625 0.61962890625 0.3720703125 0.65625 0.3740234375 0.65576171875 0.4521484375 0.6171875 0.455078125
2 -0.00048828125 0.0 0.6171875 0.0009765625 0.61865234375 0.45703125 0.5673828125 0.4609375 0.46337890625 0.46875 0.18994140625 0.484375 0.0 0.494140625
3 0.19384765625 0.46484375 0.1953125 0.4365234375 0.22021484375 0.4365234375 0.2783203125 0.43359375 0.32861328125 0.4296875 0.4140625 0.427734375 0.458984375 0.4287109375 0.4599609375 0.462890625 0.23486328125 0.4814453125
1 0.06005859375 0.7568359375 0.3212890625 0.7548828125 0.1494140625 0.9990234375 0.0 0.9990234375 0.0 0.80859375
4 0.7607421875 0.4072265625 0.75830078125 0.375 0.75830078125 0.3583984375 0.75830078125 0.3408203125 0.76123046875 0.3125 0.763671875 0.3056640625 0.76708984375 0.3046875 0.77392578125 0.3017578125 0.78125 0.2978515625 0.78564453125 0.2978515625 0.7919921875 0.3017578125 0.79736328125 0.3076171875 0.80908203125 0.333984375 0.81298828125 0.32421875 0.8154296875 0.3125 0.8212890625 0.2998046875 0.82861328125 0.29296875 0.83203125 0.2861328125 0.82958984375 0.279296875 0.8330078125 0.271484375 0.8388671875 0.267578125 0.84130859375 0.263671875 0.841796875 0.2578125 0.84765625 0.236328125 0.85107421875 0.236328125 0.85546875 0.2412109375 0.8583984375 0.2451171875 0.859375 0.2392578125 0.86328125 0.2333984375 0.87060546875 0.23046875 0.869140625 0.4375
2 0.86572265625 0.060546875 0.8662109375 0.0 0.99853515625 0.0 0.99755859375 0.447265625 0.865234375 0.4462890625 0.865234375 0.169921875 0.8662109375 0.08203125
5 0.7490234375 0.41796875 0.75341796875 0.41015625 0.76220703125 0.4013671875 0.7685546875 0.3984375 0.794921875 0.396484375 0.81005859375 0.400390625 0.8154296875 0.4091796875 0.8203125 0.43359375 0.822265625 0.4599609375 0.82080078125 0.47265625 0.818359375 0.482421875 0.81396484375 0.48828125 0.80859375 0.48828125 0.8046875 0.4794921875 0.78759765625 0.482421875 0.7841796875 0.4873046875 0.7763671875 0.486328125 0.77490234375 0.484375 0.77490234375 0.4873046875 0.76904296875 0.4921875 0.76318359375 0.4921875 0.7607421875 0.4853515625 0.7412109375 0.484375 0.73828125 0.4892578125 0.7353515625 0.4912109375 0.72900390625 0.4892578125 0.72509765625 0.4794921875 0.7255859375 0.458984375 0.734375 0.4375 0.7431640625 0.423828125
2 0.83349609375 0.3359375 0.87939453125 0.3349609375 0.87890625 0.3388671875 0.87060546875 0.3466796875 0.87158203125 0.4609375 0.8408203125 0.4619140625 0.8330078125 0.46484375 0.833984375 0.380859375
5 0.91455078125 0.4111328125 0.94482421875 0.41015625 0.9443359375 0.419921875 0.95068359375 0.423828125 0.96875 0.4287109375 0.9794921875 0.4306640625 0.9814453125 0.435546875 0.98291015625 0.44921875 0.982421875 0.45703125 0.9736328125 0.466796875 0.9736328125 0.4755859375 0.96142578125 0.4775390625 0.958984375 0.4736328125 0.9443359375 0.4736328125 0.93310546875 0.4755859375 0.9306640625 0.482421875 0.9189453125 0.48046875 0.91552734375 0.4755859375 0.8974609375 0.4755859375 0.892578125 0.484375 0.88720703125 0.486328125 0.88134765625 0.4794921875 0.87939453125 0.470703125 0.875 0.45703125 0.87646484375 0.44140625 0.8935546875 0.43359375 0.90283203125 0.4287109375 0.9072265625 0.421875 0.91064453125 0.416015625
