2 -0.00048828125 0.0009765625 0.99853515625 0.0009765625 0.99853515625 0.6015625 -0.0009765625 0.638671875
4 0.62255859375 0.4521484375 0.625 0.4462890625 0.625 0.4365234375 0.62109375 0.4326171875 0.61865234375 0.43359375 0.6162109375 0.4375 0.61572265625 0.443359375 0.61669921875 0.44921875 0.6181640625 0.453125
4 0.54736328125 0.45703125 0.54931640625 0.44921875 0.55029296875 0.4404296875 0.54833984375 0.43359375 0.544921875 0.4326171875 0.54150390625 0.43359375 0.53857421875 0.439453125 0.5390625 0.447265625 0.54150390625 0.453125
4 0.49853515625 0.462890625 0.5009765625 0.451171875 0.5009765625 0.4365234375 0.4970703125 0.4296875 0.48974609375 0.42578125 0.482421875 0.427734375 0.47509765625 0.4296875 0.47021484375 0.4375 0.47119140625 0.4453125 0.47314453125 0.4501953125 0.4736328125 0.4580078125 0.4765625 0.4638671875
4 0.6953125 0.4521484375 0.6962890625 0.4404296875 0.6943359375 0.4287109375 0.689453125 0.421875 0.68017578125 0.419921875 0.67333984375 0.4208984375 0.6689453125 0.42578125 0.6650390625 0.4345703125 0.66455078125 0.4453125 0.66748046875 0.45703125 0.67138671875 0.46484375 0.69189453125 0.462890625
4 0.7333984375 0.4169921875 0.72802734375 0.400390625 0.72607421875 0.3916015625 0.7275390625 0.38671875 0.72802734375 0.37890625 0.72607421875 0.3740234375 0.720703125 0.375 0.716796875 0.3759765625 0.71337890625 0.3818359375 0.712890625 0.3857421875 0.7138671875 0.3896484375 0.71435546875 0.3994140625 0.7138671875 0.400390625 0.70849609375 0.396484375 0.70458984375 0.400390625 0.70458984375 0.4072265625 0.70654296875 0.412109375 0.7109375 0.4130859375 0.71435546875 0.416015625 0.716796875 0.419921875 0.71875 0.4267578125 0.72119140625 0.4345703125 0.72314453125 0.44140625 0.724609375 0.44921875 0.7265625 0.4560546875 0.73046875 0.4638671875 0.73291015625 0.46484375 0.734375 0.4638671875 0.7353515625 0.4482421875 0.73486328125 0.4365234375 0.73388671875 0.427734375
4 0.74951171875 0.38671875 0.74951171875 0.4306640625 0.74267578125 0.4697265625 0.73876953125 0.4677734375 0.736328125 0.46484375 0.73486328125 0.4580078125 0.73486328125 0.447265625 0.73486328125 0.4365234375 0.73486328125 0.4248046875 0.7373046875 0.412109375 0.73876953125 0.4033203125 0.7421875 0.3955078125 0.74658203125 0.388671875
4 0.4326171875 0.4521484375 0.4345703125 0.4443359375 0.43408203125 0.435546875 0.431640625 0.4326171875 0.42724609375 0.431640625 0.42333984375 0.4326171875 0.4208984375 0.4404296875 0.4228515625 0.4560546875
2 0.42236328125 0.4931640625 0.42236328125 0.375 0.42236328125 0.3720703125 0.43310546875 0.3720703125 0.39990234375 0.3408203125 0.38525390625 0.3154296875 0.37060546875 0.33984375 0.3515625 0.3603515625 0.3544921875 0.3623046875 0.357421875 0.3623046875 0.34716796875 0.3701171875 0.3525390625 0.3740234375 0.3525390625 0.443359375 0.37353515625 0.498046875 0.38818359375 0.4990234375
4 0.34228515625 0.5078125 0.34326171875 0.5166015625 0.3447265625 0.5234375 0.34765625 0.521484375 0.35009765625 0.5185546875 0.35400390625 0.5126953125 0.3564453125 0.505859375 0.359375 0.505859375 0.36279296875 0.501953125 0.36865234375 0.5009765625 0.37255859375 0.4970703125 0.3740234375 0.4912109375 0.3740234375 0.484375 0.3779296875 0.470703125 0.3798828125 0.4677734375 0.38037109375 0.45703125 0.37841796875 0.44921875 0.37744140625 0.4404296875 0.37939453125 0.4326171875 0.37646484375 0.4306640625 0.3681640625 0.4296875 0.3642578125 0.4296875 0.359375 0.4345703125 0.3544921875 0.4365234375 0.3515625 0.439453125 0.34326171875 0.447265625 0.3427734375 0.4580078125 0.34228515625 0.4638671875 0.34130859375 0.4658203125 0.33984375 0.4736328125 0.33837890625 0.4853515625 0.33984375 0.4931640625 0.341796875 0.4990234375
4 0.3095703125 0.3447265625 0.310546875 0.314453125 0.3115234375 0.3037109375 0.3115234375 0.2822265625 0.31103515625 0.2548828125 0.31005859375 0.16796875 0.310546875 0.154296875 0.3125 0.1416015625 0.31201171875 0.1298828125 0.3125 0.12109375 0.31494140625 0.12890625 0.3203125 0.1328125 0.32470703125 0.1376953125 0.3291015625 0.140625 0.33154296875 0.12890625 0.33447265625 0.1376953125 0.337890625 0.1396484375 0.341796875 0.1337890625 0.34765625 0.1279296875 0.35107421875 0.125 0.35595703125 0.1337890625 0.35986328125 0.134765625 0.361328125 0.1240234375 0.3701171875 0.1259765625 0.3779296875 0.125 0.384765625 0.1220703125 0.39111328125 0.1220703125 0.40087890625 0.123046875 0.404296875 0.12109375 0.404296875 0.1083984375 0.41064453125 0.1015625 0.41455078125 0.1005859375 0.42236328125 0.0869140625 0.43017578125 0.0859375 0.43359375 0.0810546875 0.4384765625 0.0751953125 0.43896484375 0.0654296875 0.4423828125 0.0517578125 0.4443359375 0.041015625 0.44775390625 0.0322265625 0.44921875 0.0263671875 0.443359375 0.0166015625 0.43994140625 0.0078125 0.439453125 0.0009765625 0.1689453125 -0.0009765625 0.1708984375 0.0078125 0.17529296875 0.0126953125 0.17236328125 0.0166015625 0.1669921875 0.0185546875 0.166015625 0.0263671875 0.166015625 0.033203125 0.16162109375 0.041015625 0.162109375 0.0478515625 0.16748046875 0.0517578125 0.166015625 0.060546875 0.162109375 0.068359375 0.16259765625 0.0771484375 0.16357421875 0.0888671875 0.16796875 0.0908203125 0.17236328125 0.0908203125 0.1806640625 0.0947265625 0.189453125 0.0859375 0.19677734375 0.0888671875 0.2060546875 0.0927734375 0.212890625 0.0927734375 0.22119140625 0.08984375 0.22998046875 0.0791015625 0.24169921875 0.0693359375 0.2509765625 0.0634765625 0.2578125 0.0712890625 0.26904296875 0.078125 0.2763671875 0.083984375 0.28173828125 0.0927734375 0.2861328125 0.1005859375 0.29248046875 0.1181640625 0.29541015625 0.1318359375 0.296875 0.205078125 0.29638671875 0.2470703125 0.29443359375 0.26171875 0.29541015625 0.2744140625 0.294921875 0.3115234375 0.294921875 0.3349609375 0.29345703125 0.3564453125 0.29248046875 0.3798828125 0.310546875 0.3837890625 0.30859375 0.365234375
4 0.0009765625 0.3271484375 0.0029296875 0.2509765625 0.0078125 0.1533203125 0.01513671875 0.0830078125 0.0146484375 0.0 0.0 0.0009765625 -0.0009765625 0.3359375
5 0.224609375 0.6083984375 0.2626953125 0.58984375 0.26318359375 0.6025390625 0.26513671875 0.6103515625 0.28564453125 0.609375 0.2900390625 0.58984375 0.29296875 0.548828125 0.29345703125 0.515625 0.291015625 0.4931640625 0.28466796875 0.474609375 0.27783203125 0.4609375 0.2880859375 0.458984375 0.29150390625 0.45703125 0.2919921875 0.4501953125 0.28955078125 0.4404296875 0.27978515625 0.4365234375 0.27587890625 0.435546875 0.27294921875 0.4423828125 0.27197265625 0.4443359375 0.265625 0.419921875 0.25830078125 0.39453125 0.25048828125 0.37890625 0.24609375 0.3740234375 0.2451171875 0.375 0.24951171875 0.3955078125 0.24169921875 0.3779296875 0.228515625 0.3583984375 0.21435546875 0.3515625 0.1787109375 0.345703125 0.14453125 0.3427734375 0.11376953125 0.33984375 0.09765625 0.3369140625 0.0732421875 0.3359375 0.0634765625 0.337890625 0.060546875 0.3447265625 0.052734375 0.3486328125 0.0478515625 0.3544921875 0.033203125 0.38671875 0.02587890625 0.400390625 0.009765625 0.48046875 0.09375 0.6103515625 0.1689453125 0.61328125 0.173828125 0.615234375 0.1748046875 0.6376953125 0.1787109375 0.6611328125 0.18994140625 0.6630859375 0.20703125 0.6630859375 0.2158203125 0.6611328125 0.220703125 0.6416015625 0.2236328125 0.62109375
5 0.953125 0.3896484375 0.94140625 0.37109375 0.92236328125 0.3623046875 0.888671875 0.3623046875 0.85498046875 0.36328125 0.81689453125 0.3759765625 0.8076171875 0.3828125 0.76904296875 0.380859375 0.755859375 0.4072265625 0.7412109375 0.44140625 0.73974609375 0.466796875 0.74365234375 0.4892578125 0.7529296875 0.513671875 0.76416015625 0.546875 0.7646484375 0.5625 0.7685546875 0.578125 0.78271484375 0.5791015625 0.7841796875 0.5595703125 0.80615234375 0.5634765625 0.8095703125 0.5908203125 0.8154296875 0.6005859375 0.83154296875 0.6044921875 0.8388671875 0.5947265625 0.84228515625 0.580078125 0.88134765625 0.5791015625
5 0.986328125 0.349609375 0.95849609375 0.3720703125 0.9375 0.4013671875 0.92626953125 0.4287109375 0.92138671875 0.4443359375 0.91943359375 0.4443359375 0.9169921875 0.4375 0.90576171875 0.4345703125 0.8984375 0.4453125 0.8974609375 0.4609375 0.9091796875 0.46484375 0.8974609375 0.474609375 0.88671875 0.4853515625 0.87939453125 0.50390625 0.8740234375 0.5322265625 0.87548828125 0.5947265625 0.880859375 0.6435546875 0.884765625 0.65234375 0.91015625 0.6533203125 0.9150390625 0.6396484375 0.91650390625 0.626953125 0.97216796875 0.6552734375 0.97802734375 0.6796875 0.9833984375 0.703125 0.9921875 0.72265625 0.99853515625 0.732421875 0.99853515625 0.3486328125
