2 0.40673828125 0.1494140625 0.4150390625 0.1396484375 0.48046875 0.2236328125 0.5029296875 0.2353515625 0.51025390625 0.2314453125 0.54833984375 0.2216796875 0.57421875 0.2158203125 0.5693359375 0.35546875 0.4716796875 0.4814453125 0.0 0.94921875 0.0 0.0009765625 0.4072265625 0.0 0.4072265625 0.029296875 0.41259765625 0.05078125 0.4052734375 0.05078125
1 0.99853515625 0.6875 0.7158203125 0.54296875 0.59228515625 0.4423828125 0.53076171875 0.4404296875 0.458984375 0.4423828125 0.4453125 0.4755859375 0.5546875 0.5244140625 0.70263671875 0.78515625 0.79833984375 0.9990234375 0.998046875 0.998046875
1 0.34228515625 0.5185546875 0.369140625 0.494140625 0.37890625 0.55859375 0.33935546875 0.60546875 -0.0009765625 0.96484375 0.0 0.7197265625 0.01513671875 0.703125
0 0.83447265625 0.962890625 0.732421875 0.7880859375 0.67041015625 0.68359375 0.62890625 0.6162109375 0.57275390625 0.52734375 0.5517578125 0.48828125 0.541015625 0.4716796875 0.52294921875 0.4658203125 0.4921875 0.4609375 0.47216796875 0.4580078125 0.3759765625 0.53515625 0.35498046875 0.5634765625 0.025390625 0.845703125 -0.0009765625 0.8740234375 -0.0009765625 0.9970703125 0.85302734375 0.998046875
4 0.44970703125 0.3369140625 0.44921875 0.3154296875 0.44482421875 0.3017578125 0.443359375 0.2841796875 0.4482421875 0.26953125 0.4501953125 0.240234375 0.4580078125 0.22265625 0.4609375 0.1904296875 0.47216796875 0.189453125 0.4794921875 0.1796875 0.48681640625 0.1826171875 0.49267578125 0.1953125 0.48974609375 0.2060546875 0.5068359375 0.2109375 0.5205078125 0.251953125 0.52294921875 0.2685546875 0.52978515625 0.287109375 0.537109375 0.2900390625 0.54443359375 0.2978515625 0.54833984375 0.3115234375 0.5556640625 0.322265625 0.56591796875 0.330078125 0.578125 0.33984375 0.6044921875 0.3662109375 0.60791015625 0.4091796875 0.6025390625 0.4560546875 0.580078125 0.4560546875 0.525390625 0.4365234375 0.49072265625 0.4287109375 0.48876953125 0.4140625 0.4833984375 0.3984375 0.4755859375 0.3994140625 0.458984375 0.39453125 0.45263671875 0.37890625 0.44970703125 0.365234375 0.4501953125 0.3486328125
4 0.53515625 0.0126953125 0.54345703125 0.025390625 0.53125 0.0322265625 0.53076171875 0.0517578125 0.53076171875 0.064453125 0.5283203125 0.07421875 0.517578125 0.087890625 0.53564453125 0.0908203125 0.52001953125 0.10546875 0.52880859375 0.12890625 0.521484375 0.15234375 0.5283203125 0.16015625 0.54736328125 0.1337890625 0.5556640625 0.1171875 0.5439453125 0.1494140625 0.54736328125 0.1572265625 0.5361328125 0.158203125 0.533203125 0.1796875 0.53857421875 0.1904296875 0.5322265625 0.201171875 0.5341796875 0.2265625 0.52783203125 0.240234375 0.5205078125 0.2548828125 0.52294921875 0.2646484375 0.53076171875 0.265625 0.541015625 0.265625 0.55029296875 0.2490234375 0.548828125 0.263671875 0.55078125 0.287109375 0.5556640625 0.3037109375 0.55517578125 0.322265625 0.56103515625 0.3369140625 0.56689453125 0.3525390625 0.57373046875 0.3623046875 0.5810546875 0.369140625 0.59033203125 0.3759765625 0.59912109375 0.3828125 0.60205078125 0.3857421875 0.6025390625 0.3994140625 0.5986328125 0.4091796875 0.59521484375 0.4296875 0.76611328125 0.443359375 0.99853515625 0.3291015625 0.99853515625 0.0009765625 0.5166015625 0.0009765625 0.5263671875 0.0107421875
5 0.1376953125 0.3701171875 0.1875 0.3564453125 0.23583984375 0.3427734375 0.2744140625 0.3388671875 0.30126953125 0.341796875 0.32080078125 0.369140625 0.33642578125 0.4091796875 0.34423828125 0.4443359375 0.3525390625 0.4599609375 0.35595703125 0.4833984375 0.35693359375 0.509765625 0.36376953125 0.5537109375 0.36474609375 0.5888671875 0.36328125 0.607421875 0.365234375 0.6279296875 0.36669921875 0.66796875 0.365234375 0.6884765625 0.36279296875 0.7001953125 0.34228515625 0.70703125 0.3369140625 0.69140625 0.3359375 0.6806640625 0.31494140625 0.7158203125 0.31591796875 0.7529296875 0.3134765625 0.783203125 0.30810546875 0.8017578125 0.27587890625 0.814453125 0.26708984375 0.7880859375 0.2646484375 0.771484375 0.08447265625 0.818359375 0.0830078125 0.8349609375 0.07568359375 0.861328125 0.0380859375 0.87109375 0.0244140625 0.84765625 0.00927734375 0.8154296875 -0.0009765625 0.7822265625 0.0 0.646484375 0.0048828125 0.615234375 0.01904296875 0.580078125 0.04736328125 0.53125 0.04052734375 0.5224609375 0.04296875 0.4931640625 0.0615234375 0.4921875 0.08544921875 0.4375 0.1103515625 0.388671875 0.1259765625 0.375
4 0.4677734375 0.435546875 0.4716796875 0.431640625 0.47412109375 0.423828125 0.48193359375 0.4208984375 0.486328125 0.421875 0.49365234375 0.419921875 0.4990234375 0.419921875 0.50537109375 0.4208984375 0.509765625 0.41796875 0.51513671875 0.41796875 0.52197265625 0.412109375 0.5302734375 0.4111328125 0.5400390625 0.4111328125 0.5380859375 0.4482421875 0.51025390625 0.4521484375 0.49072265625 0.453125 0.47314453125 0.453125
5 0.5380859375 0.40625 0.53125 0.408203125 0.52490234375 0.41796875 0.52099609375 0.4287109375 0.51806640625 0.4384765625 0.5185546875 0.4521484375 0.5205078125 0.4521484375 0.52197265625 0.4501953125 0.53271484375 0.44921875 0.5341796875 0.451171875 0.5380859375 0.451171875
5 0.4521484375 0.41796875 0.4619140625 0.4169921875 0.46533203125 0.421875 0.4697265625 0.4306640625 0.4716796875 0.4306640625 0.47314453125 0.4326171875 0.47119140625 0.4345703125 0.47021484375 0.4345703125 0.47216796875 0.44140625 0.47412109375 0.4501953125 0.47509765625 0.4638671875 0.474609375 0.4697265625 0.470703125 0.470703125 0.46875 0.4677734375 0.46533203125 0.4677734375
5 0.43701171875 0.416015625 0.44482421875 0.4150390625 0.45166015625 0.4150390625 0.45703125 0.423828125 0.4609375 0.4375 0.462890625 0.4365234375 0.46484375 0.439453125 0.46337890625 0.4443359375 0.46240234375 0.4443359375 0.46484375 0.4541015625 0.46630859375 0.4697265625 0.466796875 0.48046875 0.466796875 0.4921875 0.4658203125 0.4951171875 0.462890625 0.5009765625 0.4580078125 0.5009765625 0.4580078125 0.4931640625 0.45263671875 0.4892578125
5 0.3974609375 0.4140625 0.41015625 0.412109375 0.42919921875 0.41015625 0.4306640625 0.4052734375 0.431640625 0.4052734375 0.43310546875 0.4111328125 0.43701171875 0.4130859375 0.443359375 0.4287109375 0.4501953125 0.4482421875 0.45361328125 0.4658203125 0.455078125 0.4892578125 0.45654296875 0.515625 0.4560546875 0.5244140625 0.455078125 0.5263671875 0.4501953125 0.52734375 0.44970703125 0.53125 0.4482421875 0.5361328125 0.439453125 0.5380859375 0.4375 0.5302734375 0.43701171875 0.525390625 0.40478515625 0.53125 0.3798828125 0.533203125 0.3798828125 0.5458984375 0.37841796875 0.55078125 0.373046875 0.5517578125 0.3681640625 0.5517578125 0.36572265625 0.5283203125 0.36474609375 0.490234375 0.3681640625 0.4755859375 0.3701171875 0.466796875 0.3671875 0.4638671875 0.36669921875 0.45703125 0.37255859375 0.4541015625 0.373046875 0.4580078125 0.37646484375 0.439453125 0.3828125 0.421875 0.384765625 0.4208984375 0.38671875 0.4150390625 0.38916015625 0.41796875 0.39453125 0.4150390625
