2 0.5830078125 0.205078125 0.59814453125 0.1826171875 0.5966796875 0.14453125 0.59033203125 0.140625 0.59521484375 0.125 0.62109375 0.0791015625 0.63525390625 0.0791015625 0.64111328125 0.0693359375 0.64453125 0.05078125 0.67138671875 0.01953125 0.681640625 0.0107421875 0.68701171875 0.0009765625 0.99853515625 0.0009765625 0.99853515625 0.5009765625 0.80810546875 0.5009765625 0.58740234375 0.4072265625 0.5693359375 0.3740234375
2 0.5087890625 0.3818359375 0.5029296875 0.3662109375 0.498046875 0.357421875 0.49658203125 0.341796875 0.48193359375 0.3427734375 0.46923828125 0.3154296875 0.46630859375 0.314453125 0.4638671875 0.314453125 0.4541015625 0.2978515625 0.4541015625 0.294921875 0.44970703125 0.2822265625 0.42724609375 0.283203125 0.4248046875 0.1572265625 0.4189453125 0.0712890625 0.41259765625 0.072265625 0.4111328125 0.0439453125 0.404296875 0.0419921875 0.40234375 0.009765625 0.3310546875 0.0126953125 0.32080078125 0.0 -0.00048828125 0.0009765625 -0.0009765625 0.4892578125 0.248046875 0.5087890625 0.31982421875 0.4853515625 0.37158203125 0.4755859375 0.44140625 0.4501953125 0.482421875 0.43359375 0.4873046875 0.4267578125 0.4873046875 0.41796875 0.49658203125 0.4130859375 0.501953125 0.4013671875
4 0.427734375 0.28515625 0.4345703125 0.291015625 0.435546875 0.3056640625 0.439453125 0.3125 0.4443359375 0.3173828125 0.447265625 0.3173828125 0.4521484375 0.322265625 0.4560546875 0.3251953125 0.458984375 0.337890625 0.4609375 0.3505859375 0.4638671875 0.357421875 0.45947265625 0.365234375 0.458984375 0.3701171875 0.4580078125 0.37890625 0.4560546875 0.3876953125 0.45361328125 0.39453125 0.4453125 0.400390625 0.43994140625 0.4052734375 0.4384765625 0.3935546875 0.42724609375 0.3857421875
4 0.5283203125 0.400390625 0.52197265625 0.390625 0.52490234375 0.380859375 0.53125 0.3564453125 0.53271484375 0.345703125 0.53173828125 0.3369140625 0.5361328125 0.314453125 0.53955078125 0.302734375 0.5380859375 0.2744140625 0.54150390625 0.2734375 0.54150390625 0.2509765625 0.54541015625 0.2490234375 0.5439453125 0.236328125 0.5439453125 0.2236328125 0.54833984375 0.2236328125 0.5498046875 0.2177734375 0.55126953125 0.20703125 0.55419921875 0.2001953125 0.55615234375 0.1923828125 0.55712890625 0.1845703125 0.55908203125 0.1748046875 0.56103515625 0.1728515625 0.56494140625 0.1728515625 0.56787109375 0.1708984375 0.5693359375 0.1669921875 0.5703125 0.15625 0.57568359375 0.1484375 0.58056640625 0.162109375 0.58642578125 0.166015625 0.58544921875 0.1806640625 0.5927734375 0.201171875 0.59033203125 0.2265625 0.59326171875 0.2333984375 0.599609375 0.205078125 0.6044921875 0.197265625 0.60595703125 0.2392578125 0.60302734375 0.287109375 0.5986328125 0.3017578125 0.5947265625 0.3017578125 0.5927734375 0.3046875 0.59619140625 0.314453125 0.59326171875 0.3203125 0.5947265625 0.326171875 0.5986328125 0.3388671875 0.59423828125 0.3525390625 0.5908203125 0.357421875 0.58203125 0.375 0.5654296875 0.380859375 0.5595703125 0.39453125 0.5556640625 0.38671875 0.5537109375 0.36328125 0.55322265625 0.376953125 0.5517578125 0.3935546875 0.54931640625 0.396484375 0.544921875 0.3837890625 0.5439453125 0.396484375 0.5380859375 0.3994140625 0.5341796875 0.40234375
0 -0.0009765625 0.5986328125 0.3154296875 0.4736328125 0.3369140625 0.4716796875 0.35986328125 0.46875 0.4189453125 0.4599609375 0.46533203125 0.44140625 0.4990234375 0.4267578125 0.52734375 0.4287109375 0.54833984375 0.45703125 0.61865234375 0.44921875 0.7939453125 0.501953125 0.998046875 0.623046875 0.99853515625 0.6259765625 0.998046875 0.9970703125 0.0 0.9970703125
1 0.59814453125 0.4462890625 0.5615234375 0.4521484375 0.5517578125 0.447265625 0.5439453125 0.453125 0.5458984375 0.462890625 0.5615234375 0.4619140625 0.6103515625 0.45703125 0.61572265625 0.4541015625 0.61572265625 0.4443359375
1 0.56201171875 0.470703125 0.57568359375 0.4658203125 0.60986328125 0.4619140625 0.6103515625 0.47265625 0.60888671875 0.478515625 0.5625 0.478515625
1 0.396484375 0.455078125 0.41796875 0.447265625 0.43359375 0.4453125 0.45458984375 0.43359375 0.4990234375 0.427734375 0.48876953125 0.4345703125 0.447265625 0.4580078125 0.42578125 0.4658203125 0.408203125 0.46875 0.3515625 0.4736328125 0.31640625 0.474609375 0.31396484375 0.474609375 0.35009765625 0.4697265625 0.3837890625 0.4609375
1 0.31298828125 0.501953125 0.3232421875 0.50390625 0.33544921875 0.498046875 0.4091796875 0.4892578125 0.42578125 0.4775390625 0.3994140625 0.4775390625 0.3544921875 0.4794921875 0.32666015625 0.4794921875 0.31298828125 0.4794921875 0.2392578125 0.501953125 0.22216796875 0.51171875 0.22998046875 0.5390625 0.24169921875 0.533203125
4 0.68994140625 0.3349609375 0.6845703125 0.3359375 0.67529296875 0.2958984375 0.67919921875 0.287109375 0.68505859375 0.287109375 0.68408203125 0.2705078125 0.68896484375 0.26171875 0.68603515625 0.255859375 0.685546875 0.24609375 0.68896484375 0.240234375 0.6904296875 0.32421875
5 0.47509765625 0.421875 0.4873046875 0.419921875 0.49072265625 0.4306640625 0.4912109375 0.439453125 0.4912109375 0.447265625 0.4873046875 0.447265625 0.48681640625 0.4453125 0.4775390625 0.447265625 0.474609375 0.44140625 0.47412109375 0.4287109375
5 0.47802734375 0.4560546875 0.47705078125 0.435546875 0.474609375 0.4248046875 0.46923828125 0.421875 0.46630859375 0.439453125 0.47119140625 0.451171875
5 0.44970703125 0.4287109375 0.45361328125 0.421875 0.46435546875 0.419921875 0.4697265625 0.4208984375 0.4736328125 0.4326171875 0.47412109375 0.4453125 0.47412109375 0.4599609375 0.46875 0.4599609375 0.46875 0.45703125 0.4541015625 0.458984375 0.4521484375 0.462890625 0.4482421875 0.4609375 0.44677734375 0.4453125
5 0.501953125 0.4853515625 0.50244140625 0.44921875 0.501953125 0.439453125 0.4990234375 0.4365234375 0.49951171875 0.4296875 0.505859375 0.4287109375 0.51025390625 0.4091796875 0.52978515625 0.40625 0.5390625 0.4091796875 0.54541015625 0.4267578125 0.55078125 0.4287109375 0.55126953125 0.4345703125 0.54833984375 0.4375 0.5478515625 0.462890625 0.5478515625 0.484375 0.541015625 0.4853515625 0.54052734375 0.478515625 0.52294921875 0.4755859375 0.50927734375 0.4775390625 0.50927734375 0.4853515625
5 0.607421875 0.5009765625 0.607421875 0.4775390625 0.607421875 0.4521484375 0.61279296875 0.4375 0.60546875 0.435546875 0.6044921875 0.4306640625 0.60595703125 0.427734375 0.61328125 0.421875 0.61865234375 0.4013671875 0.6201171875 0.39453125 0.62744140625 0.384765625 0.63330078125 0.3828125 0.634765625 0.3896484375 0.6572265625 0.38671875 0.66015625 0.38671875 0.66357421875 0.3857421875 0.6689453125 0.390625 0.671875 0.396484375 0.6572265625 0.494140625 0.6513671875 0.498046875 0.630859375 0.4990234375 0.62744140625 0.5078125 0.6259765625 0.5146484375 0.6171875 0.5126953125 0.61474609375 0.5048828125
1 0.767578125 0.4677734375 0.79248046875 0.4794921875 0.8154296875 0.4814453125 0.83154296875 0.4814453125 0.84228515625 0.478515625 0.90380859375 0.4736328125 0.99755859375 0.470703125 0.99853515625 0.470703125 0.99853515625 0.666015625 0.9052734375 0.6171875 0.79248046875 0.5625 0.7666015625 0.548828125 0.76513671875 0.4736328125
5 0.677734375 0.373046875 0.6875 0.3701171875 0.69775390625 0.3740234375 0.71484375 0.375 0.7392578125 0.3720703125 0.75048828125 0.3701171875 0.75732421875 0.376953125 0.763671875 0.3896484375 0.77294921875 0.4443359375 0.775390625 0.509765625 0.775390625 0.5361328125 0.77392578125 0.556640625 0.77001953125 0.5634765625 0.759765625 0.5634765625 0.755859375 0.5546875 0.75439453125 0.5478515625 0.74169921875 0.54296875 0.7353515625 0.546875 0.72998046875 0.544921875 0.72802734375 0.541015625 0.69384765625 0.5439453125 0.68994140625 0.5576171875 0.68505859375 0.5615234375 0.67236328125 0.560546875 0.669921875 0.548828125 0.669921875 0.5322265625 0.66455078125 0.529296875 0.6640625 0.541015625 0.66015625 0.544921875 0.65283203125 0.5439453125 0.65185546875 0.541015625 0.650390625 0.5029296875 0.65185546875 0.4775390625 0.6533203125 0.462890625 0.65478515625 0.4443359375 0.6474609375 0.4423828125 0.6474609375 0.43359375 0.6533203125 0.427734375 0.6572265625 0.4267578125 0.65869140625 0.427734375 0.6650390625 0.4072265625 0.67333984375 0.380859375
4 0.99755859375 0.2177734375 0.9931640625 0.2255859375 0.98583984375 0.21875 0.9697265625 0.2275390625 0.9736328125 0.24609375 0.9619140625 0.267578125 0.96875 0.2939453125 0.9775390625 0.31640625 0.99365234375 0.328125 0.99853515625 0.32421875
4 0.8974609375 0.45703125 0.8974609375 0.4404296875 0.9052734375 0.42578125 0.921875 0.4130859375 0.921875 0.400390625 0.9453125 0.40625 0.9580078125 0.41796875 0.96826171875 0.4150390625 0.9814453125 0.421875 0.98974609375 0.4072265625 0.99755859375 0.400390625 0.998046875 0.4931640625 0.94140625 0.5 0.90771484375 0.5029296875 0.89794921875 0.47265625
4 0.85205078125 0.3291015625 0.82373046875 0.3212890625 0.81103515625 0.2890625 0.8173828125 0.255859375 0.82080078125 0.251953125 0.81640625 0.23046875 0.8203125 0.2099609375 0.83203125 0.1953125 0.82666015625 0.1796875 0.83203125 0.154296875 0.85009765625 0.130859375 0.8623046875 0.130859375 0.87939453125 0.15234375 0.8837890625 0.1640625 0.880859375 0.19921875 0.892578125 0.21484375 0.8955078125 0.2294921875 0.89111328125 0.2470703125 0.9013671875 0.2646484375 0.90283203125 0.30078125 0.8876953125 0.3154296875 0.86474609375 0.326171875 0.859375 0.322265625 0.86279296875 0.501953125 0.857421875 0.501953125 0.8544921875 0.337890625
5 0.25048828125 0.4384765625 0.2607421875 0.4169921875 0.28369140625 0.408203125 0.30712890625 0.4130859375 0.31689453125 0.439453125 0.32275390625 0.5087890625 0.32275390625 0.521484375 0.3125 0.5234375 0.3115234375 0.515625 0.30908203125 0.5263671875 0.3076171875 0.5322265625 0.29931640625 0.5322265625 0.294921875 0.521484375 0.26953125 0.5224609375 0.26513671875 0.5341796875 0.25634765625 0.5390625 0.2421875 0.5380859375 0.23876953125 0.5224609375 0.23681640625 0.505859375 0.2421875 0.4892578125 0.24560546875 0.4619140625
5 0.1015625 0.439453125 0.11669921875 0.41796875 0.1337890625 0.4033203125 0.1552734375 0.400390625 0.16357421875 0.4033203125 0.18115234375 0.4013671875 0.1884765625 0.3955078125 0.20703125 0.39453125 0.216796875 0.404296875 0.224609375 0.4130859375 0.2392578125 0.47265625 0.24072265625 0.533203125 0.23828125 0.5478515625 0.23876953125 0.5625 0.23681640625 0.5703125 0.23193359375 0.578125 0.2216796875 0.578125 0.21630859375 0.5625 0.2099609375 0.5595703125 0.2041015625 0.5576171875 0.189453125 0.56640625 0.18505859375 0.5693359375 0.177734375 0.57421875 0.1767578125 0.5947265625 0.1748046875 0.599609375 0.16650390625 0.60546875 0.16064453125 0.5986328125 0.15771484375 0.580078125 0.13037109375 0.5908203125 0.11572265625 0.5693359375 0.1005859375 0.4697265625
5 0.029296875 0.423828125 0.076171875 0.4228515625 0.09765625 0.4296875 0.11572265625 0.4638671875 0.1240234375 0.5087890625 0.12744140625 0.533203125 0.1298828125 0.560546875 0.12841796875 0.6123046875 0.1259765625 0.626953125 0.11474609375 0.6328125 0.1064453125 0.6259765625 0.10302734375 0.603515625 0.060546875 0.625 0.06005859375 0.642578125 0.0576171875 0.66015625 0.04833984375 0.6669921875 0.04052734375 0.6669921875 0.03515625 0.6611328125 0.02978515625 0.642578125 0.01025390625 0.6513671875 -0.0009765625 0.6533203125 0.0 0.4365234375 0.0068359375 0.4306640625 0.02099609375 0.4267578125
