0 -0.0009765625 0.5419921875 0.1630859375 0.4091796875 0.42236328125 0.4267578125 0.53662109375 0.3955078125 0.6865234375 0.4228515625 0.90380859375 0.5107421875 0.99853515625 0.5478515625 0.998046875 0.9970703125 0.0 0.9951171875
2 0.0 0.0009765625 0.134765625 0.0009765625 0.134765625 0.0068359375 0.16455078125 0.0400390625 0.20751953125 0.0390625 0.20849609375 0.0361328125 0.220703125 0.0361328125 0.22265625 0.0400390625 0.23193359375 0.0380859375 0.23193359375 0.037109375 0.24658203125 0.037109375 0.2529296875 0.0380859375 0.2607421875 0.0439453125 0.28466796875 0.04296875 0.2861328125 0.037109375 0.287109375 0.037109375 0.2880859375 0.0439453125 0.31396484375 0.04296875 0.31494140625 0.021484375 0.39208984375 0.021484375 0.416015625 0.0439453125 0.416015625 0.0546875 0.4306640625 0.0693359375 0.4287109375 0.115234375 0.44091796875 0.1259765625 0.4755859375 0.126953125 0.4814453125 0.1337890625 0.47998046875 0.173828125 0.52294921875 0.1982421875 0.52392578125 0.2275390625 0.52685546875 0.2314453125 0.52392578125 0.2333984375 0.52392578125 0.23828125 0.525390625 0.240234375 0.52587890625 0.2451171875 0.52294921875 0.244140625 0.5224609375 0.283203125 0.541015625 0.2900390625 0.56982421875 0.2900390625 0.61376953125 0.302734375 0.615234375 0.287109375 0.70556640625 0.287109375 0.7353515625 0.296875 0.7353515625 0.2900390625 0.796875 0.2900390625 0.81689453125 0.2958984375 0.8173828125 0.3330078125 0.8544921875 0.3330078125 0.857421875 0.17578125 0.85302734375 0.1728515625 0.85302734375 0.150390625 0.8515625 0.1474609375 0.85546875 0.107421875 0.85546875 0.091796875 0.859375 0.076171875 0.86083984375 0.0126953125 0.86279296875 0.0126953125 0.8623046875 0.0712890625 0.8623046875 0.0791015625 0.86669921875 0.0810546875 0.87158203125 0.103515625 0.8720703125 0.1083984375 0.8720703125 0.130859375 0.87158203125 0.1494140625 0.869140625 0.154296875 0.869140625 0.1748046875 0.8662109375 0.17578125 0.8642578125 0.3310546875 0.8720703125 0.333984375 0.873046875 0.3017578125 0.92724609375 0.302734375 0.9287109375 0.279296875 0.955078125 0.28125 0.96875 0.287109375 0.998046875 0.2841796875 0.99755859375 0.384765625 0.68310546875 0.3671875 0.583984375 0.369140625 0.51904296875 0.390625 0.4541015625 0.4091796875 0.20849609375 0.4462890625 -0.0009765625 0.46484375
5 0.16650390625 0.4140625 0.16845703125 0.404296875 0.1708984375 0.3984375 0.17529296875 0.3955078125 0.18310546875 0.3955078125 0.1884765625 0.408203125 0.18798828125 0.4140625 0.17138671875 0.4140625
5 0.2041015625 0.3994140625 0.2099609375 0.392578125 0.21923828125 0.3916015625 0.22265625 0.40234375 0.2216796875 0.41796875 0.2138671875 0.4169921875 0.208984375 0.41796875 0.20654296875 0.412109375
4 0.86865234375 0.365234375 0.86328125 0.3603515625 0.861328125 0.353515625 0.861328125 0.34375 0.86474609375 0.33203125 0.8671875 0.322265625 0.87451171875 0.328125 0.87548828125 0.3388671875 0.875 0.3515625 0.87451171875 0.3603515625 0.8720703125 0.365234375
4 0.8173828125 0.3720703125 0.81494140625 0.361328125 0.81494140625 0.3515625 0.8173828125 0.341796875 0.81982421875 0.3359375 0.822265625 0.3447265625 0.822265625 0.3515625 0.8232421875 0.369140625 0.822265625 0.3759765625
4 0.7978515625 0.3603515625 0.796875 0.3515625 0.7998046875 0.3447265625 0.8046875 0.34375 0.80615234375 0.3447265625 0.80859375 0.3525390625 0.80908203125 0.3583984375 0.80810546875 0.37109375
1 0.82080078125 0.51171875 0.88525390625 0.5283203125 0.93115234375 0.5390625 0.97705078125 0.552734375 0.9970703125 0.55859375 0.99658203125 0.580078125 0.8779296875 0.5654296875 0.87451171875 0.548828125 0.85595703125 0.5380859375 0.83154296875 0.525390625 0.8154296875 0.517578125
4 0.673828125 0.3544921875 0.6748046875 0.3447265625 0.6787109375 0.3408203125 0.68505859375 0.341796875 0.68994140625 0.3466796875 0.6923828125 0.3525390625 0.6943359375 0.36328125 0.69140625 0.37109375 0.68115234375 0.376953125 0.6748046875 0.3671875
5 0.658203125 0.3486328125 0.67724609375 0.3515625 0.68798828125 0.375 0.65771484375 0.373046875
4 0.63232421875 0.3701171875 0.63232421875 0.359375 0.6337890625 0.353515625 0.638671875 0.3466796875 0.646484375 0.345703125 0.6533203125 0.345703125 0.6572265625 0.34765625 0.65966796875 0.3583984375 0.6591796875 0.3642578125 0.65478515625 0.369140625 0.63916015625 0.37109375
4 0.60107421875 0.3251953125 0.60595703125 0.3134765625 0.60986328125 0.3115234375 0.61279296875 0.30859375 0.6162109375 0.3037109375 0.62109375 0.2978515625 0.6240234375 0.2998046875 0.62548828125 0.3095703125 0.626953125 0.31640625 0.62890625 0.322265625 0.6318359375 0.3251953125 0.6328125 0.330078125 0.6337890625 0.33984375 0.6328125 0.34765625 0.6337890625 0.3564453125 0.63037109375 0.3671875 0.62841796875 0.3671875 0.61865234375 0.3671875 0.61376953125 0.3671875 0.609375 0.3671875 0.60693359375 0.3671875 0.60302734375 0.3671875 0.6015625 0.3740234375 0.6015625 0.376953125 0.6015625 0.3837890625 0.5986328125 0.38671875 0.59423828125 0.384765625 0.58935546875 0.384765625 0.5869140625 0.3828125 0.5849609375 0.3779296875 0.5869140625 0.3671875 0.5869140625 0.3515625 0.59033203125 0.3447265625 0.5927734375 0.33984375 0.595703125 0.333984375 0.59814453125 0.3310546875
5 0.60595703125 0.37109375 0.61279296875 0.365234375 0.6240234375 0.3642578125 0.62744140625 0.369140625 0.6279296875 0.3779296875 0.625 0.38671875 0.6162109375 0.3837890625 0.609375 0.3837890625 0.60546875 0.3837890625 0.6005859375 0.3818359375 0.6005859375 0.3759765625 0.60205078125 0.3740234375
4 0.5654296875 0.33984375 0.56884765625 0.3291015625 0.56591796875 0.322265625 0.57080078125 0.3193359375 0.57080078125 0.314453125 0.57177734375 0.302734375 0.57421875 0.30078125 0.5791015625 0.306640625 0.58251953125 0.3173828125 0.5869140625 0.3291015625 0.59033203125 0.3359375 0.5908203125 0.3505859375 0.58984375 0.3642578125 0.5869140625 0.3671875 0.583984375 0.37109375 0.580078125 0.376953125 0.56884765625 0.376953125 0.564453125 0.3681640625 0.5615234375 0.3662109375 0.55712890625 0.3662109375 0.55419921875 0.37109375 0.54931640625 0.3720703125 0.54833984375 0.390625 0.54638671875 0.3896484375 0.546875 0.369140625 0.5419921875 0.3701171875 0.53955078125 0.3583984375 0.53759765625 0.3515625 0.5380859375 0.3388671875 0.54248046875 0.322265625 0.54345703125 0.31640625 0.5458984375 0.306640625 0.55029296875 0.296875 0.5546875 0.30078125 0.56005859375 0.306640625 0.56005859375 0.3125 0.56298828125 0.318359375 0.5654296875 0.326171875
5 0.5537109375 0.3916015625 0.5556640625 0.3857421875 0.56298828125 0.3798828125 0.5693359375 0.3740234375 0.58056640625 0.375 0.58447265625 0.38671875 0.5849609375 0.396484375 0.583984375 0.400390625 0.578125 0.4033203125 0.57080078125 0.400390625 0.556640625 0.3994140625
4 0.48486328125 0.4072265625 0.482421875 0.396484375 0.482421875 0.3798828125 0.47900390625 0.3720703125 0.47802734375 0.36328125 0.478515625 0.3310546875 0.48095703125 0.322265625 0.48486328125 0.3203125 0.4853515625 0.3125 0.48828125 0.298828125 0.49072265625 0.2998046875 0.4921875 0.3125 0.494140625 0.3154296875 0.49853515625 0.3232421875 0.50244140625 0.33203125 0.5029296875 0.3427734375 0.50537109375 0.3544921875 0.50439453125 0.365234375 0.50146484375 0.3740234375 0.4951171875 0.376953125 0.49267578125 0.37890625 0.49365234375 0.384765625 0.498046875 0.3837890625 0.50244140625 0.3837890625 0.51025390625 0.3876953125 0.51318359375 0.3876953125 0.51806640625 0.3896484375 0.5068359375 0.4091796875 0.486328125 0.4169921875
5 0.50244140625 0.3994140625 0.50537109375 0.3955078125 0.513671875 0.3935546875 0.5224609375 0.3876953125 0.53466796875 0.38671875 0.541015625 0.3896484375 0.54345703125 0.396484375 0.5439453125 0.40625 0.5419921875 0.416015625 0.53369140625 0.41796875 0.53125 0.416015625 0.51416015625 0.412109375 0.5107421875 0.416015625 0.505859375 0.4130859375 0.50244140625 0.4091796875
4 0.50927734375 0.30859375 0.51025390625 0.296875 0.5146484375 0.287109375 0.52099609375 0.2802734375 0.52880859375 0.279296875 0.53515625 0.2802734375 0.5419921875 0.2802734375 0.5400390625 0.298828125 0.54541015625 0.310546875 0.5478515625 0.3232421875 0.54541015625 0.341796875 0.544921875 0.3642578125 0.5419921875 0.380859375 0.53369140625 0.384765625 0.5234375 0.38671875 0.52197265625 0.4140625 0.51953125 0.412109375 0.52099609375 0.3876953125 0.51513671875 0.3798828125 0.5107421875 0.37109375 0.509765625 0.365234375 0.50732421875 0.3564453125 0.5048828125 0.3486328125 0.50390625 0.337890625 0.5048828125 0.330078125 0.50634765625 0.3251953125 0.50634765625 0.3212890625 0.5048828125 0.3134765625
4 0.458984375 0.37109375 0.45361328125 0.3671875 0.44873046875 0.357421875 0.44677734375 0.341796875 0.447265625 0.3193359375 0.45068359375 0.3095703125 0.4580078125 0.306640625 0.45703125 0.302734375 0.45556640625 0.2939453125 0.45556640625 0.287109375 0.46044921875 0.28515625 0.46484375 0.287109375 0.4677734375 0.2861328125 0.474609375 0.287109375 0.4775390625 0.2919921875 0.48095703125 0.310546875 0.48095703125 0.328125 0.4814453125 0.345703125 0.482421875 0.357421875 0.482421875 0.361328125 0.482421875 0.37109375 0.47900390625 0.375 0.4736328125 0.3740234375 0.4697265625 0.369140625 0.46728515625 0.3681640625 0.46240234375 0.3720703125 0.46044921875 0.40234375 0.45654296875 0.4013671875
5 0.43408203125 0.40234375 0.4423828125 0.3974609375 0.45849609375 0.3994140625 0.47314453125 0.40234375 0.47900390625 0.416015625 0.4794921875 0.4345703125 0.47314453125 0.4375 0.4697265625 0.4384765625 0.46630859375 0.4404296875 0.462890625 0.44140625 0.4580078125 0.44140625 0.45556640625 0.4384765625 0.447265625 0.43359375 0.43798828125 0.4189453125
5 0.41650390625 0.412109375 0.42041015625 0.40625 0.4267578125 0.4013671875 0.44873046875 0.4033203125 0.45166015625 0.4111328125 0.453125 0.4248046875 0.453125 0.4384765625 0.451171875 0.443359375 0.45068359375 0.4443359375 0.4453125 0.4453125 0.4404296875 0.4443359375 0.43994140625 0.4423828125 0.4248046875 0.4384765625 0.42333984375 0.4423828125 0.419921875 0.44140625 0.4150390625 0.431640625
4 0.4140625 0.37890625 0.41015625 0.3671875 0.40869140625 0.3466796875 0.41015625 0.328125 0.4140625 0.2978515625 0.41748046875 0.2822265625 0.423828125 0.2626953125 0.43212890625 0.251953125 0.435546875 0.251953125 0.43798828125 0.2548828125 0.4404296875 0.2705078125 0.4404296875 0.287109375 0.44189453125 0.296875 0.4453125 0.3037109375 0.45361328125 0.3125 0.45654296875 0.3232421875 0.45849609375 0.3427734375 0.455078125 0.35546875 0.45166015625 0.3662109375 0.44873046875 0.3740234375 0.4462890625 0.3818359375 0.43701171875 0.384765625 0.427734375 0.3828125 0.42529296875 0.44140625 0.42236328125 0.4384765625 0.4228515625 0.3818359375 0.4208984375 0.3818359375 0.41748046875 0.3798828125
4 0.189453125 0.318359375 0.18701171875 0.30078125 0.18701171875 0.2890625 0.189453125 0.2841796875 0.19970703125 0.2822265625 0.20068359375 0.24609375 0.205078125 0.2255859375 0.20849609375 0.220703125 0.21337890625 0.2275390625 0.21533203125 0.23828125 0.2216796875 0.2490234375 0.224609375 0.2490234375 0.22509765625 0.2421875 0.228515625 0.2294921875 0.228515625 0.216796875 0.2275390625 0.2001953125 0.23193359375 0.1923828125 0.236328125 0.185546875 0.236328125 0.1728515625 0.2412109375 0.158203125 0.25 0.16015625 0.25439453125 0.1552734375 0.259765625 0.1484375 0.259765625 0.1435546875 0.2607421875 0.1279296875 0.2666015625 0.1171875 0.26123046875 0.109375 0.26025390625 0.0966796875 0.26025390625 0.087890625 0.265625 0.0703125 0.27099609375 0.0595703125 0.279296875 0.06640625 0.28173828125 0.0712890625 0.28369140625 0.0771484375 0.287109375 0.0869140625 0.2978515625 0.0791015625 0.30126953125 0.0751953125 0.3056640625 0.078125 0.3076171875 0.091796875 0.3076171875 0.1025390625 0.3076171875 0.107421875 0.3056640625 0.125 0.3017578125 0.1357421875 0.3037109375 0.14453125 0.30517578125 0.14453125 0.30908203125 0.15625 0.32177734375 0.1787109375 0.32666015625 0.189453125 0.32958984375 0.1962890625 0.3310546875 0.2041015625 0.33544921875 0.2119140625 0.33740234375 0.21875 0.341796875 0.228515625 0.34375 0.224609375 0.34375 0.21875 0.35009765625 0.20703125 0.35302734375 0.19921875 0.349609375 0.1943359375 0.34814453125 0.189453125 0.353515625 0.1787109375 0.3603515625 0.19140625 0.36279296875 0.193359375 0.3642578125 0.1884765625 0.36279296875 0.1796875 0.3603515625 0.16796875 0.36083984375 0.154296875 0.36669921875 0.140625 0.37255859375 0.14453125 0.37548828125 0.146484375 0.37890625 0.1435546875 0.3857421875 0.1376953125 0.38671875 0.1513671875 0.3876953125 0.154296875 0.392578125 0.1669921875 0.3984375 0.18359375 0.39501953125 0.1962890625 0.3916015625 0.201171875 0.3935546875 0.2099609375 0.39990234375 0.2099609375 0.40478515625 0.201171875 0.412109375 0.1943359375 0.41357421875 0.19921875 0.4140625 0.2041015625 0.412109375 0.2099609375 0.412109375 0.21484375 0.40966796875 0.220703125 0.40576171875 0.23046875 0.40478515625 0.2373046875 0.41650390625 0.228515625 0.419921875 0.23046875 0.419921875 0.2421875 0.4189453125 0.2451171875 0.42138671875 0.2666015625 0.42041015625 0.271484375 0.41650390625 0.275390625 0.41357421875 0.2763671875 0.41650390625 0.283203125 0.41552734375 0.287109375 0.41259765625 0.2939453125 0.41455078125 0.30078125 0.4150390625 0.3125 0.4189453125 0.3251953125 0.41943359375 0.333984375 0.41357421875 0.3603515625 0.40576171875 0.369140625 0.40478515625 0.3701171875 0.3984375 0.373046875 0.38427734375 0.3798828125 0.357421875 0.380859375 0.3466796875 0.3876953125 0.333984375 0.380859375 0.32373046875 0.3857421875 0.31591796875 0.3857421875 0.30712890625 0.3837890625 0.30029296875 0.38671875 0.2919921875 0.3828125 0.28955078125 0.3984375 0.28564453125 0.3984375 0.28564453125 0.3837890625 0.27587890625 0.3798828125 0.26416015625 0.375 0.2587890625 0.376953125 0.25048828125 0.373046875 0.23876953125 0.3759765625 0.22607421875 0.375 0.2197265625 0.3828125 0.21533203125 0.3896484375 0.21044921875 0.43359375 0.19873046875 0.43359375 0.193359375 0.43359375 0.189453125 0.43359375 0.1875 0.4287109375 0.18896484375 0.419921875 0.1884765625 0.416015625 0.185546875 0.412109375 0.18359375 0.408203125 0.1787109375 0.3896484375 0.1826171875 0.37890625 0.18603515625 0.3720703125 0.19970703125 0.3701171875 0.19970703125 0.3212890625
5 0.5625 0.4208984375 0.56396484375 0.412109375 0.5693359375 0.4091796875 0.57568359375 0.4033203125 0.5908203125 0.3974609375 0.6162109375 0.39453125 0.626953125 0.3994140625 0.63037109375 0.40625 0.603515625 0.478515625 0.5693359375 0.4765625 0.56298828125 0.4736328125 0.55908203125 0.470703125 0.55712890625 0.462890625 0.556640625 0.44921875 0.5576171875 0.439453125 0.5595703125 0.4306640625
5 0.57080078125 0.44921875 0.57666015625 0.4326171875 0.58203125 0.4208984375 0.5869140625 0.4091796875 0.59228515625 0.40625 0.62451171875 0.40625 0.62255859375 0.4912109375 0.611328125 0.4912109375 0.60205078125 0.4912109375 0.59814453125 0.5 0.58984375 0.5009765625 0.58349609375 0.4970703125 0.57958984375 0.486328125 0.57568359375 0.484375 0.57080078125 0.470703125 0.57080078125 0.45703125
5 0.60791015625 0.4296875 0.6162109375 0.412109375 0.61572265625 0.4072265625 0.64013671875 0.40234375 0.6650390625 0.4013671875 0.6787109375 0.4033203125 0.638671875 0.50390625 0.62744140625 0.5048828125 0.62109375 0.5029296875 0.61767578125 0.490234375 0.6044921875 0.4892578125 0.60302734375 0.47265625 0.603515625 0.4619140625 0.60595703125 0.453125 0.6064453125 0.4404296875 0.60693359375 0.435546875
5 0.68212890625 0.396484375 0.68701171875 0.38671875 0.6962890625 0.3779296875 0.69970703125 0.373046875 0.7099609375 0.369140625 0.716796875 0.3662109375 0.71923828125 0.361328125 0.796875 0.3544921875 0.80029296875 0.36328125 0.80810546875 0.365234375 0.8193359375 0.3876953125 0.830078125 0.4326171875 0.83203125 0.4619140625 0.83447265625 0.470703125 0.83544921875 0.48828125 0.8349609375 0.494140625 0.833984375 0.49609375 0.83544921875 0.505859375 0.8369140625 0.5126953125 0.826171875 0.525390625 0.82470703125 0.5166015625 0.82080078125 0.5166015625 0.82080078125 0.5263671875 0.81787109375 0.5361328125 0.8134765625 0.5439453125 0.8056640625 0.544921875 0.79638671875 0.54296875 0.78955078125 0.5341796875 0.787109375 0.5263671875 0.7734375 0.52734375 0.76220703125 0.533203125 0.75537109375 0.5380859375 0.75 0.5478515625 0.74658203125 0.55078125 0.74072265625 0.552734375 0.7333984375 0.55078125 0.7255859375 0.5478515625 0.720703125 0.53125 0.7197265625 0.5234375 0.689453125 0.521484375 0.66552734375 0.521484375 0.6640625 0.5283203125 0.66259765625 0.533203125 0.65966796875 0.5380859375 0.65185546875 0.5400390625 0.64306640625 0.5361328125 0.6396484375 0.5263671875 0.6376953125 0.5185546875 0.63330078125 0.517578125 0.63427734375 0.5068359375 0.6328125 0.482421875 0.63623046875 0.45703125 0.6396484375 0.4443359375 0.6611328125 0.4296875 0.6640625 0.4267578125 0.66455078125 0.421875 0.666015625 0.4140625 0.66748046875 0.412109375 0.6708984375 0.4140625 0.671875 0.4189453125 0.67529296875 0.41015625 0.6787109375 0.3994140625
4 0.02490234375 0.3994140625 0.02001953125 0.392578125 0.01953125 0.3857421875 0.0205078125 0.3798828125 0.02783203125 0.3759765625 0.03857421875 0.375 0.041015625 0.369140625 0.04736328125 0.3623046875 0.0419921875 0.3603515625 0.0390625 0.3525390625 0.033203125 0.357421875 0.02490234375 0.349609375 0.0166015625 0.349609375 0.01318359375 0.3330078125 0.0185546875 0.3330078125 0.0224609375 0.3369140625 0.02880859375 0.3349609375 0.03076171875 0.33203125 0.02978515625 0.3232421875 0.02587890625 0.3154296875 0.021484375 0.3134765625 0.01806640625 0.302734375 0.00927734375 0.2958984375 0.01025390625 0.2802734375 0.01513671875 0.271484375 0.0244140625 0.2685546875 0.0244140625 0.2626953125 0.0205078125 0.2529296875 0.01416015625 0.2392578125 0.01416015625 0.2236328125 0.01123046875 0.2099609375 0.01953125 0.2109375 0.02294921875 0.2099609375 0.021484375 0.203125 0.01904296875 0.1982421875 0.01904296875 0.1728515625 0.0205078125 0.1669921875 0.0224609375 0.1533203125 0.0244140625 0.146484375 0.02880859375 0.150390625 0.03369140625 0.15625 0.0341796875 0.150390625 0.029296875 0.134765625 0.0244140625 0.1201171875 0.025390625 0.1162109375 0.033203125 0.1201171875 0.04150390625 0.1298828125 0.04150390625 0.1171875 0.041015625 0.103515625 0.0419921875 0.0966796875 0.04443359375 0.1015625 0.048828125 0.09765625 0.05419921875 0.103515625 0.0546875 0.09375 0.06103515625 0.083984375 0.07177734375 0.078125 0.0751953125 0.0712890625 0.07861328125 0.072265625 0.078125 0.083984375 0.08251953125 0.078125 0.08349609375 0.0751953125 0.0859375 0.0771484375 0.0859375 0.08984375 0.0859375 0.09375 0.087890625 0.1005859375 0.08642578125 0.1103515625 0.09033203125 0.1162109375 0.09716796875 0.0966796875 0.09716796875 0.1044921875 0.0966796875 0.126953125 0.0986328125 0.134765625 0.10107421875 0.1318359375 0.1025390625 0.130859375 0.10107421875 0.1455078125 0.099609375 0.1591796875 0.1044921875 0.1513671875 0.1064453125 0.1484375 0.109375 0.1630859375 0.1103515625 0.1796875 0.10986328125 0.1904296875 0.10888671875 0.1953125 0.1083984375 0.19921875 0.10546875 0.208984375 0.11181640625 0.205078125 0.115234375 0.2001953125 0.123046875 0.1943359375 0.11962890625 0.2119140625 0.1181640625 0.22265625 0.12353515625 0.21875 0.12939453125 0.2080078125 0.12939453125 0.2177734375 0.13037109375 0.2333984375 0.13623046875 0.2353515625 0.1376953125 0.2451171875 0.1328125 0.2529296875 0.12646484375 0.2529296875 0.1240234375 0.2578125 0.11572265625 0.2587890625 0.11865234375 0.2666015625 0.119140625 0.271484375 0.119140625 0.279296875 0.11669921875 0.28515625 0.12060546875 0.29296875 0.1259765625 0.294921875 0.13232421875 0.2958984375 0.130859375 0.322265625 0.125 0.33203125 0.119140625 0.3349609375 0.11767578125 0.3369140625 0.11328125 0.3466796875 0.1083984375 0.361328125 0.11376953125 0.361328125 0.119140625 0.361328125 0.123046875 0.3681640625 0.123046875 0.3837890625 0.11572265625 0.40234375 0.03662109375 0.4140625
4 -0.0009765625 0.388671875 0.005859375 0.3798828125 0.00927734375 0.37890625 0.01611328125 0.3828125 0.02392578125 0.3837890625 0.03125 0.3837890625 0.037109375 0.388671875 0.04345703125 0.38671875 0.05029296875 0.38671875 0.0615234375 0.3896484375 0.06884765625 0.388671875 0.07421875 0.3896484375 0.0947265625 0.390625 0.10986328125 0.390625 0.115234375 0.3896484375 0.125 0.3896484375 0.13134765625 0.3896484375 0.13671875 0.39453125 0.16162109375 0.40625 0.16552734375 0.408203125 0.166015625 0.4189453125 0.1669921875 0.431640625 0.166015625 0.458984375 0.1162109375 0.4609375 0.05126953125 0.4736328125 -0.00048828125 0.4814453125
1 -0.0009765625 0.5048828125 0.1962890625 0.462890625 0.197265625 0.4580078125 0.16650390625 0.4560546875 0.1669921875 0.44921875 0.20361328125 0.44921875 0.20849609375 0.4794921875 0.0 0.54296875
5 0.29736328125 0.4150390625 0.30224609375 0.4072265625 0.310546875 0.404296875 0.33349609375 0.4052734375 0.34814453125 0.4111328125 0.35400390625 0.4267578125 0.35986328125 0.435546875 0.35546875 0.4814453125 0.34912109375 0.4833984375 0.34033203125 0.4814453125 0.33056640625 0.4716796875 0.30859375 0.4345703125 0.298828125 0.4208984375
5 0.22509765625 0.3955078125 0.2294921875 0.38671875 0.23583984375 0.384765625 0.25341796875 0.3837890625 0.27978515625 0.3896484375 0.294921875 0.3994140625 0.30712890625 0.4150390625 0.310546875 0.419921875 0.32958984375 0.4306640625 0.33642578125 0.4384765625 0.33837890625 0.4482421875 0.3408203125 0.44921875 0.34228515625 0.44921875 0.3427734375 0.4599609375 0.34326171875 0.470703125 0.34228515625 0.474609375 0.33935546875 0.4775390625 0.3330078125 0.4814453125 0.3330078125 0.486328125 0.32861328125 0.4931640625 0.31396484375 0.4951171875 0.294921875 0.490234375 0.21630859375 0.44140625 0.21484375 0.4326171875 0.2158203125 0.4189453125 0.2197265625 0.4052734375 0.22119140625 0.4013671875
5 0.20361328125 0.439453125 0.21240234375 0.431640625 0.2255859375 0.4189453125 0.236328125 0.408203125 0.24853515625 0.4052734375 0.27734375 0.4052734375 0.29248046875 0.408203125 0.29736328125 0.412109375 0.30419921875 0.43359375 0.30712890625 0.4541015625 0.30859375 0.4677734375 0.3076171875 0.478515625 0.3017578125 0.4853515625 0.3017578125 0.49609375 0.2978515625 0.4990234375 0.28759765625 0.5 0.2783203125 0.4990234375 0.27490234375 0.4921875 0.24365234375 0.490234375 0.22607421875 0.490234375 0.21826171875 0.494140625 0.2041015625 0.4921875 0.19873046875 0.4892578125 0.19677734375 0.4833984375 0.19189453125 0.478515625 0.19091796875 0.4658203125 0.19189453125 0.453125 0.1943359375 0.4443359375 0.19921875 0.4423828125
5 0.0 0.5625 -0.0009765625 0.4794921875 0.00244140625 0.4873046875 0.005859375 0.5048828125 0.0068359375 0.5166015625 0.00732421875 0.525390625 0.00732421875 0.5341796875 0.00634765625 0.541015625 0.005859375 0.546875 0.00537109375 0.55078125 0.00439453125 0.5537109375 0.00341796875 0.556640625
