2 0.458984375 0.21484375 0.5166015625 0.216796875 0.53759765625 0.298828125 0.45458984375 0.294921875
4 0.52001953125 0.267578125 0.5087890625 0.2646484375 0.49951171875 0.2607421875 0.49365234375 0.2587890625 0.4873046875 0.2470703125 0.478515625 0.2392578125 0.47119140625 0.2392578125 0.46240234375 0.248046875 0.458984375 0.4208984375 0.46923828125 0.42578125 0.4755859375 0.4287109375 0.4853515625 0.4306640625 0.4931640625 0.42578125 0.49951171875 0.4169921875 0.505859375 0.416015625 0.5107421875 0.4150390625 0.517578125 0.4189453125 0.5205078125 0.4345703125 0.5205078125 0.44921875 0.52197265625 0.44921875 0.5224609375 0.4345703125 0.52685546875 0.4150390625 0.5341796875 0.4169921875 0.5390625 0.4130859375 0.54345703125 0.4072265625 0.5517578125 0.3935546875 0.55859375 0.376953125
0 0.54833984375 0.4599609375 0.486328125 0.45703125 0.38037109375 0.5185546875 0.08154296875 0.51171875 0.0 0.6337890625 -0.0009765625 0.99609375 0.998046875 0.998046875 0.99853515625 0.6826171875
5 0.55712890625 0.4404296875 0.54443359375 0.4375 0.5390625 0.44140625 0.53271484375 0.4541015625 0.53271484375 0.462890625 0.5390625 0.46484375 0.55712890625 0.462890625
4 0.4951171875 0.0 0.49365234375 0.033203125 0.49462890625 0.05859375 0.501953125 0.087890625 0.50537109375 0.1181640625 0.5087890625 0.138671875 0.5048828125 0.1796875 0.5029296875 0.2080078125 0.50537109375 0.2392578125 0.51171875 0.2568359375 0.51806640625 0.2744140625 0.5185546875 0.302734375 0.5263671875 0.3330078125 0.53759765625 0.3564453125 0.54541015625 0.3662109375 0.54931640625 0.41015625 0.55517578125 0.4189453125 0.5556640625 0.4404296875 0.5556640625 0.4658203125 0.74169921875 0.5234375 0.99853515625 0.533203125 0.99853515625 0.0 0.9619140625 0.001953125 0.9423828125 0.025390625 0.931640625 0.0400390625 0.916015625 0.0556640625 0.892578125 0.0234375 0.88037109375 0.01171875 0.87890625 0.001953125 0.8642578125 0.00390625 0.84228515625 0.001953125 0.83154296875 0.0029296875 0.8232421875 0.0
1 0.92529296875 0.7470703125 0.99755859375 0.7587890625 0.99853515625 0.6806640625 0.93017578125 0.66015625 0.798828125 0.59765625 0.70751953125 0.552734375 0.69677734375 0.5478515625 0.67724609375 0.552734375 0.54443359375 0.4755859375 0.53466796875 0.4599609375 0.51318359375 0.4599609375 0.51025390625 0.4619140625 0.51220703125 0.466796875 0.53173828125 0.5029296875 0.56396484375 0.54296875 0.6005859375 0.5888671875 0.63916015625 0.630859375 0.67041015625 0.6640625 0.72021484375 0.6865234375 0.79833984375 0.7119140625 0.875 0.734375
2 0.43994140625 0.029296875 0.447265625 0.080078125 0.4521484375 0.080078125 0.453125 0.14453125 0.458984375 0.1572265625 0.46435546875 0.1943359375 0.45947265625 0.1953125 0.46875 0.2421875 0.46533203125 0.2470703125 0.46435546875 0.259765625 0.46435546875 0.2763671875 0.466796875 0.28125 0.4677734375 0.2919921875 0.46728515625 0.3916015625 0.462890625 0.392578125 0.46142578125 0.3994140625 0.4609375 0.4443359375 0.4013671875 0.5068359375 0.26318359375 0.537109375 0.0751953125 0.5537109375 -0.0009765625 0.482421875 -0.00048828125 0.0 0.44482421875 0.0 0.4423828125 0.0087890625 0.439453125 0.0107421875
1 0.400390625 0.48828125 0.375 0.5 0.35107421875 0.5126953125 0.337890625 0.521484375 0.3193359375 0.5302734375 0.30859375 0.525390625 0.2255859375 0.533203125 0.1416015625 0.5361328125 0.107421875 0.537109375 0.1171875 0.5625 0.1220703125 0.5654296875 0.2158203125 0.560546875 0.35498046875 0.5556640625 0.37353515625 0.552734375 0.38427734375 0.548828125 0.40234375 0.5322265625
1 0.119140625 0.58203125 0.16845703125 0.58203125 0.20654296875 0.5849609375 0.24267578125 0.59375 0.2646484375 0.599609375 0.2724609375 0.6044921875 0.27490234375 0.6162109375 0.2763671875 0.6240234375 0.2724609375 0.630859375 0.2294921875 0.6591796875 0.2021484375 0.685546875 0.18896484375 0.6904296875 0.16357421875 0.7138671875 0.1240234375 0.7490234375 0.10302734375 0.76953125 0.06787109375 0.79296875 0.046875 0.806640625 0.02783203125 0.83203125 0.0 0.85546875 -0.0009765625 0.625
5 0.48095703125 0.4345703125 0.486328125 0.4345703125 0.48779296875 0.4375 0.48828125 0.4423828125 0.48974609375 0.443359375 0.48974609375 0.4462890625 0.48974609375 0.4501953125 0.48974609375 0.4560546875 0.48876953125 0.4609375 0.486328125 0.4638671875
5 0.47900390625 0.4765625 0.48388671875 0.4775390625 0.484375 0.4814453125 0.48779296875 0.4814453125 0.48779296875 0.4736328125 0.48779296875 0.4580078125 0.486328125 0.447265625 0.4833984375 0.43359375 0.4814453125 0.4306640625 0.47216796875 0.4306640625 0.466796875 0.431640625 0.46484375 0.4375
5 0.46630859375 0.5 0.470703125 0.4990234375 0.4716796875 0.505859375 0.4775390625 0.505859375 0.47802734375 0.5 0.48193359375 0.498046875 0.4814453125 0.4765625 0.4814453125 0.4638671875 0.482421875 0.4619140625 0.48291015625 0.4599609375 0.48193359375 0.45703125 0.47900390625 0.4560546875 0.47607421875 0.4423828125 0.47216796875 0.4384765625 0.46337890625 0.435546875 0.45556640625 0.435546875
5 0.4111328125 0.5302734375 0.42919921875 0.5263671875 0.4541015625 0.5283203125 0.4560546875 0.5390625 0.462890625 0.5390625 0.4638671875 0.5322265625 0.46484375 0.5234375 0.46533203125 0.51953125 0.46826171875 0.51953125 0.46875 0.49609375 0.46875 0.474609375 0.46533203125 0.45703125 0.45849609375 0.4345703125 0.455078125 0.4208984375 0.4521484375 0.4169921875 0.447265625 0.4169921875 0.412109375 0.41796875 0.40966796875 0.4169921875 0.4072265625 0.419921875 0.4033203125 0.4296875 0.400390625 0.453125 0.396484375 0.4541015625 0.39453125 0.4580078125 0.3955078125 0.4599609375 0.39892578125 0.4638671875 0.3974609375 0.48046875 0.39599609375 0.4892578125 0.396484375 0.51953125 0.396484375 0.5390625 0.39794921875 0.5419921875 0.4052734375 0.5419921875 0.40673828125 0.533203125 0.40673828125 0.529296875
5 0.15869140625 0.4638671875 0.162109375 0.4775390625 0.162109375 0.4990234375 0.166015625 0.5009765625 0.16455078125 0.515625 0.15771484375 0.525390625 0.1513671875 0.5302734375 0.154296875 0.5361328125 0.15283203125 0.5380859375 0.14892578125 0.5341796875 0.1435546875 0.537109375 0.1298828125 0.5439453125 0.12841796875 0.544921875 0.12646484375 0.5517578125 0.1220703125 0.5595703125 0.1123046875 0.5625 -0.0009765625 0.4619140625 0.0 0.443359375 0.01220703125 0.4267578125 0.0185546875 0.4228515625 0.05224609375 0.4189453125 0.0947265625 0.4228515625 0.10546875 0.4345703125 0.126953125 0.4580078125 0.13720703125 0.4599609375
