0 0.0 0.5361328125 0.7041015625 0.4287109375 0.701171875 0.4765625 0.69775390625 0.5517578125 0.99853515625 0.900390625 0.99755859375 0.998046875 -0.0009765625 0.99609375
2 0.29296875 0.1875 0.2890625 0.05078125 0.32763671875 0.0 0.50439453125 0.0009765625 0.50830078125 0.009765625 0.5625 0.09765625 0.5634765625 0.1025390625 0.56787109375 0.111328125 0.56884765625 0.126953125 0.57763671875 0.1298828125 0.60595703125 0.1494140625 0.615234375 0.1328125 0.62109375 0.126953125 0.6474609375 0.1572265625 0.64892578125 0.427734375 0.6484375 0.4375 0.30029296875 0.4892578125
4 0.5771484375 0.4072265625 0.57763671875 0.3720703125 0.58154296875 0.3642578125 0.5908203125 0.3662109375 0.5986328125 0.3681640625 0.60302734375 0.3642578125 0.61474609375 0.365234375 0.6240234375 0.369140625 0.634765625 0.369140625 0.646484375 0.361328125 0.65576171875 0.3466796875 0.66357421875 0.34765625 0.67236328125 0.35546875 0.673828125 0.373046875 0.6787109375 0.3701171875 0.68408203125 0.3671875 0.68994140625 0.3828125 0.69140625 0.4091796875 0.69091796875 0.4189453125 0.57958984375 0.4287109375
5 0.62890625 0.41796875 0.63232421875 0.4111328125 0.6435546875 0.4091796875 0.64697265625 0.4189453125 0.64794921875 0.4287109375 0.64111328125 0.43359375
3 0.41357421875 0.43359375 0.515625 0.4267578125 0.515625 0.4541015625 0.41259765625 0.466796875
4 0.02392578125 0.46484375 0.02099609375 0.4482421875 0.0205078125 0.4287109375 0.01318359375 0.41796875 0.00634765625 0.40625 0.005859375 0.39453125 -0.0009765625 0.3857421875 -0.0009765625 0.212890625 0.00341796875 0.201171875 0.00439453125 0.1884765625 0.00439453125 0.1865234375 0.00830078125 0.1865234375 0.013671875 0.181640625 0.017578125 0.1865234375 0.02001953125 0.1767578125 0.0224609375 0.1796875 0.02783203125 0.1767578125 0.03125 0.1708984375 0.03466796875 0.1640625 0.0380859375 0.16015625 0.0458984375 0.1611328125 0.0498046875 0.1650390625 0.05126953125 0.1748046875 0.0546875 0.171875 0.060546875 0.16796875 0.06494140625 0.1728515625 0.0712890625 0.185546875 0.0751953125 0.197265625 0.0810546875 0.2021484375 0.0849609375 0.2099609375 0.0849609375 0.2255859375 0.08935546875 0.2255859375 0.09228515625 0.2294921875 0.0947265625 0.2451171875 0.0947265625 0.2548828125 0.0966796875 0.255859375 0.0986328125 0.2666015625 0.10791015625 0.2685546875 0.12353515625 0.4716796875 0.083984375 0.4716796875 0.08544921875 0.4501953125 0.0859375 0.4384765625 0.0830078125 0.4287109375 0.07861328125 0.427734375 0.068359375 0.419921875 0.0703125 0.4736328125 0.02392578125 0.4833984375
4 0.00048828125 0.4765625 0.01318359375 0.4619140625 0.02294921875 0.4580078125 0.0361328125 0.4560546875 0.04736328125 0.46484375 0.0546875 0.4755859375 0.033203125 0.482421875 0.0068359375 0.484375
3 -0.0009765625 0.474609375 0.1337890625 0.4619140625 0.1328125 0.4892578125 -0.0009765625 0.49609375
3 0.0673828125 0.4326171875 0.0673828125 0.484375 0.07080078125 0.484375 0.0703125 0.435546875
3 0.00341796875 0.4326171875 0.00390625 0.4921875 0.005859375 0.490234375 0.00439453125 0.4326171875
3 -0.0009765625 0.435546875 0.1064453125 0.4375 0.1064453125 0.4306640625 0.00048828125 0.4306640625
4 0.59912109375 0.0458984375 0.6015625 0.03515625 0.6015625 0.0244140625 0.61181640625 0.0 0.99853515625 0.0 0.99755859375 0.478515625 0.95458984375 0.4716796875 0.94384765625 0.4794921875 0.9453125 0.4990234375 0.9072265625 0.4912109375 0.84521484375 0.48828125 0.82177734375 0.484375 0.822265625 0.48828125 0.82470703125 0.5 0.802734375 0.50390625 0.78955078125 0.498046875 0.79052734375 0.4833984375 0.73193359375 0.4765625 0.70166015625 0.474609375 0.68896484375 0.470703125 0.685546875 0.458984375 0.685546875 0.4501953125 0.6904296875 0.4375 0.69189453125 0.419921875 0.69091796875 0.3974609375 0.6865234375 0.39453125 0.685546875 0.3837890625 0.6904296875 0.380859375 0.693359375 0.376953125 0.69873046875 0.3720703125 0.70166015625 0.37109375 0.7080078125 0.3701171875 0.7138671875 0.365234375 0.716796875 0.359375 0.71875 0.3486328125 0.71826171875 0.341796875 0.71728515625 0.3291015625 0.7138671875 0.3251953125 0.71875 0.3125 0.71533203125 0.3056640625 0.71337890625 0.2978515625 0.71630859375 0.29296875 0.7138671875 0.287109375 0.7119140625 0.287109375 0.708984375 0.27734375 0.67236328125 0.2783203125 0.66259765625 0.27734375 0.6669921875 0.263671875 0.669921875 0.2490234375 0.6728515625 0.2392578125 0.6728515625 0.236328125 0.66796875 0.2392578125 0.66357421875 0.25 0.6611328125 0.2490234375 0.65673828125 0.2509765625 0.64794921875 0.2490234375 0.64794921875 0.240234375 0.64501953125 0.2392578125 0.63916015625 0.232421875 0.63623046875 0.2353515625 0.63330078125 0.2353515625 0.6337890625 0.2255859375 0.6328125 0.21875 0.63037109375 0.2216796875 0.623046875 0.2236328125 0.61669921875 0.224609375 0.60888671875 0.224609375 0.59765625 0.21875 0.59521484375 0.208984375 0.59716796875 0.19921875 0.5986328125 0.185546875 0.6015625 0.1728515625 0.60791015625 0.1611328125 0.6083984375 0.150390625 0.61181640625 0.14453125 0.609375 0.1357421875 0.60888671875 0.126953125 0.61083984375 0.123046875 0.61083984375 0.1171875 0.60693359375 0.123046875 0.60205078125 0.1240234375 0.60009765625 0.1298828125 0.59619140625 0.1279296875 0.595703125 0.119140625 0.6005859375 0.111328125 0.5966796875 0.1044921875 0.59521484375 0.107421875 0.591796875 0.1005859375 0.595703125 0.091796875 0.5966796875 0.083984375 0.599609375 0.0703125 0.60400390625 0.0634765625 0.599609375 0.0595703125 0.59765625 0.0556640625 0.59716796875 0.0517578125
5 0.61474609375 0.4189453125 0.619140625 0.41015625 0.6396484375 0.412109375 0.646484375 0.4287109375 0.6484375 0.4375 0.64990234375 0.4541015625 0.6494140625 0.4765625 0.64306640625 0.482421875 0.638671875 0.48046875 0.63720703125 0.474609375 0.62939453125 0.474609375 0.62548828125 0.474609375 0.6240234375 0.4853515625 0.61669921875 0.4599609375 0.61474609375 0.431640625
5 0.56982421875 0.4033203125 0.587890625 0.4013671875 0.6123046875 0.4013671875 0.61767578125 0.404296875 0.62109375 0.4130859375 0.6240234375 0.4423828125 0.62841796875 0.4423828125 0.6298828125 0.4521484375 0.625 0.4541015625 0.6259765625 0.470703125 0.6259765625 0.4951171875 0.625 0.509765625 0.6220703125 0.5146484375 0.6162109375 0.5146484375 0.61474609375 0.5107421875 0.6142578125 0.50390625 0.5927734375 0.5029296875 0.57958984375 0.5029296875 0.57958984375 0.5068359375 0.57373046875 0.5087890625 0.57177734375 0.5146484375 0.56494140625 0.5146484375 0.5634765625 0.50390625 0.56396484375 0.47265625 0.564453125 0.4609375 0.56494140625 0.443359375 0.56298828125 0.4375 0.56298828125 0.4287109375 0.56689453125 0.423828125 0.56787109375 0.4189453125 0.56787109375 0.412109375
