2 0.44775390625 0.2783203125 0.458984375 0.287109375 0.462890625 0.2958984375 0.4658203125 0.2958984375 0.4716796875 0.3017578125 0.47705078125 0.3232421875 0.48046875 0.337890625 0.47998046875 0.34765625 0.52294921875 0.3505859375 0.52490234375 0.3447265625 0.52783203125 0.3408203125 0.53271484375 0.34375 0.53662109375 0.3466796875 0.54052734375 0.3486328125 0.54541015625 0.4462890625 0.439453125 0.4482421875
2 0.53759765625 0.3076171875 0.544921875 0.3056640625 0.544921875 0.298828125 0.55712890625 0.279296875 0.5966796875 0.306640625 0.5927734375 0.4375 0.5380859375 0.4384765625
2 0.45068359375 0.2958984375 0.46435546875 0.3017578125 0.47314453125 0.3212890625 0.474609375 0.4248046875 0.4365234375 0.4287109375
4 0.419921875 0.2109375 0.42529296875 0.2109375 0.4306640625 0.22265625 0.43212890625 0.2353515625 0.43603515625 0.23828125 0.43798828125 0.23828125 0.43994140625 0.2353515625 0.4423828125 0.2373046875 0.44482421875 0.2451171875 0.447265625 0.2548828125 0.44775390625 0.2626953125 0.451171875 0.2734375 0.45361328125 0.2783203125 0.45458984375 0.2841796875 0.45458984375 0.2919921875 0.45654296875 0.306640625 0.45654296875 0.3203125 0.45654296875 0.3251953125 0.458984375 0.330078125 0.4599609375 0.33984375 0.46240234375 0.34375 0.4619140625 0.35546875 0.4619140625 0.36328125 0.46142578125 0.376953125 0.4599609375 0.380859375 0.45703125 0.388671875 0.45556640625 0.392578125 0.45556640625 0.3955078125 0.45458984375 0.400390625 0.451171875 0.41015625 0.44482421875 0.4189453125 0.4404296875 0.4248046875 0.3896484375 0.439453125 0.39013671875 0.251953125 0.4169921875 0.2158203125
5 0.49853515625 0.431640625 0.50146484375 0.423828125 0.50830078125 0.423828125 0.5068359375 0.4404296875 0.49951171875 0.4423828125
5 0.52001953125 0.4326171875 0.52783203125 0.435546875 0.5322265625 0.4384765625 0.5322265625 0.443359375 0.52294921875 0.443359375
0 0.39404296875 0.44140625 0.439453125 0.4423828125 0.482421875 0.44140625 0.51025390625 0.4404296875 0.54345703125 0.4404296875 0.5986328125 0.4375 0.998046875 0.501953125 0.998046875 0.9970703125 -0.0009765625 0.9970703125 0.0 0.541015625
4 0.59765625 0.4453125 0.58984375 0.44140625 0.591796875 0.4306640625 0.591796875 0.4189453125 0.58837890625 0.40625 0.58544921875 0.3984375 0.583984375 0.3916015625 0.58251953125 0.38671875 0.5830078125 0.3798828125 0.5810546875 0.3759765625 0.5751953125 0.37109375 0.5693359375 0.3701171875 0.56591796875 0.3671875 0.564453125 0.361328125 0.56298828125 0.3564453125 0.5576171875 0.3505859375 0.55419921875 0.34765625 0.55419921875 0.3359375 0.56005859375 0.32421875 0.56298828125 0.31640625 0.56787109375 0.3125 0.56494140625 0.310546875 0.5537109375 0.302734375 0.55078125 0.2880859375 0.5478515625 0.27734375 0.54541015625 0.2646484375 0.54296875 0.2646484375 0.54345703125 0.2548828125 0.54345703125 0.2451171875 0.54052734375 0.25390625 0.53759765625 0.259765625 0.53515625 0.255859375 0.53076171875 0.2451171875 0.5283203125 0.236328125 0.52734375 0.2265625 0.52587890625 0.21875 0.5244140625 0.2138671875 0.521484375 0.208984375 0.52001953125 0.1982421875 0.5166015625 0.1845703125 0.51513671875 0.1640625 0.51513671875 0.154296875 0.513671875 0.142578125 0.51953125 0.138671875 0.52490234375 0.1328125 0.52490234375 0.12890625 0.52783203125 0.1220703125 0.53125 0.123046875 0.53564453125 0.126953125 0.541015625 0.123046875 0.54541015625 0.1162109375 0.54541015625 0.1103515625 0.544921875 0.1005859375 0.5439453125 0.08984375 0.54443359375 0.07421875 0.55029296875 0.0654296875 0.5517578125 0.0556640625 0.55615234375 0.04296875 0.5576171875 0.0341796875 0.5615234375 0.029296875 0.5634765625 0.0244140625 0.56787109375 0.021484375 0.57275390625 0.015625 0.57470703125 0.0107421875 0.5771484375 0.0068359375 0.5830078125 0.001953125 0.58740234375 0.0009765625 0.59619140625 0.0 0.59814453125 0.0009765625 0.6015625 0.0068359375 0.6044921875 0.009765625 0.6083984375 0.01171875 0.61181640625 0.0166015625 0.61376953125 0.0263671875 0.61767578125 0.0380859375 0.6220703125 0.0673828125 0.62109375 0.193359375 0.60546875 0.3896484375
1 0.6015625 0.4462890625 0.9970703125 0.5068359375 0.99755859375 0.7021484375 0.787109375 0.5791015625 0.65234375 0.5 0.60498046875 0.4736328125 0.5771484375 0.455078125 0.572265625 0.4501953125 0.57177734375 0.4462890625 0.576171875 0.443359375 0.5859375 0.4423828125
1 -0.0009765625 0.515625 0.39697265625 0.453125 0.42236328125 0.4541015625 0.42236328125 0.45703125 0.40625 0.4638671875 0.3779296875 0.4736328125 0.33203125 0.4921875 0.2734375 0.51171875 0.2138671875 0.53125 0.0654296875 0.5888671875 0.0 0.6162109375
5 0.40380859375 0.4306640625 0.408203125 0.423828125 0.41650390625 0.423828125 0.4208984375 0.43359375 0.41162109375 0.443359375 0.40380859375 0.443359375 0.40380859375 0.4375
2 0.26416015625 0.0 0.39794921875 0.0009765625 0.39697265625 0.4521484375 0.35595703125 0.462890625 0.3115234375 0.47265625 0.263671875 0.4873046875 0.26416015625 0.0185546875
4 0.4169921875 0.0048828125 0.42138671875 0.0126953125 0.42626953125 0.017578125 0.4306640625 0.03125 0.43212890625 0.048828125 0.435546875 0.0966796875 0.43505859375 0.1083984375 0.43115234375 0.142578125 0.4326171875 0.1708984375 0.43310546875 0.189453125 0.4326171875 0.208984375 0.4287109375 0.232421875 0.42626953125 0.2451171875 0.42578125 0.2587890625 0.4248046875 0.2724609375 0.421875 0.2880859375 0.41748046875 0.3037109375 0.41455078125 0.3154296875 0.40283203125 0.3154296875 0.39501953125 0.3134765625 0.38671875 0.3115234375 0.3828125 0.314453125 0.37890625 0.3173828125 0.36328125 0.3173828125 0.361328125 0.3271484375 0.3603515625 0.3330078125 0.357421875 0.34375 0.3525390625 0.34765625 0.34716796875 0.3525390625 0.34375 0.3525390625 0.33642578125 0.3603515625 0.33056640625 0.3642578125 0.3271484375 0.361328125 0.3076171875 0.4462890625 0.30810546875 0.4716796875 0.29248046875 0.478515625 0.28662109375 0.4755859375 0.287109375 0.42578125 0.30322265625 0.3525390625 0.3017578125 0.345703125 0.2998046875 0.3359375 0.2958984375 0.3291015625 0.294921875 0.3203125 0.28955078125 0.3076171875 0.28759765625 0.2958984375 0.28125 0.287109375 0.27880859375 0.287109375 0.26806640625 0.2822265625 0.26220703125 0.275390625 0.25830078125 0.0 0.41064453125 0.0
2 0.0 0.0009765625 0.26953125 0.0 0.27099609375 0.486328125 0.13720703125 0.5185546875 0.046875 0.5458984375 0.02392578125 0.5517578125 -0.00048828125 0.55859375
5 0.46044921875 0.4287109375 0.462890625 0.4189453125 0.47265625 0.41796875 0.47607421875 0.4248046875 0.4765625 0.439453125 0.46484375 0.4375
5 0.42138671875 0.4248046875 0.42626953125 0.4189453125 0.443359375 0.4189453125 0.4404296875 0.44140625 0.41162109375 0.4443359375 0.40869140625 0.439453125 0.41015625 0.4345703125 0.4140625 0.4306640625 0.4189453125 0.4296875
5 0.4462890625 0.416015625 0.4560546875 0.41796875 0.4638671875 0.427734375 0.47314453125 0.4296875 0.47314453125 0.443359375 0.46826171875 0.443359375 0.4638671875 0.4423828125 0.44677734375 0.4423828125 0.4443359375 0.4443359375 0.43896484375 0.4443359375 0.43603515625 0.4423828125 0.43017578125 0.4384765625 0.4296875 0.4326171875 0.4296875 0.4267578125 0.4345703125 0.423828125 0.43798828125 0.421875
5 0.50634765625 0.4208984375 0.5078125 0.4150390625 0.5146484375 0.4140625 0.52099609375 0.416015625 0.5234375 0.423828125 0.5244140625 0.4453125 0.5234375 0.451171875 0.521484375 0.451171875 0.51953125 0.4482421875 0.5068359375 0.4462890625 0.5068359375 0.4521484375 0.50390625 0.451171875 0.50439453125 0.44140625 0.50439453125 0.4287109375
5 0.5419921875 0.453125 0.5390625 0.447265625 0.53955078125 0.4384765625 0.53955078125 0.4306640625 0.541015625 0.4267578125 0.5439453125 0.4169921875 0.54833984375 0.416015625 0.55322265625 0.4189453125
5 0.54345703125 0.4306640625 0.54541015625 0.4248046875 0.548828125 0.4189453125 0.5615234375 0.41796875 0.5673828125 0.4287109375 0.56787109375 0.44140625 0.56787109375 0.451171875 0.56787109375 0.4541015625 0.5634765625 0.4541015625 0.5615234375 0.451171875 0.54931640625 0.451171875 0.5478515625 0.4541015625 0.54443359375 0.4541015625 0.5419921875 0.4501953125 0.541015625 0.4423828125 0.541015625 0.4375
2 0.5966796875 0.138671875 0.6015625 0.11328125 0.599609375 0.1044921875 0.6044921875 0.076171875 0.61376953125 0.0517578125 0.61572265625 0.0419921875 0.61572265625 0.033203125 0.62158203125 0.033203125 0.62353515625 0.0107421875 0.6416015625 0.0107421875 0.65087890625 0.0 0.99853515625 0.0 0.99755859375 0.5126953125 0.82373046875 0.5322265625 0.72900390625 0.49609375 0.71337890625 0.484375 0.6884765625 0.4853515625 0.64453125 0.466796875 0.6376953125 0.4658203125 0.607421875 0.455078125 0.59765625 0.44921875 0.5986328125 0.1669921875 0.59130859375 0.1669921875
4 0.4775390625 0.400390625 0.47900390625 0.39453125 0.4814453125 0.38671875 0.4814453125 0.376953125 0.48388671875 0.3681640625 0.48291015625 0.3603515625 0.47802734375 0.3564453125 0.47998046875 0.345703125 0.47998046875 0.33984375 0.4794921875 0.3330078125 0.47802734375 0.3251953125 0.4765625 0.318359375 0.4736328125 0.3056640625 0.470703125 0.2998046875 0.46435546875 0.2958984375 0.4619140625 0.2939453125 0.4580078125 0.283203125 0.45556640625 0.2822265625 0.453125 0.2802734375 0.45361328125 0.302734375 0.458984375 0.3076171875 0.47021484375 0.3203125 0.47216796875 0.330078125 0.47314453125 0.3447265625 0.47265625 0.3525390625 0.47314453125 0.3701171875 0.47216796875 0.376953125 0.47119140625 0.388671875 0.47216796875 0.3994140625 0.47509765625 0.4013671875
