4 0.044921875 0.23828125 0.06494140625 0.2421875 0.0673828125 0.21875 0.07568359375 0.2099609375 0.083984375 0.21484375 0.09130859375 0.2060546875 0.1015625 0.216796875 0.111328125 0.2041015625 0.11669921875 0.2216796875 0.12109375 0.232421875 0.12841796875 0.232421875 0.134765625 0.21875 0.14111328125 0.2119140625 0.14697265625 0.2236328125 0.1533203125 0.22265625 0.16015625 0.228515625 0.169921875 0.244140625 0.17529296875 0.2529296875 0.18505859375 0.2392578125 0.18994140625 0.251953125 0.1943359375 0.25 0.197265625 0.244140625 0.203125 0.2470703125 0.20654296875 0.251953125 0.21533203125 0.25 0.224609375 0.251953125 0.234375 0.2431640625 0.24169921875 0.2431640625 0.2490234375 0.236328125 0.2587890625 0.2294921875 0.26806640625 0.2373046875 0.27099609375 0.2421875 0.27880859375 0.2294921875 0.2822265625 0.2314453125 0.28857421875 0.2216796875 0.296875 0.2158203125 0.29638671875 0.20703125 0.3076171875 0.1953125 0.314453125 0.201171875 0.3212890625 0.1923828125 0.32666015625 0.2001953125 0.33251953125 0.1943359375 0.3408203125 0.181640625 0.35107421875 0.1826171875 0.36083984375 0.1875 0.36767578125 0.1943359375 0.37646484375 0.185546875 0.39013671875 0.185546875 0.4013671875 0.1826171875 0.41162109375 0.1787109375 0.42578125 0.1767578125 0.4345703125 0.173828125 0.44580078125 0.1796875 0.4521484375 0.1748046875 0.46142578125 0.18359375 0.47314453125 0.1796875 0.48095703125 0.1708984375 0.49755859375 0.173828125 0.505859375 0.177734375 0.5107421875 0.181640625 0.51611328125 0.1787109375 0.5224609375 0.173828125 0.533203125 0.173828125 0.58935546875 0.1845703125 0.60302734375 0.177734375 0.61474609375 0.17578125 0.6201171875 0.169921875 0.63916015625 0.1669921875 0.6611328125 0.1640625 0.66796875 0.1669921875 0.6728515625 0.1669921875 0.677734375 0.162109375 0.6943359375 0.1611328125 0.701171875 0.171875 0.7080078125 0.173828125 0.71630859375 0.173828125 0.73046875 0.1669921875 0.740234375 0.158203125 0.76611328125 0.158203125 0.7705078125 0.15234375 0.7763671875 0.158203125 0.7958984375 0.1572265625 0.80615234375 0.15625 0.81884765625 0.16796875 0.92578125 0.1923828125 0.94970703125 0.1748046875 0.9619140625 0.1796875 0.9716796875 0.185546875 0.978515625 0.1904296875 0.9873046875 0.185546875 0.99853515625 0.1884765625 0.99853515625 0.2861328125 0.02392578125 0.37890625
2 0.30029296875 0.2412109375 0.484375 0.2587890625 0.49755859375 0.24609375 0.5107421875 0.263671875 0.56591796875 0.267578125 0.56640625 0.2265625 0.60107421875 0.18359375 0.6474609375 0.197265625 0.6728515625 0.2392578125 0.673828125 0.259765625 0.70751953125 0.2607421875 0.70751953125 0.236328125 0.75830078125 0.236328125 0.7666015625 0.2490234375 0.796875 0.2490234375 0.63671875 0.6865234375 0.21484375 0.37109375 0.21533203125 0.2578125 0.283203125 0.263671875 0.2822265625 0.3330078125 0.30029296875 0.333984375
4 0.20068359375 0.388671875 0.197265625 0.359375 0.19091796875 0.34765625 0.1845703125 0.3427734375 0.17529296875 0.3330078125 0.16259765625 0.3330078125 0.15087890625 0.32421875 0.14013671875 0.3154296875 0.13037109375 0.3193359375 0.12158203125 0.3349609375 0.1201171875 0.3525390625 0.12255859375 0.3994140625
0 0.38525390625 0.443359375 0.42138671875 0.4443359375 0.62939453125 0.447265625 0.998046875 0.9755859375 0.998046875 0.998046875 -0.0009765625 0.9970703125 -0.0009765625 0.8447265625 0.2177734375 0.58203125
5 0.29833984375 0.38671875 0.2939453125 0.3564453125 0.2880859375 0.3369140625 0.25341796875 0.330078125 0.2265625 0.333984375 0.22412109375 0.3671875 0.25927734375 0.404296875
5 0.3984375 0.4736328125 0.39501953125 0.4462890625 0.3916015625 0.43359375 0.3935546875 0.431640625 0.39453125 0.4267578125 0.39208984375 0.4189453125 0.38720703125 0.4169921875 0.38037109375 0.388671875 0.37109375 0.37109375 0.36328125 0.3701171875 0.359375 0.3798828125 0.333984375 0.37890625 0.30810546875 0.3818359375 0.3515625 0.521484375 0.3701171875 0.5224609375 0.37109375 0.5361328125 0.38330078125 0.5361328125 0.384765625 0.5166015625 0.3857421875 0.5166015625 0.38720703125 0.525390625 0.39794921875 0.5234375 0.39990234375 0.498046875
5 0.31884765625 0.578125 0.3310546875 0.576171875 0.33544921875 0.5576171875 0.3359375 0.5439453125 0.34228515625 0.5400390625 0.34326171875 0.5576171875 0.353515625 0.556640625 0.35595703125 0.5498046875 0.35693359375 0.5107421875 0.3564453125 0.4765625 0.3544921875 0.4619140625 0.35009765625 0.4541015625 0.35400390625 0.451171875 0.3583984375 0.4453125 0.35595703125 0.435546875 0.34912109375 0.4365234375 0.34765625 0.4462890625 0.3369140625 0.41015625 0.32275390625 0.3876953125 0.3193359375 0.3798828125 0.279296875 0.3740234375 0.25439453125 0.375
5 0.14111328125 0.373046875 0.126953125 0.3515625 0.0927734375 0.3388671875 0.05859375 0.3349609375 0.08642578125 0.408203125
5 0.27490234375 0.6044921875 0.2939453125 0.5908203125 0.29541015625 0.6103515625 0.31591796875 0.609375 0.3212890625 0.583984375 0.3212890625 0.5234375 0.31591796875 0.478515625 0.30224609375 0.4580078125 0.31103515625 0.4541015625 0.31396484375 0.4453125 0.3115234375 0.43359375 0.29931640625 0.4296875 0.296875 0.4423828125 0.28271484375 0.400390625 0.26123046875 0.3642578125 0.236328125 0.35546875 0.2236328125 0.357421875 0.2216796875 0.361328125 0.185546875 0.359375 0.16064453125 0.359375 0.142578125 0.3544921875 0.12841796875 0.3544921875 0.1142578125 0.3720703125 0.10302734375 0.3876953125 0.20068359375 0.6201171875 0.23876953125 0.6201171875 0.240234375 0.64453125 0.2431640625 0.65625 0.2666015625 0.65625 0.271484375 0.6357421875
5 0.4462890625 0.400390625 0.43115234375 0.4013671875 0.4248046875 0.4052734375 0.4189453125 0.41796875 0.4150390625 0.439453125 0.416015625 0.4619140625 0.4169921875 0.4677734375 0.42236328125 0.4677734375 0.42333984375 0.4609375 0.431640625 0.4609375 0.4326171875 0.46875 0.43798828125 0.4716796875 0.43896484375 0.4677734375 0.4541015625 0.466796875 0.453125 0.4033203125
4 0.69970703125 0.296875 0.7080078125 0.2958984375 0.716796875 0.2919921875 0.7265625 0.2900390625 0.7353515625 0.287109375 0.7392578125 0.294921875 0.744140625 0.2890625 0.74951171875 0.2919921875 0.75341796875 0.296875 0.7607421875 0.291015625 0.76611328125 0.291015625 0.7763671875 0.2900390625 0.78466796875 0.3388671875 0.69873046875 0.333984375
4 0.60546875 0.2734375 0.60595703125 0.259765625 0.6025390625 0.25 0.60400390625 0.2373046875 0.59912109375 0.2275390625 0.59033203125 0.220703125 0.58154296875 0.22265625 0.5810546875 0.2353515625 0.5830078125 0.248046875 0.5810546875 0.2568359375 0.57666015625 0.263671875 0.57666015625 0.2705078125
5 0.4931640625 0.41015625 0.4755859375 0.40625 0.46435546875 0.408203125 0.4580078125 0.4208984375 0.4541015625 0.4228515625 0.45458984375 0.4248046875 0.45556640625 0.427734375 0.4521484375 0.439453125 0.45068359375 0.451171875 0.45068359375 0.4658203125 0.451171875 0.4775390625 0.45654296875 0.4775390625 0.45751953125 0.4736328125 0.458984375 0.474609375 0.458984375 0.48046875 0.4619140625 0.482421875 0.46630859375 0.4814453125 0.46630859375 0.474609375 0.47802734375 0.474609375
3 0.6552734375 0.3818359375 0.64208984375 0.380859375 0.62646484375 0.3857421875 0.59130859375 0.390625 0.57470703125 0.3916015625 0.56787109375 0.3955078125 0.560546875 0.3935546875 0.5517578125 0.3974609375 0.53662109375 0.396484375 0.5205078125 0.3974609375 0.51953125 0.416015625 0.53759765625 0.478515625 0.64306640625 0.4970703125 0.65576171875 0.416015625
5 0.51171875 0.4052734375 0.4970703125 0.40625 0.49072265625 0.4111328125 0.48388671875 0.42578125 0.4775390625 0.42578125 0.4755859375 0.4306640625 0.4775390625 0.43359375 0.47998046875 0.4345703125 0.47705078125 0.4453125 0.47509765625 0.470703125 0.47509765625 0.4873046875 0.47998046875 0.48828125 0.4814453125 0.486328125 0.48193359375 0.4775390625 0.48779296875 0.478515625 0.48828125 0.4892578125 0.490234375 0.4912109375 0.49462890625 0.4912109375 0.49609375 0.4833984375 0.4990234375 0.482421875 0.5 0.48828125 0.50439453125 0.48828125 0.50537109375 0.4833984375 0.51611328125 0.482421875 0.51611328125 0.494140625 0.521484375 0.4951171875 0.5224609375 0.4853515625 0.52978515625 0.4853515625 0.53173828125 0.494140625 0.5380859375 0.4951171875 0.5390625 0.4716796875 0.53857421875 0.4482421875 0.5361328125 0.4287109375 0.53173828125 0.416015625 0.52197265625 0.4072265625
1 0.671875 0.63671875 0.6298828125 0.583984375 0.59619140625 0.54296875 0.5771484375 0.5205078125 0.5576171875 0.509765625 0.52587890625 0.5 0.525390625 0.494140625 0.5458984375 0.4892578125 0.61767578125 0.50390625 0.65966796875 0.53515625 0.6796875 0.626953125
5 0.1953125 0.708984375 0.2001953125 0.6484375 0.20166015625 0.5830078125 0.1923828125 0.5302734375 0.17578125 0.4951171875 0.15576171875 0.470703125 0.14111328125 0.43359375 0.111328125 0.37890625 0.06982421875 0.3349609375 0.037109375 0.3193359375 -0.0009765625 0.314453125 -0.0009765625 0.92578125 0.01953125 0.8984375 0.037109375 0.8193359375 0.0380859375 0.802734375 0.142578125 0.724609375 0.1455078125 0.7470703125 0.1484375 0.75390625 0.16357421875 0.75390625 0.1796875 0.7509765625 0.19091796875 0.7373046875 0.19482421875 0.7177734375
4 0.90869140625 0.171875 0.90283203125 0.150390625 0.88671875 0.1328125 0.86767578125 0.1318359375 0.85009765625 0.1181640625 0.83984375 0.1103515625 0.8251953125 0.1142578125 0.8173828125 0.12890625 0.8134765625 0.1748046875 0.80224609375 0.18359375 0.79248046875 0.1982421875 0.78466796875 0.2236328125 0.7822265625 0.2451171875 0.77880859375 0.2578125 0.7724609375 0.283203125 0.76611328125 0.3037109375 0.76318359375 0.3203125 0.75048828125 0.310546875 0.74072265625 0.3173828125 0.7255859375 0.32421875 0.71826171875 0.3212890625 0.71142578125 0.32421875 0.69970703125 0.3193359375 0.69189453125 0.3203125 0.68505859375 0.3310546875 0.6796875 0.3232421875 0.6728515625 0.3291015625 0.66552734375 0.3408203125 0.658203125 0.3583984375 0.65380859375 0.373046875 0.64599609375 0.3857421875 0.64501953125 0.4072265625 0.64208984375 0.4228515625 0.638671875 0.44140625 0.6376953125 0.4580078125 0.634765625 0.478515625 0.6328125 0.4951171875 0.6318359375 0.513671875 0.63134765625 0.5341796875 0.6318359375 0.5517578125 0.6357421875 0.568359375 0.6474609375 0.583984375 0.65673828125 0.5947265625 0.65673828125 0.6259765625 0.66552734375 0.634765625 0.6689453125 0.6494140625 0.6806640625 0.6748046875 0.69189453125 0.6982421875 0.71240234375 0.7099609375 0.7275390625 0.720703125 0.74560546875 0.7568359375 0.76171875 0.7890625 0.7890625 0.798828125 0.81396484375 0.830078125 0.837890625 0.857421875 0.84375 0.8994140625 0.8681640625 0.9248046875 0.90185546875 0.935546875 0.92138671875 0.978515625 0.93603515625 0.9951171875 0.99755859375 0.9970703125 0.9990234375 0.23046875 0.984375 0.22265625 0.97412109375 0.2236328125 0.96484375 0.2080078125 0.96142578125 0.1904296875 0.95556640625 0.177734375 0.9453125 0.1748046875 0.935546875 0.177734375 0.92529296875 0.1689453125 0.9140625 0.1748046875
