4 0.52490234375 0.279296875 0.47802734375 0.2685546875 0.4775390625 0.4248046875 0.5234375 0.4208984375 0.53173828125 0.3779296875
2 0.51904296875 0.2431640625 0.482421875 0.2412109375 0.47607421875 0.1923828125 0.4736328125 0.1923828125 0.4736328125 0.17578125 0.47607421875 0.1689453125 0.474609375 0.1474609375 0.46826171875 0.1435546875 0.466796875 0.1376953125 0.46923828125 0.1357421875 0.46435546875 0.1025390625 0.47265625 0.099609375 0.45703125 0.078125 0.45654296875 0.068359375 0.45947265625 0.068359375 0.455078125 0.0205078125 0.41650390625 0.0029296875 -0.00048828125 0.0 -0.00048828125 0.673828125 0.482421875 0.4482421875 0.48095703125 0.4208984375 0.4814453125 0.390625 0.48486328125 0.38671875 0.486328125 0.318359375 0.4833984375 0.3017578125 0.482421875 0.28515625 0.48486328125 0.2763671875 0.48974609375 0.2724609375 0.49365234375 0.2763671875 0.5009765625 0.2822265625 0.5107421875 0.287109375 0.5224609375 0.2900390625
2 0.9990234375 0.4375 0.99853515625 0.0 0.65625 0.0 0.671875 0.08203125 0.66552734375 0.3740234375 0.6875 0.4541015625
4 0.4736328125 0.0341796875 0.4794921875 0.0439453125 0.48876953125 0.046875 0.49267578125 0.0625 0.494140625 0.07421875 0.5 0.0859375 0.50244140625 0.09765625 0.501953125 0.1142578125 0.50732421875 0.123046875 0.5107421875 0.1328125 0.50732421875 0.1435546875 0.50537109375 0.1630859375 0.50830078125 0.1826171875 0.513671875 0.20703125 0.51513671875 0.2275390625 0.51220703125 0.2392578125 0.51025390625 0.2587890625 0.51171875 0.2861328125 0.515625 0.32421875 0.515625 0.3505859375 0.52001953125 0.373046875 0.52490234375 0.40234375 0.54052734375 0.40234375 0.54736328125 0.4169921875 0.55029296875 0.4287109375 0.55810546875 0.4404296875 0.65380859375 0.44140625 0.69140625 0.4072265625 0.78125 0.396484375 0.7724609375 0.3837890625 0.76611328125 0.373046875 0.75732421875 0.3603515625 0.7451171875 0.3486328125 0.7314453125 0.3447265625 0.72314453125 0.3203125 0.71533203125 0.3125 0.705078125 0.3193359375 0.69775390625 0.3212890625 0.6865234375 0.3408203125 0.68017578125 0.3330078125 0.67919921875 0.306640625 0.6650390625 0.28515625 0.66796875 0.2734375 0.66796875 0.2578125 0.66552734375 0.2548828125 0.66796875 0.248046875 0.669921875 0.1376953125 0.6640625 0.1298828125 0.66162109375 0.119140625 0.6650390625 0.1083984375 0.669921875 0.103515625 0.66650390625 0.09375 0.67138671875 0.080078125 0.67138671875 0.048828125 0.6669921875 0.04296875 0.66845703125 0.0341796875 0.66552734375 0.0205078125 0.67236328125 0.0 0.4775390625 0.0 0.4775390625 0.0078125 0.48095703125 0.0166015625 0.47607421875 0.0244140625
5 0.53271484375 0.4306640625 0.5341796875 0.4228515625 0.53662109375 0.4208984375 0.54150390625 0.419921875 0.54541015625 0.4267578125 0.53857421875 0.431640625 0.5341796875 0.4326171875
0 0.533203125 0.4541015625 0.59228515625 0.45703125 0.744140625 0.63671875 0.99853515625 0.8173828125 0.99853515625 0.998046875 -0.0009765625 0.9970703125 -0.0009765625 0.8330078125 0.46435546875 0.4453125 0.4794921875 0.447265625
1 0.5693359375 0.466796875 0.53662109375 0.462890625 0.5341796875 0.4482421875 0.53857421875 0.447265625 0.54638671875 0.44921875 0.55419921875 0.4541015625 0.568359375 0.455078125
4 0.9111328125 0.40234375 0.93994140625 0.4033203125 0.97705078125 0.3984375 0.9931640625 0.3798828125 0.99853515625 0.37109375 0.9990234375 0.6279296875 0.94580078125 0.6162109375
1 0.95068359375 0.6005859375 0.9990234375 0.6201171875 0.9990234375 0.7490234375 0.85302734375 0.6396484375
1 0.0126953125 0.9521484375 0.22265625 0.7236328125 0.28662109375 0.6611328125 0.341796875 0.595703125 0.38525390625 0.5439453125 0.42626953125 0.5029296875 0.44140625 0.48828125 0.4599609375 0.4677734375 0.4638671875 0.4619140625 0.4658203125 0.458984375 0.46435546875 0.455078125 0.458984375 0.4521484375 0.40966796875 0.4609375 0.3759765625 0.4794921875 0.3759765625 0.48828125 0.17626953125 0.572265625 0.04833984375 0.5625 0.0 0.576171875 0.0 0.9677734375
5 0.4765625 0.4248046875 0.474609375 0.4365234375 0.47412109375 0.4462890625 0.4736328125 0.4521484375 0.47705078125 0.453125 0.486328125 0.4169921875 0.48095703125 0.4169921875 0.4775390625 0.41796875
4 0.38037109375 0.005859375 0.3759765625 0.482421875 0.3828125 0.4814453125 0.390625 0.48046875 0.4013671875 0.4765625 0.412109375 0.4697265625 0.4248046875 0.4111328125 0.43017578125 0.39453125 0.4306640625 0.357421875 0.43603515625 0.3447265625 0.44091796875 0.3388671875 0.44775390625 0.3310546875 0.4501953125 0.32421875 0.4453125 0.3154296875 0.43798828125 0.30859375 0.435546875 0.3017578125 0.43701171875 0.2939453125 0.44384765625 0.283203125 0.45068359375 0.2705078125 0.451171875 0.2626953125 0.43701171875 0.2646484375 0.427734375 0.265625 0.42138671875 0.2626953125 0.41796875 0.2490234375 0.41943359375 0.232421875 0.4228515625 0.2158203125 0.42333984375 0.197265625 0.42041015625 0.18359375 0.42578125 0.1748046875 0.42822265625 0.1640625 0.42724609375 0.1494140625 0.419921875 0.125 0.42236328125 0.1142578125 0.43212890625 0.1123046875 0.43798828125 0.1064453125 0.4345703125 0.0908203125 0.43408203125 0.0771484375 0.4404296875 0.060546875 0.44384765625 0.0546875 0.44921875 0.0439453125 0.44970703125 0.0322265625 0.44580078125 0.021484375 0.44482421875 0.0068359375 0.4453125 0.0 0.38037109375 0.0
4 0.2041015625 0.2353515625 0.20849609375 0.216796875 0.21240234375 0.1962890625 0.2158203125 0.1875 0.22021484375 0.1953125 0.22314453125 0.1826171875 0.22412109375 0.162109375 0.22412109375 0.138671875 0.22705078125 0.109375 0.23388671875 0.0947265625 0.2392578125 0.1181640625 0.24755859375 0.162109375 0.255859375 0.185546875 0.263671875 0.2294921875 0.27001953125 0.2734375 0.27490234375 0.33203125 0.2744140625 0.37890625 0.271484375 0.4052734375 0.267578125 0.4306640625 0.2626953125 0.4501953125 0.25439453125 0.47265625 0.24169921875 0.48828125 0.23291015625 0.5 0.23193359375 0.5009765625 0.23193359375 0.412109375 0.22607421875 0.40625 0.2265625 0.3916015625 0.23876953125 0.40625 0.24072265625 0.3994140625 0.21875 0.37109375
4 0.13671875 0.177734375 0.14111328125 0.1357421875 0.14453125 0.1064453125 0.1533203125 0.0751953125 0.16015625 0.0888671875 0.1650390625 0.0966796875 0.1669921875 0.0869140625 0.17724609375 0.1123046875 0.19091796875 0.150390625 0.20068359375 0.1865234375 0.20751953125 0.2373046875 0.21630859375 0.2822265625 0.22216796875 0.3203125 0.2236328125 0.3486328125 0.2197265625 0.373046875 0.21728515625 0.4052734375 0.212890625 0.4326171875 0.20654296875 0.4560546875 0.193359375 0.48046875 0.1767578125 0.490234375 0.16455078125 0.5087890625 0.1591796875 0.51953125 0.15283203125 0.5361328125 0.14794921875 0.5380859375 0.1328125 0.5166015625 0.11865234375 0.4951171875 0.10791015625 0.4814453125 0.0986328125 0.455078125 0.09375 0.408203125 0.09716796875 0.37890625 0.1005859375 0.3642578125 0.10302734375 0.3388671875 0.1083984375 0.3095703125 0.1171875 0.287109375 0.12646484375 0.2568359375 0.13134765625 0.216796875
5 0.45361328125 0.4091796875 0.435546875 0.40625 0.4208984375 0.408203125 0.41357421875 0.421875 0.41162109375 0.427734375 0.40673828125 0.4287109375 0.40625 0.431640625 0.40673828125 0.4365234375 0.40966796875 0.4375 0.40771484375 0.4501953125 0.40625 0.4765625 0.40625 0.49609375 0.41259765625 0.498046875 0.41943359375 0.498046875 0.419921875 0.48828125 0.45068359375 0.490234375 0.45068359375 0.5009765625 0.45703125 0.5 0.4609375 0.49609375 0.4619140625 0.4658203125 0.46240234375 0.451171875 0.46044921875 0.4423828125 0.4638671875 0.44140625 0.46484375 0.4365234375 0.46337890625 0.4326171875 0.458984375 0.431640625 0.45703125 0.416015625
5 0.53857421875 0.5146484375 0.53955078125 0.4833984375 0.53857421875 0.4609375 0.53759765625 0.44921875 0.54052734375 0.4482421875 0.5419921875 0.4462890625 0.5419921875 0.44140625 0.54052734375 0.439453125 0.537109375 0.439453125 0.5361328125 0.439453125 0.53173828125 0.42578125 0.52783203125 0.412109375 0.5087890625 0.408203125 0.4921875 0.4091796875 0.4873046875 0.4140625 0.4755859375 0.4453125 0.47412109375 0.46484375 0.47314453125 0.5078125 0.47412109375 0.5166015625 0.47802734375 0.517578125 0.48193359375 0.5166015625 0.4833984375 0.5078125 0.4892578125 0.505859375 0.4970703125 0.5029296875 0.51220703125 0.5048828125 0.52294921875 0.50390625 0.5244140625 0.5078125 0.529296875 0.5078125 0.52978515625 0.5146484375 0.5322265625 0.51953125 0.5380859375 0.5185546875
5 0.61865234375 0.4052734375 0.615234375 0.3935546875 0.6123046875 0.3916015625 0.5869140625 0.392578125 0.58056640625 0.392578125 0.5751953125 0.4072265625 0.57177734375 0.42578125 0.5693359375 0.4228515625 0.5673828125 0.42578125 0.56787109375 0.4306640625 0.56982421875 0.4326171875 0.5673828125 0.4453125 0.56640625 0.4619140625 0.56591796875 0.4765625 0.56689453125 0.48828125 0.568359375 0.4921875 0.57080078125 0.4931640625 0.5712890625 0.4970703125 0.57666015625 0.4970703125 0.5791015625 0.49609375 0.5791015625 0.4853515625 0.5908203125 0.4833984375
5 0.63232421875 0.4033203125 0.61181640625 0.4072265625 0.60302734375 0.4111328125 0.5947265625 0.439453125 0.59033203125 0.4404296875 0.58837890625 0.4453125 0.58837890625 0.4501953125 0.5927734375 0.451171875 0.5888671875 0.474609375 0.5908203125 0.5185546875 0.5986328125 0.5185546875 0.5986328125 0.505859375 0.6015625 0.505859375 0.603515625 0.5263671875 0.6083984375 0.525390625
5 0.681640625 0.404296875 0.662109375 0.4013671875 0.63623046875 0.4033203125 0.6279296875 0.4052734375 0.6240234375 0.4091796875 0.615234375 0.4306640625 0.61181640625 0.4521484375 0.609375 0.4453125 0.60546875 0.4423828125 0.6015625 0.4453125 0.599609375 0.44921875 0.60205078125 0.455078125 0.60888671875 0.4580078125 0.61083984375 0.4580078125 0.60595703125 0.46875 0.6044921875 0.4814453125 0.60595703125 0.51953125 0.6064453125 0.533203125 0.6142578125 0.5341796875 0.61767578125 0.5361328125 0.6181640625 0.5439453125 0.62451171875 0.544921875 0.63232421875 0.5439453125 0.63330078125 0.5234375 0.6376953125 0.5244140625
5 0.68115234375 0.5869140625 0.70458984375 0.583984375 0.751953125 0.3984375 0.716796875 0.400390625 0.681640625 0.4033203125 0.66845703125 0.4111328125 0.658203125 0.4326171875 0.65087890625 0.4609375 0.6494140625 0.458984375 0.6494140625 0.4521484375 0.6416015625 0.453125 0.63720703125 0.4580078125 0.63720703125 0.4658203125 0.6396484375 0.4677734375 0.64599609375 0.466796875 0.6396484375 0.4873046875 0.63671875 0.5009765625 0.63623046875 0.548828125 0.63818359375 0.572265625 0.6396484375 0.5771484375 0.65087890625 0.578125 0.6513671875 0.5703125 0.66015625 0.5771484375 0.66162109375 0.5986328125 0.6640625 0.6083984375 0.677734375 0.607421875 0.67919921875 0.59765625
5 0.8310546875 0.3779296875 0.78564453125 0.384765625 0.7587890625 0.392578125 0.740234375 0.4140625 0.72802734375 0.447265625 0.72314453125 0.470703125 0.71826171875 0.4697265625 0.71728515625 0.4609375 0.71533203125 0.45703125 0.70849609375 0.4580078125 0.70068359375 0.4638671875 0.69873046875 0.47265625 0.70166015625 0.4814453125 0.71044921875 0.4833984375 0.71533203125 0.4833984375 0.7080078125 0.49609375 0.70361328125 0.5107421875 0.69970703125 0.52734375 0.6982421875 0.578125 0.701171875 0.62109375 0.7060546875 0.642578125 0.72314453125 0.642578125 0.72607421875 0.6337890625 0.7265625 0.62109375 0.75048828125 0.6396484375 0.75341796875 0.67578125 0.75927734375 0.6923828125 0.7802734375 0.6943359375 0.78564453125 0.681640625 0.78955078125 0.6591796875 0.85205078125 0.6494140625 0.8896484375 0.646484375 0.89990234375 0.654296875 0.90673828125 0.654296875 0.91455078125 0.65234375 0.9208984375 0.671875 0.93212890625 0.6787109375 0.9462890625 0.6787109375 0.95361328125 0.65625 0.95458984375 0.6123046875 0.95654296875 0.5576171875 0.95263671875 0.498046875 0.94677734375 0.466796875 0.92333984375 0.419921875 0.90625 0.38671875 0.86962890625 0.3779296875
