4 0.19677734375 0.328125 0.20849609375 0.31640625 0.2177734375 0.3203125 0.23095703125 0.330078125 0.23388671875 0.3408203125 0.24560546875 0.3505859375 0.25146484375 0.3681640625 0.2548828125 0.4208984375 0.21337890625 0.419921875 0.1943359375 0.3896484375
2 0.50537109375 0.3037109375 0.34521484375 0.2861328125 0.33984375 0.330078125 0.2607421875 0.3486328125 0.26025390625 0.35546875 0.24951171875 0.37890625 0.24462890625 0.38671875 0.244140625 0.427734375 0.2734375 0.4638671875 0.49169921875 0.453125
2 0.18701171875 0.2587890625 0.0400390625 0.236328125 0.0400390625 0.2314453125 0.03515625 0.2216796875 0.0361328125 0.1953125 0.02880859375 0.1533203125 0.02001953125 0.1904296875 0.02001953125 0.2177734375 0.013671875 0.2265625 0.015625 0.2333984375 0.0 0.2314453125 -0.0009765625 0.4248046875 0.197265625 0.3896484375 0.19873046875 0.376953125 0.20166015625 0.3759765625 0.2041015625 0.2939453125 0.1865234375 0.2919921875
2 0.6220703125 0.013671875 0.619140625 0.23046875 0.58447265625 0.25390625 0.58447265625 0.271484375 0.5615234375 0.2783203125 0.50634765625 0.3486328125 0.49755859375 0.4658203125 0.6142578125 0.4765625 0.6923828125 0.4775390625 0.93798828125 0.4375 0.91650390625 0.2529296875 0.87109375 0.0 0.63525390625 0.001953125
4 0.357421875 0.333984375 0.3671875 0.318359375 0.3740234375 0.3173828125 0.380859375 0.3251953125 0.388671875 0.3427734375 0.42578125 0.3388671875 0.4384765625 0.326171875 0.4462890625 0.322265625 0.45947265625 0.3173828125 0.46533203125 0.31640625 0.470703125 0.3056640625 0.47607421875 0.310546875 0.4853515625 0.310546875 0.4921875 0.314453125 0.49560546875 0.3330078125 0.49560546875 0.357421875 0.49658203125 0.4013671875 0.49365234375 0.4248046875 0.44970703125 0.49609375 0.37646484375 0.498046875 0.34814453125 0.400390625 0.3486328125 0.3798828125 0.34619140625 0.365234375 0.3525390625 0.3486328125
4 0.55517578125 0.25 0.56591796875 0.251953125 0.56591796875 0.2607421875 0.5703125 0.26953125 0.56982421875 0.283203125 0.57568359375 0.2822265625 0.57958984375 0.2880859375 0.5771484375 0.298828125 0.58154296875 0.310546875 0.59130859375 0.30859375 0.60009765625 0.3095703125 0.607421875 0.3203125 0.6044921875 0.33984375 0.60595703125 0.353515625 0.6083984375 0.3779296875 0.603515625 0.396484375 0.5966796875 0.412109375 0.59033203125 0.427734375 0.5859375 0.443359375 0.583984375 0.455078125 0.58154296875 0.46484375 0.56689453125 0.4599609375 0.56689453125 0.4423828125 0.5615234375 0.42578125 0.55419921875 0.41015625 0.5439453125 0.4228515625 0.54052734375 0.43359375 0.5390625 0.4599609375 0.53369140625 0.4599609375 0.5341796875 0.443359375 0.5322265625 0.4326171875 0.52392578125 0.4248046875 0.515625 0.41015625 0.50341796875 0.41015625 0.49365234375 0.3994140625 0.48828125 0.380859375 0.49169921875 0.349609375 0.49267578125 0.3271484375 0.49853515625 0.310546875 0.49658203125 0.2958984375 0.4990234375 0.27734375 0.50439453125 0.26171875 0.5087890625 0.248046875 0.51806640625 0.2265625 0.5263671875 0.2265625 0.533203125 0.2333984375 0.5380859375 0.224609375 0.54736328125 0.212890625 0.55224609375 0.2216796875 0.5537109375 0.2392578125
1 0.60400390625 0.4833984375 0.51318359375 0.474609375 0.51318359375 0.494140625 0.60302734375 0.494140625
4 0.60107421875 0.458984375 0.583984375 0.455078125 0.57080078125 0.4560546875 0.552734375 0.4599609375 0.533203125 0.458984375 0.52587890625 0.4609375 0.5185546875 0.470703125 0.51708984375 0.478515625 0.51806640625 0.4814453125 0.54345703125 0.484375 0.5673828125 0.4853515625 0.59814453125 0.486328125 0.6044921875 0.484375 0.60400390625 0.466796875
0 0.609375 0.4912109375 0.56689453125 0.4892578125 0.53369140625 0.48828125 0.51513671875 0.4853515625 0.4462890625 0.4873046875 0.39501953125 0.48828125 -0.0009765625 0.4794921875 -0.0009765625 0.9970703125 0.998046875 0.998046875 0.9990234375 0.5556640625
4 0.82373046875 0.0419921875 0.8173828125 0.0537109375 0.81494140625 0.0693359375 0.8095703125 0.078125 0.80615234375 0.0966796875 0.80224609375 0.126953125 0.802734375 0.1376953125 0.8076171875 0.14453125 0.8095703125 0.1552734375 0.81396484375 0.1708984375 0.81591796875 0.177734375 0.81201171875 0.1923828125 0.81005859375 0.2138671875 0.81396484375 0.2314453125 0.80859375 0.2412109375 0.80224609375 0.2509765625 0.79443359375 0.2666015625 0.79150390625 0.28515625 0.791015625 0.30078125 0.794921875 0.3134765625 0.80126953125 0.3291015625 0.81396484375 0.3310546875 0.8251953125 0.322265625 0.8330078125 0.3203125 0.84033203125 0.3310546875 0.85302734375 0.3408203125 0.86376953125 0.345703125 0.873046875 0.3388671875 0.8759765625 0.3525390625 0.8818359375 0.3544921875 0.88818359375 0.3515625 0.89208984375 0.3544921875 0.892578125 0.3701171875 0.8896484375 0.375 0.88671875 0.3779296875 0.88671875 0.3916015625 0.89404296875 0.4013671875 0.89892578125 0.40234375 0.89453125 0.419921875 0.89453125 0.4365234375 0.9990234375 0.4375 0.9990234375 0.0 0.79052734375 0.0 0.791015625 0.005859375 0.7978515625 0.01171875 0.80712890625 0.01171875 0.8095703125 0.01171875 0.80859375 0.021484375 0.810546875 0.03125 0.8203125 0.0341796875 0.83642578125 0.005859375 0.84716796875 0.0029296875 0.83935546875 0.0146484375 0.828125 0.02734375
4 0.90673828125 0.9482421875 0.771484375 0.7666015625 0.6474609375 0.6181640625 0.599609375 0.564453125 0.57861328125 0.541015625 0.5791015625 0.5224609375 0.5849609375 0.515625 0.59375 0.4990234375 0.6025390625 0.4765625 0.60986328125 0.4677734375 0.6201171875 0.4580078125 0.63818359375 0.451171875 0.64697265625 0.4560546875 0.65673828125 0.45703125 0.6650390625 0.4560546875 0.67138671875 0.451171875 0.68505859375 0.451171875 0.68896484375 0.435546875 0.69970703125 0.40625 0.70654296875 0.4033203125 0.70556640625 0.41796875 0.71484375 0.4091796875 0.72509765625 0.4189453125 0.73974609375 0.4130859375 0.74658203125 0.41015625 0.755859375 0.4169921875 0.7626953125 0.4248046875 0.77734375 0.419921875 0.806640625 0.419921875 0.8330078125 0.4287109375 0.853515625 0.4091796875 0.8798828125 0.4140625 0.91259765625 0.4150390625 0.951171875 0.419921875 0.97607421875 0.4130859375 0.99853515625 0.408203125 0.998046875 0.99609375 0.93994140625 0.9970703125
5 0.51904296875 0.5244140625 0.51953125 0.482421875 0.517578125 0.451171875 0.51904296875 0.44921875 0.51953125 0.443359375 0.51904296875 0.44140625 0.5146484375 0.4423828125 0.509765625 0.4267578125 0.50439453125 0.4140625 0.49462890625 0.4091796875 0.48291015625 0.40625 0.46923828125 0.4091796875 0.462890625 0.408203125 0.46044921875 0.40625 0.45751953125 0.4111328125 0.44970703125 0.439453125 0.4443359375 0.4658203125 0.443359375 0.505859375 0.443359375 0.5205078125 0.44482421875 0.5302734375 0.455078125 0.5302734375 0.45654296875 0.5244140625 0.45654296875 0.5166015625 0.50341796875 0.515625 0.50390625 0.52734375 0.5078125 0.5302734375 0.5146484375 0.529296875 0.51806640625 0.529296875
5 0.3623046875 0.412109375 0.37646484375 0.4130859375 0.3837890625 0.41796875 0.39013671875 0.439453125 0.39404296875 0.4521484375 0.3955078125 0.4677734375 0.3955078125 0.5048828125 0.3955078125 0.509765625 0.39111328125 0.515625 0.38671875 0.515625 0.38623046875 0.5283203125 0.3798828125 0.5283203125
5 0.275390625 0.439453125 0.27001953125 0.423828125 0.263671875 0.4140625 0.2451171875 0.4111328125 0.22119140625 0.412109375 0.23779296875 0.5 0.26025390625 0.5009765625 0.2607421875 0.5078125 0.26318359375 0.51171875
5 0.3818359375 0.552734375 0.38232421875 0.50390625 0.3798828125 0.46484375 0.36962890625 0.4248046875 0.3603515625 0.3984375 0.3505859375 0.392578125 0.3115234375 0.390625 0.2861328125 0.392578125 0.27685546875 0.4208984375 0.267578125 0.455078125 0.26171875 0.490234375 0.26220703125 0.53125 0.26318359375 0.5634765625 0.2666015625 0.5712890625 0.27783203125 0.5693359375 0.279296875 0.55859375 0.2802734375 0.55078125 0.2978515625 0.55078125 0.302734375 0.5478515625 0.33349609375 0.546875 0.34912109375 0.55078125 0.35498046875 0.55078125 0.35595703125 0.5625 0.357421875 0.5732421875 0.361328125 0.5751953125 0.37060546875 0.57421875 0.37353515625 0.56640625 0.3740234375 0.556640625 0.37841796875 0.556640625
5 0.14453125 0.404296875 0.1494140625 0.39453125 0.154296875 0.3876953125 0.1796875 0.3876953125 0.20947265625 0.388671875 0.21875 0.396484375 0.22998046875 0.4306640625 0.2333984375 0.4296875 0.23828125 0.4326171875 0.23876953125 0.4375 0.236328125 0.44140625 0.2333984375 0.443359375 0.23583984375 0.455078125 0.23974609375 0.4677734375 0.240234375 0.4873046875 0.240234375 0.509765625 0.23828125 0.51953125 0.2333984375 0.521484375 0.2294921875 0.5205078125 0.22802734375 0.5146484375 0.21826171875 0.5126953125 0.21826171875 0.5224609375 0.21630859375 0.5263671875 0.2080078125 0.529296875 0.2060546875 0.5263671875 0.20458984375 0.5146484375 0.18359375 0.51171875
5 0.0078125 0.4150390625 0.0185546875 0.4091796875 0.03125 0.4130859375 0.0390625 0.4208984375 0.02978515625 0.4697265625
5 0.1474609375 0.5361328125 0.16845703125 0.5322265625 0.16943359375 0.544921875 0.17138671875 0.546875 0.1826171875 0.5458984375 0.185546875 0.5322265625 0.1865234375 0.4931640625 0.1845703125 0.474609375 0.17529296875 0.451171875 0.17822265625 0.44921875 0.18017578125 0.4443359375 0.1787109375 0.4375 0.173828125 0.4326171875 0.1708984375 0.43359375 0.169921875 0.4365234375 0.15966796875 0.412109375 0.14697265625 0.392578125 0.1337890625 0.384765625 0.123046875 0.384765625 0.1142578125 0.388671875 0.08349609375 0.3876953125 0.07275390625 0.3837890625 0.06396484375 0.3837890625 0.05859375 0.3876953125 0.05517578125 0.3916015625 0.05078125 0.39453125 0.04736328125 0.400390625 0.0361328125 0.4267578125 0.03076171875 0.4375 0.02880859375 0.4560546875 0.048828125 0.564453125 0.05322265625 0.55859375 0.0576171875 0.54296875 0.06591796875 0.54296875 0.07177734375 0.5380859375 0.08642578125 0.5380859375 0.0888671875 0.546875 0.1025390625 0.544921875 0.103515625 0.5390625 0.125 0.5419921875 0.1279296875 0.5546875 0.13037109375 0.5615234375 0.142578125 0.5595703125 0.14697265625 0.546875
5 0.025390625 0.5869140625 0.02783203125 0.6044921875 0.03173828125 0.61328125 0.0458984375 0.6103515625 0.05078125 0.58984375 0.05419921875 0.5390625 0.0517578125 0.498046875 0.04443359375 0.4765625 0.0341796875 0.4638671875 0.037109375 0.4599609375 0.03857421875 0.4521484375 0.03466796875 0.4443359375 0.02978515625 0.4404296875 0.02587890625 0.443359375 0.02587890625 0.4453125 0.017578125 0.4189453125 0.0078125 0.3994140625 0.0 0.3828125 -0.0009765625 0.3818359375 -0.0009765625 0.58984375
