0 0.0 0.484375 0.4033203125 0.443359375 0.4208984375 0.423828125 0.458984375 0.42578125 0.515625 0.453125 0.63525390625 0.470703125 0.998046875 0.654296875 0.99755859375 0.9970703125 0.0 0.99609375
4 0.0 0.0 0.41650390625 0.0009765625 0.41552734375 0.0048828125 0.412109375 0.01171875 0.4130859375 0.021484375 0.41796875 0.0234375 0.4248046875 0.0244140625 0.42578125 0.029296875 0.42041015625 0.041015625 0.41552734375 0.048828125 0.41650390625 0.060546875 0.4228515625 0.0615234375 0.42333984375 0.0771484375 0.42919921875 0.0849609375 0.4345703125 0.0947265625 0.44140625 0.099609375 0.43994140625 0.091796875 0.43505859375 0.0791015625 0.4345703125 0.0712890625 0.4345703125 0.0634765625 0.435546875 0.0517578125 0.4423828125 0.04296875 0.45166015625 0.0361328125 0.45654296875 0.0361328125 0.45751953125 0.0361328125 0.45458984375 0.029296875 0.4541015625 0.021484375 0.45654296875 0.0146484375 0.46240234375 0.0068359375 0.46728515625 0.0 0.99853515625 0.0 0.99755859375 0.671875 0.6064453125 0.4736328125 0.568359375 0.4658203125 0.56396484375 0.4619140625 0.53271484375 0.45703125 0.49609375 0.4453125 0.46533203125 0.44140625 0.45849609375 0.4287109375 0.43701171875 0.4287109375 0.4169921875 0.443359375 0.40380859375 0.443359375 0.31884765625 0.466796875 0.11376953125 0.5107421875 0.04541015625 0.51171875 -0.0009765625 0.51171875
5 0.47998046875 0.447265625 0.4853515625 0.4384765625 0.494140625 0.4306640625 0.5126953125 0.4296875 0.52099609375 0.4375 0.515625 0.45703125 0.49560546875 0.45703125 0.48974609375 0.45703125 0.48486328125 0.4560546875 0.48095703125 0.4560546875
1 0.568359375 0.4658203125 0.51953125 0.4658203125 0.5 0.458984375 0.49609375 0.4541015625 0.51416015625 0.4560546875 0.52880859375 0.4599609375 0.568359375 0.462890625
4 0.50390625 0.421875 0.50244140625 0.4130859375 0.5 0.408203125 0.501953125 0.4033203125 0.4990234375 0.3935546875 0.501953125 0.384765625 0.50634765625 0.380859375 0.5107421875 0.3779296875 0.51416015625 0.3671875 0.5224609375 0.3681640625 0.5263671875 0.3662109375 0.52978515625 0.373046875 0.533203125 0.3720703125 0.53564453125 0.373046875 0.53564453125 0.3837890625 0.53662109375 0.3974609375 0.5390625 0.4091796875 0.53662109375 0.4169921875 0.5361328125 0.4228515625 0.5341796875 0.421875 0.5302734375 0.431640625 0.52880859375 0.447265625 0.53076171875 0.45703125 0.52490234375 0.4609375 0.5146484375 0.45703125 0.5078125 0.45703125 0.5126953125 0.4443359375 0.51318359375 0.4423828125 0.51318359375 0.435546875 0.51123046875 0.4287109375 0.50634765625 0.42578125
1 0.53466796875 0.46875 0.58056640625 0.4697265625 0.6123046875 0.4775390625 0.58251953125 0.494140625 0.568359375 0.4853515625 0.54296875 0.4755859375
1 0.2705078125 0.458984375 0.3583984375 0.4736328125 0.34912109375 0.4794921875 0.3125 0.4912109375 0.2353515625 0.5126953125 0.15869140625 0.5419921875 0.07421875 0.556640625 0.0 0.5634765625 0.0 0.509765625 0.0458984375 0.5107421875 0.08740234375 0.5029296875 0.1728515625 0.490234375 0.19873046875 0.484375 0.181640625 0.47265625 0.21728515625 0.46875 0.267578125 0.4609375
2 0.24609375 0.3076171875 0.26953125 0.3115234375 0.2890625 0.3203125 0.2890625 0.3310546875 0.27392578125 0.3330078125 0.267578125 0.470703125 0.2626953125 0.470703125 0.248046875 0.4677734375 0.23388671875 0.46875 0.22705078125 0.46875 0.22705078125 0.48046875 0.22119140625 0.4765625 0.22119140625 0.4716796875 0.21630859375 0.470703125 0.21630859375 0.474609375 0.21240234375 0.47265625 0.21826171875 0.2998046875 0.22900390625 0.3017578125 0.24072265625 0.3037109375
4 0.30322265625 0.41015625 0.30712890625 0.4033203125 0.31005859375 0.4013671875 0.31103515625 0.3974609375 0.31494140625 0.3935546875 0.32080078125 0.3935546875 0.3232421875 0.3974609375 0.32666015625 0.400390625 0.330078125 0.4033203125 0.33203125 0.4072265625 0.3349609375 0.4091796875 0.33935546875 0.4130859375 0.3427734375 0.4150390625 0.34619140625 0.41796875 0.34814453125 0.4267578125 0.3515625 0.4365234375 0.3486328125 0.4541015625 0.3427734375 0.4638671875 0.3388671875 0.4677734375 0.33203125 0.4716796875 0.3125 0.4658203125 0.30810546875 0.4609375 0.3056640625 0.45703125 0.30419921875 0.4482421875 0.3037109375 0.435546875 0.30419921875 0.427734375 0.30615234375 0.419921875
5 0.46826171875 0.421875 0.47021484375 0.4287109375 0.46875 0.4521484375 0.4599609375 0.4521484375 0.45751953125 0.453125 0.4541015625 0.4501953125 0.45458984375 0.4287109375 0.4560546875 0.423828125 0.4638671875 0.4228515625
5 0.474609375 0.4306640625 0.4794921875 0.43359375 0.48291015625 0.439453125 0.48291015625 0.455078125 0.48291015625 0.458984375 0.47900390625 0.4580078125 0.47607421875 0.4560546875 0.47119140625 0.4560546875 0.4697265625 0.458984375 0.4658203125 0.458984375 0.46630859375 0.451171875 0.466796875 0.4375 0.46875 0.43359375 0.47021484375 0.431640625
