2 0.37744140625 0.1552734375 0.44970703125 0.142578125 0.4501953125 0.119140625 0.45361328125 0.1181640625 0.45361328125 0.140625 0.54541015625 0.1220703125 0.56298828125 0.1767578125 0.57666015625 0.1494140625 0.64111328125 0.1767578125 0.701171875 0.2861328125 0.705078125 0.50390625 0.48583984375 0.494140625 0.45849609375 0.4912109375 0.369140625 0.494140625
0 -0.0009765625 0.4609375 0.55078125 0.4794921875 0.79150390625 0.490234375 0.99853515625 0.494140625 0.998046875 0.9970703125 0.00146484375 0.9990234375
1 0.0 0.4755859375 0.33154296875 0.48046875 0.37939453125 0.4892578125 0.41650390625 0.48828125 0.4189453125 0.5 0.39453125 0.5068359375 0.3466796875 0.5087890625 0.3173828125 0.5107421875 0.1787109375 0.509765625 0.07763671875 0.5078125 0.0 0.509765625
1 0.744140625 0.4951171875 0.84326171875 0.505859375 0.84375 0.5146484375 0.76220703125 0.51953125
2 0.0 0.0 0.38427734375 0.0 0.38134765625 0.4912109375 0.37548828125 0.4921875 0.37255859375 0.4931640625 0.36767578125 0.4931640625 0.3662109375 0.494140625 0.359375 0.494140625 0.357421875 0.4970703125 0.349609375 0.49609375 0.3486328125 0.5 0.33837890625 0.4990234375 0.33837890625 0.5029296875 0.32177734375 0.5009765625 0.32275390625 0.4921875 0.3076171875 0.4921875 0.2861328125 0.4931640625 0.26904296875 0.49609375 0.14599609375 0.4931640625 -0.00048828125 0.4853515625
5 0.45458984375 0.4501953125 0.4638671875 0.453125 0.46630859375 0.462890625 0.4697265625 0.4638671875 0.47021484375 0.46875 0.47021484375 0.4775390625 0.47021484375 0.5048828125 0.46484375 0.5068359375 0.45556640625 0.505859375 0.455078125 0.482421875 0.455078125 0.4658203125
5 0.42529296875 0.4560546875 0.4296875 0.447265625 0.44091796875 0.4443359375 0.458984375 0.4462890625 0.46337890625 0.4619140625 0.46484375 0.46875 0.4658203125 0.474609375 0.46484375 0.5087890625 0.4619140625 0.5087890625 0.46142578125 0.50390625 0.458984375 0.505859375 0.458984375 0.5107421875 0.4521484375 0.5107421875 0.4521484375 0.509765625 0.4443359375 0.5078125 0.43408203125 0.5078125 0.43359375 0.5107421875 0.4287109375 0.51171875 0.4267578125 0.5048828125 0.4248046875 0.5048828125 0.423828125 0.5126953125 0.41845703125 0.5107421875 0.41748046875 0.50390625 0.4189453125 0.486328125 0.4208984375 0.470703125
2 0.689453125 0.5078125 0.68701171875 0.3857421875 0.69384765625 0.0908203125 0.7138671875 0.0888671875 0.71533203125 0.0009765625 0.99853515625 0.0 0.99755859375 0.513671875 0.763671875 0.5029296875
4 0.71435546875 0.4990234375 0.70458984375 0.4736328125 0.7041015625 0.44921875 0.703125 0.4375 0.7001953125 0.4326171875 0.6982421875 0.4287109375 0.697265625 0.4228515625 0.697265625 0.4111328125 0.697265625 0.40234375 0.6953125 0.3984375 0.69189453125 0.396484375 0.6845703125 0.400390625 0.68115234375 0.4091796875 0.67578125 0.40625 0.66943359375 0.400390625 0.66259765625 0.408203125 0.6591796875 0.4111328125 0.6552734375 0.4189453125 0.65234375 0.41015625 0.65234375 0.3974609375 0.6435546875 0.390625 0.64013671875 0.3896484375 0.63037109375 0.384765625 0.61181640625 0.3759765625 0.60498046875 0.3642578125 0.6025390625 0.3583984375 0.60107421875 0.349609375 0.6005859375 0.333984375 0.603515625 0.3154296875 0.60498046875 0.3037109375 0.6123046875 0.2900390625 0.6181640625 0.287109375 0.61962890625 0.271484375 0.615234375 0.2666015625 0.611328125 0.259765625 0.60986328125 0.25 0.6103515625 0.23828125 0.6123046875 0.220703125 0.6181640625 0.20703125 0.62158203125 0.1962890625 0.6240234375 0.1845703125 0.63330078125 0.1640625 0.646484375 0.1513671875 0.66064453125 0.1474609375 0.66845703125 0.140625 0.67529296875 0.1357421875 0.67919921875 0.119140625 0.68603515625 0.09765625 0.69140625 0.0888671875 0.6982421875 0.087890625 0.70556640625 0.099609375 0.71484375 0.09765625 0.7236328125 0.09765625 0.7294921875 0.1064453125 0.73828125 0.1083984375 0.74267578125 0.103515625 0.75244140625 0.099609375 0.76171875 0.1025390625 0.77099609375 0.1044921875 0.7890625 0.1181640625 0.79443359375 0.1240234375 0.79443359375 0.1455078125 0.7998046875 0.16015625 0.80419921875 0.1708984375 0.81005859375 0.1826171875 0.81298828125 0.1962890625 0.81787109375 0.20703125 0.822265625 0.21875 0.82421875 0.23046875 0.82421875 0.2490234375 0.81982421875 0.26171875 0.8134765625 0.2783203125 0.8076171875 0.27734375 0.798828125 0.2802734375 0.78955078125 0.275390625 0.78857421875 0.283203125 0.7919921875 0.291015625 0.794921875 0.3017578125 0.79541015625 0.310546875 0.7958984375 0.31640625 0.80029296875 0.3310546875 0.80126953125 0.345703125 0.806640625 0.3525390625 0.81005859375 0.3603515625 0.81396484375 0.3662109375 0.81689453125 0.3740234375 0.8193359375 0.3896484375 0.81689453125 0.4033203125 0.81298828125 0.4091796875 0.8037109375 0.408203125 0.794921875 0.416015625 0.79443359375 0.4365234375 0.7880859375 0.4365234375 0.77978515625 0.44140625 0.77197265625 0.4453125 0.7646484375 0.443359375 0.7548828125 0.44140625 0.74755859375 0.44921875 0.73974609375 0.4755859375
4 0.69482421875 0.513671875 0.697265625 0.4990234375 0.69921875 0.48828125 0.7041015625 0.4765625 0.708984375 0.46875 0.712890625 0.4619140625 0.71728515625 0.4580078125 0.72021484375 0.4541015625 0.72998046875 0.4521484375 0.734375 0.4560546875 0.73828125 0.4580078125 0.7431640625 0.4638671875 0.74658203125 0.46484375 0.7509765625 0.4658203125 0.755859375 0.4736328125 0.76318359375 0.4990234375 0.767578125 0.5 0.77587890625 0.509765625 0.77880859375 0.517578125 0.76513671875 0.5205078125 0.7421875 0.5224609375 0.7265625 0.5185546875 0.6982421875 0.5205078125
4 0.92626953125 0.513671875 0.92333984375 0.4931640625 0.91455078125 0.478515625 0.8955078125 0.4716796875 0.87451171875 0.447265625 0.85693359375 0.439453125 0.8466796875 0.4462890625 0.8369140625 0.44140625 0.83251953125 0.42578125 0.83251953125 0.4130859375 0.82958984375 0.400390625 0.81787109375 0.380859375 0.8056640625 0.3642578125 0.8037109375 0.3447265625 0.80322265625 0.328125 0.80859375 0.30078125 0.81494140625 0.294921875 0.81201171875 0.2822265625 0.81103515625 0.23046875 0.82275390625 0.2158203125 0.82763671875 0.212890625 0.83642578125 0.2041015625 0.83837890625 0.1943359375 0.83837890625 0.1806640625 0.83837890625 0.1640625 0.8359375 0.15625 0.830078125 0.142578125 0.826171875 0.1328125 0.81884765625 0.1318359375 0.8173828125 0.125 0.81298828125 0.12890625 0.810546875 0.1337890625 0.8076171875 0.1357421875 0.80419921875 0.1357421875 0.80224609375 0.1279296875 0.8037109375 0.115234375 0.80615234375 0.107421875 0.8046875 0.09765625 0.8037109375 0.08984375 0.80859375 0.087890625 0.8134765625 0.087890625 0.82080078125 0.08203125 0.8291015625 0.072265625 0.8330078125 0.0654296875 0.83837890625 0.0517578125 0.8466796875 0.0400390625 0.849609375 0.0322265625 0.84814453125 0.0244140625 0.84814453125 0.017578125 0.8486328125 0.0126953125 0.84375 0.0068359375 0.8447265625 0.001953125 0.84765625 0.0 0.998046875 0.0 0.9990234375 0.517578125
5 0.51025390625 0.400390625 0.52685546875 0.39453125 0.55078125 0.392578125 0.57666015625 0.392578125 0.59130859375 0.3955078125 0.6083984375 0.4052734375 0.62451171875 0.423828125 0.6396484375 0.4404296875 0.650390625 0.4521484375 0.66748046875 0.462890625 0.685546875 0.4755859375 0.697265625 0.498046875 0.69921875 0.5009765625 0.69775390625 0.51171875 0.70166015625 0.517578125 0.703125 0.5400390625 0.7041015625 0.5458984375 0.7021484375 0.5498046875 0.70361328125 0.560546875 0.68994140625 0.5703125 0.68212890625 0.5693359375 0.68115234375 0.572265625 0.67333984375 0.5869140625 0.66162109375 0.58984375 0.64892578125 0.587890625 0.64208984375 0.578125 0.6328125 0.5654296875 0.58154296875 0.564453125 0.533203125 0.5654296875 0.52734375 0.56640625 0.525390625 0.572265625 0.52099609375 0.5849609375 0.51123046875 0.587890625 0.49951171875 0.587890625 0.4951171875 0.5751953125 0.490234375 0.5576171875 0.48095703125 0.55859375 0.47509765625 0.548828125 0.47265625 0.5224609375 0.47412109375 0.498046875 0.48095703125 0.4677734375 0.48974609375 0.451171875 0.490234375 0.44140625 0.50146484375 0.42578125 0.5068359375 0.4072265625
1 0.3486328125 0.7158203125 0.15966796875 0.9990234375 0.0 0.998046875 0.0 0.7236328125
