4 0.5341796875 0.267578125 0.5146484375 0.2685546875 0.50830078125 0.263671875 0.5029296875 0.2666015625 0.46728515625 0.2607421875 0.46435546875 0.2646484375 0.43017578125 0.259765625 0.41455078125 0.2548828125 0.3974609375 0.25390625 0.3935546875 0.2509765625 0.376953125 0.2509765625 0.3583984375 0.2431640625 0.35107421875 0.2470703125 0.3408203125 0.2421875 0.32666015625 0.234375 0.31494140625 0.23046875 0.30419921875 0.2314453125 0.29833984375 0.2265625 0.28466796875 0.22265625 0.2666015625 0.224609375 0.2626953125 0.404296875 0.33837890625 0.4423828125 0.35400390625 0.447265625 0.40234375 0.4404296875 0.40966796875 0.435546875 0.41064453125 0.4248046875 0.412109375 0.423828125 0.4130859375 0.447265625 0.416015625 0.4462890625 0.4150390625 0.4228515625 0.4189453125 0.421875 0.421875 0.4287109375 0.439453125 0.4267578125 0.54248046875 0.3427734375 0.54052734375 0.2939453125
2 0.4833984375 0.3193359375 0.49609375 0.322265625 0.5 0.3212890625 0.5 0.3173828125 0.49365234375 0.31640625 0.48681640625 0.3115234375 0.4833984375 0.3154296875
2 0.34716796875 0.3525390625 0.3447265625 0.3515625 0.34423828125 0.345703125 0.3408203125 0.34765625 0.341796875 0.3486328125 0.34326171875 0.353515625 0.34521484375 0.353515625
2 0.32861328125 0.3544921875 0.330078125 0.357421875 0.3349609375 0.3525390625 0.33154296875 0.34765625 0.3271484375 0.3505859375
2 0.322265625 0.3642578125 0.32568359375 0.3642578125 0.32568359375 0.3671875 0.34033203125 0.3681640625 0.3408203125 0.3642578125 0.349609375 0.3642578125 0.34912109375 0.3935546875 0.3369140625 0.3857421875 0.33544921875 0.375 0.33203125 0.3701171875 0.33056640625 0.3720703125 0.32666015625 0.3701171875 0.32568359375 0.3759765625 0.32568359375 0.3779296875 0.31884765625 0.37109375 0.32275390625 0.3701171875
2 0.2724609375 0.4033203125 0.27392578125 0.240234375 0.2822265625 0.22265625 0.2294921875 0.158203125 0.21240234375 0.1591796875 0.21240234375 0.1220703125 0.212890625 0.06640625 0.2177734375 0.0654296875 0.21728515625 0.0615234375 0.18212890625 0.0 -0.00048828125 0.0 -0.0009765625 0.3759765625 0.0908203125 0.416015625 0.17333984375 0.4365234375 0.27001953125 0.421875
5 0.43505859375 0.4365234375 0.42822265625 0.4365234375 0.42529296875 0.4404296875 0.423828125 0.451171875 0.423828125 0.4638671875 0.4267578125 0.4638671875 0.427734375 0.4619140625 0.43310546875 0.4609375
5 0.4462890625 0.4375 0.4404296875 0.4345703125 0.43505859375 0.4365234375 0.431640625 0.447265625 0.43115234375 0.4609375 0.443359375 0.4580078125
4 0.4482421875 0.439453125 0.44189453125 0.435546875 0.43896484375 0.427734375 0.43603515625 0.4150390625 0.43505859375 0.404296875 0.43408203125 0.3837890625 0.43896484375 0.3701171875 0.44775390625 0.3544921875 0.45849609375 0.3525390625 0.46484375 0.34765625 0.47021484375 0.3408203125 0.4775390625 0.3408203125 0.48193359375 0.3486328125 0.48583984375 0.33984375 0.4912109375 0.3388671875 0.49462890625 0.34375 0.498046875 0.3427734375 0.50146484375 0.3388671875 0.501953125 0.330078125 0.50634765625 0.3173828125 0.515625 0.3134765625 0.5234375 0.3134765625 0.5302734375 0.322265625 0.5322265625 0.314453125 0.53564453125 0.306640625 0.54248046875 0.302734375 0.54052734375 0.427734375
2 0.5390625 0.4248046875 0.541015625 0.30078125 0.55712890625 0.2685546875 0.56884765625 0.265625 0.5625 0.4169921875
4 0.58251953125 0.1064453125 0.57177734375 0.10546875 0.56396484375 0.1181640625 0.55517578125 0.12109375 0.53955078125 0.130859375 0.53466796875 0.142578125 0.52783203125 0.1630859375 0.52490234375 0.1767578125 0.52880859375 0.1796875 0.52392578125 0.1875 0.5205078125 0.1943359375 0.52587890625 0.205078125 0.52197265625 0.2080078125 0.51904296875 0.21484375 0.52001953125 0.23046875 0.525390625 0.23828125 0.5263671875 0.2470703125 0.52392578125 0.2568359375 0.5263671875 0.265625 0.52880859375 0.2685546875 0.5244140625 0.275390625 0.52587890625 0.28515625 0.5263671875 0.2958984375 0.52880859375 0.3046875 0.5341796875 0.3095703125 0.541015625 0.30859375 0.5458984375 0.310546875 0.54150390625 0.322265625 0.541015625 0.3359375 0.54443359375 0.34765625 0.54541015625 0.3544921875 0.54443359375 0.3623046875 0.54833984375 0.3701171875 0.5546875 0.3779296875 0.55224609375 0.38671875 0.55419921875 0.396484375 0.552734375 0.4052734375 0.5478515625 0.4052734375 0.5400390625 0.404296875 0.53369140625 0.4033203125 0.5263671875 0.40234375 0.5205078125 0.4052734375 0.51611328125 0.4033203125 0.51220703125 0.400390625 0.5068359375 0.4013671875 0.50244140625 0.412109375 0.5 0.4267578125 0.5869140625 0.4375 0.6845703125 0.4677734375 0.84765625 0.5126953125 0.9990234375 0.5517578125 0.99853515625 0.0 0.58447265625 0.0 0.57958984375 0.0078125 0.57470703125 0.025390625 0.57568359375 0.033203125 0.5703125 0.041015625 0.5712890625 0.0537109375 0.57275390625 0.068359375 0.57421875 0.087890625 0.57470703125 0.09765625 0.58203125 0.099609375
0 0.40234375 0.4609375 0.41796875 0.462890625 0.44140625 0.4658203125 0.484375 0.4599609375 0.5419921875 0.4814453125 0.56005859375 0.4990234375 0.609375 0.525390625 0.873046875 0.724609375 0.9990234375 0.8310546875 0.998046875 0.998046875 -0.0009765625 0.9970703125 -0.0009765625 0.55859375 0.13671875 0.5048828125 0.30859375 0.4716796875 0.3427734375 0.4599609375 0.35595703125 0.4619140625
5 0.52880859375 0.4345703125 0.52587890625 0.4267578125 0.5224609375 0.4248046875 0.5087890625 0.4228515625 0.50341796875 0.4248046875 0.49853515625 0.4345703125 0.4970703125 0.4375 0.4951171875 0.439453125 0.4951171875 0.443359375 0.49609375 0.4443359375 0.4931640625 0.44921875 0.4921875 0.4580078125 0.4921875 0.4755859375 0.49267578125 0.4775390625 0.49853515625 0.48046875 0.50146484375 0.4794921875 0.501953125 0.4775390625 0.50830078125 0.4775390625
5 0.517578125 0.486328125 0.51416015625 0.4853515625 0.5126953125 0.482421875 0.51123046875 0.484375 0.5078125 0.4833984375 0.50732421875 0.4814453125 0.50830078125 0.453125 0.509765625 0.4482421875 0.5087890625 0.4462890625 0.5107421875 0.443359375 0.51416015625 0.4423828125 0.51806640625 0.43359375 0.5234375 0.4296875 0.52880859375 0.4306640625 0.51904296875 0.4853515625
5 0.55908203125 0.490234375 0.53076171875 0.486328125 0.5302734375 0.4921875 0.5244140625 0.4912109375 0.5234375 0.48828125 0.5234375 0.4853515625 0.5224609375 0.4853515625 0.52197265625 0.4892578125 0.5166015625 0.48828125 0.51611328125 0.474609375 0.517578125 0.451171875 0.52197265625 0.443359375 0.51904296875 0.4404296875 0.52001953125 0.435546875 0.52197265625 0.4345703125 0.52490234375 0.435546875 0.529296875 0.4228515625 0.5341796875 0.4150390625 0.5478515625 0.4169921875 0.55712890625 0.419921875 0.56201171875 0.4228515625 0.56201171875 0.4384765625
4 0.68408203125 0.4482421875 0.671875 0.4462890625 0.6591796875 0.4404296875 0.630859375 0.4296875 0.59765625 0.4248046875 0.58935546875 0.4189453125 0.57080078125 0.4248046875 0.560546875 0.423828125 0.5517578125 0.431640625 0.5478515625 0.4404296875 0.5478515625 0.4560546875 0.546875 0.470703125 0.55419921875 0.490234375 0.5390625 0.4951171875 0.5390625 0.5009765625 0.55126953125 0.5078125 0.6015625 0.541015625 0.76220703125 0.6689453125 0.9990234375 0.8681640625 0.99853515625 0.515625 0.9404296875 0.4990234375 0.80419921875 0.46875 0.73583984375 0.451171875 0.71923828125 0.43359375 0.70556640625 0.4296875 0.69384765625 0.4365234375 0.6884765625 0.4482421875
5 0.4482421875 0.4814453125 0.46240234375 0.4794921875 0.47607421875 0.48046875 0.4765625 0.4873046875 0.47802734375 0.4892578125 0.48583984375 0.48828125 0.486328125 0.466796875 0.486328125 0.4462890625 0.48291015625 0.4345703125 0.47802734375 0.4189453125 0.4638671875 0.4169921875 0.44921875 0.41796875 0.44384765625 0.4326171875 0.44091796875 0.447265625 0.43994140625 0.46875 0.43994140625 0.4853515625 0.443359375 0.4892578125 0.4482421875 0.4892578125
4 0.28466796875 0.42578125 0.2802734375 0.42578125 0.275390625 0.4267578125 0.2734375 0.4228515625 0.26904296875 0.41796875 0.2646484375 0.4189453125 0.26025390625 0.419921875 0.24267578125 0.4130859375 0.23095703125 0.4111328125 0.2265625 0.392578125 0.2197265625 0.37890625 0.20947265625 0.373046875 0.20068359375 0.373046875 0.1923828125 0.3818359375 0.18896484375 0.3896484375 0.1865234375 0.404296875 0.208984375 0.470703125 0.27587890625 0.4697265625
4 0.1484375 0.3994140625 0.14111328125 0.3896484375 0.13134765625 0.3857421875 0.07470703125 0.3876953125 0.09130859375 0.49609375 0.11328125 0.4921875
1 0.09130859375 0.5029296875 0.11083984375 0.498046875 0.2119140625 0.4638671875 0.2265625 0.466796875 0.2490234375 0.4736328125 0.25732421875 0.4736328125 0.275390625 0.46875 0.33349609375 0.4658203125 0.333984375 0.4775390625 0.31591796875 0.4814453125 0.29296875 0.4873046875 0.26904296875 0.4951171875 0.20947265625 0.5126953125 0.09228515625 0.5498046875 0.01953125 0.5751953125 -0.0009765625 0.57421875
5 0.33251953125 0.4228515625 0.33935546875 0.4228515625 0.3427734375 0.423828125 0.345703125 0.4375 0.34765625 0.439453125 0.3466796875 0.443359375 0.34716796875 0.453125 0.3466796875 0.474609375 0.34033203125 0.4755859375
5 0.3193359375 0.419921875 0.32763671875 0.419921875 0.33544921875 0.423828125 0.33837890625 0.42578125 0.34130859375 0.4375 0.341796875 0.44140625 0.34130859375 0.4462890625 0.341796875 0.4580078125 0.3408203125 0.474609375 0.33984375 0.478515625 0.3330078125 0.4794921875 0.33251953125 0.4716796875 0.32275390625 0.47265625
5 0.2939453125 0.404296875 0.3134765625 0.40625 0.3173828125 0.408203125 0.32080078125 0.4169921875 0.32470703125 0.44140625 0.32470703125 0.462890625 0.32373046875 0.4775390625 0.32275390625 0.484375 0.31787109375 0.486328125 0.3173828125 0.484375 0.31591796875 0.486328125 0.3095703125 0.4853515625 0.3095703125 0.4775390625 0.28857421875 0.474609375 0.28857421875 0.4775390625 0.283203125 0.4765625 0.28271484375 0.47265625 0.2802734375 0.47265625 0.2783203125 0.4814453125 0.27294921875 0.4814453125 0.2724609375 0.458984375 0.2744140625 0.4365234375 0.27685546875 0.4296875 0.28369140625 0.412109375 0.28955078125 0.404296875
5 0.2099609375 0.5205078125 0.212890625 0.498046875 0.212890625 0.4697265625 0.2119140625 0.4482421875 0.20947265625 0.435546875 0.20556640625 0.416015625 0.2001953125 0.4052734375 0.18603515625 0.3994140625 0.14697265625 0.39453125 0.140625 0.400390625 0.125 0.423828125 0.12109375 0.423828125 0.1162109375 0.4267578125 0.11572265625 0.4326171875 0.11962890625 0.4365234375 0.11474609375 0.4462890625 0.10791015625 0.4638671875 0.1064453125 0.5029296875 0.10791015625 0.51953125 0.1171875 0.521484375 0.1220703125 0.51171875 0.14404296875 0.5146484375 0.171875 0.515625 0.17236328125 0.52734375 0.1787109375 0.53125 0.185546875 0.5283203125 0.1884765625 0.509765625 0.19921875 0.5068359375 0.20068359375 0.515625 0.20263671875 0.521484375
5 0.09228515625 0.4404296875 0.0859375 0.40625 0.0693359375 0.3740234375 0.052734375 0.36328125 0.02001953125 0.361328125 0.0 0.3623046875 -0.0009765625 0.36328125 -0.0009765625 0.5908203125 0.0146484375 0.587890625 0.0185546875 0.56640625 0.068359375 0.5498046875 0.072265625 0.56640625 0.0751953125 0.5703125 0.08984375 0.56640625 0.0947265625 0.541015625 0.09619140625 0.529296875 0.10009765625 0.5029296875 0.099609375 0.4755859375 0.09423828125 0.4580078125
