0 -0.0009765625 0.4921875 0.998046875 0.498046875 0.99755859375 0.998046875 -0.0009765625 0.9951171875
2 0.63818359375 0.068359375 0.63818359375 0.3896484375 0.6357421875 0.39453125 0.63623046875 0.4130859375 0.72265625 0.42578125 0.99853515625 0.45703125 0.998046875 0.0 0.638671875 0.0009765625
4 0.0 0.0 0.99853515625 0.0009765625 0.99755859375 0.4775390625 0.6962890625 0.48828125 0.66845703125 0.416015625 0.666015625 0.408203125 0.666015625 0.3955078125 0.66552734375 0.384765625 0.66943359375 0.373046875 0.66650390625 0.37109375 0.66259765625 0.3671875 0.6689453125 0.357421875 0.67724609375 0.359375 0.6806640625 0.3515625 0.6689453125 0.34375 0.6611328125 0.341796875 0.654296875 0.3447265625 0.6435546875 0.3349609375 0.63671875 0.333984375 0.625 0.3125 0.619140625 0.2998046875 0.61279296875 0.3017578125 0.60595703125 0.3115234375 0.60302734375 0.32421875 0.6044921875 0.34375 0.6015625 0.3486328125 0.59423828125 0.357421875 0.59130859375 0.3837890625 0.58837890625 0.462890625 -0.00048828125 0.474609375
5 0.3603515625 0.4482421875 0.369140625 0.4345703125 0.400390625 0.4169921875 0.421875 0.423828125 0.39306640625 0.48046875 0.369140625 0.4619140625
5 0.48388671875 0.4326171875 0.48779296875 0.4189453125 0.50927734375 0.4169921875 0.525390625 0.4169921875 0.5439453125 0.423828125 0.548828125 0.4423828125 0.5 0.44921875
5 0.5546875 0.447265625 0.56005859375 0.4287109375 0.56396484375 0.423828125 0.58984375 0.421875 0.59814453125 0.41796875 0.60302734375 0.41796875 0.61279296875 0.4306640625 0.6044921875 0.462890625
5 0.6259765625 0.41015625 0.63818359375 0.4091796875 0.65380859375 0.41015625 0.6572265625 0.4111328125 0.66455078125 0.4375 0.66259765625 0.4501953125 0.64306640625 0.4365234375 0.62890625 0.427734375
5 0.6591796875 0.4306640625 0.66845703125 0.4189453125 0.6728515625 0.4150390625 0.68359375 0.4091796875 0.69482421875 0.408203125 0.6875 0.4453125 0.6611328125 0.4453125
5 0.5947265625 0.443359375 0.59619140625 0.431640625 0.6005859375 0.4189453125 0.60498046875 0.4169921875 0.6259765625 0.4140625 0.642578125 0.4169921875 0.65380859375 0.4287109375 0.6640625 0.4501953125
4 0.076171875 0.453125 0.07568359375 0.45703125 0.068359375 0.4775390625 0.0751953125 0.494140625 0.0947265625 0.4990234375 0.1376953125 0.4951171875 0.17041015625 0.494140625 0.4931640625 0.494140625 0.50537109375 0.4892578125 0.564453125 0.4873046875 0.58154296875 0.4873046875 0.60595703125 0.4853515625 0.642578125 0.484375 0.67919921875 0.490234375 0.78955078125 0.48828125 0.82080078125 0.4873046875 0.8564453125 0.486328125 0.8583984375 0.4765625 0.85693359375 0.4638671875 0.8603515625 0.4638671875 0.865234375 0.4599609375 0.8681640625 0.451171875 0.8671875 0.44140625 0.8603515625 0.4375 0.8564453125 0.4345703125 0.85205078125 0.431640625 0.84814453125 0.4287109375 0.84814453125 0.4208984375 0.8466796875 0.416015625 0.84423828125 0.4111328125 0.83984375 0.408203125 0.83544921875 0.404296875 0.83203125 0.4052734375 0.8291015625 0.4091796875 0.82470703125 0.408203125 0.82177734375 0.400390625 0.81787109375 0.40234375 0.81591796875 0.4072265625 0.8134765625 0.412109375 0.80908203125 0.412109375 0.80615234375 0.4111328125 0.8056640625 0.404296875 0.80419921875 0.4013671875 0.8017578125 0.4033203125 0.798828125 0.4130859375 0.7978515625 0.4208984375 0.79931640625 0.427734375 0.796875 0.427734375 0.79052734375 0.4267578125 0.78662109375 0.4287109375 0.7783203125 0.431640625 0.767578125 0.4306640625 0.755859375 0.4306640625 0.75048828125 0.4365234375 0.7412109375 0.4462890625 0.69970703125 0.4287109375 0.68310546875 0.423828125 0.67919921875 0.423828125 0.6748046875 0.4248046875 0.66162109375 0.4345703125 0.65087890625 0.4306640625 0.64697265625 0.4248046875 0.64306640625 0.4248046875 0.63818359375 0.42578125 0.6337890625 0.42578125 0.62158203125 0.4228515625 0.61474609375 0.4189453125 0.61181640625 0.419921875 0.609375 0.427734375 0.60595703125 0.4267578125 0.603515625 0.4189453125 0.59765625 0.400390625 0.59716796875 0.384765625 0.5908203125 0.380859375 0.58349609375 0.384765625 0.5830078125 0.400390625 0.58154296875 0.41796875 0.5751953125 0.4189453125 0.5703125 0.412109375 0.56494140625 0.4130859375 0.55810546875 0.412109375 0.5537109375 0.4091796875 0.54638671875 0.4091796875 0.5380859375 0.4130859375 0.5322265625 0.4091796875 0.52783203125 0.4140625 0.52099609375 0.43359375 0.517578125 0.4228515625 0.517578125 0.412109375 0.51318359375 0.40234375 0.50390625 0.4013671875 0.49658203125 0.4072265625 0.49169921875 0.4072265625 0.4892578125 0.39453125 0.48779296875 0.388671875 0.4814453125 0.38671875 0.47998046875 0.3974609375 0.47998046875 0.4013671875 0.47265625 0.4013671875 0.46923828125 0.400390625 0.4638671875 0.392578125 0.4580078125 0.3876953125 0.44970703125 0.380859375 0.4404296875 0.3759765625 0.4384765625 0.3818359375 0.44140625 0.3955078125 0.44873046875 0.3974609375 0.45556640625 0.3974609375 0.466796875 0.4072265625 0.46484375 0.4208984375 0.45849609375 0.4208984375 0.44970703125 0.419921875 0.4482421875 0.4091796875 0.44482421875 0.4052734375 0.4375 0.3955078125 0.4345703125 0.4013671875 0.43310546875 0.408203125 0.42822265625 0.400390625 0.42529296875 0.4013671875 0.4208984375 0.4130859375 0.41796875 0.412109375 0.41650390625 0.3974609375 0.41259765625 0.3994140625 0.4072265625 0.40234375 0.40283203125 0.40234375 0.3984375 0.400390625 0.39306640625 0.4013671875 0.38818359375 0.404296875 0.3876953125 0.4091796875 0.3876953125 0.4189453125 0.38671875 0.4248046875 0.38623046875 0.4296875 0.37890625 0.4375 0.35546875 0.4541015625 0.12548828125 0.4423828125 0.119140625 0.4296875 0.1025390625 0.4169921875 0.0869140625 0.435546875 0.080078125 0.453125 0.076171875 0.453125
1 0.91796875 0.7275390625 0.9345703125 0.7099609375 0.958984375 0.6982421875 0.998046875 0.689453125 0.998046875 0.9970703125 0.96826171875 0.998046875 0.91748046875 0.892578125 0.90234375 0.833984375 0.9013671875 0.79296875 0.90869140625 0.7470703125
5 0.20361328125 0.3955078125 0.2294921875 0.3896484375 0.2607421875 0.3828125 0.2890625 0.38671875 0.31298828125 0.390625 0.330078125 0.40625 0.35400390625 0.4306640625 0.3671875 0.443359375 0.3818359375 0.447265625 0.40478515625 0.45703125 0.4208984375 0.4658203125 0.4287109375 0.4755859375 0.43505859375 0.494140625 0.4365234375 0.51171875 0.435546875 0.53125 0.43408203125 0.5419921875 0.4306640625 0.55078125 0.41650390625 0.5556640625 0.40234375 0.560546875 0.39697265625 0.5751953125 0.39306640625 0.5849609375 0.376953125 0.587890625 0.369140625 0.5810546875 0.359375 0.5634765625 0.28515625 0.5625 0.23876953125 0.5654296875 0.228515625 0.578125 0.2216796875 0.5859375 0.1943359375 0.587890625 0.189453125 0.5791015625 0.1826171875 0.5595703125 0.1767578125 0.55078125 0.171875 0.5419921875 0.17041015625 0.525390625 0.17041015625 0.509765625 0.173828125 0.486328125 0.177734375 0.4521484375 0.189453125 0.4228515625 0.19677734375 0.40625
