2 0.32666015625 0.0986328125 0.134765625 0.02734375 0.12890625 0.005859375 0.173828125 0.0234375 0.17529296875 0.01953125 0.13330078125 0.0 0.0 0.0 -0.0009765625 0.5859375 0.53076171875 0.54296875 0.99853515625 0.7587890625 0.99853515625 0.0 0.40673828125 0.0 0.40966796875 0.1240234375 0.41015625 0.3251953125 0.32763671875 0.1943359375 0.326171875 0.1484375 0.30078125 0.1396484375 0.30029296875 0.1142578125 0.326171875 0.107421875
4 0.28955078125 0.0615234375 0.28515625 0.0263671875 0.27880859375 0.01171875 0.26904296875 0.0224609375 0.2626953125 0.0146484375 0.2587890625 0.0 0.2451171875 0.0 0.23974609375 0.021484375 0.23388671875 0.0302734375 0.22802734375 0.041015625 0.2265625 0.05859375 0.22265625 0.0751953125 0.21923828125 0.1005859375 0.2177734375 0.1201171875 0.20849609375 0.125 0.20751953125 0.1396484375 0.21337890625 0.158203125 0.21044921875 0.1787109375 0.2041015625 0.197265625 0.197265625 0.21875 0.19140625 0.2353515625 0.18994140625 0.2607421875 0.1943359375 0.2802734375 0.1962890625 0.2978515625 0.1943359375 0.306640625 0.18896484375 0.3291015625 0.1904296875 0.35546875 0.20361328125 0.37109375 0.2021484375 0.396484375 0.20703125 0.408203125 0.21484375 0.419921875 0.244140625 0.4521484375 0.26513671875 0.4873046875 0.3876953125 0.4306640625 0.38623046875 0.400390625 0.3974609375 0.400390625 0.404296875 0.3955078125 0.4052734375 0.3740234375 0.412109375 0.359375 0.41259765625 0.33203125 0.3974609375 0.2373046875 0.38818359375 0.19921875 0.37548828125 0.1787109375 0.36865234375 0.1572265625 0.35986328125 0.1630859375 0.3525390625 0.1669921875 0.34716796875 0.1552734375 0.3408203125 0.1640625 0.3369140625 0.1806640625 0.33154296875 0.1826171875 0.318359375 0.181640625 0.314453125 0.173828125 0.31689453125 0.1669921875 0.3154296875 0.15234375 0.298828125 0.1376953125 0.29296875 0.130859375 0.30419921875 0.1328125 0.30517578125 0.1181640625 0.30322265625 0.09765625 0.29931640625 0.087890625 0.2919921875 0.08203125 0.2939453125 0.0703125
5 0.36083984375 0.4130859375 0.3505859375 0.4130859375 0.33544921875 0.423828125 0.3330078125 0.4404296875 0.33642578125 0.4482421875 0.35302734375 0.447265625
5 0.22216796875 0.3955078125 0.236328125 0.3955078125 0.24658203125 0.3994140625 0.25048828125 0.4130859375 0.2529296875 0.431640625 0.25341796875 0.455078125 0.20751953125 0.416015625 0.20849609375 0.4033203125 0.2099609375 0.396484375
5 0.255859375 0.5087890625 0.2568359375 0.4833984375 0.2548828125 0.4560546875 0.25390625 0.4443359375 0.2578125 0.4423828125 0.25927734375 0.439453125 0.2578125 0.4345703125 0.25341796875 0.43359375 0.25 0.431640625 0.24853515625 0.4228515625 0.24462890625 0.4130859375 0.22509765625 0.4091796875 0.20751953125 0.4111328125 0.205078125 0.412109375 0.201171875 0.423828125 0.20947265625 0.498046875 0.24658203125 0.498046875 0.24853515625 0.5078125 0.25146484375 0.509765625
4 0.1767578125 0.478515625 0.169921875 0.4609375 0.1689453125 0.439453125 0.17529296875 0.419921875 0.1875 0.4150390625 0.19921875 0.416015625 0.20751953125 0.4248046875 0.21240234375 0.4365234375 0.2138671875 0.453125 0.20947265625 0.466796875 0.20556640625 0.4794921875
4 0.1318359375 0.5166015625 0.1357421875 0.5 0.1396484375 0.48046875 0.1396484375 0.451171875 0.13232421875 0.427734375 0.115234375 0.408203125 0.09423828125 0.404296875 0.07373046875 0.4072265625 0.060546875 0.421875 0.05224609375 0.4404296875 0.04931640625 0.4697265625 0.0546875 0.4892578125 0.0625 0.509765625 0.06884765625 0.5244140625
5 0.38916015625 0.4140625 0.392578125 0.40625 0.41064453125 0.40234375 0.41015625 0.4326171875
4 0.40234375 0.431640625 0.40234375 0.41796875 0.40380859375 0.408203125 0.408203125 0.4052734375 0.412109375 0.40625 0.4140625 0.4111328125 0.4169921875 0.4169921875 0.4169921875 0.4375
5 0.35302734375 0.4560546875 0.34814453125 0.4521484375 0.34716796875 0.4423828125 0.34912109375 0.427734375 0.3505859375 0.42578125 0.3544921875 0.4140625 0.3623046875 0.4091796875 0.3720703125 0.408203125 0.3876953125 0.408203125 0.39892578125 0.4169921875 0.41064453125 0.427734375 0.4189453125 0.435546875 0.408203125 0.45703125 0.3994140625 0.4580078125 0.39892578125 0.462890625 0.39501953125 0.4638671875 0.390625 0.4638671875 0.388671875 0.4580078125 0.3837890625 0.4580078125 0.3828125 0.462890625 0.37890625 0.4638671875 0.3759765625 0.4609375 0.37548828125 0.4580078125 0.36376953125 0.4580078125 0.3623046875 0.4599609375 0.361328125 0.4638671875 0.3564453125 0.4638671875 0.35400390625 0.4619140625
4 0.41552734375 0.0048828125 0.41943359375 0.01171875 0.42822265625 0.0126953125 0.43505859375 0.0107421875 0.4404296875 0.0126953125 0.44580078125 0.0087890625 0.44677734375 0.0 0.41552734375 0.0
4 0.4248046875 0.4150390625 0.4248046875 0.3544921875 0.43115234375 0.34375 0.43603515625 0.33984375 0.439453125 0.3291015625 0.44482421875 0.318359375 0.4462890625 0.3037109375 0.4521484375 0.2890625 0.4609375 0.2802734375 0.466796875 0.263671875 0.46630859375 0.2431640625 0.45703125 0.236328125 0.44580078125 0.2333984375 0.47265625 0.1865234375 0.46728515625 0.1240234375 0.466796875 0.1005859375 0.45849609375 0.07421875 0.4521484375 0.064453125 0.458984375 0.041015625 0.4560546875 0.017578125 0.44873046875 0.0185546875 0.4423828125 0.0107421875 0.4345703125 0.0166015625 0.4287109375 0.0263671875 0.4189453125 0.029296875 0.4130859375 0.033203125 0.41455078125 0.0556640625 0.4052734375 0.0478515625 0.3974609375 0.0419921875 0.39404296875 0.0478515625 0.39404296875 0.060546875 0.39599609375 0.0693359375 0.3916015625 0.0703125 0.3876953125 0.0791015625 0.38623046875 0.0908203125 0.38232421875 0.1015625 0.38232421875 0.1142578125 0.38720703125 0.1171875 0.39306640625 0.1083984375 0.3984375 0.1171875 0.39794921875 0.1259765625 0.388671875 0.1279296875 0.3818359375 0.1337890625 0.37451171875 0.1240234375 0.3681640625 0.12890625 0.36767578125 0.1416015625 0.36767578125 0.154296875 0.37060546875 0.1591796875 0.37548828125 0.1591796875 0.3759765625 0.169921875 0.37841796875 0.1806640625 0.384765625 0.1875 0.388671875 0.1943359375 0.38720703125 0.2060546875 0.38623046875 0.2177734375 0.3896484375 0.224609375 0.39013671875 0.2353515625 0.37939453125 0.2412109375 0.37109375 0.2578125 0.37451171875 0.2861328125 0.38427734375 0.2919921875 0.39453125 0.28125 0.40087890625 0.2900390625 0.40380859375 0.3076171875 0.41064453125 0.3251953125 0.41650390625 0.322265625 0.4208984375 0.3330078125 0.4208984375 0.349609375 0.4208984375 0.384765625 0.4169921875 0.3896484375 0.416015625 0.4013671875 0.41796875 0.4130859375 0.4228515625 0.41796875
4 0.48486328125 0.369140625 0.48046875 0.373046875 0.47607421875 0.3818359375 0.47705078125 0.390625 0.4736328125 0.3935546875 0.470703125 0.400390625 0.4658203125 0.408203125 0.4658203125 0.4189453125 0.466796875 0.423828125 0.47021484375 0.427734375 0.47509765625 0.4326171875 0.47802734375 0.4423828125 0.48779296875 0.4521484375 0.5517578125 0.4462890625 0.5771484375 0.404296875 0.576171875 0.39453125 0.57666015625 0.37890625 0.57666015625 0.3623046875 0.57275390625 0.3544921875 0.56787109375 0.3466796875 0.56103515625 0.3505859375 0.55615234375 0.3544921875 0.55224609375 0.3583984375 0.5478515625 0.3603515625 0.5419921875 0.36328125 0.5380859375 0.369140625 0.53369140625 0.3701171875 0.53173828125 0.3779296875 0.5263671875 0.380859375 0.52001953125 0.3818359375 0.515625 0.380859375 0.5146484375 0.3955078125 0.5126953125 0.400390625 0.5107421875 0.3984375 0.5078125 0.3955078125 0.50390625 0.3876953125
4 0.49072265625 0.46875 0.48974609375 0.33984375 0.4892578125 0.3076171875 0.48291015625 0.29296875 0.4833984375 0.2802734375 0.48291015625 0.2626953125 0.48681640625 0.25 0.48779296875 0.2265625 0.4853515625 0.2158203125 0.48095703125 0.22265625 0.47509765625 0.2333984375 0.46533203125 0.2392578125 0.46240234375 0.234375 0.4541015625 0.232421875 0.44580078125 0.220703125 0.43896484375 0.20703125 0.43505859375 0.1982421875 0.4296875 0.1845703125 0.42529296875 0.16796875 0.423828125 0.146484375 0.427734375 0.1337890625 0.4375 0.1201171875 0.44287109375 0.1123046875 0.43798828125 0.09765625 0.4375 0.083984375 0.43994140625 0.0771484375 0.44775390625 0.0693359375 0.45361328125 0.0712890625 0.4560546875 0.0595703125 0.4599609375 0.0458984375 0.47119140625 0.048828125 0.4794921875 0.05078125 0.4853515625 0.0341796875 0.4951171875 0.0283203125 0.50732421875 0.041015625 0.5166015625 0.0576171875 0.51708984375 0.0703125 0.515625 0.09765625 0.5263671875 0.10546875 0.53955078125 0.10546875 0.55029296875 0.1181640625 0.5517578125 0.1318359375 0.54345703125 0.1396484375 0.529296875 0.1455078125 0.533203125 0.169921875 0.53271484375 0.1875 0.53515625 0.1923828125 0.54150390625 0.1904296875 0.5498046875 0.193359375 0.55322265625 0.2109375 0.560546875 0.2216796875 0.5634765625 0.2314453125 0.560546875 0.244140625 0.55419921875 0.2412109375 0.54833984375 0.236328125 0.541015625 0.2373046875 0.5361328125 0.2392578125 0.53076171875 0.2470703125 0.52685546875 0.251953125 0.52099609375 0.25390625 0.517578125 0.2646484375 0.51318359375 0.291015625 0.509765625 0.3125 0.50439453125 0.328125 0.50146484375 0.333984375 0.49462890625 0.337890625 0.49462890625 0.4599609375
4 0.7060546875 0.3525390625 0.70654296875 0.275390625 0.7041015625 0.23046875 0.70703125 0.19921875 0.705078125 0.1279296875 0.69482421875 0.119140625 0.68701171875 0.1025390625 0.6767578125 0.1015625 0.66357421875 0.1083984375 0.65625 0.1171875 0.6513671875 0.1298828125 0.634765625 0.1357421875 0.62939453125 0.1005859375 0.61669921875 0.1015625 0.61669921875 0.1259765625 0.60400390625 0.1474609375 0.58447265625 0.1650390625 0.5732421875 0.16015625 0.5625 0.140625 0.53515625 0.126953125 0.5263671875 0.1064453125 0.515625 0.0810546875 0.5029296875 0.048828125 0.4873046875 0.046875 0.466796875 0.05078125 0.45751953125 0.041015625 0.45361328125 0.021484375 0.455078125 0.0009765625 0.80859375 0.001953125 0.79736328125 0.025390625 0.78955078125 0.046875 0.7861328125 0.0693359375 0.7734375 0.0849609375 0.75927734375 0.0859375 0.75244140625 0.09375 0.75537109375 0.1103515625 0.75634765625 0.1279296875 0.7470703125 0.142578125 0.73583984375 0.1484375 0.72119140625 0.1455078125 0.7216796875 0.3486328125
4 0.6123046875 0.5068359375 0.6162109375 0.4814453125 0.61669921875 0.453125 0.61474609375 0.4404296875 0.60595703125 0.4287109375 0.59521484375 0.4248046875 0.5849609375 0.42578125 0.578125 0.431640625 0.57470703125 0.443359375 0.5908203125 0.5029296875
3 0.9072265625 0.482421875 0.89990234375 0.4697265625 0.87548828125 0.4716796875 0.8720703125 0.4677734375 0.85498046875 0.4697265625 0.84716796875 0.4658203125 0.82568359375 0.4677734375 0.82275390625 0.46484375 0.8076171875 0.4658203125 0.80419921875 0.4638671875 0.78076171875 0.46484375 0.78076171875 0.462890625 0.76123046875 0.46484375 0.75439453125 0.46875 0.75244140625 0.478515625 0.7529296875 0.541015625 0.73876953125 0.6181640625 0.8486328125 0.669921875 0.91064453125 0.513671875
