4 0.474609375 0.37109375 0.4697265625 0.365234375 0.47119140625 0.3603515625 0.46826171875 0.357421875 0.46484375 0.359375 0.46240234375 0.3564453125 0.45947265625 0.3515625 0.45703125 0.3564453125 0.45849609375 0.3623046875 0.45703125 0.3681640625 0.458984375 0.3740234375 0.45654296875 0.3740234375 0.45458984375 0.365234375 0.45166015625 0.359375 0.4501953125 0.3671875 0.4501953125 0.375 0.4658203125 0.3779296875
2 0.4833984375 0.3681640625 0.4482421875 0.37109375 0.45751953125 0.4140625 0.4755859375 0.4560546875 0.48779296875 0.404296875
2 0.544921875 0.328125 0.48876953125 0.3330078125 0.482421875 0.349609375 0.4814453125 0.369140625 0.482421875 0.41796875 0.494140625 0.45703125 0.52685546875 0.458984375 0.58935546875 0.43359375 0.60107421875 0.26953125 0.5517578125 0.2734375 0.5439453125 0.30859375 0.544921875 0.3125
2 0.3828125 0.255859375 0.390625 0.2666015625 0.40380859375 0.2666015625 0.404296875 0.2841796875 0.41064453125 0.2919921875 0.41015625 0.3193359375 0.40478515625 0.3173828125 0.40673828125 0.4443359375 0.3291015625 0.4619140625 -0.0009765625 0.564453125 -0.00048828125 0.0 0.0966796875 0.0 0.0947265625 0.009765625 0.09521484375 0.025390625 0.15673828125 0.0927734375 0.22021484375 0.029296875 0.2685546875 0.072265625 0.2685546875 0.0634765625 0.28125 0.0625 0.28515625 0.0703125 0.28515625 0.0869140625 0.32080078125 0.1181640625 0.345703125 0.1171875 0.34912109375 0.1455078125 0.3486328125 0.1650390625 0.3837890625 0.224609375 0.38330078125 0.2470703125 0.3798828125 0.2490234375
4 0.41650390625 0.3515625 0.4189453125 0.353515625 0.4189453125 0.357421875 0.4228515625 0.359375 0.4267578125 0.3671875 0.42919921875 0.3671875 0.43408203125 0.3671875 0.43603515625 0.3681640625 0.43896484375 0.3642578125 0.4423828125 0.36328125 0.447265625 0.365234375 0.44921875 0.3681640625 0.455078125 0.37109375 0.45849609375 0.376953125 0.4609375 0.3828125 0.4619140625 0.390625 0.46533203125 0.3974609375 0.4677734375 0.4052734375 0.47119140625 0.4072265625 0.47509765625 0.4140625 0.47607421875 0.43359375 0.47509765625 0.470703125 0.40625 0.4375 0.40673828125 0.4208984375 0.40478515625 0.41796875 0.40478515625 0.4111328125 0.404296875 0.400390625 0.40234375 0.392578125 0.39892578125 0.3935546875 0.39697265625 0.390625 0.3994140625 0.3818359375 0.39990234375 0.3759765625 0.4033203125 0.3701171875 0.4052734375 0.359375 0.40869140625 0.361328125 0.41162109375 0.3603515625 0.4140625 0.3564453125
4 0.48974609375 0.4169921875 0.48974609375 0.4072265625 0.49267578125 0.3984375 0.49462890625 0.3916015625 0.498046875 0.3974609375 0.49951171875 0.396484375 0.50048828125 0.3837890625 0.50390625 0.375 0.50830078125 0.3671875 0.51123046875 0.37109375 0.515625 0.3759765625 0.51904296875 0.3818359375 0.5205078125 0.3759765625 0.52099609375 0.3662109375 0.51708984375 0.357421875 0.51513671875 0.3505859375 0.52099609375 0.3505859375 0.5224609375 0.3427734375 0.52685546875 0.333984375 0.52734375 0.326171875 0.52978515625 0.3369140625 0.5322265625 0.345703125 0.5322265625 0.3525390625 0.53759765625 0.3427734375 0.54150390625 0.3427734375 0.54833984375 0.3466796875 0.55029296875 0.3544921875 0.5546875 0.3544921875 0.5576171875 0.359375 0.5615234375 0.3583984375 0.56640625 0.35546875 0.56884765625 0.3544921875 0.56982421875 0.3466796875 0.57080078125 0.3388671875 0.57177734375 0.33203125 0.578125 0.3349609375 0.580078125 0.4365234375 0.56298828125 0.48046875 0.49462890625 0.47265625
0 0.49072265625 0.4658203125 0.5166015625 0.4658203125 0.55029296875 0.4736328125 0.6005859375 0.5087890625 0.9990234375 0.873046875 0.99853515625 0.998046875 -0.0009765625 0.9970703125 -0.0009765625 0.677734375 0.4501953125 0.48046875 0.46337890625 0.4677734375 0.47509765625 0.4677734375
1 0.412109375 0.5078125 0.43603515625 0.4951171875 0.45703125 0.482421875 0.466796875 0.4765625 0.46875 0.474609375 0.46728515625 0.4697265625 0.46142578125 0.4677734375 0.451171875 0.466796875 0.44140625 0.474609375 0.357421875 0.498046875 0.2216796875 0.541015625 -0.0009765625 0.609375 0.0 0.7333984375 0.17822265625 0.6337890625 0.29736328125 0.568359375
4 0.41650390625 0.435546875 0.4365234375 0.4375 0.4462890625 0.4384765625 0.44921875 0.44140625 0.4501953125 0.44921875 0.44921875 0.46875 0.40283203125 0.4541015625 0.4033203125 0.4404296875 0.404296875 0.4365234375 0.40966796875 0.4345703125
4 0.4013671875 0.4755859375 0.40234375 0.453125 0.40234375 0.4423828125 0.39990234375 0.4345703125 0.39697265625 0.4248046875 0.3955078125 0.4169921875 0.3896484375 0.41015625 0.38525390625 0.404296875 0.380859375 0.3955078125 0.37646484375 0.3935546875 0.36962890625 0.3955078125 0.36376953125 0.4033203125 0.35986328125 0.4130859375 0.3564453125 0.4189453125 0.35400390625 0.41796875 0.35302734375 0.4345703125 0.35302734375 0.45703125 0.357421875 0.4658203125
4 0.32568359375 0.4833984375 0.3310546875 0.462890625 0.3349609375 0.4482421875 0.33642578125 0.4326171875 0.33740234375 0.421875 0.33935546875 0.4111328125 0.33740234375 0.404296875 0.33251953125 0.39453125 0.3271484375 0.3828125 0.3251953125 0.3662109375 0.31640625 0.3701171875 0.31396484375 0.361328125 0.31201171875 0.3466796875 0.30859375 0.3349609375 0.30419921875 0.3251953125 0.29736328125 0.3154296875 0.28955078125 0.31640625 0.28515625 0.326171875 0.279296875 0.3193359375 0.2734375 0.30859375 0.26953125 0.322265625 0.2705078125 0.3408203125 0.265625 0.34375 0.2646484375 0.3544921875 0.2587890625 0.3603515625 0.26220703125 0.37109375 0.2587890625 0.3818359375 0.25146484375 0.388671875 0.25341796875 0.4013671875 0.259765625 0.4033203125 0.26171875 0.4140625 0.25390625 0.408203125 0.24609375 0.408203125 0.2451171875 0.4248046875 0.24658203125 0.4853515625
4 0.25048828125 0.4775390625 0.2509765625 0.431640625 0.24609375 0.421875 0.24072265625 0.4189453125 0.2470703125 0.4072265625 0.2470703125 0.3974609375 0.244140625 0.3779296875 0.2490234375 0.365234375 0.25537109375 0.3515625 0.25537109375 0.3408203125 0.26025390625 0.330078125 0.2578125 0.318359375 0.251953125 0.3154296875 0.24853515625 0.3037109375 0.2431640625 0.29296875 0.24072265625 0.2734375 0.2314453125 0.2705078125 0.2197265625 0.2607421875 0.2138671875 0.24609375 0.20458984375 0.2490234375 0.19287109375 0.259765625 0.19091796875 0.244140625 0.19287109375 0.2314453125 0.1923828125 0.216796875 0.181640625 0.2177734375 0.1767578125 0.2177734375 0.1767578125 0.2021484375 0.17724609375 0.1884765625 0.177734375 0.1591796875 0.1728515625 0.1396484375 0.16455078125 0.146484375 0.150390625 0.140625 0.15380859375 0.125 0.15625 0.1064453125 0.14990234375 0.099609375 0.13916015625 0.109375 0.13037109375 0.107421875 0.1220703125 0.091796875 0.107421875 0.078125 0.09765625 0.087890625 0.09033203125 0.072265625 0.078125 0.072265625 0.0673828125 0.0830078125 0.064453125 0.095703125 0.05810546875 0.107421875 0.0576171875 0.1220703125 0.0546875 0.1259765625 0.0458984375 0.1201171875 0.04150390625 0.1220703125 0.03271484375 0.119140625 0.0302734375 0.142578125 0.03955078125 0.1611328125 0.0458984375 0.1748046875 0.0390625 0.1982421875 0.021484375 0.2080078125 0.01171875 0.2158203125 0.01318359375 0.2412109375 0.01220703125 0.2568359375 0.00732421875 0.271484375 0.00390625 0.283203125 0.00927734375 0.29296875 0.005859375 0.306640625 0.00390625 0.3203125 0.005859375 0.3369140625 0.01123046875 0.3466796875 0.005859375 0.36328125 0.0 0.3818359375 -0.0009765625 0.404296875 -0.0009765625 0.4541015625 0.0087890625 0.4560546875 0.017578125 0.4453125 0.029296875 0.4306640625 0.03466796875 0.4345703125 0.03759765625 0.4453125 0.0439453125 0.45703125 0.0537109375 0.458984375 0.05419921875 0.4677734375 0.05859375 0.4853515625 0.0595703125 0.501953125 0.07177734375 0.5087890625 0.09130859375 0.521484375 0.2080078125 0.5107421875
4 0.00244140625 0.6279296875 0.119140625 0.5849609375 0.1884765625 0.5615234375 0.23388671875 0.548828125 0.26904296875 0.5322265625 0.302734375 0.5244140625 0.3251953125 0.5166015625 0.3779296875 0.498046875 0.416015625 0.484375 0.44091796875 0.4755859375 0.44921875 0.4716796875 0.44873046875 0.4677734375 0.4384765625 0.4638671875 0.4248046875 0.458984375 0.41650390625 0.455078125 0.40771484375 0.4521484375 0.40283203125 0.4521484375 0.40185546875 0.4560546875 0.4013671875 0.462890625 0.39794921875 0.466796875 0.3916015625 0.4658203125 0.3876953125 0.466796875 0.3828125 0.4697265625 0.375 0.466796875 0.365234375 0.46484375 0.35888671875 0.4599609375 0.35498046875 0.4560546875 0.35302734375 0.4521484375 0.34912109375 0.451171875 0.3447265625 0.4482421875 0.34326171875 0.4365234375 0.33837890625 0.4345703125 0.33203125 0.4384765625 0.32958984375 0.447265625 0.3271484375 0.4580078125 0.32470703125 0.466796875 0.318359375 0.4755859375 0.30859375 0.4794921875 0.29833984375 0.48046875 0.28955078125 0.4765625 0.2802734375 0.4697265625 0.27099609375 0.4638671875 0.26806640625 0.4619140625 0.26123046875 0.4619140625 0.2529296875 0.4560546875 0.24560546875 0.4521484375 0.2392578125 0.453125 0.23876953125 0.4677734375 0.23095703125 0.4833984375 0.224609375 0.4921875 0.21630859375 0.50390625 0.2021484375 0.5107421875 0.193359375 0.50390625 0.1806640625 0.498046875 0.1630859375 0.494140625 0.1484375 0.49609375 0.134765625 0.5009765625 0.11279296875 0.5 0.099609375 0.4921875 0.08544921875 0.498046875 0.0693359375 0.5048828125 0.0576171875 0.5166015625 0.04541015625 0.525390625 0.0341796875 0.5302734375 0.0244140625 0.5361328125 0.01025390625 0.54296875 -0.0009765625 0.544921875 -0.0009765625 0.62890625
5 0.52392578125 0.44140625 0.51708984375 0.4423828125 0.515625 0.443359375 0.51318359375 0.4580078125 0.51318359375 0.46875 0.51318359375 0.4775390625 0.515625 0.4775390625 0.515625 0.4736328125 0.53173828125 0.4736328125 0.53173828125 0.478515625 0.53466796875 0.478515625 0.53466796875 0.46484375 0.5341796875 0.455078125 0.53173828125 0.443359375 0.53076171875 0.44140625
2 0.61279296875 0.25390625 0.58349609375 0.29296875 0.58056640625 0.29296875 0.58056640625 0.3173828125 0.57568359375 0.32421875 0.57666015625 0.419921875 0.583984375 0.4580078125 0.58544921875 0.48828125 0.720703125 0.564453125 0.9248046875 0.5478515625 0.9990234375 0.3134765625 0.99853515625 0.0 0.78564453125 0.0 0.6962890625 0.1123046875 0.6845703125 0.16796875 0.62158203125 0.177734375 0.611328125 0.22265625 0.61328125 0.2275390625
4 0.58642578125 0.470703125 0.58642578125 0.4443359375 0.5859375 0.4287109375 0.58251953125 0.4189453125 0.578125 0.4169921875 0.57373046875 0.412109375 0.5703125 0.416015625 0.5673828125 0.412109375 0.56396484375 0.416015625 0.5615234375 0.4228515625 0.55859375 0.4287109375 0.556640625 0.4345703125 0.556640625 0.4541015625 0.55712890625 0.47265625 0.5859375 0.48046875
1 0.97705078125 0.994140625 0.8955078125 0.8974609375 0.771484375 0.748046875 0.67138671875 0.6259765625 0.57666015625 0.5166015625 0.5498046875 0.4853515625 0.5400390625 0.4736328125 0.53369140625 0.4716796875 0.53369140625 0.4658203125 0.54443359375 0.466796875 0.55712890625 0.4697265625 0.56884765625 0.4716796875 0.578125 0.474609375 0.5927734375 0.474609375 0.62939453125 0.48828125 0.69970703125 0.5224609375 0.74462890625 0.517578125 0.884765625 0.5732421875 0.9990234375 0.6396484375 0.99853515625 0.998046875 0.9814453125 0.998046875
4 0.62548828125 0.310546875 0.62255859375 0.298828125 0.62255859375 0.2880859375 0.6181640625 0.283203125 0.6142578125 0.2744140625 0.61083984375 0.2880859375 0.60791015625 0.2998046875 0.60546875 0.3115234375 0.60546875 0.3232421875 0.60302734375 0.3369140625 0.60205078125 0.3427734375 0.59716796875 0.3369140625 0.59375 0.3349609375 0.591796875 0.3505859375 0.5888671875 0.3623046875 0.58935546875 0.375 0.58740234375 0.38671875 0.58544921875 0.39453125 0.58642578125 0.404296875 0.591796875 0.4150390625 0.60205078125 0.419921875 0.6083984375 0.4169921875 0.61083984375 0.423828125 0.61669921875 0.4228515625 0.61962890625 0.431640625 0.62060546875 0.4326171875 0.62060546875 0.443359375 0.61083984375 0.4423828125 0.61181640625 0.4287109375 0.609375 0.427734375 0.6064453125 0.4248046875 0.60107421875 0.421875 0.5966796875 0.4287109375 0.5927734375 0.43359375 0.591796875 0.4423828125 0.5927734375 0.4521484375 0.59619140625 0.4599609375 0.59619140625 0.4697265625 0.5966796875 0.4775390625 0.619140625 0.484375 0.6640625 0.505859375 0.693359375 0.51953125 0.7373046875 0.5234375 0.73974609375 0.5244140625 0.732421875 0.53125 0.7265625 0.5341796875 0.7216796875 0.541015625 0.72119140625 0.54296875 0.79345703125 0.5771484375 0.814453125 0.5810546875 0.84228515625 0.5908203125 0.8701171875 0.6083984375 0.88525390625 0.6201171875 0.94921875 0.640625 0.9775390625 0.6513671875 0.9990234375 0.6611328125 0.99853515625 0.2060546875 0.990234375 0.2138671875 0.98681640625 0.203125 0.98095703125 0.1884765625 0.9716796875 0.203125 0.96826171875 0.2021484375 0.958984375 0.2001953125 0.94580078125 0.203125 0.9404296875 0.185546875 0.93408203125 0.1650390625 0.93359375 0.138671875 0.94091796875 0.1318359375 0.9453125 0.1240234375 0.93896484375 0.111328125 0.94140625 0.095703125 0.9423828125 0.0849609375 0.9248046875 0.0849609375 0.9248046875 0.0556640625 0.92138671875 0.0390625 0.912109375 0.0439453125 0.9111328125 0.029296875 0.91015625 0.017578125 0.896484375 0.009765625 0.89794921875 0.0 0.818359375 0.0 0.8154296875 0.015625 0.82177734375 0.0263671875 0.814453125 0.0361328125 0.81982421875 0.046875 0.81396484375 0.060546875 0.818359375 0.0703125 0.80810546875 0.0908203125 0.7978515625 0.095703125 0.7880859375 0.109375 0.78759765625 0.12890625 0.79248046875 0.1494140625 0.79833984375 0.162109375 0.7939453125 0.1806640625 0.79248046875 0.19140625 0.78466796875 0.197265625 0.775390625 0.2119140625 0.77587890625 0.2265625 0.783203125 0.2353515625 0.787109375 0.2412109375 0.7822265625 0.2431640625 0.77587890625 0.2333984375 0.7685546875 0.2373046875 0.76513671875 0.2275390625 0.7578125 0.2255859375 0.75146484375 0.2236328125 0.7431640625 0.2119140625 0.74462890625 0.20703125 0.74609375 0.1962890625 0.74169921875 0.181640625 0.74169921875 0.1728515625 0.74072265625 0.154296875 0.732421875 0.15234375 0.72412109375 0.14453125 0.7177734375 0.1484375 0.71240234375 0.140625 0.6982421875 0.15234375 0.7001953125 0.1318359375 0.69677734375 0.1064453125 0.6923828125 0.0927734375 0.68798828125 0.0908203125 0.68603515625 0.10546875 0.6845703125 0.115234375 0.6806640625 0.130859375 0.681640625 0.14453125 0.68212890625 0.1552734375 0.6806640625 0.1630859375 0.6748046875 0.171875 0.66455078125 0.1748046875 0.662109375 0.1904296875 0.66015625 0.2060546875 0.65869140625 0.216796875 0.65234375 0.2197265625 0.64404296875 0.2236328125 0.64599609375 0.2373046875 0.64404296875 0.251953125 0.6484375 0.265625 0.646484375 0.2783203125 0.64794921875 0.298828125 0.64599609375 0.3115234375 0.638671875 0.32421875 0.63427734375 0.3388671875 0.6337890625 0.353515625 0.638671875 0.3662109375 0.6396484375 0.3798828125 0.63818359375 0.396484375 0.6357421875 0.4140625 0.63330078125 0.4287109375 0.638671875 0.4453125 0.64990234375 0.4443359375 0.65283203125 0.431640625 0.65576171875 0.4375 0.66650390625 0.4326171875 0.6669921875 0.451171875 0.65185546875 0.4462890625 0.64794921875 0.4384765625 0.6435546875 0.4365234375 0.63623046875 0.4404296875 0.63232421875 0.4404296875 0.62939453125 0.4345703125 0.6259765625 0.4365234375 0.62353515625 0.439453125 0.623046875 0.421875 0.62939453125 0.421875 0.63623046875 0.421875 0.63818359375 0.4111328125 0.6396484375 0.400390625 0.6376953125 0.388671875 0.63818359375 0.384765625 0.6416015625 0.376953125 0.64013671875 0.365234375 0.634765625 0.3525390625 0.63623046875 0.3408203125 0.63818359375 0.33203125 0.63720703125 0.3251953125 0.63818359375 0.3154296875 0.63720703125 0.3056640625 0.63427734375 0.30078125 0.6298828125 0.2998046875 0.62646484375 0.3037109375
