2 0.98779296875 0.123046875 0.94287109375 0.1259765625 0.9443359375 0.1123046875 0.947265625 0.1103515625 0.955078125 0.0888671875 0.9404296875 0.0859375 0.93115234375 0.1025390625 0.92919921875 0.1162109375 0.8173828125 0.12890625 0.81591796875 0.1376953125 0.7158203125 0.1455078125 0.71533203125 0.1328125 0.71142578125 0.1318359375 0.7109375 0.146484375 0.69482421875 0.150390625 0.69384765625 0.12109375 0.68896484375 0.1201171875 0.689453125 0.150390625 0.66162109375 0.1533203125 0.66357421875 0.287109375 0.5791015625 0.2939453125 0.5771484375 0.0673828125 0.5322265625 0.0009765625 -0.00048828125 0.0 0.0 0.6123046875 0.99853515625 0.73046875 0.99853515625 0.123046875
0 0.98974609375 0.5146484375 0.92626953125 0.4833984375 0.9189453125 0.4833984375 0.77734375 0.470703125 0.677734375 0.4716796875 0.646484375 0.4765625 0.59716796875 0.4765625 0.44580078125 0.4970703125 0.408203125 0.4921875 0.29541015625 0.490234375 0.17626953125 0.4814453125 0.13671875 0.4892578125 0.099609375 0.5126953125 0.0 0.572265625 -0.0009765625 0.9970703125 0.99755859375 0.998046875 0.998046875 0.517578125
1 0.41015625 0.5068359375 0.44140625 0.50390625 0.44189453125 0.4853515625 0.40966796875 0.486328125
5 0.1572265625 0.4453125 0.13720703125 0.4453125 0.12255859375 0.447265625 0.11572265625 0.4521484375 0.10888671875 0.46484375 0.126953125 0.5126953125 0.13525390625 0.513671875 0.1533203125 0.5107421875
5 0.173828125 0.4462890625 0.189453125 0.4423828125 0.20751953125 0.4384765625 0.21630859375 0.439453125 0.22412109375 0.447265625 0.23046875 0.455078125 0.2138671875 0.4765625 0.17333984375 0.474609375
5 0.2138671875 0.4931640625 0.228515625 0.451171875 0.2333984375 0.443359375 0.2431640625 0.4384765625 0.24951171875 0.435546875 0.2626953125 0.4375 0.2705078125 0.4375 0.27734375 0.4443359375 0.283203125 0.455078125 0.28466796875 0.4970703125
5 0.31591796875 0.443359375 0.30419921875 0.4453125 0.2958984375 0.4462890625 0.29052734375 0.4580078125 0.287109375 0.46484375 0.2802734375 0.4697265625 0.279296875 0.486328125 0.2822265625 0.5068359375 0.28955078125 0.5068359375 0.29052734375 0.5029296875 0.310546875 0.5009765625 0.3125 0.505859375 0.31640625 0.505859375 0.3193359375 0.5048828125
1 0.134765625 0.5703125 0.1826171875 0.5615234375 0.23828125 0.5517578125 0.2587890625 0.5458984375 0.28125 0.541015625 0.310546875 0.5380859375 0.32568359375 0.5361328125 0.3232421875 0.52734375 0.3154296875 0.525390625 0.28369140625 0.5263671875 0.25634765625 0.525390625 0.125 0.5419921875 -0.0009765625 0.5498046875 0.0 0.5927734375 0.0302734375 0.5908203125 0.08203125 0.5830078125 0.1123046875 0.576171875
3 0.24755859375 0.45703125 0.17431640625 0.458984375 0.17529296875 0.517578125 0.2529296875 0.517578125 0.25244140625 0.4697265625
4 0.46826171875 0.0302734375 0.46826171875 0.05859375 0.45751953125 0.083984375 0.4580078125 0.107421875 0.46630859375 0.107421875 0.46484375 0.130859375 0.4541015625 0.1474609375 0.4580078125 0.1689453125 0.45556640625 0.1923828125 0.451171875 0.205078125 0.43798828125 0.2109375 0.4306640625 0.23046875 0.41943359375 0.23828125 0.41015625 0.228515625 0.40673828125 0.2177734375 0.400390625 0.208984375 0.3935546875 0.21484375 0.392578125 0.2314453125 0.38916015625 0.2509765625 0.38623046875 0.2587890625 0.37646484375 0.259765625 0.365234375 0.2587890625 0.35986328125 0.232421875 0.3505859375 0.228515625 0.34521484375 0.2373046875 0.3408203125 0.25390625 0.3369140625 0.2626953125 0.3232421875 0.2578125 0.31982421875 0.24609375 0.3154296875 0.263671875 0.30419921875 0.2626953125 0.29638671875 0.265625 0.27783203125 0.287109375 0.2685546875 0.2958984375 0.2548828125 0.3037109375 0.24560546875 0.2939453125 0.23486328125 0.287109375 0.228515625 0.291015625 0.2177734375 0.3076171875 0.21142578125 0.3076171875 0.20849609375 0.2900390625 0.20751953125 0.26953125 0.20263671875 0.2744140625 0.1953125 0.2880859375 0.1884765625 0.287109375 0.18017578125 0.29296875 0.17529296875 0.3056640625 0.17626953125 0.3662109375 0.17626953125 0.3984375 0.1767578125 0.453125 0.17724609375 0.5205078125 0.15185546875 0.5244140625 0.154296875 0.4736328125 0.15380859375 0.4111328125 0.15380859375 0.365234375 0.1513671875 0.333984375 0.1533203125 0.306640625 0.15185546875 0.2861328125 0.142578125 0.287109375 0.13330078125 0.2841796875 0.12255859375 0.2880859375 0.111328125 0.2958984375 0.0986328125 0.2900390625 0.08984375 0.296875 0.08154296875 0.29296875 0.083984375 0.28125 0.08056640625 0.2734375 0.07470703125 0.26171875 0.0712890625 0.263671875 0.06298828125 0.267578125 0.06396484375 0.27734375 0.060546875 0.2880859375 0.06103515625 0.2998046875 0.05126953125 0.310546875 0.044921875 0.3037109375 0.0419921875 0.2900390625 0.03369140625 0.2822265625 0.021484375 0.28125 0.015625 0.28125 0.01220703125 0.2900390625 0.00732421875 0.3037109375 0.00048828125 0.3125 -0.0009765625 0.3125 0.0 0.0 0.46142578125 0.001953125 0.4619140625 0.0205078125 0.4677734375 0.0224609375
5 0.4130859375 0.46484375 0.4111328125 0.4560546875 0.40966796875 0.453125 0.40966796875 0.4501953125 0.4072265625 0.4482421875 0.40625 0.447265625 0.40087890625 0.435546875 0.39404296875 0.4296875 0.37890625 0.4296875 0.3642578125 0.431640625 0.359375 0.4345703125 0.35546875 0.443359375 0.3515625 0.466796875
5 0.59228515625 0.4208984375 0.57763671875 0.4208984375 0.5673828125 0.4296875 0.55615234375 0.4462890625 0.55126953125 0.451171875 0.5478515625 0.458984375 0.59130859375 0.4609375
1 0.66259765625 0.4638671875 0.69091796875 0.4638671875 0.7197265625 0.4775390625 0.66357421875 0.4775390625
5 0.65478515625 0.4296875 0.6494140625 0.4208984375 0.6435546875 0.41796875 0.63623046875 0.4169921875 0.6328125 0.478515625 0.6376953125 0.478515625 0.63916015625 0.4814453125 0.64111328125 0.484375 0.64404296875 0.4853515625 0.64697265625 0.484375 0.650390625 0.478515625 0.65234375 0.4580078125
5 0.86669921875 0.443359375 0.865234375 0.42578125 0.8623046875 0.412109375 0.8583984375 0.4072265625 0.8408203125 0.4072265625 0.82763671875 0.40625 0.818359375 0.408203125 0.80419921875 0.4140625 0.8251953125 0.48828125 0.830078125 0.490234375 0.83349609375 0.4873046875
5 0.8154296875 0.4150390625 0.8095703125 0.4091796875 0.796875 0.4091796875 0.78369140625 0.408203125 0.76708984375 0.4091796875 0.76220703125 0.4111328125 0.75634765625 0.4169921875 0.74755859375 0.4384765625 0.75048828125 0.4755859375 0.77294921875 0.4794921875 0.77392578125 0.486328125 0.77685546875 0.490234375 0.779296875 0.48828125 0.78076171875 0.4833984375 0.80078125 0.4833984375 0.80322265625 0.48828125 0.80712890625 0.490234375 0.81201171875 0.4873046875
5 0.75244140625 0.4453125 0.75048828125 0.4365234375 0.75048828125 0.4326171875 0.74951171875 0.4306640625 0.74755859375 0.431640625 0.7421875 0.4150390625 0.73583984375 0.4111328125 0.7353515625 0.404296875 0.7099609375 0.404296875 0.70947265625 0.4091796875 0.6982421875 0.408203125 0.69287109375 0.4111328125 0.68896484375 0.43359375 0.68798828125 0.4609375 0.68798828125 0.4658203125 0.6904296875 0.470703125 0.6904296875 0.4775390625 0.6923828125 0.4814453125 0.69482421875 0.4814453125 0.697265625 0.4765625 0.7158203125 0.478515625 0.7158203125 0.4814453125 0.7177734375 0.486328125 0.720703125 0.486328125 0.72314453125 0.4794921875 0.7451171875 0.478515625 0.7451171875 0.4833984375 0.7470703125 0.4873046875 0.74853515625 0.48828125 0.751953125 0.4853515625 0.75341796875 0.4736328125 0.75341796875 0.4541015625
5 0.9150390625 0.4521484375 0.91015625 0.4423828125 0.892578125 0.4375 0.8759765625 0.4384765625 0.86767578125 0.439453125 0.859375 0.44921875 0.84814453125 0.4580078125 0.841796875 0.4580078125 0.833984375 0.462890625 0.8291015625 0.46875 0.82666015625 0.4765625 0.828125 0.484375 0.8310546875 0.4892578125 0.83837890625 0.4912109375 0.83935546875 0.49609375 0.8427734375 0.498046875 0.84765625 0.4990234375 0.8525390625 0.498046875 0.85595703125 0.4951171875 0.85693359375 0.4921875 0.8623046875 0.4921875 0.87158203125 0.4912109375 0.89794921875 0.4912109375 0.90185546875 0.5 0.90625 0.5009765625 0.91015625 0.4990234375 0.912109375 0.4912109375 0.91845703125 0.48828125 0.919921875 0.4833984375 0.9189453125 0.4658203125 0.91748046875 0.458984375
5 0.96142578125 0.408203125 0.94677734375 0.41015625 0.935546875 0.4140625 0.93017578125 0.44140625 0.92724609375 0.453125 0.92578125 0.466796875 0.9248046875 0.478515625 0.9248046875 0.4912109375 0.9267578125 0.498046875 0.92919921875 0.5087890625 0.93359375 0.5126953125 0.9404296875 0.513671875 0.94287109375 0.509765625 0.94482421875 0.5029296875 0.94921875 0.501953125
5 0.98388671875 0.40234375 0.97216796875 0.4033203125 0.9638671875 0.40625 0.9560546875 0.4130859375 0.9501953125 0.4287109375 0.9462890625 0.4501953125 0.9453125 0.4697265625 0.94384765625 0.4814453125 0.9443359375 0.498046875 0.94775390625 0.5029296875 0.9501953125 0.5107421875 0.95361328125 0.5185546875 0.958984375 0.5205078125 0.9638671875 0.51953125 0.96630859375 0.5146484375 0.9755859375 0.513671875
5 0.994140625 0.3955078125 0.98486328125 0.3994140625 0.97607421875 0.4111328125 0.96826171875 0.43359375 0.9658203125 0.4541015625 0.96533203125 0.4765625 0.96533203125 0.49609375 0.96875 0.5029296875 0.9755859375 0.50390625 0.9990234375 0.416015625 0.99853515625 0.3955078125
5 0.99462890625 0.4189453125 0.986328125 0.435546875 0.98095703125 0.44921875 0.9765625 0.4560546875 0.97412109375 0.4716796875 0.97216796875 0.494140625 0.97412109375 0.5087890625 0.97998046875 0.517578125 0.99853515625 0.423828125 0.99853515625 0.4140625
5 0.97998046875 0.5263671875 0.9833984375 0.5361328125 0.986328125 0.5390625 0.99755859375 0.5400390625 0.9990234375 0.5400390625 0.99853515625 0.421875 0.99169921875 0.43359375 0.98681640625 0.4501953125 0.98193359375 0.462890625 0.9814453125 0.474609375 0.98095703125 0.48828125 0.9794921875 0.4990234375 0.97802734375 0.51171875 0.978515625 0.5205078125
1 0.2841796875 0.6083984375 0.32275390625 0.60546875 0.3271484375 0.611328125 0.39990234375 0.6181640625 0.4111328125 0.609375 0.46435546875 0.615234375 0.43115234375 0.6337890625 0.0 0.8427734375 0.0 0.6923828125
4 0.59326171875 0.455078125 0.58349609375 0.455078125 0.56982421875 0.4521484375 0.55517578125 0.453125 0.53662109375 0.4560546875 0.4990234375 0.4560546875 0.48828125 0.4580078125 0.46923828125 0.4580078125 0.4580078125 0.4580078125 0.44873046875 0.4560546875 0.44091796875 0.462890625 0.43603515625 0.4755859375 0.43701171875 0.5029296875 0.4375 0.5185546875 0.435546875 0.529296875 0.43701171875 0.54296875 0.44091796875 0.548828125 0.4521484375 0.55078125 0.4580078125 0.552734375 0.474609375 0.55078125 0.4921875 0.54296875 0.5126953125 0.5380859375 0.537109375 0.529296875 0.55126953125 0.521484375 0.5625 0.521484375 0.57470703125 0.515625 0.5908203125 0.5126953125 0.5986328125 0.5078125
1 0.9990234375 0.83203125 0.9765625 0.8037109375 0.92626953125 0.736328125 0.888671875 0.6826171875 0.8916015625 0.658203125 0.90673828125 0.64453125 0.9443359375 0.6318359375 0.98095703125 0.6259765625 0.99853515625 0.6240234375
