2 0.513671875 0.181640625 0.5546875 0.177734375 0.5615234375 0.419921875 0.51611328125 0.4228515625
4 0.35791015625 0.1689453125 0.365234375 0.166015625 0.37353515625 0.1640625 0.3779296875 0.162109375 0.3857421875 0.1591796875 0.39501953125 0.1650390625 0.40234375 0.16796875 0.41015625 0.1689453125 0.41796875 0.1669921875 0.42919921875 0.1767578125 0.43408203125 0.181640625 0.44287109375 0.1845703125 0.44970703125 0.1904296875 0.45263671875 0.185546875 0.4560546875 0.1767578125 0.46630859375 0.1630859375 0.47412109375 0.1591796875 0.48095703125 0.162109375 0.4873046875 0.1640625 0.4912109375 0.1591796875 0.49853515625 0.154296875 0.501953125 0.1484375 0.50732421875 0.1513671875 0.5107421875 0.1552734375 0.51318359375 0.154296875 0.52099609375 0.15625 0.53173828125 0.1689453125 0.53857421875 0.1923828125 0.54052734375 0.2119140625 0.56494140625 0.2197265625 0.57275390625 0.4375 0.3583984375 0.435546875
0 -0.0009765625 0.5517578125 0.40869140625 0.4248046875 0.51611328125 0.4189453125 0.5498046875 0.421875 0.998046875 0.9130859375 0.998046875 0.99609375 -0.0009765625 0.9970703125
5 0.36376953125 0.4091796875 0.37158203125 0.412109375 0.37890625 0.4208984375 0.36279296875 0.4228515625
2 0.0 0.0009765625 0.3310546875 0.0 0.33837890625 0.0859375 0.34521484375 0.091796875 0.3466796875 0.1337890625 0.36572265625 0.1640625 0.36572265625 0.173828125 0.36474609375 0.1787109375 0.36572265625 0.3662109375 0.365234375 0.3828125 0.3662109375 0.4169921875 0.3681640625 0.4287109375 0.0 0.5166015625
1 0.5302734375 0.4345703125 0.552734375 0.4306640625 0.99853515625 0.5478515625 0.99755859375 0.998046875 0.94482421875 0.9990234375 0.76708984375 0.7587890625 0.64208984375 0.595703125 0.57373046875 0.515625 0.53564453125 0.45703125 0.52490234375 0.435546875
2 0.5439453125 0.029296875 0.5439453125 0.0009765625 0.99853515625 0.0009765625 0.99658203125 0.634765625 0.85107421875 0.5537109375 0.818359375 0.556640625 0.78466796875 0.5361328125 0.73193359375 0.51171875 0.689453125 0.48828125 0.66455078125 0.482421875 0.64892578125 0.48828125 0.62548828125 0.4677734375 0.5888671875 0.455078125 0.55078125 0.4345703125 0.55029296875 0.3818359375 0.544921875 0.3515625 0.544921875 0.333984375 0.54248046875 0.1923828125 0.54248046875 0.1865234375 0.54296875 0.1650390625 0.54052734375 0.1640625 0.54296875 0.1513671875 0.54296875 0.1279296875 0.53857421875 0.1201171875 0.541015625 0.1103515625 0.541015625 0.099609375 0.5439453125 0.087890625 0.546875 0.0791015625 0.54638671875 0.06640625 0.5439453125 0.0634765625
5 0.52685546875 0.40625 0.533203125 0.40625 0.53759765625 0.4091796875 0.54345703125 0.412109375 0.54638671875 0.4208984375 0.5302734375 0.421875
5 0.40283203125 0.4091796875 0.40673828125 0.404296875 0.427734375 0.40234375 0.42919921875 0.423828125 0.42578125 0.4296875 0.4052734375 0.4306640625
5 0.5234375 0.3955078125 0.5322265625 0.3955078125 0.5322265625 0.40234375 0.5322265625 0.4091796875 0.53515625 0.4130859375 0.53662109375 0.4228515625 0.53662109375 0.4365234375 0.53369140625 0.4375 0.5302734375 0.4365234375 0.5224609375 0.4365234375 0.521484375 0.4384765625 0.517578125 0.4384765625 0.517578125 0.427734375 0.517578125 0.4189453125 0.5185546875 0.4140625 0.515625 0.3994140625 0.51708984375 0.396484375 0.5205078125 0.3955078125
3 0.44921875 0.4052734375 0.45947265625 0.4052734375 0.46044921875 0.423828125 0.458984375 0.4228515625 0.4580078125 0.419921875 0.45166015625 0.419921875 0.451171875 0.4248046875 0.44921875 0.4228515625
3 0.46533203125 0.4052734375 0.4755859375 0.404296875 0.47607421875 0.4228515625 0.474609375 0.4228515625 0.474609375 0.4208984375 0.4677734375 0.419921875 0.4677734375 0.4228515625 0.46533203125 0.4228515625
5 0.3798828125 0.4228515625 0.380859375 0.4169921875 0.384765625 0.4111328125 0.396484375 0.4091796875 0.40771484375 0.41015625 0.40966796875 0.4208984375 0.41015625 0.4375
5 0.38818359375 0.4208984375 0.404296875 0.41796875 0.40771484375 0.4248046875 0.41064453125 0.431640625 0.4111328125 0.4423828125 0.40771484375 0.4462890625 0.40625 0.451171875 0.40185546875 0.4521484375 0.39208984375 0.4501953125
5 0.3740234375 0.4169921875 0.3818359375 0.416015625 0.388671875 0.4169921875 0.39306640625 0.4169921875 0.39794921875 0.4267578125 0.39892578125 0.4404296875 0.39794921875 0.4501953125 0.39453125 0.4521484375 0.3935546875 0.4560546875 0.38720703125 0.45703125 0.3818359375 0.451171875 0.376953125 0.427734375 0.3759765625 0.423828125
5 0.3544921875 0.4208984375 0.3662109375 0.4189453125 0.37646484375 0.41796875 0.38427734375 0.4287109375 0.38818359375 0.4345703125 0.388671875 0.4482421875 0.3857421875 0.455078125 0.3837890625 0.45703125 0.380859375 0.4619140625 0.3720703125 0.451171875 0.36474609375 0.4326171875
5 0.34130859375 0.4150390625 0.34716796875 0.4140625 0.3564453125 0.4189453125 0.36474609375 0.4228515625 0.375 0.4345703125 0.3798828125 0.443359375 0.38134765625 0.455078125 0.38037109375 0.4599609375 0.37109375 0.4619140625 0.369140625 0.46875 0.3623046875 0.4677734375 0.35791015625 0.46484375 0.3466796875 0.435546875 0.345703125 0.42578125
5 0.3408203125 0.4169921875 0.3447265625 0.4169921875 0.35302734375 0.4228515625 0.3603515625 0.4287109375 0.3662109375 0.431640625 0.3681640625 0.4326171875 0.36962890625 0.4404296875 0.37109375 0.453125 0.36962890625 0.4619140625 0.361328125 0.46484375 0.35791015625 0.46484375 0.35693359375 0.4677734375 0.35546875 0.4697265625 0.349609375 0.4716796875 0.34423828125 0.4619140625 0.341796875 0.4345703125
5 0.3291015625 0.4091796875 0.33544921875 0.408203125 0.34375 0.4140625 0.3486328125 0.4208984375 0.3525390625 0.4326171875 0.353515625 0.455078125 0.35205078125 0.4609375 0.3515625 0.466796875 0.3505859375 0.4736328125 0.34814453125 0.4775390625 0.3427734375 0.478515625 0.337890625 0.4677734375 0.32958984375 0.421875 0.32861328125 0.4169921875
5 0.2734375 0.4228515625 0.283203125 0.4140625 0.29638671875 0.4091796875 0.314453125 0.4072265625 0.330078125 0.4091796875 0.337890625 0.4111328125 0.3447265625 0.423828125 0.34765625 0.4423828125 0.34814453125 0.4560546875 0.34814453125 0.4677734375 0.34423828125 0.4716796875 0.34130859375 0.4736328125 0.33935546875 0.4794921875 0.333984375 0.4833984375 0.32763671875 0.4853515625 0.3212890625 0.484375 0.318359375 0.4794921875 0.29443359375 0.4482421875 0.283203125 0.4375
5 0.2529296875 0.43359375 0.25927734375 0.4296875 0.2724609375 0.423828125 0.29052734375 0.4228515625 0.30810546875 0.4228515625 0.31591796875 0.4248046875 0.3212890625 0.435546875 0.3251953125 0.447265625 0.326171875 0.4609375 0.32568359375 0.4736328125 0.3193359375 0.4814453125 0.3134765625 0.48828125 0.30712890625 0.4892578125 0.3017578125 0.4931640625 0.28955078125 0.4931640625 0.28759765625 0.490234375 0.28076171875 0.4892578125 0.2724609375 0.47265625 0.25732421875 0.4453125
5 0.23486328125 0.42578125 0.2451171875 0.42578125 0.25732421875 0.43359375 0.26953125 0.4453125 0.2783203125 0.4462890625 0.28076171875 0.453125 0.28173828125 0.4658203125 0.283203125 0.470703125 0.28515625 0.4775390625 0.283203125 0.4853515625 0.2734375 0.4912109375 0.25244140625 0.4765625 0.2412109375 0.443359375
4 0.0 0.0 0.27099609375 0.0009765625 0.27197265625 0.009765625 0.27490234375 0.015625 0.2783203125 0.0224609375 0.28173828125 0.0419921875 0.27587890625 0.0478515625 0.2705078125 0.046875 0.26904296875 0.0498046875 0.27099609375 0.05859375 0.2734375 0.06640625 0.279296875 0.099609375 0.27880859375 0.1025390625 0.271484375 0.111328125 0.263671875 0.12109375 0.25537109375 0.12890625 0.25634765625 0.1328125 0.2578125 0.134765625 0.255859375 0.142578125 0.24853515625 0.15234375 0.24462890625 0.1533203125 0.23583984375 0.1572265625 0.23583984375 0.1689453125 0.22900390625 0.1689453125 0.2197265625 0.1708984375 0.21435546875 0.16796875 0.20849609375 0.1591796875 0.19921875 0.154296875 0.1943359375 0.146484375 0.185546875 0.1416015625 0.17724609375 0.1318359375 0.17333984375 0.12109375 0.1708984375 0.107421875 0.16552734375 0.1064453125 0.16162109375 0.123046875 0.16650390625 0.1328125 0.1650390625 0.1376953125 0.16162109375 0.1396484375 0.1572265625 0.1435546875 0.1611328125 0.1533203125 0.1611328125 0.1630859375 0.16357421875 0.171875 0.162109375 0.1884765625 0.16845703125 0.1884765625 0.1708984375 0.1953125 0.1708984375 0.2109375 0.17431640625 0.220703125 0.1787109375 0.2294921875 0.18310546875 0.2373046875 0.17431640625 0.248046875 0.16796875 0.2568359375 0.16845703125 0.2578125 0.1708984375 0.2685546875 0.1728515625 0.27734375 0.166015625 0.28125 0.1533203125 0.279296875 0.1455078125 0.279296875 0.13916015625 0.2763671875 0.13427734375 0.2822265625 0.12646484375 0.2802734375 0.1181640625 0.275390625 0.10888671875 0.26953125 0.0986328125 0.2626953125 0.09423828125 0.2509765625 0.087890625 0.240234375 0.08203125 0.23828125 0.07421875 0.248046875 0.06787109375 0.2529296875 0.05859375 0.2509765625 0.056640625 0.255859375 0.06201171875 0.267578125 0.06201171875 0.2763671875 0.05419921875 0.28125 0.04345703125 0.28125 0.044921875 0.3056640625 0.0439453125 0.3330078125 0.04541015625 0.3818359375 0.04736328125 0.435546875 0.02392578125 0.45703125 0.0263671875 0.419921875 0.0244140625 0.326171875 0.0244140625 0.30859375 0.0205078125 0.30078125 0.021484375 0.2880859375 0.01611328125 0.2841796875 0.01171875 0.2861328125 0.0 0.28515625
5 0.20263671875 0.4169921875 0.23828125 0.4208984375 0.25048828125 0.4423828125 0.2509765625 0.4560546875 0.251953125 0.4658203125 0.25390625 0.482421875 0.25341796875 0.48828125 0.24560546875 0.4990234375 0.244140625 0.5048828125 0.23828125 0.5146484375 0.22607421875 0.517578125 0.21337890625 0.517578125 0.205078125 0.50390625
5 0.0830078125 0.4208984375 0.09521484375 0.408203125 0.109375 0.4013671875 0.13720703125 0.3974609375 0.1728515625 0.3974609375 0.20166015625 0.40234375 0.2060546875 0.416015625 0.21484375 0.447265625 0.2158203125 0.4755859375 0.21728515625 0.4853515625 0.2177734375 0.4970703125 0.21337890625 0.5048828125 0.201171875 0.515625 0.19873046875 0.5244140625 0.1923828125 0.533203125 0.18212890625 0.5322265625 0.1767578125 0.5322265625 0.17041015625 0.537109375 0.15869140625 0.5380859375 0.1533203125 0.5341796875 0.134765625 0.51171875 0.10205078125 0.4560546875 0.08740234375 0.4345703125
5 0.0009765625 0.4755859375 0.03369140625 0.439453125 0.056640625 0.4248046875 0.08056640625 0.41796875 0.10693359375 0.41796875 0.12890625 0.4208984375 0.1357421875 0.427734375 0.140625 0.4521484375 0.1435546875 0.4658203125 0.1474609375 0.4814453125 0.15185546875 0.4931640625 0.1513671875 0.5126953125 0.14794921875 0.52734375 0.14453125 0.537109375 0.1357421875 0.544921875 0.0263671875 0.5302734375 0.00390625 0.4853515625
5 0.4892578125 0.408203125 0.50341796875 0.408203125 0.50634765625 0.4169921875 0.5068359375 0.43359375 0.50732421875 0.4404296875 0.501953125 0.44140625 0.501953125 0.4384765625 0.4912109375 0.4375 0.4912109375 0.44140625 0.48583984375 0.44140625 0.4853515625 0.43359375 0.4853515625 0.4228515625 0.4873046875 0.4189453125 0.4873046875 0.416015625
