2 0.4736328125 0.2900390625 0.54736328125 0.271484375 0.55517578125 0.2880859375 0.56201171875 0.2705078125 0.5888671875 0.2734375 0.595703125 0.2900390625 0.595703125 0.263671875 0.6005859375 0.263671875 0.59912109375 0.23046875 0.61669921875 0.1669921875 0.63818359375 0.173828125 0.65380859375 0.169921875 0.64697265625 0.3876953125 0.619140625 0.3896484375 0.59912109375 0.388671875 0.54443359375 0.3974609375 0.52783203125 0.396484375 0.47802734375 0.400390625
5 0.54541015625 0.384765625 0.53955078125 0.3837890625 0.53662109375 0.3955078125 0.546875 0.39453125
0 -0.0009765625 0.53515625 0.47607421875 0.3974609375 0.6279296875 0.3916015625 0.79248046875 0.419921875 0.99853515625 0.4306640625 0.998046875 0.9970703125 0.0 0.9970703125
2 0.37060546875 0.1123046875 0.40380859375 0.1103515625 0.40380859375 0.0908203125 0.45556640625 0.0869140625 0.4580078125 0.09375 0.4580078125 0.1025390625 0.4873046875 0.103515625 0.4931640625 0.1240234375 0.5 0.3994140625 0.48974609375 0.3974609375 0.48828125 0.3427734375 0.48193359375 0.34375 0.482421875 0.4033203125 0.3798828125 0.41015625
1 0.0 0.51953125 0.296875 0.4521484375 0.31591796875 0.4287109375 0.4345703125 0.4013671875 0.4951171875 0.3974609375 0.52734375 0.39453125 0.52490234375 0.3974609375 0.5107421875 0.400390625 0.48583984375 0.404296875 0.47314453125 0.4033203125 0.46044921875 0.4091796875 0.419921875 0.4248046875 0.29052734375 0.4775390625 0.2158203125 0.501953125 0.171875 0.517578125 0.11767578125 0.533203125 0.02587890625 0.5546875 0.0 0.5634765625
1 0.59619140625 0.38671875 0.62158203125 0.3896484375 0.671875 0.3828125 0.78173828125 0.408203125 0.89306640625 0.4375 0.91943359375 0.4521484375 0.865234375 0.466796875 0.8203125 0.482421875 0.75439453125 0.4658203125 0.70654296875 0.44921875 0.6484375 0.43359375 0.61767578125 0.421875 0.60498046875 0.4033203125
2 0.0 0.0 0.345703125 0.0009765625 0.3837890625 0.0654296875 0.38525390625 0.109375 0.38720703125 0.1708984375 0.38818359375 0.2431640625 0.38916015625 0.3232421875 0.39013671875 0.3623046875 0.38330078125 0.3623046875 0.38427734375 0.3994140625 0.38525390625 0.423828125 0.3857421875 0.4365234375 0.37548828125 0.4375 0.3671875 0.435546875 0.357421875 0.435546875 0.34765625 0.4365234375 0.33740234375 0.4384765625 0.33056640625 0.4384765625 0.3232421875 0.4423828125 0.322265625 0.4521484375 0.263671875 0.4677734375 0.2490234375 0.474609375 0.23876953125 0.4775390625 0.22998046875 0.4775390625 0.212890625 0.4765625 0.21044921875 0.4814453125 0.17138671875 0.4921875 0.099609375 0.51171875 0.046875 0.52734375 0.0 0.5341796875
5 0.52587890625 0.3818359375 0.53173828125 0.380859375 0.53515625 0.38671875 0.53662109375 0.3994140625 0.53369140625 0.40234375 0.521484375 0.4033203125 0.52099609375 0.3896484375 0.5234375 0.384765625
5 0.4609375 0.3935546875 0.46337890625 0.3857421875 0.4677734375 0.3837890625 0.4736328125 0.3837890625 0.47705078125 0.390625 0.47705078125 0.4033203125 0.47705078125 0.4111328125 0.4736328125 0.412109375 0.4736328125 0.4091796875 0.46435546875 0.4091796875 0.4638671875 0.4150390625 0.4619140625 0.4130859375 0.46142578125 0.40234375
4 0.3740234375 0.400390625 0.3740234375 0.390625 0.3759765625 0.3857421875 0.37548828125 0.3798828125 0.37451171875 0.37890625 0.3740234375 0.3759765625 0.375 0.3701171875 0.37353515625 0.3681640625 0.38720703125 0.3515625 0.39306640625 0.3515625 0.39599609375 0.345703125 0.40087890625 0.34375 0.40478515625 0.3466796875 0.4091796875 0.3466796875 0.412109375 0.3505859375 0.41455078125 0.353515625 0.41796875 0.35546875 0.42333984375 0.36328125 0.42236328125 0.41796875 0.388671875 0.4248046875
2 0.20263671875 0.275390625 0.3125 0.310546875 0.3310546875 0.3232421875 0.3310546875 0.349609375 0.3115234375 0.357421875 0.20166015625 0.3369140625
5 0.3974609375 0.427734375 0.4013671875 0.4111328125 0.40380859375 0.3994140625 0.40478515625 0.3896484375 0.41162109375 0.3876953125 0.42431640625 0.3876953125 0.42626953125 0.4072265625 0.4287109375 0.4130859375 0.42919921875 0.43359375 0.4248046875 0.4375 0.42333984375 0.4365234375 0.42333984375 0.43359375 0.40869140625 0.435546875 0.40771484375 0.4384765625 0.40478515625 0.4423828125
5 0.3623046875 0.4111328125 0.365234375 0.4052734375 0.36767578125 0.400390625 0.3701171875 0.3984375 0.3740234375 0.4013671875 0.38720703125 0.3984375 0.39208984375 0.3955078125 0.3955078125 0.3994140625 0.39990234375 0.4072265625 0.40576171875 0.4189453125 0.4072265625 0.4345703125 0.40771484375 0.455078125 0.40771484375 0.462890625 0.40185546875 0.46484375 0.400390625 0.4580078125 0.39794921875 0.4580078125 0.39794921875 0.466796875 0.39599609375 0.4697265625 0.39208984375 0.4716796875 0.3916015625 0.46484375 0.37158203125 0.4677734375 0.37158203125 0.4716796875 0.3671875 0.47265625 0.3671875 0.4697265625 0.36083984375 0.4697265625 0.36083984375 0.4755859375 0.35546875 0.4765625 0.353515625 0.4716796875 0.35302734375 0.4541015625 0.3525390625 0.4345703125 0.3544921875 0.4306640625 0.3525390625 0.4267578125 0.3525390625 0.4228515625 0.35546875 0.4189453125 0.35693359375 0.423828125 0.3583984375 0.421875 0.359375 0.4169921875
5 0.546875 0.4052734375 0.5419921875 0.400390625 0.54345703125 0.3828125 0.5458984375 0.3798828125 0.55126953125 0.37890625 0.5546875 0.3798828125 0.56103515625 0.380859375 0.5625 0.3876953125
4 0.5849609375 0.38671875 0.58349609375 0.376953125 0.57958984375 0.3740234375 0.5751953125 0.3740234375 0.57177734375 0.3662109375 0.5654296875 0.3671875 0.560546875 0.36328125 0.55810546875 0.357421875 0.55810546875 0.349609375 0.5595703125 0.3447265625 0.5634765625 0.3388671875 0.5615234375 0.3349609375 0.5625 0.3232421875 0.56396484375 0.3134765625 0.56787109375 0.306640625 0.5732421875 0.302734375 0.57568359375 0.3037109375 0.580078125 0.2919921875 0.5830078125 0.2880859375 0.591796875 0.287109375 0.60009765625 0.2861328125 0.60498046875 0.29296875 0.60791015625 0.298828125 0.611328125 0.3046875 0.6123046875 0.294921875 0.6123046875 0.287109375 0.611328125 0.2685546875 0.61279296875 0.2607421875 0.6162109375 0.251953125 0.62060546875 0.2421875 0.625 0.22265625 0.62841796875 0.2099609375 0.630859375 0.2001953125 0.630859375 0.1943359375 0.634765625 0.1875 0.642578125 0.1806640625 0.69384765625 0.171875 0.71826171875 0.3759765625 0.61962890625 0.3896484375 0.60791015625 0.388671875 0.5986328125 0.388671875
5 0.65087890625 0.33203125 0.66748046875 0.33203125 0.669921875 0.33984375 0.67333984375 0.3408203125 0.67578125 0.349609375 0.67822265625 0.36328125 0.67724609375 0.380859375 0.6728515625 0.3828125 0.6728515625 0.37890625 0.66015625 0.37890625 0.65087890625 0.361328125 0.64794921875 0.34375 0.64794921875 0.3388671875
4 0.63623046875 0.404296875 0.62060546875 0.40625 0.6142578125 0.40234375 0.61669921875 0.3818359375 0.62353515625 0.3701171875 0.6259765625 0.36328125 0.62890625 0.3544921875 0.63671875 0.34765625 0.64013671875 0.34765625 0.6416015625 0.3427734375 0.646484375 0.3408203125 0.65234375 0.3408203125 0.658203125 0.341796875 0.662109375 0.3515625 0.666015625 0.3564453125 0.66748046875 0.361328125 0.66748046875 0.3671875 0.666015625 0.38671875 0.64794921875 0.3876953125 0.63525390625 0.3896484375
4 0.68701171875 0.3779296875 0.68310546875 0.3701171875 0.68017578125 0.36328125 0.67431640625 0.3408203125 0.6689453125 0.328125 0.66357421875 0.3154296875 0.65625 0.2939453125 0.65380859375 0.2802734375 0.650390625 0.2705078125 0.646484375 0.259765625 0.64111328125 0.2451171875 0.640625 0.21875 0.6435546875 0.2041015625 0.646484375 0.1943359375 0.646484375 0.1708984375 0.640625 0.1455078125 0.6376953125 0.1318359375 0.63818359375 0.1181640625 0.640625 0.115234375 0.63818359375 0.1103515625 0.63671875 0.1025390625 0.63720703125 0.091796875 0.64208984375 0.0888671875 0.6474609375 0.0869140625 0.6484375 0.0830078125 0.64794921875 0.078125 0.646484375 0.0673828125 0.6455078125 0.0625 0.64599609375 0.056640625 0.650390625 0.0546875 0.6533203125 0.056640625 0.65478515625 0.056640625 0.654296875 0.041015625 0.658203125 0.0302734375 0.65625 0.0224609375 0.6513671875 0.033203125 0.64794921875 0.03515625 0.638671875 0.0283203125 0.63525390625 0.0244140625 0.63818359375 0.009765625 0.64208984375 0.0 0.99853515625 0.0 0.99658203125 0.458984375 0.95361328125 0.455078125 0.9189453125 0.453125 0.8876953125 0.4482421875 0.71533203125 0.419921875 0.67919921875 0.4130859375 0.6845703125 0.400390625
5 0.548828125 0.421875 0.5439453125 0.4189453125 0.54296875 0.404296875 0.5439453125 0.392578125 0.5478515625 0.3818359375 0.5595703125 0.3828125 0.56298828125 0.392578125
5 0.5458984375 0.42578125 0.54638671875 0.4150390625 0.546875 0.3994140625 0.55029296875 0.3896484375 0.55322265625 0.38671875 0.5703125 0.38671875 0.572265625 0.392578125 0.5634765625 0.4267578125 0.55126953125 0.4267578125 0.55126953125 0.431640625 0.54833984375 0.4326171875
5 0.56396484375 0.3994140625 0.568359375 0.390625 0.57177734375 0.384765625 0.583984375 0.380859375 0.59814453125 0.3818359375 0.6044921875 0.3896484375 0.60986328125 0.4052734375 0.61181640625 0.4326171875 0.61181640625 0.45703125 0.6103515625 0.4580078125 0.60546875 0.4580078125 0.60498046875 0.44921875 0.6005859375 0.447265625 0.599609375 0.4521484375 0.59814453125 0.453125 0.59521484375 0.453125 0.5947265625 0.447265625 0.58544921875 0.447265625 0.5751953125 0.447265625 0.57421875 0.455078125 0.57275390625 0.4560546875 0.568359375 0.4560546875 0.568359375 0.447265625 0.56396484375 0.447265625 0.56396484375 0.4560546875 0.560546875 0.4521484375 0.55859375 0.4482421875 0.55908203125 0.4287109375 0.55908203125 0.4140625 0.560546875 0.4091796875 0.55908203125 0.4072265625 0.55908203125 0.400390625
1 0.35986328125 0.623046875 0.2900390625 0.7294921875 0.00390625 0.71875 0.0 0.71875 0.0 0.701171875 0.0791015625 0.6552734375
1 0.53466796875 0.46875 0.5322265625 0.4775390625 0.53125 0.4736328125 0.46826171875 0.474609375 0.4755859375 0.46875
