4 0.541015625 0.3037109375 0.5341796875 0.30078125 0.52734375 0.2998046875 0.5263671875 0.302734375 0.521484375 0.302734375 0.51806640625 0.30859375 0.52734375 0.4638671875 0.58642578125 0.45703125 0.572265625 0.36328125
2 0.4892578125 0.2158203125 0.45849609375 0.2177734375 0.4482421875 0.203125 0.43701171875 0.220703125 0.39111328125 0.220703125 0.38720703125 0.2060546875 0.3935546875 0.18359375 0.3876953125 0.1748046875 0.3876953125 0.1337890625 0.33544921875 0.044921875 0.33642578125 0.0 -0.00048828125 0.0009765625 -0.0009765625 0.5283203125 0.43115234375 0.4931640625 0.5048828125 0.4853515625 0.53759765625 0.439453125 0.53515625 0.369140625 0.52685546875 0.3505859375 0.5283203125 0.3330078125 0.52587890625 0.3310546875 0.525390625 0.3134765625 0.51513671875 0.2939453125 0.4951171875 0.29296875
2 0.55078125 0.353515625 0.5390625 0.3623046875 0.53955078125 0.3935546875 0.556640625 0.4072265625
4 0.82568359375 0.2861328125 0.81201171875 0.2802734375 0.7998046875 0.2802734375 0.7861328125 0.2763671875 0.77490234375 0.2734375 0.7607421875 0.2734375 0.75244140625 0.26953125 0.744140625 0.265625 0.7373046875 0.271484375 0.73193359375 0.2841796875 0.71484375 0.283203125 0.70068359375 0.2646484375 0.67236328125 0.3427734375 0.6630859375 0.4658203125 0.87060546875 0.4580078125 0.85546875 0.296875
4 0.51171875 0.0341796875 0.5087890625 0.0478515625 0.50390625 0.0546875 0.49755859375 0.068359375 0.49267578125 0.068359375 0.48828125 0.0859375 0.486328125 0.103515625 0.48486328125 0.123046875 0.49169921875 0.1376953125 0.4970703125 0.150390625 0.50732421875 0.1455078125 0.51611328125 0.1416015625 0.51806640625 0.154296875 0.5146484375 0.16796875 0.51904296875 0.1767578125 0.5244140625 0.173828125 0.5302734375 0.18359375 0.537109375 0.169921875 0.54150390625 0.1787109375 0.53857421875 0.193359375 0.53662109375 0.2080078125 0.5390625 0.2353515625 0.53759765625 0.2431640625 0.5322265625 0.2470703125 0.53076171875 0.259765625 0.52978515625 0.26953125 0.53271484375 0.2841796875 0.53369140625 0.2978515625 0.53173828125 0.3154296875 0.5361328125 0.3330078125 0.5400390625 0.345703125 0.544921875 0.361328125 0.54833984375 0.369140625 0.55029296875 0.3828125 0.55029296875 0.392578125 0.55224609375 0.3974609375 0.55419921875 0.41015625 0.5576171875 0.419921875 0.5595703125 0.4521484375 0.67041015625 0.4658203125 0.67333984375 0.4267578125 0.6728515625 0.39453125 0.6767578125 0.361328125 0.68896484375 0.3369140625 0.697265625 0.291015625 0.70361328125 0.2646484375 0.71533203125 0.2626953125 0.7265625 0.267578125 0.74169921875 0.279296875 0.7548828125 0.2958984375 0.76220703125 0.2998046875 0.759765625 0.2783203125 0.7587890625 0.2626953125 0.7568359375 0.2392578125 0.76611328125 0.2333984375 0.7626953125 0.2080078125 0.77099609375 0.224609375 0.7802734375 0.2421875 0.78955078125 0.244140625 0.791015625 0.2275390625 0.78759765625 0.2109375 0.79833984375 0.2001953125 0.81201171875 0.197265625 0.8173828125 0.1884765625 0.8203125 0.16015625 0.82763671875 0.1103515625 0.828125 0.0 0.48779296875 0.001953125 0.49267578125 0.0107421875 0.50146484375 0.017578125 0.50634765625 0.0263671875
0 0.13525390625 0.56640625 0.4560546875 0.4560546875 0.54541015625 0.435546875 0.5693359375 0.4365234375 0.669921875 0.5126953125 0.9990234375 0.7451171875 0.99853515625 0.9970703125 0.0 0.99609375 -0.0009765625 0.619140625
1 0.04248046875 0.6376953125 0.24462890625 0.55859375 0.3583984375 0.5126953125 0.4033203125 0.4921875 0.40087890625 0.4580078125 0.35107421875 0.46484375 0.345703125 0.4677734375 0.2861328125 0.4716796875 0.2138671875 0.482421875 0.12744140625 0.486328125 -0.0009765625 0.513671875 -0.0009765625 0.654296875
5 0.4951171875 0.4326171875 0.5 0.431640625 0.501953125 0.439453125 0.50439453125 0.439453125 0.50439453125 0.44140625 0.5029296875 0.4423828125 0.50390625 0.4501953125 0.50390625 0.45703125 0.50390625 0.4609375 0.498046875 0.46484375
5 0.48046875 0.431640625 0.4873046875 0.4287109375 0.49365234375 0.427734375 0.49560546875 0.4287109375 0.498046875 0.4375 0.4990234375 0.44921875 0.49853515625 0.4619140625 0.498046875 0.4658203125 0.494140625 0.466796875
4 0.46484375 0.3740234375 0.46875 0.37109375 0.47314453125 0.37109375 0.4755859375 0.3740234375 0.47998046875 0.3759765625 0.4794921875 0.37890625 0.4755859375 0.380859375 0.47314453125 0.38671875 0.47509765625 0.3916015625 0.47705078125 0.39453125 0.4755859375 0.3994140625 0.4755859375 0.40625 0.47314453125 0.4150390625 0.46923828125 0.4189453125 0.46630859375 0.41796875 0.462890625 0.4091796875 0.45654296875 0.412109375 0.42041015625 0.4189453125 0.421875 0.3828125 0.43212890625 0.3837890625 0.43212890625 0.375 0.4140625 0.3671875 0.41455078125 0.361328125 0.41259765625 0.3515625 0.41064453125 0.3349609375 0.4111328125 0.3251953125 0.4169921875 0.31640625 0.42333984375 0.3173828125 0.4287109375 0.3115234375 0.43310546875 0.318359375 0.43896484375 0.3271484375 0.44189453125 0.3427734375 0.44189453125 0.3486328125 0.44287109375 0.3544921875 0.44677734375 0.3525390625 0.45068359375 0.3505859375 0.45263671875 0.35546875 0.4560546875 0.3515625 0.4599609375 0.3564453125 0.46142578125 0.365234375 0.45751953125 0.3720703125 0.4560546875 0.3779296875 0.45947265625 0.3857421875 0.462890625 0.37890625
5 0.46728515625 0.4482421875 0.470703125 0.4375 0.4736328125 0.431640625 0.482421875 0.4296875 0.48828125 0.431640625 0.4921875 0.4404296875 0.49365234375 0.4541015625 0.49365234375 0.4638671875 0.49267578125 0.4677734375 0.4912109375 0.46875 0.490234375 0.466796875 0.4736328125 0.466796875 0.47314453125 0.46875 0.47021484375 0.470703125
4 0.4033203125 0.4306640625 0.39794921875 0.4345703125 0.392578125 0.427734375 0.38720703125 0.4267578125 0.3828125 0.4296875 0.37744140625 0.427734375 0.37353515625 0.427734375 0.36962890625 0.427734375 0.3681640625 0.46484375 0.3740234375 0.46484375 0.38232421875 0.46484375 0.39013671875 0.46484375 0.396484375 0.4638671875
5 0.4111328125 0.4267578125 0.40283203125 0.4287109375 0.40087890625 0.43359375 0.39453125 0.466796875 0.39404296875 0.482421875 0.39501953125 0.498046875 0.40185546875 0.4970703125
5 0.4609375 0.50390625 0.46337890625 0.505859375 0.4638671875 0.5126953125 0.466796875 0.513671875 0.47119140625 0.51171875 0.47119140625 0.486328125 0.470703125 0.45703125 0.4658203125 0.427734375 0.4599609375 0.4111328125 0.45703125 0.408203125 0.43603515625 0.4072265625 0.41845703125 0.41015625 0.4130859375 0.4169921875 0.40380859375 0.453125 0.400390625 0.47265625 0.39990234375 0.505859375 0.40087890625 0.5205078125 0.40185546875 0.5234375 0.40966796875 0.5224609375 0.40966796875 0.5126953125 0.41552734375 0.5126953125 0.41650390625 0.5185546875 0.421875 0.51953125 0.4228515625 0.51171875 0.45263671875 0.509765625 0.45361328125 0.5166015625 0.45458984375 0.51953125 0.46044921875 0.51953125 0.4609375 0.5126953125
2 0.13037109375 0.3466796875 0.1328125 0.3505859375 0.13525390625 0.48828125 0.14111328125 0.4873046875 0.1396484375 0.349609375 0.14111328125 0.3447265625
5 0.56884765625 0.4267578125 0.5634765625 0.4267578125 0.5615234375 0.4345703125 0.56103515625 0.44140625 0.56103515625 0.4443359375 0.5625 0.4453125 0.56396484375 0.4423828125 0.56689453125 0.4423828125
5 0.5537109375 0.427734375 0.556640625 0.4267578125 0.56005859375 0.427734375 0.56201171875 0.4326171875 0.56201171875 0.4423828125 0.5615234375 0.4462890625 0.5595703125 0.447265625 0.5498046875 0.447265625 0.5498046875 0.439453125 0.55126953125 0.4306640625
5 0.57763671875 0.423828125 0.5712890625 0.423828125 0.56884765625 0.4248046875 0.56591796875 0.4345703125 0.56494140625 0.4462890625 0.56494140625 0.45703125 0.5654296875 0.458984375 0.57373046875 0.458984375
2 0.83935546875 0.28125 0.875 0.228515625 0.8837890625 0.22265625 0.9130859375 0.2001953125 0.99853515625 0.1455078125 0.99853515625 0.4052734375 0.99365234375 0.4091796875 0.99169921875 0.4169921875 0.982421875 0.4169921875 0.97802734375 0.4267578125 0.9755859375 0.4482421875 0.92138671875 0.451171875 0.869140625 0.4453125 0.85302734375 0.4326171875 0.85205078125 0.318359375
4 0.89208984375 0.310546875 0.8837890625 0.296875 0.87353515625 0.2900390625 0.86328125 0.294921875 0.8583984375 0.3349609375 0.85791015625 0.3447265625 0.84814453125 0.326171875 0.84228515625 0.3212890625 0.8369140625 0.337890625 0.8388671875 0.3515625 0.833984375 0.33984375 0.826171875 0.34375 0.82080078125 0.361328125 0.82421875 0.380859375 0.81689453125 0.3876953125 0.8115234375 0.4033203125 0.8193359375 0.419921875 0.82666015625 0.4384765625 0.8310546875 0.4501953125 0.8388671875 0.470703125 0.83203125 0.4833984375 0.8369140625 0.498046875 0.8564453125 0.48046875 0.87451171875 0.4833984375 0.90087890625 0.482421875
3 0.7119140625 0.44921875 0.71337890625 0.5439453125 0.72314453125 0.54296875 0.72216796875 0.5107421875 0.76025390625 0.4619140625 0.8388671875 0.4580078125 0.83740234375 0.4482421875
3 0.77099609375 0.5029296875 0.77001953125 0.455078125 0.837890625 0.45703125 0.8388671875 0.4658203125 0.82275390625 0.4677734375 0.81591796875 0.4677734375 0.8115234375 0.4677734375 0.80810546875 0.46875 0.798828125 0.4697265625 0.783203125 0.4697265625 0.7841796875 0.4853515625 0.78466796875 0.49609375 0.77783203125 0.501953125
5 0.5791015625 0.5078125 0.58447265625 0.5068359375 0.58740234375 0.50390625 0.60595703125 0.505859375 0.61474609375 0.50390625 0.6181640625 0.5078125 0.6181640625 0.51171875 0.623046875 0.51171875 0.623046875 0.517578125 0.630859375 0.517578125 0.63134765625 0.5 0.6318359375 0.484375 0.6328125 0.470703125 0.630859375 0.4482421875 0.62646484375 0.4248046875 0.62158203125 0.4091796875 0.60400390625 0.404296875 0.587890625 0.4052734375 0.5810546875 0.4072265625 0.5751953125 0.4287109375 0.57275390625 0.4443359375 0.57080078125 0.4541015625 0.5693359375 0.4755859375 0.56884765625 0.4970703125 0.5693359375 0.509765625 0.5712890625 0.5146484375 0.57861328125 0.5146484375
4 0.9267578125 0.4814453125 0.9208984375 0.33984375 0.91650390625 0.220703125 0.9169921875 0.1748046875 0.9208984375 0.150390625 0.921875 0.1357421875 0.92529296875 0.1259765625 0.9306640625 0.123046875 0.9404296875 0.13671875 0.94287109375 0.1513671875 0.94677734375 0.1611328125 0.95654296875 0.16015625 0.96728515625 0.171875 0.97412109375 0.169921875 0.97216796875 0.1513671875 0.96875 0.1318359375 0.96923828125 0.119140625 0.97412109375 0.12109375 0.9853515625 0.125 0.994140625 0.138671875 0.98681640625 0.15625 0.97607421875 0.1728515625 0.96533203125 0.185546875 0.96533203125 0.19921875 0.96337890625 0.2138671875 0.96240234375 0.228515625 0.96728515625 0.2353515625 0.9794921875 0.224609375 0.9892578125 0.216796875 0.99853515625 0.2080078125 0.99853515625 0.0 0.69287109375 0.0 0.689453125 0.041015625 0.703125 0.08203125 0.7041015625 0.099609375 0.71630859375 0.10546875 0.73193359375 0.107421875 0.73486328125 0.115234375 0.73291015625 0.1279296875 0.74560546875 0.13671875 0.76123046875 0.130859375 0.77001953125 0.13671875 0.77587890625 0.1484375 0.787109375 0.1435546875 0.7978515625 0.1376953125 0.78564453125 0.158203125 0.7861328125 0.171875 0.80078125 0.171875 0.82275390625 0.16015625 0.8388671875 0.15234375 0.85009765625 0.14453125 0.861328125 0.134765625 0.86669921875 0.138671875 0.8759765625 0.15234375 0.8779296875 0.1611328125 0.88134765625 0.2197265625 0.8837890625 0.3115234375 0.888671875 0.4609375 0.888671875 0.4765625 0.88818359375 0.4833984375
