2 -0.00048828125 0.0 0.32763671875 0.0 0.47607421875 0.1171875 0.47998046875 0.119140625 0.52685546875 0.0009765625 0.99853515625 0.0 0.99853515625 0.73046875 0.669921875 0.462890625 0.44091796875 0.525390625 0.20947265625 0.5859375 -0.0009765625 0.8154296875
0 0.0 0.79296875 0.369140625 0.4951171875 0.41015625 0.490234375 0.44970703125 0.466796875 0.6181640625 0.4326171875 0.66650390625 0.4541015625 0.998046875 0.7021484375 0.998046875 0.998046875 0.0 0.99609375
5 0.67041015625 0.4189453125 0.66162109375 0.41796875 0.65869140625 0.419921875 0.65283203125 0.4365234375 0.67138671875 0.4404296875
5 0.64306640625 0.4287109375 0.638671875 0.439453125 0.63330078125 0.4443359375 0.63134765625 0.4833984375 0.6376953125 0.4833984375 0.63818359375 0.4755859375 0.6416015625 0.4755859375 0.6416015625 0.4794921875 0.6416015625 0.4833984375 0.6484375 0.4814453125 0.66748046875 0.4296875 0.6552734375 0.4267578125
4 0.78955078125 0.3994140625 0.7880859375 0.34765625 0.78759765625 0.3056640625 0.78955078125 0.28125 0.79443359375 0.28515625 0.80712890625 0.28515625 0.81103515625 0.294921875 0.8134765625 0.3115234375 0.8173828125 0.3212890625 0.822265625 0.3330078125 0.826171875 0.3447265625 0.8369140625 0.3544921875 0.84130859375 0.359375 0.837890625 0.3232421875 0.8369140625 0.3095703125 0.8408203125 0.2880859375 0.84912109375 0.2958984375 0.85546875 0.3447265625 0.86376953125 0.357421875 0.87158203125 0.3369140625 0.875 0.3193359375 0.875 0.294921875 0.8642578125 0.26953125 0.861328125 0.2626953125 0.83203125 0.26171875 0.8369140625 0.072265625 0.708984375 0.16015625 0.68896484375 0.2177734375 0.6826171875 0.236328125 0.681640625 0.2470703125 0.6806640625 0.2607421875 0.67919921875 0.267578125 0.67724609375 0.2763671875 0.6796875 0.2802734375 0.677734375 0.2900390625 0.67626953125 0.3076171875 0.6806640625 0.3173828125 0.68310546875 0.3203125 0.68505859375 0.314453125 0.6845703125 0.3037109375 0.7294921875 0.2880859375 0.7353515625 0.271484375 0.74462890625 0.287109375 0.7587890625 0.2861328125 0.75634765625 0.279296875 0.76416015625 0.26953125 0.76318359375 0.27734375 0.76318359375 0.29296875 0.7685546875 0.298828125 0.775390625 0.3046875 0.7802734375 0.294921875 0.779296875 0.31640625 0.7802734375 0.341796875 0.78076171875 0.408203125
2 0.8369140625 0.4033203125 0.83984375 0.26171875 0.85400390625 0.2607421875 0.85205078125 0.4052734375
4 0.70751953125 0.41796875 0.7109375 0.3486328125 0.71337890625 0.298828125 0.71337890625 0.26953125 0.71533203125 0.2392578125 0.724609375 0.2265625 0.73486328125 0.2216796875 0.75048828125 0.2177734375 0.76171875 0.2197265625 0.77978515625 0.2197265625 0.796875 0.193359375 0.8046875 0.1826171875 0.82421875 0.1748046875 0.833984375 0.15625 0.8369140625 0.1396484375 0.8427734375 0.1337890625 0.83935546875 0.1171875 0.8427734375 0.11328125 0.8388671875 0.09765625 0.8369140625 0.0810546875 0.83837890625 0.0009765625 0.84375 0.005859375 0.84814453125 0.0126953125 0.85205078125 0.01171875 0.85107421875 0.00390625 0.84912109375 0.0 0.54833984375 0.0 0.55224609375 0.0087890625 0.54833984375 0.0146484375 0.544921875 0.0126953125 0.54052734375 0.0244140625 0.53564453125 0.041015625 0.53955078125 0.0478515625 0.55078125 0.048828125 0.556640625 0.05859375 0.5625 0.0751953125 0.56494140625 0.09765625 0.56396484375 0.11328125 0.5673828125 0.1259765625 0.57177734375 0.123046875 0.5693359375 0.1396484375 0.5751953125 0.16015625 0.5830078125 0.1552734375 0.5908203125 0.1474609375 0.60302734375 0.1337890625 0.60498046875 0.1494140625 0.60595703125 0.173828125 0.60888671875 0.17578125 0.6162109375 0.173828125 0.619140625 0.16796875 0.625 0.1796875 0.62890625 0.1923828125 0.63720703125 0.2060546875 0.64404296875 0.1982421875 0.65234375 0.197265625 0.6494140625 0.2177734375 0.6533203125 0.2275390625 0.65625 0.2333984375 0.6572265625 0.248046875 0.658203125 0.2666015625 0.66357421875 0.2724609375 0.66748046875 0.27734375 0.67626953125 0.271484375 0.68701171875 0.2314453125 0.6962890625 0.220703125 0.69775390625 0.25 0.697265625 0.3076171875 0.6962890625 0.36328125 0.69677734375 0.4072265625
3 0.43017578125 0.392578125 0.4873046875 0.3955078125 0.51708984375 0.3916015625 0.52978515625 0.3916015625 0.55810546875 0.392578125 0.55810546875 0.4638671875 0.5166015625 0.46484375 0.515625 0.4677734375 0.4912109375 0.478515625 0.4375 0.4736328125 0.43017578125 0.470703125
3 0.49658203125 0.427734375 0.4970703125 0.4189453125 0.49755859375 0.416015625 0.5 0.4150390625 0.50146484375 0.4169921875 0.50146484375 0.4248046875 0.50244140625 0.4248046875 0.50439453125 0.4287109375 0.5048828125 0.4345703125 0.50830078125 0.4345703125 0.50830078125 0.4267578125 0.5107421875 0.423828125 0.51220703125 0.4267578125 0.51220703125 0.43359375 0.513671875 0.4345703125 0.5126953125 0.46875 0.51318359375 0.470703125 0.50146484375 0.474609375 0.50146484375 0.4794921875 0.49560546875 0.4794921875
4 0.4296875 0.4375 0.4365234375 0.44140625 0.439453125 0.4462890625 0.4404296875 0.4580078125 0.4404296875 0.4697265625 0.43603515625 0.4765625 0.435546875 0.4853515625 0.4296875 0.490234375 0.43017578125 0.48046875
4 0.35595703125 0.447265625 0.35791015625 0.3583984375 0.35791015625 0.314453125 0.35986328125 0.302734375 0.35986328125 0.26171875 0.35791015625 0.2822265625 0.3515625 0.2822265625 0.34375 0.283203125 0.33837890625 0.2802734375 0.33447265625 0.2734375 0.3369140625 0.259765625 0.3408203125 0.2529296875 0.337890625 0.2490234375 0.328125 0.26953125 0.3203125 0.2578125 0.314453125 0.236328125 0.31005859375 0.224609375 0.30419921875 0.21875 0.294921875 0.228515625 0.2880859375 0.2119140625 0.294921875 0.201171875 0.29052734375 0.189453125 0.28515625 0.169921875 0.25927734375 0.1025390625 0.26220703125 0.0927734375 0.255859375 0.0859375 0.25244140625 0.078125 0.2529296875 0.056640625 0.25439453125 0.041015625 0.25634765625 0.029296875 0.25341796875 0.0107421875 0.2548828125 0.0 0.52001953125 0.0009765625 0.5185546875 0.0078125 0.513671875 0.0185546875 0.5107421875 0.0224609375 0.51025390625 0.0302734375 0.51416015625 0.037109375 0.5185546875 0.04296875 0.5224609375 0.060546875 0.52294921875 0.07421875 0.52734375 0.078125 0.53271484375 0.0869140625 0.5263671875 0.09375 0.5361328125 0.095703125 0.5361328125 0.1123046875 0.53369140625 0.130859375 0.52734375 0.1357421875 0.5205078125 0.1318359375 0.51513671875 0.1171875 0.51220703125 0.11328125 0.50927734375 0.1201171875 0.5126953125 0.13671875 0.51123046875 0.1455078125 0.51416015625 0.15234375 0.51806640625 0.15234375 0.52197265625 0.1611328125 0.51953125 0.1748046875 0.52001953125 0.1787109375 0.52734375 0.17578125 0.533203125 0.1806640625 0.5341796875 0.1904296875 0.53515625 0.201171875 0.52978515625 0.203125 0.53857421875 0.2158203125 0.53759765625 0.2265625 0.5341796875 0.23046875 0.525390625 0.2333984375 0.51904296875 0.2353515625 0.5107421875 0.2353515625 0.50537109375 0.220703125 0.50146484375 0.2265625 0.5 0.2333984375 0.49560546875 0.2333984375 0.490234375 0.2373046875 0.4853515625 0.244140625 0.47607421875 0.240234375 0.470703125 0.23046875 0.46728515625 0.216796875 0.46435546875 0.2041015625 0.4609375 0.1962890625 0.45849609375 0.1884765625 0.455078125 0.1826171875 0.44970703125 0.1806640625 0.4541015625 0.1923828125 0.44970703125 0.193359375 0.43994140625 0.19140625 0.4345703125 0.1884765625 0.435546875 0.201171875 0.43408203125 0.2099609375 0.431640625 0.21875 0.4306640625 0.2216796875 0.42333984375 0.2255859375 0.42822265625 0.2314453125 0.423828125 0.2412109375 0.41845703125 0.25 0.4169921875 0.259765625 0.41796875 0.267578125 0.42138671875 0.271484375 0.42236328125 0.28125 0.421875 0.287109375 0.41455078125 0.2900390625 0.40771484375 0.2900390625 0.39697265625 0.291015625 0.3857421875 0.28515625 0.38037109375 0.27734375 0.37646484375 0.2734375 0.3720703125 0.2724609375 0.3701171875 0.31640625 0.369140625 0.3681640625 0.36669921875 0.4462890625 0.36572265625 0.45703125
1 0.36767578125 0.53515625 0.416015625 0.541015625 0.4169921875 0.541015625 0.02587890625 0.9990234375 0.0 0.9990234375 0.0 0.7607421875 0.36669921875 0.5126953125
5 0.3212890625 0.3818359375 0.33642578125 0.3857421875 0.3447265625 0.390625 0.3525390625 0.4189453125 0.35791015625 0.4443359375 0.36572265625 0.462890625 0.3681640625 0.48046875 0.3720703125 0.5029296875 0.3720703125 0.5166015625 0.36865234375 0.5322265625 0.3642578125 0.5419921875 0.35302734375 0.544921875
5 0.26123046875 0.3642578125 0.2841796875 0.369140625 0.3134765625 0.375 0.32568359375 0.3828125 0.3359375 0.4072265625 0.34375 0.439453125 0.349609375 0.4326171875 0.353515625 0.43359375 0.3564453125 0.4375 0.35595703125 0.447265625 0.35302734375 0.4521484375 0.35009765625 0.4580078125 0.3544921875 0.474609375 0.3583984375 0.494140625 0.35791015625 0.5341796875 0.35595703125 0.5595703125 0.3544921875 0.580078125 0.35302734375 0.583984375 0.349609375 0.587890625 0.3359375 0.5849609375 0.33642578125 0.57421875 0.32763671875 0.5791015625 0.3271484375 0.59765625 0.32421875 0.6162109375 0.322265625 0.6181640625 0.306640625 0.623046875
5 0.130859375 0.3349609375 0.17138671875 0.3349609375 0.20849609375 0.3408203125 0.24169921875 0.349609375 0.263671875 0.361328125 0.27880859375 0.3896484375 0.29345703125 0.4404296875 0.29833984375 0.462890625 0.3017578125 0.462890625 0.3046875 0.4541015625 0.31884765625 0.455078125 0.322265625 0.4609375 0.3232421875 0.4658203125 0.322265625 0.474609375 0.3173828125 0.478515625 0.30517578125 0.4833984375 0.310546875 0.5078125 0.31396484375 0.525390625 0.3134765625 0.544921875 0.3115234375 0.5888671875 0.3095703125 0.623046875 0.306640625 0.646484375 0.30224609375 0.65625 0.2841796875 0.6591796875 0.2822265625 0.634765625 0.26513671875 0.6513671875 0.263671875 0.6796875 0.2607421875 0.7060546875 0.2578125 0.71875 0.25537109375 0.724609375 0.23291015625 0.724609375 0.224609375 0.69140625 0.22412109375 0.6630859375 0.1630859375 0.658203125 0.05810546875 0.43359375 0.06494140625 0.427734375 0.08056640625 0.373046875 0.09521484375 0.34765625 0.1162109375 0.337890625
5 0.15478515625 0.7822265625 0.1640625 0.6923828125 0.1669921875 0.6328125 0.16064453125 0.5849609375 0.15283203125 0.5478515625 0.126953125 0.5205078125 0.1123046875 0.5078125 0.1103515625 0.5078125 0.10791015625 0.4853515625 0.09814453125 0.4677734375 0.08642578125 0.46484375 0.0859375 0.4697265625 0.06640625 0.423828125 0.04296875 0.3779296875 0.01513671875 0.333984375 -0.00048828125 0.31640625 0.0 0.87109375 0.09765625 0.787109375 0.09912109375 0.8095703125 0.103515625 0.830078125 0.1396484375 0.8251953125 0.1484375 0.8056640625
5 0.68115234375 0.546875 0.71142578125 0.544921875 0.755859375 0.4189453125 0.74853515625 0.4052734375 0.724609375 0.396484375 0.6943359375 0.3974609375 0.677734375 0.400390625 0.66796875 0.419921875 0.6640625 0.43359375 0.66015625 0.4365234375 0.66015625 0.4423828125 0.66015625 0.447265625 0.654296875 0.45703125 0.646484375 0.4755859375 0.64599609375 0.509765625 0.646484375 0.544921875 0.65234375 0.548828125 0.6572265625 0.5478515625 0.66064453125 0.5380859375 0.66259765625 0.5380859375 0.66357421875 0.5546875 0.66796875 0.5654296875 0.67822265625 0.564453125
5 0.869140625 0.392578125 0.82666015625 0.390625 0.787109375 0.3916015625 0.7626953125 0.400390625 0.75537109375 0.4091796875 0.74658203125 0.4267578125 0.73681640625 0.4501953125 0.7275390625 0.451171875 0.72265625 0.455078125 0.72216796875 0.4677734375 0.72412109375 0.47265625 0.7265625 0.47265625 0.71923828125 0.4775390625 0.712890625 0.4931640625 0.708984375 0.5224609375 0.71044921875 0.55859375 0.71337890625 0.5888671875 0.716796875 0.59375 0.728515625 0.59375 0.73095703125 0.583984375 0.73095703125 0.578125 0.76171875 0.5888671875 0.76416015625 0.6142578125 0.77294921875 0.6328125 0.78857421875 0.6318359375 0.794921875 0.6123046875 0.798828125 0.5986328125 0.798828125 0.5947265625 0.86328125 0.5908203125 0.93701171875 0.517578125 0.92431640625 0.4755859375 0.88916015625 0.4189453125
4 0.88037109375 0.5439453125 0.87939453125 0.3544921875 0.8798828125 0.2353515625 0.8837890625 0.1025390625 0.88525390625 0.0 0.90966796875 0.001953125 0.9072265625 0.115234375 0.90771484375 0.154296875 0.90625 0.2099609375 0.90380859375 0.2734375 0.9033203125 0.3671875 0.90185546875 0.5400390625
5 0.953125 0.4443359375 0.97705078125 0.4013671875 0.99853515625 0.373046875 0.99658203125 0.7587890625 0.91796875 0.71484375 0.9140625 0.712890625 0.9130859375 0.7353515625 0.9091796875 0.76171875 0.8828125 0.76171875 0.87548828125 0.7373046875 0.8720703125 0.70703125 0.8701171875 0.6904296875 0.8603515625 0.6591796875 0.8583984375 0.6240234375 0.86328125 0.5966796875 0.86865234375 0.5576171875 0.88525390625 0.5380859375 0.91064453125 0.5205078125 0.92236328125 0.51171875 0.91455078125 0.4873046875 0.9169921875 0.4658203125 0.921875 0.45703125 0.9306640625 0.4658203125 0.9365234375 0.48046875 0.9482421875 0.4580078125
4 0.390625 0.5 0.39013671875 0.474609375 0.3916015625 0.462890625 0.39697265625 0.45703125 0.4013671875 0.4501953125 0.40869140625 0.44921875 0.41357421875 0.44921875 0.41943359375 0.46484375 0.42333984375 0.4677734375 0.42724609375 0.4716796875 0.4296875 0.478515625 0.431640625 0.4892578125 0.43212890625 0.4970703125 0.4306640625 0.501953125 0.416015625 0.50390625 0.40869140625 0.5009765625 0.40625 0.4912109375 0.40478515625 0.4912109375 0.404296875 0.5009765625 0.40234375 0.5029296875
4 0.47509765625 0.4951171875 0.478515625 0.490234375 0.47900390625 0.46875 0.4814453125 0.46875 0.482421875 0.4638671875 0.48193359375 0.4541015625 0.4775390625 0.447265625 0.4716796875 0.4453125 0.46728515625 0.447265625 0.4609375 0.447265625 0.45751953125 0.451171875 0.45556640625 0.458984375 0.45703125 0.4697265625 0.45849609375 0.474609375 0.45751953125 0.494140625
