2 -0.0009765625 0.5185546875 0.99853515625 0.5380859375 0.99853515625 0.001953125 -0.00048828125 0.0009765625
1 0.8447265625 0.4375 0.65966796875 0.4501953125 0.37548828125 0.4599609375 0.24853515625 0.4560546875 0.20361328125 0.4580078125 0.19921875 0.4833984375 0.3583984375 0.5546875 0.5244140625 0.5595703125 0.64794921875 0.544921875 0.85107421875 0.4853515625
0 0.85498046875 0.4501953125 0.6591796875 0.470703125 0.54345703125 0.4755859375 0.37548828125 0.47265625 0.30322265625 0.4794921875 0.2333984375 0.4833984375 0.20849609375 0.4794921875 -0.0009765625 0.501953125 -0.0009765625 0.9970703125 0.998046875 0.998046875 0.99853515625 0.43359375 0.865234375 0.4453125
5 0.025390625 0.3994140625 0.01708984375 0.380859375 0.0048828125 0.3759765625 -0.00048828125 0.3759765625 -0.0009765625 0.4423828125
5 0.11962890625 0.3701171875 0.140625 0.365234375 0.1640625 0.3671875 0.1826171875 0.3720703125 0.19189453125 0.3916015625 0.19775390625 0.41015625 0.19921875 0.404296875 0.20068359375 0.4033203125 0.2041015625 0.4052734375 0.20849609375 0.408203125 0.2109375 0.4150390625 0.2099609375 0.4169921875 0.20751953125 0.41796875 0.201171875 0.419921875 0.20556640625 0.4296875 0.2099609375 0.44140625 0.2109375 0.447265625 0.212890625 0.474609375 0.21240234375 0.49609375 0.21044921875 0.5126953125 0.2080078125 0.5185546875 0.2021484375 0.5205078125 0.19775390625 0.51953125 0.1943359375 0.5087890625 0.19384765625 0.501953125 0.17626953125 0.5068359375
5 0.17138671875 0.5458984375 0.17626953125 0.515625 0.177734375 0.4833984375 0.17529296875 0.455078125 0.17333984375 0.43359375 0.17041015625 0.4267578125 0.16064453125 0.396484375 0.15185546875 0.3759765625 0.13134765625 0.3681640625 0.095703125 0.365234375 0.0595703125 0.3671875 0.03271484375 0.376953125 0.01611328125 0.396484375 -0.0009765625 0.427734375 -0.00048828125 0.552734375 0.03662109375 0.5546875 0.06689453125 0.5498046875 0.06884765625 0.564453125 0.07275390625 0.576171875 0.07470703125 0.5771484375 0.0888671875 0.5771484375 0.10205078125 0.5703125 0.10498046875 0.5556640625 0.107421875 0.5419921875 0.15087890625 0.525390625 0.15185546875 0.5400390625 0.1552734375 0.5498046875
5 0.66162109375 0.4248046875 0.65673828125 0.4091796875 0.6474609375 0.380859375 0.61865234375 0.3779296875 0.5888671875 0.3798828125 0.57373046875 0.4111328125 0.5634765625 0.4150390625 0.5546875 0.419921875 0.55126953125 0.462890625 0.5537109375 0.4716796875 0.55859375 0.4755859375 0.5634765625 0.474609375 0.56640625 0.470703125 0.59033203125 0.46875 0.591796875 0.4736328125 0.59765625 0.4765625 0.60400390625 0.4755859375 0.607421875 0.4677734375 0.6083984375 0.4677734375 0.6103515625 0.47265625 0.6142578125 0.474609375 0.6181640625 0.474609375 0.62158203125 0.4697265625 0.623046875 0.466796875 0.646484375 0.46484375 0.64794921875 0.47265625 0.650390625 0.4755859375 0.65966796875 0.474609375 0.6630859375 0.4619140625 0.6640625 0.4423828125 0.66259765625 0.4326171875
5 0.54931640625 0.375 0.53955078125 0.3564453125 0.52490234375 0.34765625 0.51025390625 0.3427734375 0.490234375 0.3427734375 0.46875 0.3447265625 0.4453125 0.3525390625 0.42724609375 0.36328125 0.4072265625 0.3916015625 0.40380859375 0.3896484375 0.4013671875 0.3935546875 0.40087890625 0.3984375 0.4013671875 0.4013671875 0.390625 0.4111328125 0.37744140625 0.4248046875 0.3720703125 0.4443359375 0.3720703125 0.447265625 0.3701171875 0.451171875 0.37158203125 0.4716796875 0.37451171875 0.4833984375 0.38037109375 0.4853515625 0.3828125 0.49609375 0.3876953125 0.5029296875 0.39306640625 0.5048828125 0.3994140625 0.501953125 0.4033203125 0.49609375 0.40478515625 0.4931640625 0.43212890625 0.4892578125 0.4345703125 0.4990234375 0.4384765625 0.50390625 0.4453125 0.50390625 0.45361328125 0.5009765625 0.4580078125 0.490234375 0.458984375 0.4833984375 0.47412109375 0.48046875 0.47705078125 0.48828125 0.48193359375 0.4921875 0.4873046875 0.4921875 0.49267578125 0.486328125 0.49462890625 0.4794921875 0.52294921875 0.4775390625 0.5263671875 0.4853515625 0.5283203125 0.490234375 0.5322265625 0.4931640625 0.53857421875 0.4921875 0.54248046875 0.4892578125 0.5458984375 0.478515625 0.54638671875 0.46875 0.54736328125 0.466796875 0.55322265625 0.4638671875 0.55859375 0.455078125 0.560546875 0.4443359375 0.55859375 0.4345703125 0.55810546875 0.4140625 0.55615234375 0.3955078125 0.5517578125 0.3828125
5 0.89453125 0.38671875 0.876953125 0.38671875 0.865234375 0.388671875 0.85791015625 0.3984375 0.85400390625 0.4052734375 0.8515625 0.4052734375 0.8505859375 0.40625 0.85009765625 0.4091796875 0.85107421875 0.412109375 0.84375 0.4150390625 0.83935546875 0.421875 0.83740234375 0.4326171875 0.83837890625 0.4453125 0.83984375 0.4521484375 0.84375 0.453125 0.84716796875 0.4521484375 0.84765625 0.4501953125 0.86865234375 0.4501953125 0.8701171875 0.4541015625 0.87353515625 0.455078125 0.876953125 0.453125
5 0.93359375 0.4892578125 0.9345703125 0.498046875 0.9375 0.505859375 0.9404296875 0.5087890625 0.95361328125 0.5087890625 0.9580078125 0.501953125 0.9599609375 0.4931640625 0.998046875 0.48828125 0.99853515625 0.326171875 0.97119140625 0.32421875 0.94189453125 0.328125 0.92724609375 0.3310546875 0.9267578125 0.337890625 0.91064453125 0.349609375 0.8984375 0.3720703125 0.892578125 0.38671875 0.88916015625 0.388671875 0.88623046875 0.3935546875 0.8857421875 0.3955078125 0.8857421875 0.400390625 0.8798828125 0.41015625 0.875 0.4248046875 0.8740234375 0.447265625 0.8720703125 0.4599609375 0.8720703125 0.474609375 0.8759765625 0.4912109375 0.8818359375 0.4990234375 0.89453125 0.498046875 0.8994140625 0.4892578125 0.90087890625 0.482421875
