0 -0.0009765625 0.46484375 0.26171875 0.462890625 0.6962890625 0.4892578125 0.998046875 0.5 0.99755859375 0.998046875 -0.0009765625 0.9970703125
2 0.37744140625 0.158203125 0.44970703125 0.1435546875 0.44970703125 0.1201171875 0.453125 0.119140625 0.4541015625 0.1416015625 0.546875 0.12109375 0.5634765625 0.1787109375 0.5771484375 0.150390625 0.65087890625 0.1826171875 0.7041015625 0.3154296875 0.6953125 0.501953125 0.62744140625 0.501953125 0.58642578125 0.4951171875 0.52197265625 0.4931640625 0.474609375 0.4912109375 0.35498046875 0.478515625
5 0.69189453125 0.4736328125 0.673828125 0.474609375 0.66650390625 0.4853515625 0.66162109375 0.48828125 0.66162109375 0.498046875 0.662109375 0.50390625 0.66796875 0.5029296875 0.68017578125 0.50390625 0.6904296875 0.50390625
1 0.0 0.4462890625 0.23486328125 0.4580078125 0.18017578125 0.5107421875 0.07373046875 0.509765625 -0.0009765625 0.5087890625
2 -0.00048828125 0.0009765625 0.38427734375 0.001953125 0.38134765625 0.4375 0.17626953125 0.49609375 0.0 0.484375
5 0.4580078125 0.453125 0.47119140625 0.453125 0.474609375 0.4658203125 0.4775390625 0.4658203125 0.478515625 0.470703125 0.4755859375 0.474609375 0.4765625 0.4833984375 0.4765625 0.501953125 0.46826171875 0.505859375
5 0.42578125 0.45703125 0.43212890625 0.4453125 0.4384765625 0.443359375 0.44140625 0.4453125 0.453125 0.4462890625 0.4560546875 0.4443359375 0.46044921875 0.4501953125 0.4658203125 0.4794921875
5 0.21826171875 0.3896484375 0.25537109375 0.380859375 0.2841796875 0.376953125 0.328125 0.376953125 0.3486328125 0.380859375 0.375 0.4052734375 0.39306640625 0.423828125 0.40966796875 0.4375 0.431640625 0.4482421875 0.46044921875 0.46875 0.46826171875 0.478515625 0.47509765625 0.4931640625 0.4775390625 0.5185546875 0.47607421875 0.533203125 0.47509765625 0.546875 0.4658203125 0.55859375 0.44482421875 0.5654296875 0.43896484375 0.5654296875 0.435546875 0.572265625 0.43115234375 0.583984375 0.427734375 0.587890625 0.4091796875 0.5888671875 0.4052734375 0.5810546875 0.3984375 0.56640625 0.37939453125 0.568359375 0.37109375 0.5654296875 0.2666015625 0.564453125 0.255859375 0.5771484375 0.2490234375 0.587890625 0.23291015625 0.59375 0.21826171875 0.5908203125 0.21142578125 0.5771484375 0.20703125 0.5576171875 0.19140625 0.5498046875 0.189453125 0.4013671875 0.208984375 0.392578125
5 0.529296875 0.4501953125 0.541015625 0.447265625 0.5537109375 0.44921875 0.560546875 0.462890625 0.56591796875 0.462890625 0.5673828125 0.4697265625 0.5634765625 0.4736328125 0.5625 0.5126953125 0.55712890625 0.5146484375 0.556640625 0.5126953125 0.5283203125 0.509765625 0.52783203125 0.5146484375 0.51904296875 0.513671875 0.51904296875 0.4912109375 0.52099609375 0.4736328125 0.51806640625 0.470703125 0.51611328125 0.462890625 0.521484375 0.4599609375 0.52392578125 0.4638671875
2 0.68896484375 0.3837890625 0.69140625 0.0927734375 0.71337890625 0.0908203125 0.71484375 0.0 0.99853515625 0.0 0.99560546875 0.505859375 0.68896484375 0.5048828125
4 0.697265625 0.4013671875 0.69140625 0.3974609375 0.68701171875 0.3984375 0.6806640625 0.4072265625 0.6748046875 0.408203125 0.6708984375 0.40234375 0.66552734375 0.4013671875 0.66357421875 0.408203125 0.658203125 0.4189453125 0.6513671875 0.41015625 0.65380859375 0.400390625 0.642578125 0.390625 0.63525390625 0.384765625 0.6298828125 0.375 0.62060546875 0.375 0.60986328125 0.37109375 0.6025390625 0.3603515625 0.599609375 0.3505859375 0.6005859375 0.3330078125 0.60400390625 0.31640625 0.60791015625 0.296875 0.61328125 0.287109375 0.623046875 0.28515625 0.625 0.2841796875 0.6220703125 0.2724609375 0.6181640625 0.2734375 0.61474609375 0.2666015625 0.6103515625 0.2568359375 0.6103515625 0.2392578125 0.61279296875 0.2177734375 0.61767578125 0.2021484375 0.62451171875 0.1845703125 0.63134765625 0.1669921875 0.640625 0.16015625 0.64990234375 0.1513671875 0.65771484375 0.1455078125 0.6669921875 0.1416015625 0.6748046875 0.13671875 0.6796875 0.1259765625 0.681640625 0.115234375 0.6845703125 0.1025390625 0.6884765625 0.09375 0.69921875 0.0927734375 0.70556640625 0.095703125 0.708984375 0.1015625 0.71630859375 0.1015625 0.724609375 0.1015625 0.728515625 0.107421875 0.73388671875 0.1103515625 0.73876953125 0.1103515625 0.7421875 0.107421875 0.74609375 0.1044921875 0.75732421875 0.1005859375 0.76025390625 0.10546875 0.76513671875 0.1103515625 0.7724609375 0.1083984375 0.7802734375 0.1123046875 0.7861328125 0.1162109375 0.79248046875 0.1240234375 0.7919921875 0.142578125 0.79638671875 0.154296875 0.8056640625 0.177734375 0.810546875 0.185546875 0.81201171875 0.1962890625 0.8134765625 0.208984375 0.82080078125 0.2236328125 0.81884765625 0.2392578125 0.81689453125 0.2626953125 0.81396484375 0.2763671875 0.80810546875 0.2822265625 0.79638671875 0.27734375 0.78955078125 0.2763671875 0.787109375 0.2548828125 0.78466796875 0.2490234375 0.77880859375 0.267578125 0.77734375 0.28125 0.78173828125 0.291015625 0.78564453125 0.294921875 0.7900390625 0.298828125 0.79345703125 0.3095703125 0.79443359375 0.3154296875 0.79638671875 0.32421875 0.796875 0.3369140625 0.79833984375 0.3515625 0.802734375 0.3564453125 0.81201171875 0.3564453125 0.8154296875 0.369140625 0.81787109375 0.3837890625 0.81640625 0.4052734375 0.81005859375 0.412109375 0.79833984375 0.416015625 0.7900390625 0.4189453125 0.7890625 0.4375 0.7890625 0.49609375 0.79150390625 0.5078125 0.7705078125 0.505859375 0.7099609375 0.4775390625 0.708984375 0.4609375 0.7021484375 0.455078125 0.6982421875 0.4501953125 0.6962890625 0.4443359375 0.6943359375 0.43359375 0.6962890625 0.4296875 0.69970703125 0.4306640625 0.69970703125 0.4306640625 0.69970703125 0.4208984375 0.69873046875 0.4150390625
4 0.9287109375 0.5126953125 0.92626953125 0.4931640625 0.91552734375 0.4833984375 0.904296875 0.4736328125 0.89208984375 0.4658203125 0.8740234375 0.4501953125 0.85107421875 0.4296875 0.84521484375 0.4189453125 0.8388671875 0.41796875 0.8349609375 0.4169921875 0.83203125 0.4091796875 0.82666015625 0.388671875 0.8232421875 0.380859375 0.81640625 0.36328125 0.8115234375 0.349609375 0.80810546875 0.3359375 0.80859375 0.3203125 0.80908203125 0.3095703125 0.8115234375 0.3046875 0.82080078125 0.3017578125 0.82763671875 0.30078125 0.83056640625 0.294921875 0.82421875 0.283203125 0.81689453125 0.267578125 0.81591796875 0.2470703125 0.81982421875 0.220703125 0.822265625 0.21875 0.83056640625 0.216796875 0.8369140625 0.21484375 0.83740234375 0.2099609375 0.83740234375 0.20703125 0.84130859375 0.2001953125 0.83935546875 0.1904296875 0.83984375 0.1806640625 0.84130859375 0.169921875 0.83642578125 0.158203125 0.83203125 0.142578125 0.82666015625 0.1259765625 0.82080078125 0.1328125 0.818359375 0.12890625 0.81494140625 0.1181640625 0.810546875 0.1318359375 0.80615234375 0.1376953125 0.802734375 0.1376953125 0.80126953125 0.1259765625 0.8037109375 0.111328125 0.80419921875 0.0908203125 0.8115234375 0.0859375 0.822265625 0.0830078125 0.8291015625 0.078125 0.83154296875 0.0693359375 0.83642578125 0.05859375 0.8427734375 0.0478515625 0.84716796875 0.037109375 0.8515625 0.03125 0.84814453125 0.0185546875 0.853515625 0.0146484375 0.859375 0.0087890625 0.8515625 0.0107421875 0.841796875 0.0087890625 0.84326171875 0.0009765625 0.84619140625 0.0009765625 0.998046875 0.0009765625 0.99853515625 0.46484375 0.998046875 0.5087890625 0.9873046875 0.50390625 0.9697265625 0.509765625 0.94873046875 0.5087890625 0.9423828125 0.5126953125 0.9345703125 0.5126953125
1 0.345703125 0.7158203125 0.1591796875 0.9990234375 0.0 0.9970703125 0.00048828125 0.7236328125
4 0.6845703125 0.521484375 0.68408203125 0.509765625 0.68408203125 0.50390625 0.68701171875 0.4931640625 0.69091796875 0.486328125 0.70263671875 0.482421875 0.70556640625 0.4775390625 0.70654296875 0.474609375 0.70751953125 0.466796875 0.71435546875 0.45703125 0.716796875 0.4560546875 0.7265625 0.453125 0.7333984375 0.455078125 0.73828125 0.4560546875 0.7421875 0.4560546875 0.74658203125 0.4609375 0.75 0.462890625 0.755859375 0.4638671875 0.76025390625 0.4619140625 0.7646484375 0.4638671875 0.76806640625 0.4736328125 0.77197265625 0.4853515625 0.7744140625 0.4970703125 0.77490234375 0.5146484375 0.77197265625 0.521484375 0.74169921875 0.5224609375 0.73095703125 0.521484375 0.7001953125 0.5224609375 0.68896484375 0.5224609375
