4 0.41748046875 0.0 0.580078125 0.0 0.5830078125 0.0087890625 0.58203125 0.0322265625 0.583984375 0.041015625 0.58935546875 0.02734375 0.59716796875 0.0224609375 0.6044921875 0.0224609375 0.60986328125 0.0322265625 0.61376953125 0.0478515625 0.62548828125 0.046875 0.63232421875 0.0322265625 0.634765625 0.0400390625 0.6328125 0.052734375 0.63916015625 0.0615234375 0.64208984375 0.0595703125 0.6396484375 0.04296875 0.6396484375 0.033203125 0.6455078125 0.0390625 0.64892578125 0.05078125 0.65625 0.041015625 0.6689453125 0.0341796875 0.673828125 0.408203125 0.40234375 0.390625
2 0.45458984375 0.212890625 0.4931640625 0.1953125 0.4931640625 0.1689453125 0.482421875 0.1591796875 0.484375 0.1533203125 0.56787109375 0.1220703125 0.65380859375 0.1376953125 0.6748046875 0.2001953125 0.6689453125 0.4169921875 0.48095703125 0.4130859375 0.478515625 0.2255859375
4 0.42138671875 0.2314453125 0.43115234375 0.2177734375 0.4365234375 0.2138671875 0.4453125 0.2197265625 0.45458984375 0.2294921875 0.4638671875 0.2392578125 0.46923828125 0.240234375 0.47265625 0.2373046875 0.47705078125 0.23828125 0.47998046875 0.24609375 0.478515625 0.2607421875 0.48046875 0.2685546875 0.48291015625 0.2666015625 0.4873046875 0.2666015625 0.48779296875 0.259765625 0.4873046875 0.2509765625 0.48583984375 0.244140625 0.4853515625 0.23046875 0.48974609375 0.21875 0.49072265625 0.2060546875 0.49072265625 0.1875 0.48583984375 0.15625 0.4873046875 0.146484375 0.4873046875 0.13671875 0.4921875 0.119140625 0.49609375 0.11328125 0.505859375 0.107421875 0.5078125 0.0947265625 0.50830078125 0.0751953125 0.50830078125 0.0556640625 0.51025390625 0.037109375 0.515625 0.0185546875 0.52587890625 0.01171875 0.5390625 0.017578125 0.54443359375 0.033203125 0.548828125 0.0458984375 0.55322265625 0.05078125 0.55712890625 0.0537109375 0.56298828125 0.0712890625 0.560546875 0.0771484375 0.55615234375 0.08984375 0.55859375 0.0966796875 0.55908203125 0.103515625 0.5634765625 0.1064453125 0.5703125 0.12109375 0.572265625 0.1357421875 0.5703125 0.15234375 0.56884765625 0.16015625 0.5693359375 0.1728515625 0.56982421875 0.1904296875 0.57958984375 0.2041015625 0.583984375 0.21484375 0.583984375 0.2392578125 0.5830078125 0.2646484375 0.59228515625 0.330078125 0.5966796875 0.3359375 0.59912109375 0.3466796875 0.59765625 0.376953125 0.59130859375 0.384765625 0.5830078125 0.390625 0.57177734375 0.392578125 0.568359375 0.400390625 0.568359375 0.4208984375 0.5595703125 0.4306640625 0.41162109375 0.427734375
0 -0.0009765625 0.69140625 0.48681640625 0.4296875 0.5595703125 0.4296875 0.99853515625 0.625 0.998046875 0.998046875 -0.0009765625 0.99609375
1 0.1318359375 0.4912109375 0.4287109375 0.4375 0.44482421875 0.4375 0.4404296875 0.4599609375 0.43310546875 0.4638671875 0.3623046875 0.51171875 0.28125 0.5625 0.26611328125 0.58203125 0.23681640625 0.6044921875
1 0.82666015625 0.45703125 0.97412109375 0.4833984375 0.95556640625 0.580078125 0.80078125 0.4931640625
2 0.00048828125 0.0009765625 0.42578125 0.0 0.423828125 0.2919921875 0.42138671875 0.30859375 0.41796875 0.4375 0.36181640625 0.4580078125 0.3115234375 0.4814453125 0.2353515625 0.5068359375 -0.0009765625 0.5546875
2 0.65771484375 0.0302734375 0.6572265625 0.0 0.998046875 0.0 0.998046875 0.5224609375 0.921875 0.4990234375 0.921875 0.4892578125 0.89599609375 0.490234375 0.884765625 0.4931640625 0.83740234375 0.486328125 0.66064453125 0.39453125 0.66162109375 0.33203125 0.65771484375 0.08203125 0.65771484375 0.048828125
5 0.46875 0.3974609375 0.47802734375 0.3984375 0.478515625 0.39453125 0.482421875 0.3935546875 0.4833984375 0.3994140625 0.48681640625 0.4091796875 0.48779296875 0.4091796875 0.4892578125 0.412109375 0.4892578125 0.4248046875 0.4892578125 0.44921875 0.484375 0.4501953125 0.48486328125 0.4453125 0.47705078125 0.4423828125
5 0.43994140625 0.3857421875 0.4521484375 0.380859375 0.46875 0.380859375 0.4736328125 0.3935546875 0.4775390625 0.40625 0.48095703125 0.4091796875 0.4794921875 0.4150390625 0.48046875 0.42578125 0.48095703125 0.447265625 0.48095703125 0.453125 0.47900390625 0.45703125 0.4765625 0.458984375 0.47265625 0.458984375 0.470703125 0.4560546875 0.46044921875 0.4541015625 0.44970703125 0.455078125 0.44970703125 0.4609375 0.439453125 0.462890625 0.43798828125 0.44921875 0.4375 0.4248046875 0.43798828125 0.4013671875 0.43798828125 0.392578125
5 0.37646484375 0.39453125 0.392578125 0.3916015625 0.40771484375 0.3896484375 0.41845703125 0.3896484375 0.4248046875 0.3955078125 0.431640625 0.4150390625 0.43603515625 0.416015625 0.43701171875 0.4287109375 0.43701171875 0.4326171875 0.43896484375 0.4560546875 0.43896484375 0.4775390625 0.439453125 0.4951171875 0.43701171875 0.5 0.43212890625 0.5009765625 0.42822265625 0.5087890625 0.42236328125 0.5078125 0.41845703125 0.49609375 0.3994140625 0.4990234375 0.384765625 0.4990234375 0.38427734375 0.50390625 0.376953125 0.505859375 0.37451171875 0.50390625 0.37060546875 0.50390625 0.37109375 0.515625 0.36083984375 0.515625 0.359375 0.4970703125 0.3583984375 0.4697265625 0.36328125 0.4384765625 0.357421875 0.4375 0.35791015625 0.4296875 0.36279296875 0.4248046875 0.3662109375 0.427734375 0.369140625 0.4150390625 0.3720703125 0.40625
5 0.009765625 0.333984375 0.05126953125 0.3330078125 0.08642578125 0.33203125 0.12548828125 0.3330078125 0.14990234375 0.33984375 0.17041015625 0.3515625 0.18701171875 0.38671875 0.2041015625 0.4296875 0.2099609375 0.4462890625 0.20849609375 0.4296875 0.21337890625 0.4267578125 0.2236328125 0.427734375 0.2314453125 0.43359375 0.232421875 0.443359375 0.232421875 0.455078125 0.2236328125 0.4599609375 0.21435546875 0.4638671875 0.22705078125 0.482421875 0.2353515625 0.494140625 0.2431640625 0.521484375 0.24951171875 0.5556640625 0.25 0.60546875 0.25048828125 0.6337890625 0.2490234375 0.6640625 0.24658203125 0.6884765625 0.2392578125 0.6982421875 0.22021484375 0.697265625 0.21630859375 0.6748046875 0.21630859375 0.658203125 0.1904296875 0.681640625 0.15869140625 0.705078125 0.1572265625 0.7294921875 0.15625 0.7578125 0.1494140625 0.7890625 0.1337890625 0.802734375 0.10986328125 0.80078125 0.10400390625 0.77734375 0.1005859375 0.7392578125 0.0634765625 0.763671875 -0.0009765625 0.7763671875 0.0 0.33984375 0.00439453125 0.333984375
4 0.6044921875 0.4072265625 0.60498046875 0.3955078125 0.599609375 0.384765625 0.59814453125 0.3828125 0.59033203125 0.369140625 0.58154296875 0.3505859375 0.57421875 0.34375 0.56689453125 0.333984375 0.5625 0.3125 0.55859375 0.3076171875 0.5537109375 0.2919921875 0.5537109375 0.2783203125 0.55810546875 0.267578125 0.5625 0.255859375 0.56689453125 0.251953125 0.572265625 0.2509765625 0.57958984375 0.2421875 0.5830078125 0.23828125 0.58349609375 0.234375 0.58203125 0.23046875 0.5888671875 0.22265625 0.59521484375 0.22265625 0.6025390625 0.208984375 0.607421875 0.197265625 0.6025390625 0.1845703125 0.591796875 0.1748046875 0.58447265625 0.16796875 0.57666015625 0.162109375 0.57666015625 0.1474609375 0.5908203125 0.1240234375 0.5986328125 0.1201171875 0.60498046875 0.1181640625 0.60546875 0.1083984375 0.615234375 0.1005859375 0.61962890625 0.1064453125 0.62548828125 0.1005859375 0.630859375 0.09765625 0.63525390625 0.099609375 0.64111328125 0.099609375 0.64404296875 0.09765625 0.654296875 0.0712890625 0.6572265625 0.064453125 0.65771484375 0.0498046875 0.66552734375 0.03125 0.66357421875 0.0224609375 0.65771484375 0.0126953125 0.6572265625 0.0 0.70361328125 0.001953125 0.705078125 0.0078125 0.7119140625 0.0146484375 0.71337890625 0.0234375 0.72216796875 0.0673828125 0.72314453125 0.060546875 0.7255859375 0.0517578125 0.73046875 0.052734375 0.736328125 0.0693359375 0.7421875 0.07421875 0.75048828125 0.0712890625 0.7548828125 0.0712890625 0.7626953125 0.068359375 0.765625 0.052734375 0.76904296875 0.046875 0.77490234375 0.0576171875 0.78125 0.0703125 0.78466796875 0.1005859375 0.78466796875 0.107421875 0.78955078125 0.1171875 0.7919921875 0.1875 0.79296875 0.2041015625 0.7939453125 0.232421875 0.7890625 0.2431640625 0.78466796875 0.25 0.78515625 0.2529296875 0.78857421875 0.255859375 0.79150390625 0.2626953125 0.7900390625 0.2783203125 0.78271484375 0.287109375 0.7763671875 0.294921875 0.775390625 0.2998046875 0.7685546875 0.30859375 0.7568359375 0.3173828125 0.74365234375 0.3232421875 0.73876953125 0.3271484375 0.73388671875 0.3427734375 0.72509765625 0.349609375 0.72900390625 0.3564453125 0.7255859375 0.3671875 0.720703125 0.3759765625 0.720703125 0.400390625 0.689453125 0.392578125 0.68798828125 0.35546875 0.68603515625 0.349609375 0.6806640625 0.3515625 0.6796875 0.3564453125 0.67724609375 0.359375 0.67138671875 0.3662109375 0.669921875 0.392578125 0.66259765625 0.392578125 0.6630859375 0.3818359375 0.6640625 0.3740234375 0.6640625 0.3701171875 0.662109375 0.365234375 0.658203125 0.365234375 0.6552734375 0.365234375 0.65234375 0.3701171875 0.64990234375 0.376953125 0.6474609375 0.380859375 0.6455078125 0.3955078125 0.6357421875 0.4013671875 0.6357421875 0.3779296875 0.63525390625 0.373046875 0.63232421875 0.3759765625 0.62451171875 0.3720703125 0.61767578125 0.3779296875 0.61474609375 0.3837890625 0.61279296875 0.4033203125
5 0.5751953125 0.3994140625 0.57958984375 0.400390625 0.59423828125 0.3994140625 0.5986328125 0.4169921875 0.59130859375 0.4521484375 0.58642578125 0.451171875 0.58544921875 0.447265625 0.57568359375 0.447265625 0.57275390625 0.4501953125 0.56298828125 0.4443359375 0.56298828125 0.431640625 0.564453125 0.4169921875 0.5673828125 0.4091796875 0.572265625 0.400390625
5 0.599609375 0.3974609375 0.60693359375 0.3955078125 0.6123046875 0.3955078125 0.599609375 0.47265625 0.595703125 0.470703125 0.591796875 0.46875 0.58740234375 0.4658203125 0.58642578125 0.44140625 0.58984375 0.421875 0.587890625 0.4228515625 0.58837890625 0.4150390625 0.59375 0.4130859375 0.59814453125 0.404296875
5 0.61572265625 0.3916015625 0.626953125 0.392578125 0.638671875 0.3955078125 0.64501953125 0.396484375 0.650390625 0.4091796875 0.62939453125 0.4765625 0.609375 0.4755859375 0.60791015625 0.4833984375 0.6025390625 0.4794921875 0.59716796875 0.4755859375 0.5966796875 0.4609375 0.5966796875 0.44140625 0.59814453125 0.4287109375 0.59716796875 0.423828125 0.59814453125 0.4150390625 0.6005859375 0.4140625 0.6025390625 0.4189453125 0.60498046875 0.4091796875 0.611328125 0.3935546875
5 0.6376953125 0.4248046875 0.646484375 0.4111328125 0.6552734375 0.400390625 0.66064453125 0.400390625 0.63671875 0.4970703125 0.6318359375 0.48828125 0.62939453125 0.484375 0.62744140625 0.46875 0.630859375 0.4609375 0.6298828125 0.4443359375 0.63232421875 0.4375 0.63330078125 0.43359375 0.63427734375 0.431640625
5 0.7294921875 0.390625 0.7451171875 0.388671875 0.76123046875 0.3857421875 0.77734375 0.3837890625 0.78662109375 0.3916015625 0.7900390625 0.39453125 0.8037109375 0.4189453125 0.80859375 0.4365234375 0.77490234375 0.439453125
5 0.72412109375 0.400390625 0.73681640625 0.3955078125 0.7431640625 0.3974609375 0.75732421875 0.4033203125 0.78076171875 0.4287109375 0.79052734375 0.4287109375 0.81640625 0.4365234375 0.8291015625 0.443359375 0.83740234375 0.4521484375 0.8447265625 0.4931640625 0.84228515625 0.5009765625 0.8271484375 0.50390625 0.72998046875 0.5107421875
5 0.67431640625 0.3837890625 0.7041015625 0.3857421875 0.72265625 0.388671875 0.73046875 0.390625 0.74365234375 0.4169921875 0.75 0.4384765625 0.7373046875 0.513671875 0.72802734375 0.53515625 0.7197265625 0.54296875 0.70654296875 0.537109375 0.701171875 0.521484375 0.68896484375 0.5224609375 0.6767578125 0.521484375 0.67236328125 0.541015625 0.6640625 0.541015625 0.6572265625 0.537109375 0.6572265625 0.515625 0.6533203125 0.513671875 0.6494140625 0.525390625 0.63623046875 0.5224609375 0.630859375 0.5087890625 0.630859375 0.486328125 0.63525390625 0.4716796875 0.63818359375 0.4541015625 0.64306640625 0.4375 0.63623046875 0.4365234375 0.634765625 0.4287109375 0.63720703125 0.4228515625 0.64501953125 0.423828125 0.64697265625 0.4248046875 0.6484375 0.4248046875 0.6552734375 0.4072265625 0.662109375 0.3916015625 0.6650390625 0.3876953125 0.66796875 0.3857421875
4 0.84521484375 0.28125 0.83544921875 0.2685546875 0.826171875 0.2646484375 0.81787109375 0.25390625 0.81689453125 0.2431640625 0.8115234375 0.2314453125 0.80859375 0.2451171875 0.80126953125 0.25 0.78369140625 0.2421875 0.76513671875 0.2216796875 0.76318359375 0.185546875 0.763671875 0.140625 0.7744140625 0.1259765625 0.79443359375 0.1171875 0.79541015625 0.103515625 0.7861328125 0.0869140625 0.7802734375 0.0732421875 0.78125 0.0654296875 0.78662109375 0.0576171875 0.79443359375 0.0576171875 0.798828125 0.0498046875 0.79541015625 0.0361328125 0.7841796875 0.03515625 0.77978515625 0.029296875 0.76611328125 0.0322265625 0.73974609375 0.0322265625 0.73291015625 0.025390625 0.73486328125 0.0087890625 0.73583984375 0.0009765625 0.99658203125 0.00390625 0.99853515625 0.271484375 0.99658203125 0.2880859375 0.99267578125 0.30078125 0.99267578125 0.34375 0.9951171875 0.435546875 0.99609375 0.4716796875 0.98046875 0.4951171875 0.98046875 0.4658203125 0.97705078125 0.400390625 0.97314453125 0.32421875 0.96533203125 0.2958984375 0.9580078125 0.2490234375 0.953125 0.2265625 0.94970703125 0.20703125 0.943359375 0.19140625 0.93115234375 0.17578125 0.92236328125 0.173828125 0.92431640625 0.1875 0.92333984375 0.19921875 0.912109375 0.205078125 0.8974609375 0.193359375 0.89013671875 0.2001953125 0.8779296875 0.205078125 0.8740234375 0.220703125 0.876953125 0.23046875 0.88525390625 0.23046875 0.89404296875 0.2373046875 0.90234375 0.2548828125 0.90283203125 0.2685546875 0.9013671875 0.2744140625 0.8955078125 0.271484375 0.888671875 0.259765625 0.88232421875 0.2587890625 0.88037109375 0.2685546875 0.8759765625 0.271484375 0.86279296875 0.2822265625 0.85693359375 0.291015625 0.85400390625 0.298828125 0.8564453125 0.2998046875 0.86181640625 0.3095703125 0.861328125 0.3310546875 0.8583984375 0.365234375 0.8544921875 0.3857421875 0.8623046875 0.3759765625 0.8798828125 0.357421875 0.8759765625 0.3720703125 0.86279296875 0.392578125 0.85693359375 0.40234375 0.857421875 0.41796875 0.8564453125 0.4375 0.85888671875 0.455078125 0.85791015625 0.4658203125 0.85546875 0.4765625 0.85498046875 0.4892578125 0.85107421875 0.5439453125 0.8427734375 0.541015625 0.84228515625 0.4755859375 0.83935546875 0.455078125 0.83544921875 0.4375 0.8330078125 0.423828125 0.83056640625 0.3994140625 0.83642578125 0.384765625 0.837890625 0.3828125 0.8388671875 0.3623046875 0.84228515625 0.3564453125 0.84521484375 0.345703125 0.845703125 0.3193359375 0.845703125 0.2958984375
3 0.74658203125 0.4833984375 0.84130859375 0.4853515625 0.841796875 0.51171875 0.84130859375 0.5087890625 0.8408203125 0.4892578125 0.810546875 0.490234375 0.8095703125 0.5087890625 0.8056640625 0.5068359375 0.8056640625 0.4912109375 0.75537109375 0.4892578125 0.88525390625 0.5380859375 0.8828125 0.544921875 0.8515625 0.53515625 0.85009765625 0.5693359375 0.84521484375 0.5654296875 0.8466796875 0.537109375 0.81298828125 0.5185546875 0.81298828125 0.548828125 0.80810546875 0.5439453125 0.8095703125 0.51953125 0.78369140625 0.5068359375 0.783203125 0.5322265625 0.78076171875 0.529296875 0.7802734375 0.5078125 0.759765625 0.498046875 0.75927734375 0.5205078125 0.755859375 0.517578125 0.7568359375 0.498046875
5 0.923828125 0.5087890625 0.95849609375 0.4921875 0.982421875 0.4765625 0.99853515625 0.455078125 0.99853515625 0.7275390625 0.98876953125 0.728515625 0.97119140625 0.7158203125 0.96240234375 0.6865234375 0.916015625 0.68359375 0.888671875 0.6689453125 0.87939453125 0.6591796875 0.8740234375 0.634765625 0.86962890625 0.615234375 0.86962890625 0.58984375 0.87060546875 0.5732421875 0.8798828125 0.53515625 0.90771484375 0.5166015625 0.91943359375 0.51171875
