1 1.0 0.767578125 0.7568359375 0.591796875 0.6884765625 0.55078125 0.66845703125 0.5361328125 0.6650390625 0.53125 0.66455078125 0.5244140625 0.66845703125 0.5185546875 0.681640625 0.5126953125 0.7021484375 0.5087890625 0.73046875 0.5029296875 0.76318359375 0.494140625 0.84423828125 0.5107421875 0.93701171875 0.5205078125 1.0 0.53515625
0 0.0 0.3828125 0.52099609375 0.376953125 0.92333984375 0.498046875 1.0 0.5185546875 1.0 1.0 0.0 1.0
1 0.7265625 0.4990234375 0.62451171875 0.5029296875 0.54052734375 0.5048828125 0.54150390625 0.501953125 0.580078125 0.4775390625 0.6689453125 0.4775390625 0.728515625 0.4736328125 0.75146484375 0.4765625
1 0.2275390625 0.513671875 0.25341796875 0.5126953125 0.2978515625 0.509765625 0.37451171875 0.5029296875 0.40673828125 0.4990234375 0.40966796875 0.498046875 0.40673828125 0.4931640625 0.400390625 0.4912109375 0.3857421875 0.48828125 0.36181640625 0.486328125 0.3271484375 0.48046875 0.298828125 0.48046875 0.28662109375 0.4814453125 0.21875 0.4765625 0.20751953125 0.478515625
2 0.0 0.0 1.0 0.0 1.0 0.556640625 0.7294921875 0.478515625 0.71337890625 0.484375 0.666015625 0.4853515625 0.57177734375 0.478515625 0.5322265625 0.46875 0.46826171875 0.4658203125 0.39501953125 0.466796875 0.34228515625 0.48828125 0.2880859375 0.49609375 0.24072265625 0.5029296875 0.19970703125 0.5068359375 0.09912109375 0.5107421875 0.07177734375 0.5185546875 0.0 0.5234375
4 0.6103515625 0.1474609375 0.56689453125 0.1787109375 0.52197265625 0.2333984375 0.521484375 0.25 0.52001953125 0.2578125 0.5205078125 0.267578125 0.5205078125 0.2744140625 0.51904296875 0.279296875 0.515625 0.2724609375 0.5078125 0.2646484375 0.5029296875 0.26953125 0.5 0.27734375 0.4951171875 0.2841796875 0.49072265625 0.2919921875 0.48583984375 0.298828125 0.48193359375 0.3095703125 0.47900390625 0.3134765625 0.4794921875 0.3212890625 0.48046875 0.3359375 0.47802734375 0.3408203125 0.47802734375 0.3505859375 0.4755859375 0.3564453125 0.47119140625 0.3623046875 0.47021484375 0.3681640625 0.4716796875 0.373046875 0.47705078125 0.37890625 0.47607421875 0.38671875 0.47412109375 0.3916015625 0.474609375 0.396484375 0.4794921875 0.3994140625 0.4814453125 0.404296875 0.484375 0.4111328125 0.48779296875 0.4150390625 0.49365234375 0.4130859375 0.49609375 0.4091796875 0.49755859375 0.4072265625 0.50048828125 0.4072265625 0.50537109375 0.412109375 0.50390625 0.447265625 0.50732421875 0.44921875 0.5078125 0.41796875 0.509765625 0.4150390625 0.51220703125 0.4169921875 0.515625 0.416015625 0.51611328125 0.4384765625 0.52880859375 0.439453125 0.53369140625 0.439453125 0.54345703125 0.44140625 0.5537109375 0.4375 0.55810546875 0.435546875 0.56201171875 0.431640625 0.56494140625 0.427734375 0.56982421875 0.4326171875 0.57421875 0.44140625 0.580078125 0.439453125 0.583984375 0.4365234375 0.58349609375 0.4306640625 0.5869140625 0.4296875 0.59228515625 0.431640625 0.6123046875 0.4375 0.619140625 0.42578125 0.6181640625 0.31640625 0.61767578125 0.283203125 0.61669921875 0.2802734375 0.6162109375 0.271484375 0.61669921875 0.271484375 0.61669921875 0.158203125 0.61328125 0.1416015625
1 0.08544921875 0.5751953125 0.10498046875 0.5654296875 0.158203125 0.5400390625 0.126953125 0.4990234375 0.08642578125 0.486328125 0.04833984375 0.546875
5 0.40771484375 0.453125 0.4140625 0.4482421875 0.423828125 0.4501953125 0.42529296875 0.4482421875 0.42626953125 0.4580078125 0.41943359375 0.4873046875 0.41064453125 0.486328125
5 0.4287109375 0.4482421875 0.44140625 0.4482421875 0.44140625 0.458984375 0.4287109375 0.4599609375
5 0.447265625 0.4482421875 0.45947265625 0.447265625 0.46337890625 0.4560546875 0.44921875 0.4609375
5 0.50390625 0.443359375 0.4931640625 0.4443359375 0.4921875 0.4462890625 0.49267578125 0.455078125 0.49560546875 0.4658203125 0.49951171875 0.4736328125 0.50244140625 0.466796875 0.50634765625 0.4609375 0.50732421875 0.4541015625 0.50732421875 0.4521484375 0.50634765625 0.447265625 0.50439453125 0.443359375
5 0.49658203125 0.44921875 0.4990234375 0.458984375 0.4990234375 0.4638671875 0.4990234375 0.46875 0.49755859375 0.47265625 0.4951171875 0.474609375 0.4921875 0.4755859375 0.48974609375 0.4755859375 0.48681640625 0.4716796875 0.486328125 0.466796875 0.484375 0.458984375 0.48291015625 0.453125 0.48388671875 0.44921875 0.48681640625 0.4482421875 0.49072265625 0.447265625 0.4951171875 0.447265625
5 0.4892578125 0.45703125 0.484375 0.4482421875 0.478515625 0.447265625 0.47509765625 0.447265625 0.4765625 0.4658203125 0.4775390625 0.4697265625 0.47802734375 0.478515625 0.48291015625 0.478515625 0.48583984375 0.4736328125 0.48828125 0.46875 0.48828125 0.4658203125 0.4892578125 0.4609375
5 0.47900390625 0.455078125 0.47998046875 0.4697265625 0.4794921875 0.4765625 0.4775390625 0.4775390625 0.4755859375 0.4775390625 0.4716796875 0.474609375 0.46533203125 0.466796875 0.4609375 0.4599609375 0.4599609375 0.455078125 0.4599609375 0.44921875 0.4609375 0.447265625 0.46533203125 0.447265625 0.46875 0.447265625 0.47314453125 0.447265625 0.47509765625 0.4482421875 0.4775390625 0.453125
5 0.58349609375 0.4453125 0.57421875 0.4443359375 0.57861328125 0.4501953125
5 0.5556640625 0.4462890625 0.56689453125 0.4453125 0.57177734375 0.4453125 0.57861328125 0.447265625 0.5810546875 0.453125 0.57470703125 0.45703125 0.5712890625 0.453125 0.56591796875 0.4541015625
5 0.57080078125 0.4560546875 0.56787109375 0.4501953125 0.55908203125 0.4453125 0.552734375 0.4443359375 0.55615234375 0.455078125 0.56298828125 0.4609375 0.568359375 0.4619140625
5 0.5498046875 0.435546875 0.52734375 0.43359375 0.515625 0.4345703125 0.513671875 0.4375 0.51220703125 0.4501953125 0.52880859375 0.462890625 0.5498046875 0.470703125 0.5576171875 0.4697265625 0.5634765625 0.45703125 0.55859375 0.447265625 0.5546875 0.439453125 0.5517578125 0.4365234375
5 0.5419921875 0.4609375 0.53564453125 0.44921875 0.5322265625 0.44921875 0.529296875 0.4521484375 0.53466796875 0.4638671875 0.5400390625 0.4697265625 0.548828125 0.4716796875 0.5498046875 0.466796875 0.5498046875 0.4638671875 0.5439453125 0.4609375
5 0.5322265625 0.44921875 0.52197265625 0.4482421875 0.5107421875 0.44921875 0.50732421875 0.4501953125 0.50244140625 0.4580078125 0.5009765625 0.4638671875 0.5009765625 0.46875 0.50439453125 0.4755859375 0.513671875 0.4794921875 0.52294921875 0.4833984375 0.52490234375 0.484375 0.52734375 0.4853515625 0.52978515625 0.4873046875 0.5322265625 0.486328125 0.5322265625 0.482421875 0.53564453125 0.482421875 0.54052734375 0.482421875 0.546875 0.478515625 0.54833984375 0.474609375 0.54833984375 0.466796875 0.546875 0.4638671875 0.5390625 0.4619140625 0.533203125 0.451171875
5 0.638671875 0.4228515625 0.61474609375 0.4228515625 0.59814453125 0.427734375 0.5830078125 0.4423828125 0.57421875 0.4521484375 0.5595703125 0.4580078125 0.54638671875 0.4658203125 0.54150390625 0.474609375 0.5400390625 0.4814453125 0.5400390625 0.4892578125 0.541015625 0.4951171875 0.54541015625 0.5 0.5498046875 0.5 0.55419921875 0.5009765625 0.55712890625 0.505859375 0.55908203125 0.5068359375 0.5625 0.5078125 0.5673828125 0.5068359375 0.5693359375 0.5029296875 0.57177734375 0.5068359375 0.57763671875 0.5078125 0.5810546875 0.5068359375 0.583984375 0.50390625 0.5849609375 0.4990234375 0.63427734375 0.49609375 0.63623046875 0.501953125 0.64013671875 0.50390625 0.6435546875 0.5029296875 0.64599609375 0.5009765625 0.64892578125 0.4951171875 0.6494140625 0.4951171875 0.65185546875 0.5029296875 0.65673828125 0.5048828125 0.66162109375 0.50390625 0.66455078125 0.5009765625 0.66650390625 0.4921875 0.6708984375 0.4912109375 0.67578125 0.470703125 0.67626953125 0.462890625 0.67431640625 0.45703125 0.673828125 0.44140625 0.66552734375 0.439453125 0.6484375 0.4248046875 0.640625 0.421875
4 0.45654296875 0.4912109375 0.45703125 0.486328125 0.453125 0.48046875 0.44921875 0.4716796875 0.44482421875 0.46484375 0.443359375 0.4638671875 0.4404296875 0.4716796875 0.4365234375 0.4736328125 0.431640625 0.470703125 0.43017578125 0.4716796875 0.42822265625 0.4775390625 0.42578125 0.48828125 0.42724609375 0.4912109375 0.43359375 0.494140625 0.4423828125 0.494140625 0.4482421875 0.4931640625 0.45361328125 0.4931640625
4 0.529296875 0.4873046875 0.52783203125 0.4775390625 0.5244140625 0.4716796875 0.521484375 0.4716796875 0.51513671875 0.4697265625 0.51025390625 0.4677734375 0.5029296875 0.46875 0.49609375 0.46875 0.490234375 0.4697265625 0.4873046875 0.4765625 0.48779296875 0.482421875 0.4873046875 0.486328125 0.4921875 0.4873046875 0.4990234375 0.4873046875 0.50341796875 0.48828125 0.51025390625 0.48828125 0.515625 0.4873046875 0.52392578125 0.48828125 0.52734375 0.4873046875
4 0.3046875 0.201171875 0.30126953125 0.208984375 0.296875 0.21484375 0.29345703125 0.2177734375 0.29150390625 0.2265625 0.29052734375 0.228515625 0.2900390625 0.224609375 0.2880859375 0.2314453125 0.28662109375 0.2275390625 0.28564453125 0.21875 0.28076171875 0.21875 0.27783203125 0.2197265625 0.2724609375 0.2255859375 0.27001953125 0.228515625 0.27001953125 0.2314453125 0.2685546875 0.2373046875 0.267578125 0.23828125 0.26513671875 0.236328125 0.26416015625 0.2451171875 0.26220703125 0.25 0.25927734375 0.2578125 0.2587890625 0.2626953125 0.2587890625 0.2734375 0.2587890625 0.2880859375 0.255859375 0.2890625 0.251953125 0.2822265625 0.2509765625 0.2890625 0.25244140625 0.294921875 0.251953125 0.3046875 0.25048828125 0.314453125 0.25146484375 0.3212890625 0.2529296875 0.33203125 0.25341796875 0.34375 0.2529296875 0.3486328125 0.24951171875 0.3525390625 0.25 0.357421875 0.251953125 0.3662109375 0.25244140625 0.373046875 0.2529296875 0.3779296875 0.25634765625 0.3779296875 0.26025390625 0.3779296875 0.265625 0.3828125 0.26171875 0.3837890625 0.2578125 0.392578125 0.26171875 0.3955078125 0.27294921875 0.3984375 0.28564453125 0.40234375 0.29345703125 0.4111328125 0.29541015625 0.4169921875 0.2939453125 0.453125 0.28857421875 0.4970703125 0.29638671875 0.498046875 0.296875 0.4794921875 0.298828125 0.4140625 0.30859375 0.40625 0.3212890625 0.3994140625 0.32666015625 0.3994140625 0.32958984375 0.3974609375 0.33251953125 0.39453125 0.33642578125 0.3955078125 0.3388671875 0.3974609375 0.3427734375 0.3984375 0.345703125 0.3984375 0.34375 0.408203125 0.3447265625 0.4091796875 0.35205078125 0.4111328125 0.357421875 0.4150390625 0.36328125 0.4169921875 0.3671875 0.4169921875 0.37109375 0.412109375 0.37255859375 0.412109375 0.37353515625 0.412109375 0.376953125 0.4130859375 0.3779296875 0.416015625 0.37841796875 0.4228515625 0.37890625 0.4345703125 0.37939453125 0.4443359375 0.38134765625 0.498046875 0.38232421875 0.501953125 0.384765625 0.5 0.38232421875 0.4189453125 0.3828125 0.412109375 0.384765625 0.404296875 0.38623046875 0.404296875 0.38818359375 0.4033203125 0.3916015625 0.400390625 0.3935546875 0.3994140625 0.39306640625 0.4052734375 0.396484375 0.41015625 0.40087890625 0.4091796875 0.40380859375 0.4072265625 0.40771484375 0.4013671875 0.4140625 0.396484375 0.41748046875 0.390625 0.42138671875 0.38671875 0.423828125 0.3916015625 0.4248046875 0.404296875 0.42578125 0.4423828125 0.42626953125 0.4921875 0.4326171875 0.4912109375 0.4287109375 0.4296875 0.42822265625 0.4033203125 0.4287109375 0.392578125 0.4296875 0.3916015625 0.4326171875 0.38671875 0.435546875 0.384765625 0.4384765625 0.384765625 0.44140625 0.38671875 0.443359375 0.38671875 0.4453125 0.3828125 0.44580078125 0.3759765625 0.4501953125 0.3740234375 0.45263671875 0.37109375 0.45849609375 0.3759765625 0.45849609375 0.37109375 0.46142578125 0.365234375 0.46240234375 0.359375 0.4677734375 0.35546875 0.47119140625 0.3486328125 0.47216796875 0.3408203125 0.470703125 0.3408203125 0.466796875 0.34375 0.46533203125 0.337890625 0.466796875 0.330078125 0.46630859375 0.3251953125 0.46435546875 0.3193359375 0.46337890625 0.30859375 0.46337890625 0.2998046875 0.462890625 0.2900390625 0.46142578125 0.279296875 0.45947265625 0.2802734375 0.4560546875 0.28515625 0.4541015625 0.2822265625 0.45849609375 0.2734375 0.46142578125 0.2685546875 0.46240234375 0.263671875 0.46240234375 0.2568359375 0.46142578125 0.25 0.46142578125 0.2412109375 0.45947265625 0.234375 0.4599609375 0.2275390625 0.4599609375 0.2255859375 0.45654296875 0.2275390625 0.4541015625 0.2236328125 0.45166015625 0.2216796875 0.45166015625 0.2158203125 0.44873046875 0.2158203125 0.44482421875 0.21484375 0.44384765625 0.2080078125 0.44091796875 0.2001953125 0.4375 0.2021484375 0.43505859375 0.203125 0.431640625 0.20703125 0.431640625 0.2109375 0.42822265625 0.212890625 0.42626953125 0.2080078125 0.4228515625 0.2041015625 0.4189453125 0.2041015625 0.41357421875 0.2041015625 0.412109375 0.2080078125 0.40869140625 0.203125 0.4052734375 0.2041015625 0.400390625 0.2080078125 0.3994140625 0.21484375 0.400390625 0.22265625 0.40087890625 0.232421875 0.3974609375 0.2421875 0.39599609375 0.2431640625 0.39208984375 0.23828125 0.38671875 0.2431640625 0.3876953125 0.2509765625 0.38720703125 0.2568359375 0.38134765625 0.263671875 0.3798828125 0.2666015625 0.37646484375 0.265625 0.373046875 0.2705078125 0.36962890625 0.2724609375 0.3681640625 0.2724609375 0.36669921875 0.267578125 0.3662109375 0.275390625 0.3603515625 0.283203125 0.35986328125 0.275390625 0.35693359375 0.2744140625 0.35595703125 0.2822265625 0.35498046875 0.2890625 0.35205078125 0.294921875 0.35009765625 0.298828125 0.345703125 0.2978515625 0.34228515625 0.2978515625 0.34033203125 0.29296875 0.341796875 0.287109375 0.34375 0.2763671875 0.34326171875 0.265625 0.34375 0.255859375 0.33984375 0.24609375 0.337890625 0.2412109375 0.33447265625 0.2314453125 0.33056640625 0.22265625 0.32666015625 0.2177734375 0.32275390625 0.2177734375 0.31884765625 0.21875 0.31591796875 0.2177734375 0.31494140625 0.2080078125 0.31298828125 0.203125 0.30810546875 0.2021484375
5 0.201171875 0.4140625 0.189453125 0.4130859375 0.14501953125 0.4140625 0.13818359375 0.4150390625 0.13134765625 0.4189453125 0.12109375 0.4375 0.11328125 0.4541015625 0.1123046875 0.45703125 0.10888671875 0.4541015625 0.10546875 0.4541015625 0.10302734375 0.458984375 0.10400390625 0.4638671875 0.1064453125 0.4677734375 0.109375 0.466796875 0.103515625 0.4775390625 0.09765625 0.49609375 0.0947265625 0.5166015625 0.09423828125 0.5419921875 0.09521484375 0.5517578125 0.09765625 0.556640625 0.09912109375 0.556640625 0.0986328125 0.564453125 0.10009765625 0.57421875 0.10302734375 0.5791015625 0.1064453125 0.5791015625 0.1103515625 0.578125 0.11181640625 0.57421875 0.11181640625 0.5654296875 0.13525390625 0.5654296875 0.1630859375 0.56640625 0.17724609375 0.5654296875 0.177734375 0.5712890625 0.17919921875 0.5751953125 0.1826171875 0.576171875 0.18603515625 0.576171875 0.189453125 0.57421875 0.1904296875 0.568359375 0.19091796875 0.5546875 0.21435546875 0.5439453125 0.21533203125 0.548828125 0.2158203125 0.5537109375 0.21875 0.556640625 0.22216796875 0.5576171875 0.224609375 0.556640625 0.22802734375 0.548828125 0.22900390625 0.5322265625 0.2294921875 0.5185546875 0.22998046875 0.4990234375 0.2265625 0.4814453125 0.22265625 0.4501953125 0.21826171875 0.4296875 0.212890625 0.4189453125 0.2060546875 0.4150390625
5 0.00439453125 0.4267578125 0.02490234375 0.42578125 0.03955078125 0.431640625 0.05224609375 0.4462890625 0.06396484375 0.46484375 0.07275390625 0.4794921875 0.08056640625 0.4814453125 0.08544921875 0.4833984375 0.087890625 0.4873046875 0.08984375 0.49609375 0.08984375 0.5068359375 0.08935546875 0.5185546875 0.08935546875 0.529296875 0.08984375 0.5390625 0.08984375 0.548828125 0.087890625 0.5595703125 0.08740234375 0.5703125 0.08642578125 0.5771484375 0.083984375 0.6005859375 0.08056640625 0.6162109375 0.078125 0.6240234375 0.07568359375 0.6279296875 0.07275390625 0.6279296875 0.06787109375 0.6298828125 0.05859375 0.62890625 0.0537109375 0.626953125 0.05322265625 0.6240234375 0.0517578125 0.611328125 0.0 0.6396484375 0.0 0.427734375
4 0.73388671875 0.0 0.73388671875 0.01171875 0.732421875 0.0185546875 0.72705078125 0.01953125 0.72265625 0.0166015625 0.71728515625 0.0146484375 0.71142578125 0.013671875 0.70556640625 0.0185546875 0.70068359375 0.025390625 0.7001953125 0.0380859375 0.70263671875 0.0458984375 0.70556640625 0.0576171875 0.7099609375 0.0625 0.712890625 0.06640625 0.70947265625 0.078125 0.70849609375 0.08984375 0.70849609375 0.0947265625 0.705078125 0.1015625 0.70556640625 0.109375 0.703125 0.115234375 0.70166015625 0.1142578125 0.69921875 0.111328125 0.69287109375 0.111328125 0.69140625 0.1162109375 0.689453125 0.12890625 0.68701171875 0.1376953125 0.68798828125 0.154296875 0.69482421875 0.16796875 0.70166015625 0.177734375 0.7041015625 0.1884765625 0.70068359375 0.2021484375 0.70263671875 0.216796875 0.70458984375 0.2236328125 0.70654296875 0.240234375 0.70849609375 0.2470703125 0.70751953125 0.259765625 0.71142578125 0.2666015625 0.7177734375 0.2705078125 0.72265625 0.2685546875 0.72265625 0.2685546875 0.728515625 0.3193359375 0.73291015625 0.3193359375 0.73828125 0.3134765625 0.74169921875 0.3046875 0.7421875 0.3056640625 0.7421875 0.3173828125 0.75146484375 0.3232421875 0.75439453125 0.326171875 0.76025390625 0.3330078125 0.767578125 0.3369140625 0.77490234375 0.3388671875 0.7802734375 0.341796875 0.78466796875 0.3427734375 0.78759765625 0.3876953125 0.79638671875 0.38671875 0.79638671875 0.3798828125 0.79443359375 0.3525390625 0.80029296875 0.3544921875 0.80712890625 0.3583984375 0.8125 0.359375 0.81884765625 0.3525390625 0.8232421875 0.341796875 0.82373046875 0.33203125 0.81982421875 0.3212890625 0.81787109375 0.30859375 0.814453125 0.298828125 0.8095703125 0.2939453125 0.81591796875 0.29296875 0.8212890625 0.2919921875 0.82763671875 0.2919921875 0.833984375 0.294921875 0.84130859375 0.294921875 0.8515625 0.29296875 0.85595703125 0.2900390625 0.8603515625 0.298828125 0.86669921875 0.30078125 0.87060546875 0.30078125 0.875 0.2958984375 0.880859375 0.291015625 0.88623046875 0.283203125 0.89306640625 0.2744140625 0.900390625 0.265625 0.90283203125 0.2666015625 0.9052734375 0.265625 0.90234375 0.2783203125 0.90185546875 0.2880859375 0.9072265625 0.291015625 0.91357421875 0.287109375 0.9228515625 0.2841796875 1.0 0.2080078125 1.0 0.0
5 0.8046875 0.380859375 0.7939453125 0.380859375 0.7734375 0.38671875 0.7578125 0.396484375 0.734375 0.421875 0.71728515625 0.42578125 0.7119140625 0.4287109375 0.712890625 0.4384765625 0.71337890625 0.453125 0.71240234375 0.462890625 0.70947265625 0.4677734375 0.71044921875 0.4716796875 0.71044921875 0.478515625 0.71142578125 0.484375 0.7138671875 0.4873046875 0.71337890625 0.4912109375 0.71484375 0.4921875 0.71826171875 0.4931640625 0.72265625 0.494140625 0.72900390625 0.4970703125 0.740234375 0.5 0.74267578125 0.5009765625 0.744140625 0.5078125 0.748046875 0.513671875 0.75048828125 0.5166015625 0.75390625 0.5185546875 0.76025390625 0.5205078125 0.76611328125 0.5205078125 0.7734375 0.515625 0.76513671875 0.4736328125 0.80322265625 0.4306640625 0.8134765625 0.4072265625
5 0.79931640625 0.38671875 0.794921875 0.3876953125 0.77587890625 0.392578125 0.76953125 0.4013671875 0.759765625 0.4326171875 0.759765625 0.45703125 0.75927734375 0.4658203125 0.7568359375 0.4736328125 0.7568359375 0.4814453125 0.7578125 0.4912109375 0.75927734375 0.49609375 0.75927734375 0.505859375 0.76171875 0.5107421875 0.77001953125 0.51171875 0.7705078125 0.5146484375 0.7763671875 0.5234375 0.7802734375 0.525390625 0.78564453125 0.525390625 0.79052734375 0.5224609375 0.7978515625 0.4951171875 0.80126953125 0.4150390625 0.8017578125 0.3974609375
5 0.87939453125 0.357421875 0.8720703125 0.3564453125 0.84716796875 0.357421875 0.82373046875 0.3642578125 0.81005859375 0.3681640625 0.80078125 0.3720703125 0.7998046875 0.380859375 0.791015625 0.40234375 0.7841796875 0.4169921875 0.78076171875 0.4306640625 0.78076171875 0.4482421875 0.77783203125 0.4609375 0.7763671875 0.470703125 0.77734375 0.4833984375 0.77783203125 0.494140625 0.77978515625 0.5029296875 0.78271484375 0.5029296875 0.78759765625 0.50390625 0.78955078125 0.521484375 0.79150390625 0.5263671875 0.79345703125 0.5283203125 0.7978515625 0.5302734375 0.806640625 0.5302734375 0.80810546875 0.529296875 0.810546875 0.533203125 0.81689453125 0.5380859375 0.82080078125 0.5400390625 0.82861328125 0.541015625 0.84326171875 0.5302734375 0.89990234375 0.404296875
5 0.96630859375 0.166015625 0.94140625 0.2236328125 0.89111328125 0.341796875 0.8857421875 0.34375 0.8427734375 0.392578125 0.83447265625 0.4169921875 0.8310546875 0.4365234375 0.82958984375 0.4716796875 0.82666015625 0.48046875 0.826171875 0.5 0.82958984375 0.5400390625 0.83349609375 0.5576171875 0.84033203125 0.5673828125 0.85009765625 0.57421875 0.86083984375 0.58203125 0.87255859375 0.58203125 0.88037109375 0.5966796875 0.8916015625 0.60546875 0.90234375 0.60546875 0.9091796875 0.6025390625 0.9150390625 0.59375 0.919921875 0.5869140625 0.92431640625 0.5869140625 0.92724609375 0.599609375 0.93212890625 0.61328125 0.9384765625 0.6240234375 0.94580078125 0.6298828125 0.95751953125 0.6298828125 0.97216796875 0.630859375 0.984375 0.625 0.99658203125 0.60546875 1.0 0.5927734375 1.0 0.12890625
