0 0.078125 0.2490234375 1.0 0.21484375 1.0 1.0 0.0 1.0 0.0 0.234375
1 0.912109375 0.451171875 0.79345703125 0.4599609375 0.70166015625 0.455078125 0.419921875 0.451171875 0.23193359375 0.455078125 0.0693359375 0.4580078125 0.0166015625 0.4619140625 0.0078125 0.458984375 0.0107421875 0.4375 0.021484375 0.4306640625 0.17236328125 0.4091796875 0.25439453125 0.396484375 0.50390625 0.3564453125 0.60107421875 0.3603515625 0.73095703125 0.37109375 0.857421875 0.376953125 0.8974609375 0.431640625 0.90185546875 0.4365234375 0.9228515625 0.435546875 0.94287109375 0.4375 0.95458984375 0.439453125 0.962890625 0.4482421875 0.962890625 0.458984375 0.9560546875 0.458984375 0.927734375 0.458984375
4 0.89697265625 0.0244140625 0.89404296875 0.2333984375 1.0 0.2578125 1.0 0.0 0.89501953125 0.0
2 0.94921875 0.3701171875 0.91943359375 0.3701171875 0.89208984375 0.357421875 0.89306640625 0.2099609375 0.93359375 0.201171875 0.9443359375 0.201171875 0.94873046875 0.173828125 0.951171875 0.171875 0.95166015625 0.1708984375 0.953125 0.169921875 0.95361328125 0.169921875 0.9541015625 0.1728515625 0.95654296875 0.1728515625 0.95703125 0.17578125 0.96044921875 0.1943359375 0.96240234375 0.2041015625 0.97802734375 0.203125 0.97998046875 0.205078125 0.9814453125 0.208984375 0.9794921875 0.2119140625 0.978515625 0.2177734375 0.978515625 0.22265625 0.9794921875 0.2265625 0.97998046875 0.228515625 0.97998046875 0.2353515625 0.97998046875 0.2392578125 0.982421875 0.2421875 0.98681640625 0.2431640625 0.9892578125 0.2412109375 0.99267578125 0.2392578125 0.99609375 0.2373046875 0.99853515625 0.236328125 1.0 0.2373046875 1.0 0.369140625
4 1.0 0.390625 0.984375 0.3857421875 0.96826171875 0.3837890625 0.9599609375 0.3828125 0.94580078125 0.3798828125 0.9384765625 0.3779296875 0.93603515625 0.3720703125 0.93701171875 0.3671875 0.9404296875 0.365234375 0.9453125 0.3603515625 0.9521484375 0.3583984375 0.9580078125 0.3515625 0.96435546875 0.3486328125 0.96875 0.34765625 0.97314453125 0.345703125 0.97900390625 0.33984375 0.9853515625 0.3369140625 0.9931640625 0.34375 0.9951171875 0.3525390625 0.99755859375 0.3564453125 1.0 0.361328125
4 0.93408203125 0.4091796875 0.94091796875 0.3994140625 0.9462890625 0.3935546875 0.947265625 0.388671875 0.93896484375 0.38671875 0.9208984375 0.3876953125 0.9189453125 0.375 0.9169921875 0.3583984375 0.919921875 0.337890625 0.9072265625 0.3154296875 0.8984375 0.3291015625 0.89453125 0.3505859375 0.89306640625 0.3935546875 0.89404296875 0.416015625 0.89697265625 0.4365234375 0.8994140625 0.4365234375 0.90625 0.4375 0.91455078125 0.4384765625 0.92041015625 0.4384765625
2 0.9013671875 0.40625 0.9013671875 0.4375 0.80810546875 0.4375 0.74951171875 0.4345703125 0.48193359375 0.43359375 0.42578125 0.435546875 0.20849609375 0.4384765625 0.185546875 0.4384765625 0.0400390625 0.4453125 0.00390625 0.443359375 0.0 0.4248046875 0.0 0.0 0.9013671875 0.0 0.90283203125 0.044921875 0.90087890625 0.3076171875 0.90234375 0.3173828125 0.900390625 0.322265625 0.89892578125 0.3955078125
1 1.0 0.8798828125 0.82275390625 0.666015625 0.79443359375 0.6318359375 0.7998046875 0.611328125 0.88330078125 0.5673828125 0.95166015625 0.5419921875 1.0 0.5205078125
5 0.18603515625 0.3271484375 0.177734375 0.32421875 0.17529296875 0.3173828125 0.15234375 0.3115234375 0.138671875 0.314453125 0.130859375 0.3212890625 0.09375 0.3251953125 0.06787109375 0.3349609375 0.0546875 0.357421875 0.044921875 0.3759765625 0.03759765625 0.388671875 0.0263671875 0.400390625 0.02392578125 0.416015625 0.02099609375 0.4375 0.02978515625 0.4638671875 0.0458984375 0.46484375 0.052734375 0.4638671875 0.05615234375 0.4521484375 0.07861328125 0.4482421875 0.08203125 0.44921875 0.0849609375 0.44921875 0.0869140625 0.4599609375 0.0947265625 0.4619140625 0.1015625 0.458984375 0.1064453125 0.447265625 0.11474609375 0.447265625 0.11669921875 0.45703125 0.119140625 0.4599609375 0.12939453125 0.4609375 0.13671875 0.458984375 0.14208984375 0.4521484375 0.142578125 0.447265625 0.16552734375 0.4453125 0.16552734375 0.455078125 0.16943359375 0.4599609375 0.177734375 0.4599609375 0.18212890625 0.4580078125 0.185546875 0.4501953125 0.1865234375 0.4375 0.1962890625 0.4306640625 0.1982421875 0.419921875 0.19287109375 0.37109375
5 0.03515625 0.59375 0.0 0.61328125 0.0 0.388671875 0.0048828125 0.396484375 0.02490234375 0.43359375 0.0302734375 0.4326171875 0.0361328125 0.4287109375 0.03857421875 0.4287109375 0.0419921875 0.4287109375 0.04345703125 0.4345703125 0.0439453125 0.4404296875 0.0400390625 0.4462890625 0.037109375 0.4501953125 0.0576171875 0.4736328125 0.0625 0.49609375 0.06591796875 0.53125 0.06689453125 0.560546875 0.06787109375 0.5859375 0.06591796875 0.6044921875 0.0634765625 0.6103515625 0.05615234375 0.61328125 0.04541015625 0.615234375 0.037109375 0.61328125
5 0.39306640625 0.2763671875 0.30078125 0.2890625 0.28662109375 0.2958984375 0.26806640625 0.3310546875 0.2626953125 0.337890625 0.25830078125 0.34765625 0.24560546875 0.3681640625 0.2412109375 0.388671875 0.23974609375 0.408203125 0.2431640625 0.4404296875 0.24462890625 0.44140625 0.2490234375 0.4404296875 0.25048828125 0.451171875 0.25634765625 0.4619140625 0.26318359375 0.46484375 0.27197265625 0.46484375 0.2763671875 0.455078125 0.27880859375 0.4423828125 0.2998046875 0.4404296875 0.3017578125 0.451171875 0.30517578125 0.462890625 0.314453125 0.4638671875 0.31884765625 0.4609375 0.32177734375 0.451171875 0.3251953125 0.4375 0.3564453125 0.4384765625 0.3583984375 0.4462890625 0.3642578125 0.4560546875 0.3701171875 0.4599609375 0.37548828125 0.4599609375 0.3798828125 0.4580078125 0.3828125 0.455078125 0.38720703125 0.435546875 0.40185546875 0.439453125 0.404296875 0.447265625 0.40673828125 0.451171875 0.4130859375 0.4599609375 0.42236328125 0.4580078125 0.42724609375 0.4501953125 0.43115234375 0.4375 0.43701171875 0.4267578125 0.44921875 0.4228515625 0.44921875 0.41015625 0.44482421875 0.404296875 0.44580078125 0.3544921875 0.44091796875 0.3134765625 0.43359375 0.2802734375 0.4072265625 0.2734375 0.3955078125 0.2734375
5 0.69580078125 0.291015625 0.65771484375 0.2939453125 0.62890625 0.3046875 0.609375 0.322265625 0.58740234375 0.3505859375 0.57080078125 0.369140625 0.5595703125 0.37890625 0.5546875 0.3896484375 0.55126953125 0.41015625 0.5517578125 0.4287109375 0.5537109375 0.4404296875 0.5634765625 0.4443359375 0.56494140625 0.4501953125 0.5703125 0.4619140625 0.578125 0.46484375 0.5869140625 0.46484375 0.59130859375 0.4580078125 0.5947265625 0.4482421875 0.59765625 0.447265625 0.60302734375 0.4599609375 0.6171875 0.4599609375 0.62255859375 0.4462890625 0.693359375 0.4453125 0.6953125 0.4580078125 0.70703125 0.4638671875 0.7177734375 0.46484375 0.7275390625 0.4580078125 0.73681640625 0.4580078125 0.74560546875 0.45703125 0.75 0.4443359375 0.75244140625 0.431640625 0.7587890625 0.423828125 0.7607421875 0.4072265625 0.759765625 0.369140625 0.75439453125 0.333984375 0.73974609375 0.3037109375 0.7265625 0.291015625
