0 0.0 0.525390625 0.5205078125 0.3486328125 1.0 0.5224609375 1.0 1.0 0.0 1.0
4 0.5556640625 0.1328125 0.5390625 0.1328125 0.533203125 0.142578125 0.52490234375 0.1650390625 0.51806640625 0.181640625 0.5 0.19921875 0.4765625 0.1884765625 0.466796875 0.1806640625 0.44580078125 0.1689453125 0.427734375 0.158203125 0.4130859375 0.1630859375 0.40087890625 0.173828125 0.396484375 0.1904296875 0.3994140625 0.2060546875 0.43408203125 0.21875 0.515625 0.2197265625 0.5380859375 0.203125 0.546875 0.1787109375 0.5556640625 0.142578125
1 0.0 0.7822265625 0.16162109375 0.66796875 0.2177734375 0.6220703125 0.25830078125 0.5244140625 0.177734375 0.515625 0.0 0.572265625
1 0.46875 0.466796875 0.5048828125 0.466796875 0.56298828125 0.46484375 0.59814453125 0.4453125 0.5751953125 0.4345703125 0.46630859375 0.4365234375 0.4638671875 0.455078125
1 0.79736328125 0.583984375 0.83154296875 0.6064453125 0.8876953125 0.6435546875 0.93701171875 0.6748046875 0.9931640625 0.6875 1.0 0.6884765625 1.0 0.533203125 0.80029296875 0.486328125
2 0.0 0.6279296875 0.15576171875 0.5693359375 0.439453125 0.4609375 0.47216796875 0.4580078125 0.48974609375 0.4560546875 0.560546875 0.4580078125 0.74072265625 0.490234375 0.87109375 0.5341796875 0.953125 0.5595703125 1.0 0.5615234375 1.0 0.0 0.6298828125 0.0 0.630859375 0.0048828125 0.63232421875 0.005859375 0.63232421875 0.01171875 0.6240234375 0.0087890625 0.62353515625 0.0205078125 0.62060546875 0.021484375 0.6201171875 0.0361328125 0.62109375 0.0380859375 0.62109375 0.0400390625 0.61865234375 0.0341796875 0.61865234375 0.05078125 0.62060546875 0.0634765625 0.60986328125 0.09765625 0.619140625 0.1015625 0.6201171875 0.11328125 0.58203125 0.11328125 0.57470703125 0.1201171875 0.55908203125 0.119140625 0.55224609375 0.1455078125 0.537109375 0.1591796875 0.5380859375 0.181640625 0.48291015625 0.18359375 0.48095703125 0.171875 0.47705078125 0.185546875 0.43017578125 0.1875 0.4140625 0.1806640625 0.39453125 0.1904296875 0.388671875 0.1875 0.38330078125 0.1884765625 0.3818359375 0.1904296875 0.3798828125 0.19140625 0.3798828125 0.046875 0.38720703125 0.0 0.0 0.0
5 0.46875 0.427734375 0.45654296875 0.4296875 0.44775390625 0.4306640625 0.44140625 0.4306640625 0.4443359375 0.447265625 0.44677734375 0.462890625 0.44873046875 0.47265625 0.4521484375 0.484375 0.45556640625 0.4892578125 0.45947265625 0.4912109375 0.46337890625 0.4912109375 0.46923828125 0.4912109375 0.470703125 0.4912109375 0.47265625 0.494140625 0.47509765625 0.4951171875 0.4765625 0.494140625 0.4775390625 0.490234375 0.47705078125 0.478515625 0.4765625 0.4658203125 0.4765625 0.4580078125 0.47607421875 0.4541015625 0.4765625 0.4521484375 0.4775390625 0.44921875 0.4765625 0.4462890625 0.474609375 0.4453125 0.47216796875 0.4404296875 0.47021484375 0.431640625
5 0.4296875 0.4306640625 0.44189453125 0.4306640625 0.44677734375 0.4326171875 0.4501953125 0.435546875 0.453125 0.443359375 0.45458984375 0.4501953125 0.45654296875 0.4501953125 0.45849609375 0.451171875 0.45947265625 0.4521484375 0.45947265625 0.455078125 0.4580078125 0.45703125 0.4560546875 0.4609375 0.45849609375 0.466796875 0.45947265625 0.470703125 0.46044921875 0.4765625 0.4599609375 0.490234375 0.4599609375 0.4951171875 0.4599609375 0.501953125 0.4599609375 0.5029296875 0.45751953125 0.5048828125 0.45556640625 0.505859375 0.4521484375 0.505859375 0.45068359375 0.505859375 0.4501953125 0.5029296875 0.44970703125 0.5009765625 0.44775390625 0.5 0.44189453125 0.5 0.43505859375 0.478515625 0.42626953125 0.4375 0.42626953125 0.4326171875
5 0.4306640625 0.42578125 0.42822265625 0.4248046875 0.4267578125 0.4208984375 0.42431640625 0.419921875 0.421875 0.421875 0.42138671875 0.4248046875 0.41748046875 0.4248046875 0.412109375 0.42578125 0.4072265625 0.42578125 0.4052734375 0.4296875 0.40478515625 0.4453125 0.40966796875 0.46875 0.41796875 0.4990234375 0.42431640625 0.51171875 0.4287109375 0.5263671875 0.43017578125 0.5322265625 0.431640625 0.5341796875 0.43408203125 0.5322265625 0.4345703125 0.5302734375 0.4345703125 0.525390625 0.43701171875 0.525390625 0.4384765625 0.5244140625 0.4384765625 0.51953125 0.43896484375 0.517578125 0.44091796875 0.517578125 0.44091796875 0.515625 0.44189453125 0.513671875 0.443359375 0.51171875 0.44482421875 0.5107421875 0.4453125 0.5078125 0.4453125 0.5 0.44482421875 0.484375 0.44384765625 0.470703125 0.44189453125 0.4609375 0.43798828125 0.44921875 0.43359375 0.4345703125 0.43115234375 0.4267578125
5 0.40478515625 0.423828125 0.39501953125 0.421875 0.38330078125 0.423828125 0.36865234375 0.42578125 0.3642578125 0.4267578125 0.36279296875 0.43359375 0.3779296875 0.46484375 0.40283203125 0.5048828125 0.40869140625 0.525390625 0.4130859375 0.537109375 0.4169921875 0.5380859375 0.4189453125 0.53125 0.423828125 0.529296875 0.4248046875 0.533203125 0.42578125 0.5400390625 0.42822265625 0.5419921875 0.4306640625 0.5400390625 0.43115234375 0.5322265625 0.43115234375 0.5234375 0.4306640625 0.51171875 0.43017578125 0.5068359375 0.4306640625 0.4990234375 0.4306640625 0.4912109375 0.43017578125 0.4853515625 0.4287109375 0.48046875 0.427734375 0.478515625 0.42529296875 0.47265625 0.4248046875 0.470703125 0.42529296875 0.4677734375 0.427734375 0.4658203125 0.42822265625 0.4619140625 0.427734375 0.45703125 0.42333984375 0.4541015625 0.419921875 0.4541015625 0.4169921875 0.451171875 0.41357421875 0.4404296875 0.4091796875 0.4306640625
5 0.38525390625 0.44140625 0.37890625 0.4296875 0.3701171875 0.42578125 0.3603515625 0.423828125 0.35009765625 0.4228515625 0.33740234375 0.42578125 0.32666015625 0.427734375 0.3193359375 0.4287109375 0.31884765625 0.4345703125 0.32958984375 0.478515625 0.34375 0.5234375 0.35302734375 0.5703125 0.3564453125 0.5703125 0.36376953125 0.572265625 0.3701171875 0.572265625 0.37060546875 0.57421875 0.37109375 0.5830078125 0.37109375 0.587890625 0.3720703125 0.5927734375 0.37353515625 0.5947265625 0.37646484375 0.5966796875 0.38037109375 0.5966796875 0.384765625 0.59375 0.3876953125 0.58984375 0.388671875 0.587890625 0.38916015625 0.5810546875 0.3896484375 0.576171875 0.39013671875 0.568359375 0.390625 0.564453125 0.39501953125 0.5625 0.39892578125 0.5595703125 0.400390625 0.56640625 0.4013671875 0.5712890625 0.40380859375 0.5732421875 0.4091796875 0.572265625 0.41455078125 0.5673828125 0.4169921875 0.55859375 0.4189453125 0.5478515625 0.41943359375 0.533203125 0.41796875 0.5166015625 0.41650390625 0.509765625 0.4130859375 0.5048828125 0.4111328125 0.4931640625 0.40869140625 0.48828125 0.39990234375 0.4736328125 0.4033203125 0.4736328125 0.40625 0.47265625 0.40625 0.4677734375 0.40625 0.4599609375 0.40234375 0.4580078125 0.39892578125 0.45703125 0.39794921875 0.45703125 0.3974609375 0.458984375 0.3974609375 0.462890625 0.3974609375 0.466796875 0.396484375 0.46875 0.3896484375 0.4482421875
5 0.31298828125 0.4169921875 0.30712890625 0.4072265625 0.29296875 0.3994140625 0.28369140625 0.3994140625 0.279296875 0.4013671875 0.27783203125 0.4111328125 0.2392578125 0.4072265625 0.234375 0.3994140625 0.23046875 0.408203125 0.21728515625 0.41015625 0.20751953125 0.4072265625 0.19677734375 0.408203125 0.18896484375 0.41015625 0.177734375 0.4306640625 0.15771484375 0.494140625 0.1494140625 0.521484375 0.1484375 0.552734375 0.14697265625 0.5732421875 0.14794921875 0.59765625 0.150390625 0.6162109375 0.15283203125 0.626953125 0.1552734375 0.634765625 0.15771484375 0.6396484375 0.15966796875 0.65625 0.162109375 0.66796875 0.16748046875 0.6767578125 0.1748046875 0.677734375 0.1826171875 0.673828125 0.1875 0.666015625 0.189453125 0.6572265625 0.1923828125 0.6455078125 0.19482421875 0.64453125 0.20458984375 0.640625 0.21728515625 0.6376953125 0.28662109375 0.6240234375 0.29443359375 0.626953125 0.30078125 0.6298828125 0.30224609375 0.6474609375 0.30419921875 0.6572265625 0.3076171875 0.66015625 0.31298828125 0.66015625 0.32080078125 0.6591796875 0.32421875 0.6572265625 0.3271484375 0.6474609375 0.328125 0.6328125 0.32861328125 0.6181640625 0.34521484375 0.6044921875 0.34716796875 0.6181640625 0.35595703125 0.6171875 0.35888671875 0.599609375 0.35986328125 0.5791015625 0.359375 0.560546875 0.35986328125 0.5439453125 0.35791015625 0.5263671875 0.35595703125 0.515625 0.35009765625 0.5029296875 0.34326171875 0.494140625 0.33935546875 0.486328125 0.34521484375 0.4833984375 0.349609375 0.482421875 0.35302734375 0.478515625 0.3525390625 0.470703125 0.349609375 0.4638671875 0.341796875 0.4638671875 0.337890625 0.46484375 0.3388671875 0.474609375 0.33544921875 0.4765625 0.3310546875 0.4560546875 0.3212890625 0.431640625 0.31494140625 0.421875
5 0.51611328125 0.42578125 0.50732421875 0.42578125 0.50390625 0.4365234375 0.5029296875 0.44140625 0.50048828125 0.4404296875 0.49853515625 0.4423828125 0.4990234375 0.4443359375 0.5009765625 0.4462890625 0.50146484375 0.4482421875 0.5009765625 0.45703125 0.5009765625 0.462890625 0.50048828125 0.4697265625 0.5009765625 0.474609375 0.5029296875 0.4775390625 0.50537109375 0.4775390625 0.50634765625 0.4755859375 0.5068359375 0.4716796875 0.5087890625 0.4716796875 0.513671875 0.4716796875 0.521484375 0.4716796875 0.5263671875 0.470703125 0.52685546875 0.4755859375 0.52880859375 0.4775390625 0.53125 0.4765625 0.53271484375 0.474609375 0.53271484375 0.470703125 0.53271484375 0.462890625 0.533203125 0.4580078125 0.53369140625 0.453125 0.53271484375 0.4482421875 0.53173828125 0.443359375 0.53173828125 0.4423828125 0.5341796875 0.4423828125 0.53466796875 0.439453125 0.5341796875 0.4375 0.5322265625 0.4375 0.53076171875 0.4375 0.52880859375 0.431640625 0.52734375 0.42578125
5 0.5810546875 0.427734375 0.5751953125 0.427734375 0.564453125 0.4267578125 0.560546875 0.4296875 0.55810546875 0.4345703125 0.55517578125 0.439453125 0.55419921875 0.4462890625 0.55419921875 0.455078125 0.5546875 0.4609375 0.55517578125 0.4658203125 0.556640625 0.46875 0.55810546875 0.4716796875 0.56103515625 0.4736328125 0.5634765625 0.474609375 0.5654296875 0.4736328125 0.568359375 0.4716796875 0.57080078125 0.4716796875 0.57568359375 0.470703125 0.58056640625 0.4599609375 0.58203125 0.44140625 0.58203125 0.431640625
5 0.587890625 0.427734375 0.5810546875 0.427734375 0.57861328125 0.43359375 0.5751953125 0.4443359375 0.572265625 0.4541015625 0.5703125 0.4658203125 0.5703125 0.474609375 0.5712890625 0.4814453125 0.57275390625 0.484375 0.576171875 0.4853515625 0.5791015625 0.484375 0.58056640625 0.48046875 0.58154296875 0.4794921875 0.58642578125 0.4794921875 0.58984375 0.48046875 0.59228515625 0.4775390625 0.595703125 0.4609375 0.5986328125 0.447265625 0.599609375 0.4375 0.599609375 0.4306640625 0.6005859375 0.427734375 0.595703125 0.427734375 0.5908203125 0.427734375
5 0.61181640625 0.443359375 0.61279296875 0.427734375 0.61181640625 0.4248046875 0.60302734375 0.4248046875 0.59814453125 0.42578125 0.59423828125 0.43359375 0.591796875 0.4443359375 0.5888671875 0.4501953125 0.5869140625 0.462890625 0.5869140625 0.4736328125 0.5869140625 0.48046875 0.587890625 0.4912109375 0.5888671875 0.494140625 0.58984375 0.49609375 0.591796875 0.4931640625 0.595703125 0.4853515625 0.60107421875 0.4736328125 0.607421875 0.4619140625 0.611328125 0.451171875
5 0.61865234375 0.42578125 0.61328125 0.423828125 0.6083984375 0.4287109375 0.6044921875 0.4384765625 0.60302734375 0.4462890625 0.599609375 0.4453125 0.59716796875 0.4443359375 0.5966796875 0.44921875 0.59716796875 0.453125 0.59423828125 0.4580078125 0.59228515625 0.4609375 0.59228515625 0.4716796875 0.5927734375 0.4794921875 0.5927734375 0.48828125 0.59326171875 0.4970703125 0.5947265625 0.5009765625 0.5966796875 0.5029296875 0.60009765625 0.5029296875 0.60205078125 0.5029296875 0.6044921875 0.50390625 0.607421875 0.5048828125 0.6103515625 0.501953125 0.61279296875 0.5009765625 0.6201171875 0.4951171875 0.623046875 0.4677734375 0.6318359375 0.443359375 0.630859375 0.4287109375 0.62646484375 0.4248046875 0.62109375 0.4248046875
5 0.63525390625 0.419921875 0.63037109375 0.4208984375 0.625 0.431640625 0.62255859375 0.443359375 0.61767578125 0.4541015625 0.615234375 0.4619140625 0.61376953125 0.46875 0.61328125 0.4794921875 0.61328125 0.49609375 0.6142578125 0.505859375 0.61474609375 0.5107421875 0.6162109375 0.5068359375 0.62060546875 0.484375 0.62939453125 0.4609375 0.6337890625 0.44140625 0.634765625 0.431640625
5 0.66748046875 0.412109375 0.6591796875 0.412109375 0.6494140625 0.412109375 0.64599609375 0.41015625 0.640625 0.4091796875 0.6376953125 0.4140625 0.63330078125 0.4248046875 0.6279296875 0.439453125 0.6259765625 0.4453125 0.6240234375 0.44921875 0.6240234375 0.4423828125 0.6220703125 0.443359375 0.61962890625 0.4443359375 0.61767578125 0.4482421875 0.61865234375 0.4521484375 0.6201171875 0.4560546875 0.62060546875 0.4580078125 0.6162109375 0.46875 0.61572265625 0.484375 0.61474609375 0.50390625 0.615234375 0.5205078125 0.6162109375 0.5234375 0.61767578125 0.5234375 0.62109375 0.5234375 0.6220703125 0.521484375 0.62451171875 0.517578125 0.62548828125 0.517578125 0.62646484375 0.5234375 0.626953125 0.5302734375 0.62939453125 0.5322265625 0.63232421875 0.5341796875 0.638671875 0.533203125 0.6435546875 0.51953125 0.6552734375 0.46484375 0.66259765625 0.443359375 0.6689453125 0.427734375 0.6728515625 0.41796875 0.67333984375 0.4140625 0.67041015625 0.4130859375
4 0.7685546875 0.396484375 0.76953125 0.3828125 0.7705078125 0.3759765625 0.7724609375 0.369140625 0.77294921875 0.3642578125 0.7734375 0.35546875 0.7734375 0.34765625 0.77197265625 0.3408203125 0.77197265625 0.3291015625 0.77197265625 0.3203125 0.767578125 0.318359375 0.76513671875 0.322265625 0.76025390625 0.33203125 0.75732421875 0.337890625 0.75 0.3388671875 0.74853515625 0.3408203125 0.74658203125 0.3486328125 0.74951171875 0.3623046875 0.75146484375 0.3671875 0.75390625 0.375 0.75927734375 0.37890625 0.76171875 0.3798828125 0.763671875 0.380859375 0.765625 0.388671875 0.7666015625 0.3955078125 0.7666015625 0.4033203125 0.76806640625 0.4072265625 0.76953125 0.4033203125
3 0.89013671875 0.384765625 0.7451171875 0.4013671875 0.7431640625 0.416015625 0.81005859375 0.4423828125 0.8232421875 0.462890625 0.83935546875 0.46875 0.86572265625 0.4638671875 0.8642578125 0.421875 0.87060546875 0.421875 0.87548828125 0.4208984375 0.8818359375 0.419921875 0.8935546875 0.4072265625 0.89306640625 0.3896484375
4 0.86474609375 0.4580078125 0.86083984375 0.4580078125 0.85595703125 0.458984375 0.84716796875 0.458984375 0.84130859375 0.4580078125 0.8359375 0.4609375 0.830078125 0.4619140625 0.8310546875 0.46875 0.8349609375 0.4853515625 0.83935546875 0.501953125 0.84375 0.509765625 0.8486328125 0.5146484375 0.853515625 0.5126953125 0.85595703125 0.5107421875 0.859375 0.5107421875 0.8642578125 0.51171875 0.86572265625 0.51171875 0.86572265625 0.4580078125
5 0.6962890625 0.4111328125 0.681640625 0.4111328125 0.66552734375 0.4150390625 0.65673828125 0.423828125 0.65234375 0.4384765625 0.650390625 0.4482421875 0.64794921875 0.458984375 0.646484375 0.458984375 0.64599609375 0.453125 0.64404296875 0.453125 0.6396484375 0.455078125 0.6376953125 0.458984375 0.6376953125 0.4619140625 0.6376953125 0.46484375 0.64013671875 0.466796875 0.642578125 0.4677734375 0.64404296875 0.4677734375 0.64453125 0.470703125 0.64306640625 0.4765625 0.64111328125 0.48046875 0.6396484375 0.484375 0.638671875 0.4931640625 0.6376953125 0.5087890625 0.63623046875 0.5234375 0.6376953125 0.5361328125 0.63818359375 0.544921875 0.64013671875 0.5478515625 0.64453125 0.5498046875 0.6484375 0.5498046875 0.650390625 0.5478515625 0.6513671875 0.5419921875 0.65283203125 0.5419921875 0.65283203125 0.55078125 0.65380859375 0.55859375 0.65478515625 0.560546875 0.6591796875 0.5634765625 0.662109375 0.564453125 0.6650390625 0.5634765625 0.6669921875 0.5615234375 0.66943359375 0.5556640625 0.66943359375 0.5478515625 0.6708984375 0.544921875 0.67333984375 0.54296875 0.677734375 0.5439453125 0.685546875 0.5439453125 0.70703125 0.5478515625 0.7255859375 0.505859375 0.73095703125 0.4765625 0.73291015625 0.453125 0.7333984375 0.4384765625 0.73388671875 0.42578125 0.732421875 0.41796875 0.72998046875 0.4150390625 0.7216796875 0.412109375 0.71044921875 0.412109375 0.701171875 0.4111328125
4 1.0 0.2802734375 0.9912109375 0.2802734375 0.98486328125 0.2861328125 0.982421875 0.294921875 0.98193359375 0.3076171875 0.984375 0.322265625 0.9873046875 0.326171875 0.99072265625 0.3271484375 0.9912109375 0.3193359375 0.99609375 0.310546875 1.0 0.30859375
3 0.98779296875 0.375 1.0 0.373046875 1.0 0.4814453125 0.9873046875 0.478515625
4 0.99267578125 0.48828125 0.98828125 0.4931640625 0.984375 0.5009765625 0.98291015625 0.509765625 0.98876953125 0.5126953125 0.98779296875 0.5185546875 0.98681640625 0.5234375 0.9921875 0.5224609375 0.9931640625 0.525390625 0.98828125 0.5341796875 0.98876953125 0.5380859375 0.99267578125 0.5400390625 0.99755859375 0.53515625 0.99365234375 0.5439453125 0.9951171875 0.5595703125 1.0 0.5673828125 1.0 0.4794921875 0.98779296875 0.478515625 0.98486328125 0.4794921875 0.9853515625 0.486328125 0.98974609375 0.4873046875
5 0.8046875 0.41796875 0.7763671875 0.4150390625 0.7490234375 0.4140625 0.73291015625 0.4150390625 0.720703125 0.4287109375 0.7138671875 0.443359375 0.708984375 0.45703125 0.70556640625 0.46875 0.70458984375 0.4658203125 0.703125 0.4599609375 0.69970703125 0.4599609375 0.6962890625 0.4609375 0.69287109375 0.4638671875 0.69287109375 0.470703125 0.6943359375 0.4765625 0.6982421875 0.4794921875 0.69921875 0.4794921875 0.69775390625 0.490234375 0.6953125 0.5009765625 0.693359375 0.513671875 0.69287109375 0.5224609375 0.6923828125 0.5341796875 0.6923828125 0.5576171875 0.6923828125 0.5771484375 0.6943359375 0.5888671875 0.6962890625 0.5927734375 0.70068359375 0.5947265625 0.70556640625 0.595703125 0.708984375 0.5947265625 0.7099609375 0.5888671875 0.7099609375 0.5849609375 0.71044921875 0.578125 0.7177734375 0.583984375 0.71875 0.5908203125 0.71875 0.603515625 0.7197265625 0.61328125 0.7216796875 0.6240234375 0.7255859375 0.625 0.72998046875 0.625 0.73388671875 0.6259765625 0.736328125 0.6240234375 0.7373046875 0.623046875 0.73828125 0.615234375 0.740234375 0.603515625 0.7412109375 0.599609375 0.744140625 0.595703125 0.74853515625 0.59375 0.7548828125 0.5947265625 0.7607421875 0.5947265625 0.76953125 0.5947265625 0.77880859375 0.5947265625 0.78759765625 0.5947265625 0.79150390625 0.5947265625 0.794921875 0.595703125 0.80029296875 0.5966796875 0.80419921875 0.595703125 0.80810546875 0.591796875 0.81005859375 0.5908203125 0.81494140625 0.5908203125 0.8173828125 0.591796875 0.82275390625 0.5947265625 0.8271484375 0.59765625 0.8271484375 0.607421875 0.828125 0.6171875 0.830078125 0.625 0.837890625 0.6279296875 0.8427734375 0.62890625 0.84765625 0.6259765625 0.849609375 0.6171875 0.8505859375 0.607421875 0.8505859375 0.587890625 0.85302734375 0.578125 0.853515625 0.556640625 0.853515625 0.541015625 0.8525390625 0.53125 0.8515625 0.5126953125 0.85107421875 0.49609375 0.84423828125 0.4775390625 0.83642578125 0.46484375 0.8291015625 0.4580078125 0.82421875 0.447265625 0.81689453125 0.4296875 0.8115234375 0.421875
