0 0.0 0.623046875 0.12255859375 0.4619140625 0.24560546875 0.447265625 0.35205078125 0.4677734375 0.46728515625 0.4990234375 0.6123046875 0.587890625 0.7041015625 0.658203125 0.86328125 0.763671875 0.95263671875 0.806640625 1.0 0.83984375 1.0 1.0 0.0 1.0
2 0.10009765625 0.2353515625 0.1044921875 0.2353515625 0.1171875 0.2412109375 0.1201171875 0.236328125 0.1220703125 0.236328125 0.12255859375 0.2470703125 0.130859375 0.2470703125 0.1796875 0.2587890625 0.18310546875 0.310546875 0.08447265625 0.357421875
4 0.09130859375 0.251953125 0.09912109375 0.2509765625 0.10400390625 0.25 0.111328125 0.2509765625 0.1181640625 0.25 0.12548828125 0.2451171875 0.1337890625 0.2451171875 0.13525390625 0.2431640625 0.13623046875 0.23828125 0.13623046875 0.2333984375 0.138671875 0.228515625 0.14501953125 0.2236328125 0.15185546875 0.22265625 0.15771484375 0.22265625 0.16162109375 0.22265625 0.1630859375 0.22265625 0.1669921875 0.2177734375 0.16748046875 0.2177734375 0.17041015625 0.2255859375 0.1767578125 0.2373046875 0.18603515625 0.2890625 0.10009765625 0.3095703125
1 0.06640625 0.4912109375 0.0927734375 0.5185546875 0.09814453125 0.6005859375 0.080078125 0.6162109375 0.0595703125 0.630859375 0.025390625 0.6591796875 0.00927734375 0.6708984375 0.005859375 0.673828125 0.0 0.6806640625 0.0 0.5390625 0.015625 0.5205078125 0.04833984375 0.498046875
1 0.533203125 0.4794921875 0.6943359375 0.513671875 0.87158203125 0.55859375 0.9482421875 0.5791015625 1.0 0.603515625 1.0 0.9365234375 0.8447265625 0.81640625 0.63818359375 0.6533203125 0.5751953125 0.6083984375 0.5439453125 0.583984375 0.51025390625 0.564453125 0.470703125 0.5244140625 0.470703125 0.5126953125 0.5009765625 0.486328125
2 0.11376953125 0.2880859375 0.1328125 0.2890625 0.140625 0.283203125 0.140625 0.2724609375 0.14697265625 0.2646484375 0.14892578125 0.2431640625 0.1513671875 0.234375 0.15869140625 0.2294921875 0.169921875 0.2294921875 0.17626953125 0.2216796875 0.1748046875 0.1796875 0.17919921875 0.1796875 0.17822265625 0.1015625 0.1748046875 0.099609375 0.1767578125 0.0830078125 0.18212890625 0.08203125 0.18212890625 0.07421875 0.1787109375 0.06640625 0.17822265625 0.0546875 0.17822265625 0.046875 0.1806640625 0.046875 0.1845703125 0.046875 0.185546875 0.046875 0.18701171875 0.0078125 0.185546875 0.0068359375 0.181640625 0.0 0.20068359375 0.0009765625 0.201171875 0.0068359375 0.19921875 0.0166015625 0.19921875 0.03125 0.19970703125 0.04296875 0.20263671875 0.05078125 0.20556640625 0.052734375 0.20703125 0.0546875 0.208984375 0.0615234375 0.20751953125 0.072265625 0.2041015625 0.07421875 0.20458984375 0.08203125 0.2080078125 0.0849609375 0.21240234375 0.08984375 0.212890625 0.099609375 0.21142578125 0.1015625 0.21142578125 0.1376953125 0.22802734375 0.10546875 0.24072265625 0.0810546875 0.26025390625 0.068359375 0.28466796875 0.0625 0.287109375 0.0224609375 0.2880859375 0.0048828125 0.32177734375 0.009765625 0.34033203125 0.013671875 0.34521484375 0.0 1.0 0.001953125 1.0 0.654296875 0.96923828125 0.64453125 0.92822265625 0.640625 0.8525390625 0.609375 0.77197265625 0.5791015625 0.73974609375 0.564453125 0.662109375 0.5419921875 0.64501953125 0.544921875 0.6201171875 0.537109375 0.599609375 0.5322265625 0.5703125 0.525390625 0.54052734375 0.517578125 0.24169921875 0.46484375 0.203125 0.4658203125 0.08447265625 0.4609375 0.08984375 0.2861328125 0.10498046875 0.2900390625 0.111328125 0.291015625
2 0.0 0.001953125 0.09765625 0.0009765625 0.09765625 0.0068359375 0.10546875 0.01171875 0.099609375 0.0390625 0.1005859375 0.1416015625 0.103515625 0.14453125 0.10107421875 0.1533203125 0.10400390625 0.3037109375 0.10595703125 0.3115234375 0.10546875 0.314453125 0.107421875 0.3310546875 0.10302734375 0.3525390625 0.09912109375 0.3583984375 0.09228515625 0.359375 0.09228515625 0.3779296875 0.1015625 0.3837890625 0.1015625 0.390625 0.0927734375 0.3984375 0.0927734375 0.4599609375 0.0732421875 0.5224609375 0.05810546875 0.52734375 0.02783203125 0.5439453125 0.00830078125 0.5546875 0.00048828125 0.556640625
5 0.22802734375 0.419921875 0.23876953125 0.41796875 0.24609375 0.41796875 0.24853515625 0.419921875 0.2490234375 0.43359375 0.2314453125 0.4677734375 0.22607421875 0.4697265625 0.22216796875 0.4599609375 0.22119140625 0.44921875 0.220703125 0.439453125 0.2197265625 0.4345703125 0.22119140625 0.4326171875 0.22509765625 0.4267578125 0.2265625 0.423828125
5 0.25390625 0.435546875 0.23876953125 0.47265625 0.23291015625 0.4736328125 0.228515625 0.4736328125 0.22607421875 0.466796875 0.22509765625 0.45703125 0.22509765625 0.44921875 0.2275390625 0.4404296875 0.23291015625 0.4326171875 0.23779296875 0.431640625 0.24365234375 0.4326171875 0.25634765625 0.4326171875
5 0.25537109375 0.431640625 0.26025390625 0.435546875 0.25244140625 0.474609375 0.24609375 0.4794921875 0.23974609375 0.4765625 0.236328125 0.4697265625 0.236328125 0.462890625 0.23779296875 0.4482421875 0.23974609375 0.44140625 0.24462890625 0.4345703125 0.25048828125 0.4326171875
5 0.26611328125 0.4287109375 0.27734375 0.427734375 0.2822265625 0.4326171875 0.27490234375 0.4794921875 0.263671875 0.4794921875 0.26123046875 0.4833984375 0.25537109375 0.4833984375 0.25 0.4765625 0.25 0.46484375 0.251953125 0.453125 0.25634765625 0.439453125 0.2607421875 0.4326171875 0.26416015625 0.4306640625
5 0.2890625 0.4248046875 0.30029296875 0.423828125 0.3046875 0.423828125 0.31298828125 0.431640625 0.2939453125 0.4853515625 0.28564453125 0.4853515625 0.28466796875 0.4912109375 0.279296875 0.490234375 0.27587890625 0.4892578125 0.27294921875 0.486328125 0.271484375 0.4755859375 0.271484375 0.4619140625 0.27294921875 0.4521484375 0.27587890625 0.44140625 0.2802734375 0.43359375 0.283203125 0.4267578125
5 0.3154296875 0.4228515625 0.32666015625 0.423828125 0.33935546875 0.4296875 0.326171875 0.486328125 0.314453125 0.4921875 0.3125 0.4912109375 0.3115234375 0.49609375 0.3017578125 0.4951171875 0.29541015625 0.4931640625 0.2939453125 0.48828125 0.2939453125 0.470703125 0.2958984375 0.458984375 0.2978515625 0.453125 0.29638671875 0.44921875 0.29541015625 0.4453125 0.29638671875 0.4423828125 0.30078125 0.443359375 0.3037109375 0.4365234375 0.31005859375 0.42578125
5 0.3447265625 0.423828125 0.35693359375 0.4248046875 0.36328125 0.42578125 0.34814453125 0.5009765625 0.33642578125 0.505859375 0.32421875 0.4990234375 0.3212890625 0.4931640625 0.3203125 0.4775390625 0.32080078125 0.4619140625 0.32373046875 0.4541015625 0.32373046875 0.4501953125 0.3251953125 0.447265625 0.3291015625 0.447265625 0.33251953125 0.435546875 0.3359375 0.4287109375 0.34033203125 0.423828125
5 0.36328125 0.4169921875 0.37841796875 0.41796875 0.390625 0.4208984375 0.3642578125 0.5166015625 0.35595703125 0.5166015625 0.34423828125 0.5087890625 0.341796875 0.4892578125 0.34375 0.46875 0.34912109375 0.453125 0.34765625 0.451171875 0.34765625 0.443359375 0.3525390625 0.4404296875 0.35498046875 0.4306640625 0.359375 0.4228515625
5 0.392578125 0.41796875 0.4130859375 0.4189453125 0.4208984375 0.4189453125 0.42431640625 0.4208984375 0.43310546875 0.4296875 0.41748046875 0.5146484375 0.41064453125 0.5126953125 0.40478515625 0.5146484375 0.40234375 0.5146484375 0.400390625 0.5146484375 0.39794921875 0.5146484375 0.39599609375 0.5146484375 0.39111328125 0.5146484375 0.390625 0.5205078125 0.38818359375 0.52734375 0.38232421875 0.5263671875 0.3701171875 0.5205078125 0.3642578125 0.517578125 0.361328125 0.5048828125 0.36328125 0.48828125 0.36669921875 0.470703125 0.37109375 0.4599609375 0.36474609375 0.4541015625 0.365234375 0.4501953125 0.3681640625 0.4453125 0.37109375 0.4462890625 0.373046875 0.44921875 0.3759765625 0.443359375 0.37939453125 0.4326171875 0.3828125 0.423828125 0.38818359375 0.41796875
5 0.43603515625 0.4248046875 0.44677734375 0.421875 0.45556640625 0.42578125 0.42333984375 0.552734375 0.4189453125 0.5478515625 0.4140625 0.5419921875 0.412109375 0.5205078125 0.41650390625 0.4912109375 0.4189453125 0.4716796875 0.4140625 0.4658203125 0.41259765625 0.458984375 0.416015625 0.455078125 0.42041015625 0.4560546875 0.4228515625 0.4609375 0.427734375 0.4453125 0.431640625 0.435546875
5 0.44921875 0.41015625 0.4560546875 0.404296875 0.46533203125 0.4033203125 0.4677734375 0.4052734375 0.46728515625 0.4111328125 0.48388671875 0.41015625 0.494140625 0.4091796875 0.5087890625 0.4111328125 0.51220703125 0.4072265625 0.52294921875 0.4072265625 0.5283203125 0.4169921875 0.53759765625 0.439453125 0.5478515625 0.4716796875 0.55078125 0.5009765625 0.5498046875 0.5341796875 0.54833984375 0.5673828125 0.5458984375 0.5869140625 0.53759765625 0.5888671875 0.5322265625 0.580078125 0.53125 0.5625 0.5234375 0.564453125 0.509765625 0.5634765625 0.49755859375 0.5615234375 0.48583984375 0.5634765625 0.4755859375 0.564453125 0.46923828125 0.5634765625 0.4619140625 0.5634765625 0.4560546875 0.564453125 0.45263671875 0.5751953125 0.451171875 0.5888671875 0.44580078125 0.5908203125 0.4384765625 0.587890625 0.43505859375 0.57421875 0.42578125 0.572265625 0.421875 0.5693359375 0.42041015625 0.5439453125 0.421875 0.51171875 0.423828125 0.490234375 0.42626953125 0.4775390625 0.4287109375 0.4697265625 0.42431640625 0.4609375 0.42431640625 0.455078125 0.42578125 0.4521484375 0.43017578125 0.44921875 0.43505859375 0.44921875 0.43603515625 0.44921875 0.4404296875 0.4345703125 0.4453125 0.419921875
5 0.150390625 0.41796875 0.17333984375 0.4150390625 0.19384765625 0.4140625 0.20263671875 0.4169921875 0.20654296875 0.42578125 0.212890625 0.4482421875 0.21630859375 0.455078125 0.224609375 0.453125 0.2265625 0.466796875 0.2216796875 0.470703125 0.21435546875 0.4765625 0.21875 0.4853515625 0.220703125 0.4951171875 0.22119140625 0.501953125 0.2216796875 0.515625 0.22265625 0.5244140625 0.22265625 0.5380859375 0.22021484375 0.5556640625 0.2197265625 0.564453125 0.216796875 0.568359375 0.21435546875 0.5732421875 0.2001953125 0.568359375 0.1728515625 0.5419921875 0.15625 0.490234375 0.14990234375 0.4541015625
5 0.11767578125 0.42578125 0.15576171875 0.4208984375 0.17919921875 0.4208984375 0.18798828125 0.4296875 0.19873046875 0.4609375 0.20556640625 0.47265625 0.20849609375 0.498046875 0.2099609375 0.5400390625 0.21142578125 0.572265625 0.21142578125 0.5830078125 0.20947265625 0.587890625 0.20166015625 0.5908203125 0.19873046875 0.599609375 0.193359375 0.6083984375 0.181640625 0.6142578125 0.1728515625 0.6015625 0.169921875 0.591796875 0.13525390625 0.6015625 0.11962890625 0.60546875 0.11669921875 0.60546875 0.111328125 0.60546875 0.10400390625 0.60546875 0.099609375 0.60546875 0.09619140625 0.60546875 0.091796875 0.6044921875 0.0908203125 0.6123046875 0.08740234375 0.6220703125 0.08251953125 0.6279296875 0.07666015625 0.6279296875 0.07177734375 0.6279296875 0.06884765625 0.615234375 0.064453125 0.57421875 0.06494140625 0.52734375 0.0732421875 0.5126953125 0.0751953125 0.49609375 0.07666015625 0.482421875 0.083984375 0.4765625 0.09619140625 0.4501953125 0.10595703125 0.4326171875 0.109375 0.4296875 0.115234375 0.42578125
4 0.92822265625 0.0361328125 0.931640625 0.02734375 0.9296875 0.01953125 0.92578125 0.00390625 0.92529296875 0.0 0.9658203125 0.0 0.96337890625 0.015625 0.96728515625 0.046875 0.96875 0.07421875 0.9697265625 0.09765625 0.9697265625 0.119140625 0.9697265625 0.142578125 0.97265625 0.16015625 0.97314453125 0.18359375 0.9736328125 0.2060546875 0.97265625 0.2333984375 0.9716796875 0.2626953125 0.970703125 0.298828125 0.97509765625 0.3154296875 0.97412109375 0.3427734375 0.9736328125 0.361328125 0.97119140625 0.384765625 0.97509765625 0.3994140625 0.974609375 0.4228515625 0.97216796875 0.4521484375 0.97265625 0.4755859375 0.974609375 0.4912109375 0.97607421875 0.5048828125 0.9765625 0.5166015625 0.974609375 0.533203125 0.9677734375 0.5361328125 0.958984375 0.5380859375 0.95263671875 0.5439453125 0.947265625 0.5517578125 0.94140625 0.5556640625 0.93603515625 0.5546875 0.93310546875 0.544921875 0.92919921875 0.53125 0.921875 0.525390625 0.9169921875 0.5283203125 0.90869140625 0.52734375 0.904296875 0.5107421875 0.9111328125 0.4892578125 0.91943359375 0.4833984375 0.923828125 0.4736328125 0.923828125 0.4453125 0.92333984375 0.421875 0.92041015625 0.376953125 0.91796875 0.3671875 0.91796875 0.3466796875 0.92041015625 0.3173828125 0.921875 0.26953125 0.91943359375 0.2392578125 0.91552734375 0.22265625 0.91162109375 0.189453125 0.9111328125 0.1552734375 0.9111328125 0.11328125 0.91796875 0.087890625 0.92578125 0.0751953125 0.93115234375 0.05859375 0.92919921875 0.0439453125
