0 0.01416015625 0.4130859375 1.0 0.4228515625 1.0 1.0 0.0 1.0 0.0 0.404296875
1 0.07958984375 0.5634765625 0.0302734375 0.5888671875 0.0 0.6220703125 0.0 0.517578125 0.05029296875 0.4990234375 0.09130859375 0.505859375 0.08935546875 0.5439453125
2 0.06298828125 0.51953125 0.0517578125 0.5244140625 0.0 0.5400390625 0.0 0.0 0.099609375 0.0283203125 0.0908203125 0.369140625 0.10400390625 0.5009765625
1 0.7890625 0.7939453125 0.640625 0.615234375 0.58544921875 0.5517578125 0.56884765625 0.53515625 0.564453125 0.529296875 0.5703125 0.52734375 0.58837890625 0.5224609375 0.64501953125 0.5234375 1.0 0.6357421875 1.0 1.0 0.97900390625 1.0 0.8837890625 0.8984375
4 0.34130859375 0.0107421875 0.341796875 0.0166015625 0.34326171875 0.0283203125 0.34521484375 0.0361328125 0.34130859375 0.0390625 0.33837890625 0.046875 0.3388671875 0.0537109375 0.34228515625 0.05859375 0.341796875 0.064453125 0.3408203125 0.072265625 0.34375 0.0703125 0.34716796875 0.0703125 0.3486328125 0.0751953125 0.34912109375 0.0859375 0.35107421875 0.08984375 0.3515625 0.0947265625 0.35009765625 0.099609375 0.353515625 0.1064453125 0.35791015625 0.1005859375 0.3623046875 0.1044921875 0.36669921875 0.1103515625 0.3662109375 0.115234375 0.3603515625 0.1240234375 0.3564453125 0.12890625 0.3583984375 0.142578125 0.3642578125 0.138671875 0.3662109375 0.12890625 0.37109375 0.12890625 0.37451171875 0.138671875 0.35986328125 0.193359375 0.3193359375 0.2431640625 0.2431640625 0.294921875 0.23876953125 0.3056640625 0.24755859375 0.345703125 0.2470703125 0.36328125 0.23974609375 0.3974609375 0.2001953125 0.41796875 0.12890625 0.4599609375 0.07568359375 0.4638671875 0.05078125 0.4619140625 0.05029296875 0.4697265625 0.05029296875 0.474609375 0.04296875 0.4638671875 0.044921875 0.3388671875 0.04833984375 0.3291015625 0.05078125 0.142578125 0.06982421875 0.169921875 0.072265625 0.169921875 0.0771484375 0.16015625 0.08056640625 0.1640625 0.0810546875 0.162109375 0.00244140625 0.01171875 0.0 0.0126953125 0.0 0.0 0.34130859375 0.0 0.3408203125 0.0009765625 0.3330078125 0.001953125 0.33349609375 0.00390625 0.3349609375 0.0087890625
2 0.642578125 0.0 0.640625 0.150390625 0.63037109375 0.056640625 0.6279296875 0.060546875 0.60302734375 0.0576171875 0.5888671875 0.0 0.51611328125 0.0 0.4892578125 0.046875 0.48876953125 0.0 0.4697265625 0.0 0.4697265625 0.0751953125 0.46533203125 0.0751953125 0.46533203125 0.08203125 0.4326171875 0.0126953125 0.41845703125 0.0439453125 0.41650390625 0.02734375 0.41650390625 0.0166015625 0.41015625 0.0166015625 0.40869140625 0.0625 0.3759765625 0.1337890625 0.3466796875 0.1767578125 0.34765625 0.18359375 0.3134765625 0.1845703125 0.29736328125 0.2275390625 0.23583984375 0.2255859375 0.236328125 0.1728515625 0.22802734375 0.1728515625 0.22607421875 0.2236328125 0.22509765625 0.228515625 0.22509765625 0.2314453125 0.22265625 0.23828125 0.21826171875 0.240234375 0.21630859375 0.236328125 0.2060546875 0.236328125 0.20068359375 0.236328125 0.19140625 0.2294921875 0.1982421875 0.2421875 0.2021484375 0.259765625 0.19921875 0.263671875 0.1904296875 0.26171875 0.19677734375 0.26953125 0.2041015625 0.2841796875 0.2060546875 0.2958984375 0.201171875 0.30859375 0.208984375 0.318359375 0.2109375 0.328125 0.21533203125 0.328125 0.2236328125 0.330078125 0.22802734375 0.3369140625 0.23486328125 0.3544921875 0.23876953125 0.3740234375 0.23876953125 0.3916015625 0.23193359375 0.3779296875 0.2314453125 0.3701171875 0.22802734375 0.3505859375 0.2216796875 0.34765625 0.212890625 0.3603515625 0.19384765625 0.365234375 0.1953125 0.3720703125 0.2060546875 0.3720703125 0.2099609375 0.3740234375 0.21142578125 0.388671875 0.19921875 0.4306640625 0.25146484375 0.49609375 0.29443359375 0.49609375 0.302734375 0.51171875 0.35888671875 0.5126953125 0.50927734375 0.5146484375 0.55419921875 0.51171875 0.62744140625 0.4990234375 0.638671875 0.513671875 0.63818359375 0.525390625 0.703125 0.544921875 0.70458984375 0.5546875 0.765625 0.58203125 0.8974609375 0.6513671875 1.0 0.70703125 1.0 0.9990234375 1.0 0.0
5 0.27392578125 0.3779296875 0.2373046875 0.3798828125 0.23046875 0.3759765625 0.2265625 0.3759765625 0.22265625 0.3779296875 0.22021484375 0.380859375 0.21826171875 0.380859375 0.20556640625 0.400390625 0.18505859375 0.4033203125 0.1826171875 0.412109375 0.2080078125 0.43359375 0.23779296875 0.43359375 0.24658203125 0.4404296875 0.2626953125 0.4609375 0.27294921875 0.4716796875 0.28759765625 0.4814453125 0.2939453125 0.478515625 0.2939453125 0.4716796875 0.2939453125 0.466796875 0.296875 0.4619140625 0.291015625 0.41796875 0.2841796875 0.4150390625
5 0.29052734375 0.5185546875 0.29638671875 0.517578125 0.30224609375 0.5146484375 0.30615234375 0.505859375 0.3076171875 0.4951171875 0.306640625 0.4892578125 0.30517578125 0.48828125 0.30517578125 0.4794921875 0.3017578125 0.47265625 0.2783203125 0.4638671875 0.2763671875 0.4921875
5 0.234375 0.4189453125 0.2626953125 0.419921875 0.27685546875 0.4482421875 0.28466796875 0.4677734375 0.28759765625 0.4853515625 0.25048828125 0.4755859375 0.228515625 0.4541015625
5 0.10693359375 0.4130859375 0.17626953125 0.41015625 0.22705078125 0.4453125 0.24658203125 0.4560546875 0.28173828125 0.4677734375 0.2880859375 0.4755859375 0.291015625 0.4873046875 0.2919921875 0.5009765625 0.29248046875 0.5146484375 0.29296875 0.525390625 0.28857421875 0.52734375 0.26953125 0.52734375 0.26708984375 0.533203125 0.263671875 0.5380859375 0.26220703125 0.544921875 0.2568359375 0.5478515625 0.2509765625 0.548828125 0.24462890625 0.5478515625 0.2412109375 0.5439453125 0.23388671875 0.537109375 0.20458984375 0.52734375 0.0888671875 0.5234375 0.07666015625 0.4970703125 0.072265625 0.478515625 0.0712890625 0.4619140625 0.08203125 0.4365234375 0.09130859375 0.4189453125 0.10009765625 0.4130859375
5 0.13525390625 0.4208984375 0.10302734375 0.4638671875 0.08203125 0.47265625 0.0615234375 0.484375 0.05126953125 0.4951171875 0.04638671875 0.515625 0.04736328125 0.5283203125 0.05322265625 0.541015625 0.05322265625 0.5517578125 0.0712890625 0.5595703125 0.0732421875 0.5673828125 0.08056640625 0.5703125 0.08740234375 0.5712890625 0.09619140625 0.5703125 0.10302734375 0.5654296875 0.1083984375 0.5556640625 0.11083984375 0.546875 0.2109375 0.5361328125 0.21142578125 0.546875 0.21435546875 0.556640625 0.22412109375 0.5595703125 0.23095703125 0.5576171875 0.2353515625 0.5546875 0.23876953125 0.546875 0.24267578125 0.5361328125 0.24609375 0.5322265625 0.25048828125 0.525390625 0.25 0.50390625 0.25439453125 0.50390625 0.2548828125 0.494140625 0.25341796875 0.486328125 0.25 0.4853515625 0.25 0.4619140625 0.24462890625 0.439453125 0.23583984375 0.4140625 0.20751953125 0.4111328125 0.18017578125 0.41015625 0.15673828125 0.41015625 0.1435546875 0.4140625
5 0.583984375 0.458984375 0.5771484375 0.45703125 0.548828125 0.458984375 0.53759765625 0.4599609375 0.53125 0.4755859375 0.53076171875 0.482421875 0.5302734375 0.4921875 0.5302734375 0.4970703125 0.5302734375 0.5 0.53076171875 0.501953125 0.53125 0.50390625 0.53173828125 0.5048828125 0.533203125 0.5068359375 0.53564453125 0.5087890625 0.53857421875 0.51171875 0.541015625 0.513671875 0.5439453125 0.5146484375 0.54638671875 0.513671875 0.55322265625 0.5078125 0.57421875 0.4931640625 0.5908203125 0.470703125
5 0.58447265625 0.4580078125 0.56689453125 0.4794921875 0.552734375 0.4853515625 0.5458984375 0.490234375 0.54345703125 0.4990234375 0.54296875 0.50390625 0.54345703125 0.5078125 0.544921875 0.513671875 0.546875 0.515625 0.55029296875 0.517578125 0.5517578125 0.5166015625 0.5546875 0.517578125 0.55810546875 0.5166015625 0.560546875 0.5166015625 0.564453125 0.5146484375 0.56591796875 0.5126953125 0.576171875 0.4990234375 0.58837890625 0.4609375
5 0.61962890625 0.4560546875 0.59228515625 0.455078125 0.58642578125 0.4580078125 0.58154296875 0.46484375 0.57568359375 0.4765625 0.56298828125 0.48046875 0.5556640625 0.484375 0.5556640625 0.48828125 0.55712890625 0.494140625 0.55712890625 0.49609375 0.55712890625 0.501953125 0.55712890625 0.505859375 0.55712890625 0.5087890625 0.55810546875 0.51171875 0.56005859375 0.5126953125 0.5615234375 0.513671875 0.56494140625 0.5126953125 0.56591796875 0.5166015625 0.5693359375 0.5185546875 0.5712890625 0.5185546875 0.57568359375 0.5185546875 0.578125 0.5185546875 0.580078125 0.517578125 0.5810546875 0.5126953125 0.60986328125 0.5107421875 0.611328125 0.5126953125 0.61328125 0.515625 0.61572265625 0.517578125 0.61865234375 0.5185546875 0.623046875 0.517578125 0.6259765625 0.51171875 0.626953125 0.5068359375 0.63330078125 0.5068359375 0.63623046875 0.4970703125 0.63720703125 0.48046875 0.63232421875 0.48046875
