4 0.4423828125 0.2509765625 0.47021484375 0.25 0.4765625 0.2451171875 0.49072265625 0.24609375 0.50732421875 0.24609375 0.52294921875 0.2509765625 0.5419921875 0.2607421875 0.5673828125 0.3056640625 0.560546875 0.3916015625 0.48974609375 0.3779296875 0.44677734375 0.3623046875 0.43408203125 0.2763671875
2 0.48291015625 0.28125 0.4697265625 0.28125 0.46142578125 0.28125 0.4697265625 0.326171875 0.47705078125 0.3359375 0.48193359375 0.326171875 0.4931640625 0.3203125 0.501953125 0.3271484375 0.5048828125 0.3203125 0.51318359375 0.3232421875 0.51904296875 0.298828125 0.51513671875 0.2958984375 0.50927734375 0.3037109375 0.4990234375 0.3076171875 0.4970703125 0.3017578125 0.50341796875 0.294921875 0.505859375 0.2890625 0.505859375 0.28125 0.501953125 0.2802734375 0.49072265625 0.279296875
0 0.53173828125 0.4345703125 0.49462890625 0.4453125 0.49658203125 0.458984375 0.54150390625 0.4619140625 0.5673828125 0.4541015625 0.564453125 0.4287109375 0.55615234375 0.4248046875
3 0.482421875 0.4345703125 0.51708984375 0.421875 0.5400390625 0.416015625 0.5576171875 0.4111328125 0.55810546875 0.4326171875 0.54931640625 0.44140625 0.5322265625 0.4462890625 0.51708984375 0.453125 0.48193359375 0.4619140625
5 0.5634765625 0.4375 0.55712890625 0.4326171875 0.5537109375 0.4326171875 0.55078125 0.4365234375 0.5498046875 0.4384765625 0.54638671875 0.439453125 0.5439453125 0.44140625 0.54296875 0.4443359375 0.5439453125 0.4541015625 0.55224609375 0.4541015625 0.55810546875 0.451171875 0.56201171875 0.4462890625
5 0.53955078125 0.455078125 0.53369140625 0.455078125 0.5322265625 0.4501953125 0.53271484375 0.443359375 0.53662109375 0.439453125 0.5400390625 0.439453125 0.54248046875 0.4453125 0.54345703125 0.4521484375 0.54345703125 0.455078125
5 0.52490234375 0.4541015625 0.52001953125 0.451171875 0.5224609375 0.4423828125 0.52978515625 0.44140625 0.52978515625 0.4521484375 0.53076171875 0.4609375
4 0.32080078125 0.123046875 0.34033203125 0.123046875 0.34326171875 0.1142578125 0.34814453125 0.1181640625 0.353515625 0.1220703125 0.357421875 0.138671875 0.3642578125 0.150390625 0.375 0.1572265625 0.3818359375 0.1708984375 0.384765625 0.1943359375 0.39013671875 0.1826171875 0.39697265625 0.1845703125 0.40185546875 0.203125 0.40185546875 0.224609375 0.39501953125 0.2412109375 0.31103515625 0.2099609375
2 0.3251953125 0.009765625 0.32763671875 0.03125 0.3251953125 0.033203125 0.326171875 0.083984375 0.33349609375 0.10546875 0.33837890625 0.111328125 0.33447265625 0.1171875 0.33349609375 0.12109375 0.328125 0.123046875 0.32958984375 0.123046875 0.330078125 0.1767578125 0.33642578125 0.1787109375 0.3349609375 0.1689453125 0.33935546875 0.1689453125 0.3427734375 0.1728515625 0.34619140625 0.1748046875 0.3466796875 0.193359375 0.35693359375 0.201171875 0.36083984375 0.208984375 0.3603515625 0.1962890625 0.36376953125 0.1962890625 0.36376953125 0.1904296875 0.365234375 0.1904296875 0.365234375 0.1962890625 0.36865234375 0.1962890625 0.36865234375 0.224609375 0.396484375 0.224609375 0.404296875 0.2294921875 0.46484375 0.4140625 0.4697265625 0.4169921875 0.4697265625 0.453125 0.45751953125 0.455078125 0.4443359375 0.4541015625 0.43408203125 0.453125 0.3681640625 0.4580078125 0.125 0.4814453125 0.00537109375 0.0 0.32080078125 0.0 0.3212890625 0.0029296875 0.31982421875 0.0048828125 0.3173828125 0.005859375 0.31640625 0.0107421875
4 0.57080078125 0.1875 0.56640625 0.1875 0.5654296875 0.181640625 0.56005859375 0.1796875 0.55078125 0.1904296875 0.548828125 0.2060546875 0.54345703125 0.19921875 0.5361328125 0.201171875 0.533203125 0.2119140625 0.52587890625 0.2119140625 0.5234375 0.2197265625 0.52197265625 0.234375 0.5185546875 0.240234375 0.51416015625 0.24609375 0.51318359375 0.2666015625 0.51220703125 0.279296875 0.5087890625 0.287109375 0.5087890625 0.29296875 0.51123046875 0.3076171875 0.5107421875 0.318359375 0.505859375 0.3173828125 0.50146484375 0.3212890625 0.49462890625 0.3193359375 0.4873046875 0.3212890625 0.4794921875 0.330078125 0.478515625 0.3291015625 0.4765625 0.3134765625 0.47412109375 0.3056640625 0.47314453125 0.2939453125 0.4697265625 0.2861328125 0.47314453125 0.2783203125 0.47265625 0.2568359375 0.4609375 0.2529296875 0.45703125 0.244140625 0.4599609375 0.236328125 0.4619140625 0.228515625 0.451171875 0.2158203125 0.43798828125 0.216796875 0.43115234375 0.19140625 0.42626953125 0.1787109375 0.42041015625 0.169921875 0.41455078125 0.18359375 0.41015625 0.1865234375 0.4052734375 0.1884765625 0.3955078125 0.212890625 0.388671875 0.23046875 0.38525390625 0.25390625 0.38623046875 0.275390625 0.3818359375 0.28125 0.3759765625 0.265625 0.369140625 0.25 0.36474609375 0.2490234375 0.35791015625 0.255859375 0.35302734375 0.255859375 0.3515625 0.236328125 0.33837890625 0.22265625 0.32568359375 0.2197265625 0.32470703125 0.2666015625 0.33447265625 0.3466796875 0.388671875 0.384765625 0.42333984375 0.421875 0.4453125 0.4462890625 0.4560546875 0.453125 0.4560546875 0.4384765625 0.46435546875 0.4228515625 0.47314453125 0.4296875 0.48095703125 0.431640625 0.49267578125 0.4287109375 0.49267578125 0.416015625 0.4970703125 0.419921875 0.5126953125 0.4140625 0.5244140625 0.412109375 0.537109375 0.412109375 0.54150390625 0.4208984375 0.5517578125 0.4365234375 0.55908203125 0.4462890625 0.5654296875 0.4443359375 0.56982421875 0.435546875 0.57958984375 0.4326171875 0.609375 0.263671875 0.59619140625 0.208984375 0.58984375 0.20703125 0.58740234375 0.193359375 0.58251953125 0.1875
0 0.12255859375 0.5703125 0.44580078125 0.4560546875 0.4541015625 0.453125 0.46533203125 0.4521484375 0.4951171875 0.4501953125 0.53466796875 0.4501953125 0.5654296875 0.4501953125 0.60986328125 0.4736328125 1.0 0.7734375 1.0 1.0 0.0 1.0 0.0 0.6376953125
1 0.00732421875 0.666015625 0.1884765625 0.5791015625 0.287109375 0.5341796875 0.32763671875 0.513671875 0.39501953125 0.47265625 0.44091796875 0.4599609375 0.45849609375 0.4541015625 0.46435546875 0.4521484375 0.44482421875 0.4521484375 0.4306640625 0.4541015625 0.310546875 0.470703125 0.19677734375 0.5009765625 0.0 0.5126953125 0.0 0.6748046875
1 0.96728515625 0.861328125 0.74658203125 0.6416015625 0.6689453125 0.5654296875 0.6162109375 0.513671875 0.5888671875 0.484375 0.56787109375 0.4658203125 0.55810546875 0.4541015625 0.5556640625 0.44921875 0.5732421875 0.4462890625 0.58642578125 0.4453125 0.60205078125 0.4443359375 0.8125 0.4853515625 1.0 0.4794921875 1.0 0.8974609375 0.99169921875 0.8818359375
4 0.96435546875 0.1298828125 0.95751953125 0.1279296875 0.94140625 0.111328125 0.93017578125 0.09375 0.92529296875 0.09375 0.92431640625 0.103515625 0.93994140625 0.140625 0.94775390625 0.1494140625 0.94580078125 0.162109375 0.943359375 0.173828125 0.94189453125 0.1845703125 0.93603515625 0.19140625 0.93310546875 0.19921875 0.92919921875 0.2177734375 0.92919921875 0.2373046875 0.935546875 0.248046875 0.93505859375 0.255859375 0.92626953125 0.2607421875 0.92529296875 0.2724609375 0.9404296875 0.2666015625 0.9462890625 0.255859375 0.9521484375 0.2578125 0.951171875 0.2685546875 0.953125 0.28125 0.953125 0.294921875 0.9521484375 0.3115234375 0.95361328125 0.3251953125 0.96044921875 0.3388671875 0.98583984375 0.337890625 0.9921875 0.4208984375 0.9931640625 0.515625 1.0 0.5185546875 1.0 0.046875 0.99755859375 0.0546875 0.99658203125 0.060546875 0.9765625 0.02734375 0.9736328125 0.029296875 0.98388671875 0.0615234375 0.98974609375 0.0859375 0.98876953125 0.1015625 0.9833984375 0.109375 0.9794921875 0.099609375 0.9755859375 0.0908203125 0.9697265625 0.091796875 0.96826171875 0.1015625
2 0.59033203125 0.27734375 0.5634765625 0.3173828125 0.55224609375 0.353515625 0.546875 0.39453125 0.55322265625 0.4248046875 0.5576171875 0.447265625 0.57275390625 0.447265625 0.59033203125 0.4453125 0.60107421875 0.451171875 0.61083984375 0.4560546875 0.61962890625 0.455078125 0.63623046875 0.4697265625 0.64306640625 0.4658203125 0.669921875 0.48046875 0.6865234375 0.4765625 0.70654296875 0.4697265625 0.70703125 0.490234375 0.7216796875 0.4990234375 0.7412109375 0.5048828125 0.74267578125 0.505859375 0.74658203125 0.5068359375 0.82861328125 0.5380859375 0.83349609375 0.5458984375 0.8515625 0.5361328125 0.86279296875 0.529296875 0.8701171875 0.5185546875 0.90283203125 0.5068359375 0.91552734375 0.505859375 0.91796875 0.505859375 0.91650390625 0.529296875 0.91455078125 0.55078125 0.9140625 0.5703125 0.927734375 0.5791015625 0.94775390625 0.5908203125 0.98291015625 0.6103515625 1.0 0.615234375 1.0 0.0 0.59814453125 0.0 0.59619140625 0.001953125 0.5947265625 0.009765625 0.59375 0.015625 0.591796875 0.0205078125 0.59228515625 0.0361328125 0.59716796875 0.0419921875 0.59814453125 0.0615234375 0.58642578125 0.072265625 0.580078125 0.099609375 0.5849609375 0.1005859375 0.583984375 0.1044921875 0.59228515625 0.103515625 0.58544921875 0.125 0.5888671875 0.12890625 0.5888671875 0.1328125 0.59130859375 0.1328125 0.5927734375 0.2158203125 0.58935546875 0.216796875 0.59130859375 0.2451171875
4 0.5322265625 0.349609375 0.52587890625 0.3662109375 0.5302734375 0.38671875 0.5322265625 0.3974609375 0.53515625 0.40625 0.537109375 0.4130859375 0.54638671875 0.4150390625 0.5498046875 0.41015625 0.55029296875 0.3974609375 0.55419921875 0.4033203125 0.5556640625 0.41015625 0.55224609375 0.4150390625 0.55419921875 0.427734375 0.5556640625 0.4345703125 0.56396484375 0.4365234375 0.568359375 0.4365234375 0.57373046875 0.423828125 0.5771484375 0.396484375 0.5732421875 0.3720703125 0.5634765625 0.3681640625 0.55810546875 0.353515625 0.56494140625 0.3408203125 0.56640625 0.3271484375 0.56298828125 0.30859375 0.55224609375 0.2998046875 0.541015625 0.3251953125
4 0.19677734375 0.029296875 0.19873046875 0.046875 0.20458984375 0.0615234375 0.212890625 0.0625 0.21923828125 0.0908203125 0.22802734375 0.1103515625 0.2412109375 0.12109375 0.25634765625 0.138671875 0.25732421875 0.15234375 0.25048828125 0.17578125 0.255859375 0.1953125 0.2666015625 0.1904296875 0.2734375 0.19921875 0.28125 0.203125 0.2890625 0.2119140625 0.2900390625 0.236328125 0.294921875 0.2294921875 0.30517578125 0.21875 0.32421875 0.2197265625 0.33447265625 0.232421875 0.341796875 0.4404296875 0.31298828125 0.4501953125 0.224609375 0.494140625 0.037109375 0.4833984375 0.0 0.474609375 0.0 0.0 0.08056640625 0.0 0.07958984375 0.017578125 0.08251953125 0.03125 0.08154296875 0.0068359375 0.08935546875 0.01953125 0.0888671875 0.0 0.18115234375 0.0 0.18701171875 0.0087890625 0.18603515625 0.025390625 0.1953125 0.0205078125
3 0.060546875 0.3740234375 0.0634765625 0.4033203125 0.17626953125 0.3974609375 0.23291015625 0.3984375 0.26123046875 0.3994140625 0.28125 0.400390625 0.283203125 0.40625 0.30126953125 0.40234375 0.31982421875 0.40234375 0.31787109375 0.4404296875 0.28564453125 0.451171875 0.2578125 0.4462890625 0.17919921875 0.4580078125 0.17626953125 0.45703125 0.17236328125 0.5205078125 0.17236328125 0.5302734375 0.158203125 0.5341796875 0.13720703125 0.478515625 0.06640625 0.478515625 0.06298828125 0.4453125 0.0 0.4453125 0.0 0.3720703125
