0 0.205078125 0.5078125 0.517578125 0.4091796875 0.59716796875 0.4091796875 1.0 0.7744140625 1.0 1.0 0.0 1.0 0.0 0.6328125
1 0.9765625 0.8779296875 0.7646484375 0.6552734375 0.65087890625 0.5341796875 0.57275390625 0.451171875 0.55322265625 0.4287109375 0.55078125 0.4208984375 0.55322265625 0.4169921875 0.5654296875 0.4140625 0.57568359375 0.4091796875 0.64404296875 0.42578125 1.0 0.5390625 1.0 0.9033203125
1 0.09814453125 0.640625 0.2431640625 0.556640625 0.3251953125 0.509765625 0.3955078125 0.47265625 0.4228515625 0.4541015625 0.44580078125 0.439453125 0.41943359375 0.412109375 0.0 0.4794921875 0.0 0.7021484375 0.0126953125 0.689453125
2 0.55419921875 0.326171875 0.5576171875 0.2822265625 0.56494140625 0.26171875 0.57080078125 0.2509765625 0.5703125 0.1953125 0.56591796875 0.1904296875 0.56884765625 0.1845703125 0.56689453125 0.181640625 0.5712890625 0.15234375 0.57568359375 0.15234375 0.5732421875 0.1435546875 0.5732421875 0.1416015625 0.5869140625 0.1396484375 0.58935546875 0.1279296875 0.5947265625 0.1259765625 0.59814453125 0.099609375 0.6015625 0.099609375 0.60009765625 0.0947265625 0.59619140625 0.09375 0.60205078125 0.0654296875 0.6181640625 0.05859375 0.6318359375 0.0498046875 0.72265625 0.3828125 0.69970703125 0.4580078125 0.63330078125 0.4443359375 0.61376953125 0.4375 0.60400390625 0.427734375 0.57861328125 0.4287109375 0.56494140625 0.4208984375 0.55126953125 0.4169921875 0.54248046875 0.4189453125 0.53955078125 0.373046875 0.54736328125 0.337890625 0.54931640625 0.3212890625 0.55029296875 0.3271484375
4 0.46728515625 0.150390625 0.46533203125 0.15625 0.47119140625 0.1689453125 0.48291015625 0.171875 0.49072265625 0.171875 0.4990234375 0.1826171875 0.5048828125 0.2021484375 0.50830078125 0.201171875 0.5126953125 0.2109375 0.5146484375 0.220703125 0.51806640625 0.220703125 0.51953125 0.22265625 0.52880859375 0.22265625 0.5361328125 0.232421875 0.541015625 0.2412109375 0.53955078125 0.2509765625 0.54052734375 0.2578125 0.54150390625 0.263671875 0.53955078125 0.2705078125 0.53662109375 0.2763671875 0.53955078125 0.28515625 0.5439453125 0.2900390625 0.544921875 0.2958984375 0.5478515625 0.306640625 0.55029296875 0.3271484375 0.548828125 0.337890625 0.55078125 0.357421875 0.5517578125 0.365234375 0.54833984375 0.37890625 0.54736328125 0.3857421875 0.55029296875 0.396484375 0.55029296875 0.4052734375 0.54443359375 0.412109375 0.53662109375 0.4150390625 0.52490234375 0.4150390625 0.5166015625 0.412109375 0.51123046875 0.4140625 0.509765625 0.4208984375 0.49755859375 0.421875 0.4873046875 0.423828125 0.4794921875 0.423828125 0.43505859375 0.421875 0.42138671875 0.3095703125 0.43896484375 0.1845703125 0.4541015625 0.1318359375
5 0.54052734375 0.419921875 0.53515625 0.419921875 0.53515625 0.4140625 0.53662109375 0.4091796875 0.53955078125 0.4072265625 0.54248046875 0.4072265625 0.54443359375 0.4091796875 0.54638671875 0.4130859375 0.54638671875 0.41796875 0.5439453125 0.4189453125 0.54345703125 0.4189453125
5 0.529296875 0.404296875 0.525390625 0.404296875 0.52294921875 0.40625 0.5205078125 0.41015625 0.52001953125 0.4150390625 0.51953125 0.419921875 0.52294921875 0.421875 0.5302734375 0.421875 0.5322265625 0.4208984375 0.53369140625 0.41796875 0.53369140625 0.41015625 0.53125 0.40625
4 0.462890625 0.171875 0.46728515625 0.150390625 0.47216796875 0.15234375 0.4765625 0.154296875 0.47412109375 0.125 0.48046875 0.1220703125 0.474609375 0.111328125 0.4697265625 0.103515625 0.46630859375 0.0927734375 0.4716796875 0.0810546875 0.47705078125 0.0703125 0.4765625 0.05859375 0.47314453125 0.0537109375 0.4677734375 0.05078125 0.46044921875 0.048828125 0.4609375 0.0341796875 0.458984375 0.0244140625 0.4560546875 0.01953125 0.4580078125 0.0107421875 0.455078125 0.0 0.0 0.0 0.0 0.5087890625 0.00634765625 0.5126953125 0.10791015625 0.4931640625 0.15283203125 0.4794921875 0.21484375 0.46875 0.22119140625 0.4697265625 0.22900390625 0.466796875 0.23291015625 0.466796875 0.23291015625 0.4833984375 0.232421875 0.505859375 0.23095703125 0.5166015625 0.23779296875 0.513671875 0.23876953125 0.5126953125 0.23681640625 0.490234375 0.2392578125 0.4658203125 0.24462890625 0.4638671875 0.26171875 0.4619140625 0.2802734375 0.4560546875 0.29052734375 0.4521484375 0.302734375 0.4541015625 0.31787109375 0.451171875 0.318359375 0.451171875 0.3173828125 0.482421875 0.326171875 0.4794921875 0.32470703125 0.462890625 0.32421875 0.4521484375 0.33251953125 0.4462890625 0.34130859375 0.4462890625 0.35009765625 0.4462890625 0.35693359375 0.4482421875 0.3583984375 0.4716796875 0.36181640625 0.4736328125 0.36083984375 0.453125 0.361328125 0.4443359375 0.36865234375 0.4443359375 0.37451171875 0.4443359375 0.38720703125 0.4404296875 0.3955078125 0.4375 0.40087890625 0.435546875 0.40673828125 0.4296875 0.423828125 0.4287109375 0.43701171875 0.388671875
5 0.4765625 0.3955078125 0.4794921875 0.3994140625 0.4794921875 0.4033203125 0.48193359375 0.4052734375 0.47998046875 0.408203125 0.4814453125 0.4169921875 0.4814453125 0.4306640625 0.4814453125 0.4375 0.47705078125 0.439453125 0.47607421875 0.43359375 0.46533203125 0.4375 0.45703125 0.416015625 0.45458984375 0.4013671875 0.4560546875 0.3984375 0.4599609375 0.39453125 0.46337890625 0.392578125 0.4677734375 0.392578125 0.47216796875 0.3916015625 0.47412109375 0.392578125
5 0.4599609375 0.404296875 0.462890625 0.4130859375 0.46484375 0.412109375 0.46630859375 0.412109375 0.46630859375 0.4189453125 0.46533203125 0.42578125 0.4658203125 0.439453125 0.46484375 0.4462890625 0.4609375 0.4482421875 0.4609375 0.4443359375 0.4560546875 0.4443359375 0.45263671875 0.4404296875 0.451171875 0.412109375 0.45166015625 0.3994140625 0.45703125 0.3984375 0.458984375 0.400390625
5 0.447265625 0.3798828125 0.45068359375 0.3818359375 0.4541015625 0.3876953125 0.45556640625 0.400390625 0.45556640625 0.4150390625 0.4560546875 0.427734375 0.4560546875 0.4501953125 0.4560546875 0.4541015625 0.455078125 0.4541015625 0.45263671875 0.4580078125 0.44921875 0.4580078125 0.4404296875 0.4404296875 0.41796875 0.40625 0.41796875 0.3984375 0.4189453125 0.3876953125 0.42041015625 0.3818359375 0.42919921875 0.380859375 0.439453125 0.3798828125
5 0.4423828125 0.3984375 0.4453125 0.4150390625 0.4462890625 0.4111328125 0.44921875 0.412109375 0.44921875 0.4169921875 0.4453125 0.423828125 0.44775390625 0.4306640625 0.44921875 0.4443359375 0.44921875 0.45703125 0.44775390625 0.4580078125 0.4453125 0.4638671875 0.4423828125 0.4638671875 0.44140625 0.4580078125 0.4267578125 0.45703125 0.42236328125 0.4462890625 0.4189453125 0.423828125 0.42041015625 0.4033203125 0.423828125 0.3974609375 0.427734375 0.396484375 0.43701171875 0.396484375
4 0.568359375 0.23828125 0.5625 0.2392578125 0.560546875 0.2451171875 0.55615234375 0.2451171875 0.5546875 0.2529296875 0.56005859375 0.2587890625 0.5595703125 0.2646484375 0.5576171875 0.2724609375 0.55517578125 0.2734375 0.552734375 0.275390625 0.556640625 0.287109375 0.55615234375 0.296875 0.560546875 0.3017578125 0.560546875 0.306640625 0.5595703125 0.3203125 0.55859375 0.337890625 0.56103515625 0.345703125 0.560546875 0.3583984375 0.56103515625 0.3701171875 0.56396484375 0.376953125 0.5693359375 0.380859375 0.572265625 0.38671875 0.5703125 0.2412109375
4 0.63037109375 0.0068359375 0.62744140625 0.017578125 0.62548828125 0.0244140625 0.62109375 0.0361328125 0.61962890625 0.052734375 0.619140625 0.0712890625 0.61474609375 0.0859375 0.61279296875 0.095703125 0.61181640625 0.1162109375 0.60986328125 0.125 0.60791015625 0.1376953125 0.611328125 0.1533203125 0.61181640625 0.166015625 0.60888671875 0.173828125 0.603515625 0.177734375 0.60400390625 0.1953125 0.60791015625 0.203125 0.607421875 0.2138671875 0.60986328125 0.220703125 0.60888671875 0.2236328125 0.5986328125 0.2236328125 0.60205078125 0.251953125 0.59375 0.251953125 0.58740234375 0.2470703125 0.5927734375 0.2705078125 0.59912109375 0.2802734375 0.59814453125 0.30078125 0.59765625 0.310546875 0.6025390625 0.3193359375 0.59521484375 0.3291015625 0.5966796875 0.34375 0.59765625 0.34765625 0.60791015625 0.3720703125 0.609375 0.384765625 0.6123046875 0.3984375 0.6162109375 0.4130859375 0.6171875 0.4267578125 0.61669921875 0.435546875 0.6279296875 0.453125 0.63818359375 0.4443359375 0.638671875 0.4208984375 0.64697265625 0.408203125 0.65576171875 0.4111328125 0.65185546875 0.421875 0.6435546875 0.4296875 0.64599609375 0.451171875 0.65771484375 0.466796875 0.66748046875 0.478515625 0.70458984375 0.474609375 0.72314453125 0.474609375 0.74609375 0.4814453125 0.77197265625 0.486328125 0.78076171875 0.498046875 0.787109375 0.509765625 0.80322265625 0.533203125 0.82666015625 0.537109375 0.88623046875 0.5458984375 0.90185546875 0.5517578125 0.9287109375 0.560546875 0.9560546875 0.564453125 1.0 0.56640625 1.0 0.564453125 1.0 0.0 0.63232421875 0.0
3 0.9814453125 0.2353515625 0.8896484375 0.2666015625 0.87841796875 0.5166015625 0.9892578125 0.5302734375 0.98974609375 0.23046875
4 0.95263671875 0.2333984375 0.94921875 0.24609375 0.95654296875 0.2626953125 0.9658203125 0.2802734375 0.958984375 0.294921875 0.94921875 0.3076171875 0.947265625 0.322265625 0.9560546875 0.3271484375 0.96630859375 0.3154296875 0.97412109375 0.32421875 0.97607421875 0.337890625 0.9716796875 0.3603515625 0.9638671875 0.37109375 0.95361328125 0.3857421875 0.95556640625 0.4072265625 0.9619140625 0.41015625 0.96728515625 0.46484375 0.9697265625 0.4736328125 0.9794921875 0.482421875 0.986328125 0.501953125 0.984375 0.5400390625 0.98486328125 0.556640625 0.97021484375 0.5595703125 0.88671875 0.5595703125 0.84228515625 0.537109375 0.79833984375 0.421875 0.85546875 0.236328125 0.90771484375 0.21875 0.935546875 0.22265625
