0 0.2841796875 0.4228515625 0.40087890625 0.42578125 0.58056640625 0.443359375 0.6953125 0.546875 0.861328125 0.7216796875 0.9765625 0.8330078125 1.0 0.8583984375 1.0 1.0 0.00048828125 1.0 0.0 0.6015625 0.19189453125 0.482421875 0.26123046875 0.4384765625
2 0.09814453125 0.1337890625 0.17431640625 0.2509765625 0.16552734375 0.4765625 0.0 0.4931640625 0.0 0.1875 0.05126953125 0.1513671875
2 0.318359375 0.2685546875 0.3544921875 0.283203125 0.35888671875 0.408203125 0.33837890625 0.43359375 0.3046875 0.4384765625 0.3037109375 0.263671875
4 0.3427734375 0.3681640625 0.34326171875 0.3583984375 0.34326171875 0.349609375 0.345703125 0.337890625 0.353515625 0.322265625 0.35693359375 0.400390625 0.3212890625 0.4052734375 0.322265625 0.3798828125 0.322265625 0.3671875 0.32177734375 0.359375 0.3212890625 0.35546875 0.3232421875 0.3447265625 0.32763671875 0.3447265625 0.33203125 0.34375 0.3349609375 0.345703125 0.33740234375 0.34375 0.3408203125 0.353515625
2 0.32568359375 0.3916015625 0.35302734375 0.390625 0.3505859375 0.228515625 0.361328125 0.2099609375 0.37158203125 0.171875 0.37939453125 0.173828125 0.38232421875 0.171875 0.412109375 0.1611328125 0.46337890625 0.2109375 0.47021484375 0.2529296875 0.47314453125 0.404296875 0.39111328125 0.43359375 0.35546875 0.4306640625 0.32373046875 0.427734375
4 0.40185546875 0.41796875 0.3984375 0.404296875 0.3955078125 0.40234375 0.3916015625 0.396484375 0.3916015625 0.3857421875 0.3916015625 0.376953125 0.39013671875 0.37109375 0.388671875 0.36328125 0.388671875 0.3603515625 0.390625 0.357421875 0.39111328125 0.3486328125 0.39111328125 0.3427734375 0.39404296875 0.3310546875 0.3955078125 0.3203125 0.39599609375 0.310546875 0.3994140625 0.302734375 0.4033203125 0.294921875 0.4052734375 0.2841796875 0.404296875 0.2734375 0.40478515625 0.265625 0.40673828125 0.2626953125 0.41064453125 0.2548828125 0.41259765625 0.2431640625 0.4130859375 0.236328125 0.41845703125 0.2314453125 0.4228515625 0.228515625 0.42578125 0.2265625 0.43115234375 0.2255859375 0.43603515625 0.2265625 0.439453125 0.2314453125 0.4443359375 0.2373046875 0.45068359375 0.2412109375 0.45556640625 0.2412109375 0.45947265625 0.2392578125 0.46484375 0.2392578125 0.46630859375 0.232421875 0.4658203125 0.2138671875 0.46337890625 0.2197265625 0.4580078125 0.2158203125 0.45458984375 0.203125 0.4541015625 0.185546875 0.45703125 0.162109375 0.4521484375 0.154296875 0.455078125 0.146484375 0.4580078125 0.1484375 0.4580078125 0.140625 0.45947265625 0.1328125 0.46533203125 0.1396484375 0.4677734375 0.13671875 0.4658203125 0.1220703125 0.46923828125 0.1025390625 0.46923828125 0.0908203125 0.470703125 0.0849609375 0.470703125 0.076171875 0.46728515625 0.0595703125 0.46728515625 0.046875 0.4697265625 0.0341796875 0.46484375 0.0185546875 0.45703125 0.0 1.0 0.0 1.0 0.0009765625 1.0 0.2685546875 0.71142578125 0.3837890625 0.583984375 0.400390625 0.46142578125 0.412109375 0.40869140625 0.4228515625
1 0.37158203125 0.435546875 0.37841796875 0.43359375 0.39892578125 0.4345703125 0.45947265625 0.44140625 0.57080078125 0.4521484375 0.625 0.4541015625 0.845703125 0.541015625 0.94580078125 0.5830078125 1.0 0.60546875 1.0 1.0 0.9658203125 0.9990234375 0.82177734375 0.8125 0.74560546875 0.71484375 0.6591796875 0.6044921875 0.6298828125 0.56640625 0.587890625 0.5107421875 0.56494140625 0.4794921875 0.5439453125 0.46875 0.5048828125 0.4638671875 0.4375 0.4521484375 0.3818359375 0.44140625 0.375 0.439453125
3 0.37744140625 0.41796875 0.41552734375 0.4189453125 0.41552734375 0.4443359375 0.3779296875 0.435546875
5 0.33935546875 0.408203125 0.34033203125 0.412109375 0.33447265625 0.44140625 0.32763671875 0.4453125 0.32421875 0.439453125 0.3232421875 0.42578125 0.32568359375 0.412109375 0.3271484375 0.4091796875 0.3310546875 0.408203125 0.3369140625 0.408203125
5 0.34716796875 0.4091796875 0.349609375 0.4130859375 0.35302734375 0.4296875 0.35400390625 0.439453125 0.353515625 0.44921875 0.3486328125 0.44921875 0.34765625 0.44921875 0.34716796875 0.447265625 0.3359375 0.447265625 0.3359375 0.451171875 0.33203125 0.451171875 0.3291015625 0.44921875 0.32763671875 0.4365234375 0.32763671875 0.423828125 0.32958984375 0.4130859375 0.3330078125 0.41015625 0.3388671875 0.4111328125 0.34423828125 0.41015625
1 0.31396484375 0.4501953125 0.33154296875 0.453125 0.35107421875 0.4580078125 0.37255859375 0.4658203125 0.3828125 0.47265625 0.384765625 0.4794921875 0.38232421875 0.4873046875 0.34765625 0.509765625 0.25537109375 0.5615234375 0.13916015625 0.630859375 0.02099609375 0.7001953125 0.0 0.7109375 0.0 0.515625
4 0.03564453125 0.435546875 0.052734375 0.43359375 0.05224609375 0.4208984375 0.0458984375 0.41015625 0.03955078125 0.4033203125 0.0244140625 0.3427734375 0.0283203125 0.2822265625 0.03564453125 0.25390625 0.0498046875 0.220703125 0.0576171875 0.212890625 0.06494140625 0.21484375 0.07177734375 0.2236328125 0.076171875 0.2314453125 0.07763671875 0.2490234375 0.07958984375 0.263671875 0.08447265625 0.27734375 0.0888671875 0.2919921875 0.08935546875 0.3037109375 0.09130859375 0.3095703125 0.09521484375 0.322265625 0.09716796875 0.33984375 0.09765625 0.3544921875 0.0966796875 0.3642578125 0.091796875 0.37890625 0.08740234375 0.3896484375 0.0791015625 0.408203125 0.08349609375 0.423828125 0.09130859375 0.4296875 0.10009765625 0.4287109375 0.11767578125 0.427734375 0.11962890625 0.4580078125 0.0693359375 0.4609375 0.02880859375 0.46484375 0.03466796875 0.439453125
4 0.0947265625 0.248046875 0.09765625 0.2421875 0.09814453125 0.2294921875 0.10107421875 0.212890625 0.10400390625 0.162109375 0.11328125 0.0 0.46484375 0.001953125 0.462890625 0.0078125 0.458984375 0.0185546875 0.4560546875 0.0263671875 0.45361328125 0.0341796875 0.45361328125 0.041015625 0.45166015625 0.0498046875 0.4462890625 0.0654296875 0.4423828125 0.076171875 0.44189453125 0.080078125 0.4384765625 0.0869140625 0.43603515625 0.0927734375 0.43603515625 0.0986328125 0.4365234375 0.10546875 0.4365234375 0.11328125 0.43603515625 0.119140625 0.43896484375 0.1279296875 0.43701171875 0.138671875 0.43310546875 0.1396484375 0.4248046875 0.1416015625 0.41943359375 0.140625 0.4140625 0.1435546875 0.41357421875 0.1484375 0.40966796875 0.15625 0.40576171875 0.1630859375 0.40185546875 0.1630859375 0.3984375 0.162109375 0.3955078125 0.158203125 0.392578125 0.1552734375 0.388671875 0.16015625 0.3837890625 0.16796875 0.38037109375 0.1708984375 0.37109375 0.173828125 0.3671875 0.169921875 0.36181640625 0.16796875 0.3564453125 0.1708984375 0.3525390625 0.1796875 0.3525390625 0.1865234375 0.34814453125 0.1962890625 0.34423828125 0.2041015625 0.34130859375 0.208984375 0.34130859375 0.21484375 0.3388671875 0.22265625 0.33447265625 0.2294921875 0.33642578125 0.2451171875 0.34228515625 0.2509765625 0.34814453125 0.26171875 0.3515625 0.2666015625 0.35400390625 0.2802734375 0.3544921875 0.2900390625 0.35498046875 0.3017578125 0.35595703125 0.314453125 0.35986328125 0.3271484375 0.35986328125 0.3310546875 0.3515625 0.341796875 0.34814453125 0.3408203125 0.3447265625 0.333984375 0.33935546875 0.3310546875 0.33642578125 0.3232421875 0.333984375 0.318359375 0.328125 0.3125 0.32421875 0.3056640625 0.32080078125 0.296875 0.318359375 0.302734375 0.3193359375 0.31640625 0.3193359375 0.3310546875 0.31591796875 0.3466796875 0.31591796875 0.36328125 0.31640625 0.3720703125 0.314453125 0.3857421875 0.31396484375 0.4248046875 0.31494140625 0.4404296875 0.31591796875 0.443359375 0.3154296875 0.44921875 0.31591796875 0.4560546875 0.3115234375 0.46484375 0.31005859375 0.470703125 0.3046875 0.4794921875 0.29248046875 0.4873046875 0.27490234375 0.49609375 0.25732421875 0.505859375 0.24169921875 0.5087890625 0.2255859375 0.513671875 0.216796875 0.51953125 0.18212890625 0.5322265625 0.1455078125 0.529296875 0.11279296875 0.5361328125 0.08642578125 0.5361328125 0.07470703125 0.5283203125 0.06982421875 0.5224609375 0.06689453125 0.513671875 0.07177734375 0.48046875 0.08349609375 0.45703125 0.095703125 0.4482421875 0.1083984375 0.439453125 0.1083984375 0.4296875 0.10546875 0.419921875 0.1005859375 0.412109375 0.09423828125 0.4111328125 0.09228515625 0.3994140625 0.091796875 0.3857421875 0.091796875 0.369140625 0.0947265625 0.3505859375 0.099609375 0.3388671875 0.10498046875 0.32421875 0.1064453125 0.3134765625 0.1044921875 0.30859375 0.1044921875 0.2939453125 0.1025390625 0.2900390625 0.10107421875 0.283203125 0.0986328125 0.2734375 0.09423828125 0.2734375 0.09228515625 0.267578125 0.09130859375 0.263671875 0.0966796875 0.251953125
4 0.0 0.001953125 0.1689453125 0.001953125 0.169921875 0.0107421875 0.162109375 0.0322265625 0.15673828125 0.046875 0.14697265625 0.068359375 0.1435546875 0.099609375 0.1376953125 0.1171875 0.12548828125 0.134765625 0.12353515625 0.1435546875 0.13037109375 0.15625 0.13818359375 0.166015625 0.14208984375 0.177734375 0.138671875 0.1962890625 0.12890625 0.2041015625 0.1162109375 0.2041015625 0.1025390625 0.2109375 0.099609375 0.2177734375 0.09912109375 0.2314453125 0.09716796875 0.2421875 0.0888671875 0.244140625 0.07958984375 0.2421875 0.068359375 0.2412109375 0.0703125 0.2490234375 0.07421875 0.265625 0.0791015625 0.283203125 0.08154296875 0.3017578125 0.080078125 0.3173828125 0.07666015625 0.3310546875 0.07666015625 0.3447265625 0.0732421875 0.3583984375 0.06103515625 0.376953125 0.0576171875 0.3876953125 0.044921875 0.396484375 0.03857421875 0.396484375 0.03515625 0.3984375 0.03271484375 0.4111328125 0.0244140625 0.41796875 0.017578125 0.453125 0.017578125 0.4990234375 0.00634765625 0.501953125 0.0 0.505859375
