0 0.0 0.5283203125 0.466796875 0.39453125 0.5234375 0.3955078125 0.58837890625 0.466796875 0.6845703125 0.529296875 0.76513671875 0.591796875 0.86083984375 0.697265625 0.90625 0.7412109375 0.95263671875 0.7900390625 0.97900390625 0.8125 1.0 0.841796875 1.0 1.0 0.0 1.0
4 0.474609375 0.2470703125 0.47900390625 0.25 0.4814453125 0.255859375 0.48828125 0.267578125 0.4931640625 0.259765625 0.49755859375 0.263671875 0.50244140625 0.2578125 0.50244140625 0.251953125 0.50830078125 0.2470703125 0.51611328125 0.2421875 0.5224609375 0.2412109375 0.5302734375 0.244140625 0.53564453125 0.259765625 0.529296875 0.357421875 0.4658203125 0.3564453125 0.46044921875 0.251953125
1 0.47119140625 0.4189453125 0.46533203125 0.4287109375 0.4306640625 0.4462890625 0.390625 0.44140625 0.421875 0.43359375 0.44775390625 0.421875 0.46484375 0.4140625
1 0.37109375 0.4453125 0.39111328125 0.44921875 0.4140625 0.4482421875 0.4189453125 0.447265625 0.4208984375 0.4501953125 0.392578125 0.462890625 0.35302734375 0.48046875 0.248046875 0.5205078125 0.173828125 0.5458984375 0.091796875 0.5751953125 0.04248046875 0.5947265625 0.01318359375 0.6044921875 0.0 0.607421875 0.00048828125 0.5068359375 0.263671875 0.4462890625 0.34423828125 0.439453125
1 0.51953125 0.40625 0.54833984375 0.3984375 0.70654296875 0.466796875 0.83349609375 0.5 0.94091796875 0.4931640625 0.9638671875 0.4951171875 0.982421875 0.4931640625 1.0 0.4873046875 0.99951171875 1.0 0.90087890625 0.8876953125 0.74365234375 0.6953125 0.61279296875 0.5380859375 0.53759765625 0.453125 0.5302734375 0.443359375 0.5234375 0.4267578125
4 0.47705078125 0.3251953125 0.47900390625 0.3310546875 0.4833984375 0.3369140625 0.48681640625 0.3466796875 0.48876953125 0.3583984375 0.48876953125 0.3701171875 0.486328125 0.3798828125 0.48095703125 0.3916015625 0.470703125 0.3974609375 0.4697265625 0.326171875 0.4755859375 0.32421875
2 0.46875 0.2451171875 0.47265625 0.3935546875 0.46435546875 0.419921875 0.451171875 0.42578125 0.435546875 0.4296875 0.42626953125 0.197265625 0.4560546875 0.220703125 0.46533203125 0.236328125
4 0.40185546875 0.13671875 0.40380859375 0.1259765625 0.40625 0.12109375 0.4111328125 0.1171875 0.41650390625 0.115234375 0.41650390625 0.10546875 0.41650390625 0.1015625 0.41796875 0.0966796875 0.4208984375 0.1015625 0.42236328125 0.1103515625 0.4248046875 0.11328125 0.42919921875 0.1123046875 0.43310546875 0.1064453125 0.43603515625 0.103515625 0.439453125 0.103515625 0.4423828125 0.103515625 0.44580078125 0.1015625 0.44921875 0.09765625 0.45263671875 0.095703125 0.45703125 0.0966796875 0.45947265625 0.1064453125 0.46435546875 0.107421875 0.4658203125 0.115234375 0.4658203125 0.125 0.4697265625 0.13671875 0.470703125 0.14453125 0.47265625 0.15625 0.4755859375 0.1611328125 0.4765625 0.1689453125 0.47509765625 0.1767578125 0.47509765625 0.1845703125 0.4765625 0.189453125 0.4775390625 0.1982421875 0.4775390625 0.2060546875 0.4794921875 0.2119140625 0.48046875 0.2265625 0.47998046875 0.240234375 0.4765625 0.251953125 0.4716796875 0.2587890625 0.46728515625 0.2646484375 0.466796875 0.279296875 0.46923828125 0.2880859375 0.47119140625 0.29296875 0.4736328125 0.3017578125 0.47412109375 0.3134765625 0.46875 0.3203125 0.4677734375 0.3271484375 0.4677734375 0.3349609375 0.466796875 0.3447265625 0.4609375 0.3466796875 0.455078125 0.34765625 0.44775390625 0.353515625 0.4326171875 0.3720703125 0.42724609375 0.3671875 0.41064453125 0.2099609375 0.40673828125 0.158203125
2 0.3828125 0.1103515625 0.39599609375 0.1240234375 0.4072265625 0.126953125 0.41552734375 0.125 0.4189453125 0.123046875 0.421875 0.1962890625 0.42724609375 0.2041015625 0.43408203125 0.21484375 0.43359375 0.2236328125 0.43603515625 0.37109375 0.43603515625 0.43359375 0.421875 0.439453125 0.41162109375 0.4404296875 0.38720703125 0.4453125 0.271484375 0.4521484375 0.265625 0.35546875 0.2744140625 0.228515625 0.30224609375 0.1689453125 0.33935546875 0.1279296875
4 0.4267578125 0.384765625 0.42822265625 0.3564453125 0.4326171875 0.3505859375 0.43896484375 0.3486328125 0.4423828125 0.35546875 0.44384765625 0.3701171875 0.4453125 0.3857421875 0.447265625 0.3974609375 0.44921875 0.3984375 0.451171875 0.4033203125 0.45166015625 0.4208984375 0.43896484375 0.427734375 0.4267578125 0.4287109375
4 0.0 0.001953125 0.34423828125 0.0029296875 0.34423828125 0.005859375 0.3427734375 0.0078125 0.345703125 0.0166015625 0.34814453125 0.021484375 0.35205078125 0.021484375 0.35546875 0.0234375 0.36328125 0.03515625 0.36669921875 0.0498046875 0.37255859375 0.052734375 0.37548828125 0.0546875 0.37890625 0.048828125 0.3818359375 0.0458984375 0.384765625 0.0498046875 0.38525390625 0.056640625 0.38330078125 0.0625 0.38525390625 0.068359375 0.384765625 0.07421875 0.38134765625 0.0830078125 0.3798828125 0.0908203125 0.38623046875 0.0986328125 0.38916015625 0.1015625 0.3916015625 0.1103515625 0.39404296875 0.1181640625 0.388671875 0.123046875 0.38623046875 0.1259765625 0.38623046875 0.12890625 0.38818359375 0.13671875 0.38818359375 0.146484375 0.39208984375 0.15234375 0.39599609375 0.158203125 0.3974609375 0.1650390625 0.39453125 0.1708984375 0.39306640625 0.173828125 0.39306640625 0.1806640625 0.38818359375 0.1884765625 0.38427734375 0.1962890625 0.38525390625 0.201171875 0.38134765625 0.2021484375 0.37353515625 0.2080078125 0.36767578125 0.2099609375 0.36328125 0.2080078125 0.3583984375 0.2060546875 0.35546875 0.212890625 0.34716796875 0.2138671875 0.33984375 0.216796875 0.33544921875 0.2158203125 0.33203125 0.2109375 0.32666015625 0.2138671875 0.3251953125 0.22265625 0.3271484375 0.23046875 0.3271484375 0.2373046875 0.32861328125 0.240234375 0.328125 0.255859375 0.32275390625 0.263671875 0.330078125 0.2685546875 0.33642578125 0.255859375 0.3388671875 0.251953125 0.34375 0.2451171875 0.35009765625 0.2421875 0.3544921875 0.2509765625 0.3564453125 0.265625 0.35791015625 0.27734375 0.36181640625 0.2880859375 0.36572265625 0.2998046875 0.37060546875 0.3046875 0.3740234375 0.3037109375 0.376953125 0.3076171875 0.3818359375 0.314453125 0.3837890625 0.3232421875 0.38671875 0.33203125 0.38720703125 0.345703125 0.38525390625 0.3603515625 0.38232421875 0.3623046875 0.37939453125 0.365234375 0.384765625 0.369140625 0.3876953125 0.3740234375 0.38671875 0.3837890625 0.3828125 0.3857421875 0.376953125 0.3935546875 0.3740234375 0.4013671875 0.37451171875 0.4130859375 0.3759765625 0.421875 0.376953125 0.4365234375 0.37646484375 0.443359375 0.37646484375 0.44921875 0.37646484375 0.453125 0.3486328125 0.462890625 0.3232421875 0.470703125 0.24609375 0.4892578125 0.1982421875 0.5009765625 0.142578125 0.515625 0.09814453125 0.5283203125 0.0546875 0.5380859375 0.013671875 0.5478515625 0.00732421875 0.548828125 0.00439453125 0.548828125 0.0 0.55078125
5 0.47705078125 0.4052734375 0.47900390625 0.4033203125 0.48291015625 0.404296875 0.48583984375 0.41015625 0.48583984375 0.423828125 0.4833984375 0.423828125 0.4775390625 0.421875
2 0.5234375 0.248046875 0.53271484375 0.244140625 0.53369140625 0.2216796875 0.53369140625 0.2041015625 0.537109375 0.1875 0.537109375 0.177734375 0.5439453125 0.1552734375 0.5439453125 0.1279296875 0.54443359375 0.0732421875 0.56591796875 0.0693359375 0.56640625 0.0595703125 0.56591796875 0.0546875 0.5634765625 0.0546875 0.55859375 0.0478515625 0.56298828125 0.0205078125 0.5673828125 0.0 0.99951171875 0.001953125 0.99951171875 0.5009765625 0.89794921875 0.5087890625 0.79736328125 0.5185546875 0.73291015625 0.4970703125 0.7236328125 0.498046875 0.68359375 0.4833984375 0.6611328125 0.4755859375 0.6328125 0.4638671875 0.60888671875 0.455078125 0.59228515625 0.447265625 0.57470703125 0.439453125 0.56396484375 0.439453125 0.556640625 0.43359375 0.54638671875 0.4267578125 0.5380859375 0.42578125 0.53173828125 0.4189453125 0.52099609375 0.412109375 0.515625 0.3935546875 0.5146484375 0.333984375 0.52294921875 0.326171875 0.521484375 0.2822265625 0.52197265625 0.26953125 0.5244140625 0.2724609375 0.52392578125 0.2607421875 0.52392578125 0.25390625
5 0.50732421875 0.419921875 0.5087890625 0.412109375 0.51416015625 0.40625 0.51953125 0.4072265625 0.52392578125 0.412109375 0.52685546875 0.4189453125 0.52783203125 0.439453125 0.5234375 0.4375 0.521484375 0.4345703125 0.51318359375 0.4345703125 0.51220703125 0.439453125 0.5078125 0.4384765625 0.5068359375 0.43359375
3 0.94873046875 0.244140625 1.0 0.236328125 1.0 0.5537109375 0.953125 0.5576171875
5 0.265625 0.431640625 0.2705078125 0.4150390625 0.27783203125 0.40625 0.28466796875 0.4052734375 0.29150390625 0.4052734375 0.31298828125 0.400390625 0.328125 0.4013671875 0.33203125 0.4013671875 0.34130859375 0.4140625 0.34716796875 0.4296875 0.349609375 0.4365234375 0.35107421875 0.44140625 0.35107421875 0.4462890625 0.353515625 0.4609375 0.35595703125 0.4912109375 0.3564453125 0.51171875 0.35498046875 0.5244140625 0.3505859375 0.5263671875 0.34228515625 0.52734375 0.33984375 0.5341796875 0.33935546875 0.5380859375 0.32763671875 0.5390625 0.32568359375 0.5341796875 0.32373046875 0.529296875 0.29443359375 0.5341796875 0.27490234375 0.5341796875 0.2646484375 0.5341796875 0.26416015625 0.537109375 0.2626953125 0.5478515625 0.25439453125 0.5498046875 0.24951171875 0.5478515625 0.24658203125 0.51953125 0.24609375 0.4833984375 0.2509765625 0.4677734375 0.255859375 0.4541015625 0.25244140625 0.4521484375 0.25439453125 0.44140625 0.26123046875 0.4375 0.26123046875 0.4423828125
