0 0.44873046875 0.4482421875 0.80810546875 0.453125 0.86376953125 0.47265625 0.92431640625 0.4912109375 0.96826171875 0.494140625 1.0 0.5419921875 1.0 1.0 0.0 1.0 0.0 0.43359375
4 0.88427734375 0.44140625 0.89111328125 0.439453125 0.89599609375 0.4375 0.90185546875 0.439453125 0.904296875 0.4345703125 0.90869140625 0.4375 0.91455078125 0.4365234375 0.919921875 0.43359375 0.92724609375 0.43359375 0.93701171875 0.4326171875 0.9453125 0.435546875 0.95263671875 0.4375 0.95849609375 0.443359375 0.95703125 0.501953125 0.951171875 0.5068359375 0.9423828125 0.5078125 0.93115234375 0.5078125 0.91796875 0.5068359375 0.90185546875 0.505859375 0.89208984375 0.5048828125 0.8837890625 0.50390625
1 0.06005859375 0.6171875 0.25732421875 0.5732421875 0.39697265625 0.548828125 0.576171875 0.5185546875 0.73828125 0.5048828125 0.7802734375 0.50390625 0.80810546875 0.5048828125 0.8154296875 0.4892578125 0.0 0.4833984375 0.0 0.626953125
1 0.9951171875 0.568359375 0.982421875 0.544921875 0.9736328125 0.53125 0.96240234375 0.5205078125 0.95263671875 0.509765625 0.9462890625 0.5068359375 0.94970703125 0.498046875 0.96533203125 0.4931640625 1.0 0.4912109375 1.0 0.578125
2 0.94775390625 0.4228515625 0.947265625 0.4384765625 0.9482421875 0.439453125 0.9482421875 0.447265625 0.94677734375 0.4482421875 0.9462890625 0.4638671875 0.94775390625 0.4638671875 0.947265625 0.4736328125 0.9462890625 0.4736328125 0.94580078125 0.4912109375 0.947265625 0.4912109375 0.947265625 0.501953125 0.94580078125 0.5009765625 0.9453125 0.5078125 0.9482421875 0.5087890625 0.94970703125 0.505859375 0.95361328125 0.5048828125 0.95849609375 0.5048828125 0.96435546875 0.5048828125 0.9697265625 0.5029296875 0.9765625 0.5029296875 0.98583984375 0.5029296875 0.99267578125 0.505859375 0.998046875 0.505859375 1.0 0.505859375 1.0 0.505859375 1.0 0.005859375 0.9970703125 0.005859375 0.99658203125 0.046875 0.99462890625 0.046875 0.98974609375 0.1064453125 0.9951171875 0.107421875 0.99560546875 0.138671875 0.98193359375 0.1708984375 0.98291015625 0.1787109375 0.97900390625 0.1923828125 0.98046875 0.1953125 0.97998046875 0.201171875 0.986328125 0.2119140625 0.98583984375 0.2568359375 0.98388671875 0.263671875 0.984375 0.2763671875 0.97900390625 0.29296875 0.97802734375 0.3017578125 0.97265625 0.30078125 0.97021484375 0.3154296875 0.9658203125 0.3037109375 0.96630859375 0.369140625 0.9619140625 0.3798828125 0.9619140625 0.3857421875 0.9619140625 0.3896484375 0.96484375 0.392578125 0.96435546875 0.4189453125 0.94775390625 0.4189453125
4 0.95947265625 0.3935546875 0.955078125 0.3896484375 0.953125 0.400390625 0.955078125 0.4169921875 0.95166015625 0.4150390625 0.94775390625 0.419921875 0.94921875 0.431640625 0.953125 0.435546875 0.95263671875 0.443359375 0.94970703125 0.4521484375 0.9560546875 0.4580078125 0.96044921875 0.470703125 0.9609375 0.484375 0.95751953125 0.4912109375 0.96826171875 0.5009765625 0.97314453125 0.484375 0.97412109375 0.4716796875 0.97509765625 0.45703125 0.97998046875 0.44140625 0.9833984375 0.4384765625 0.97705078125 0.427734375 0.982421875 0.4189453125 0.98291015625 0.4013671875 0.98388671875 0.3837890625 0.984375 0.3642578125 0.984375 0.341796875 0.984375 0.3330078125 0.98193359375 0.3310546875 0.9794921875 0.3369140625 0.9736328125 0.337890625 0.9736328125 0.345703125 0.97119140625 0.357421875 0.97021484375 0.369140625 0.97021484375 0.3837890625 0.96728515625 0.392578125 0.970703125 0.40234375 0.97265625 0.4130859375 0.966796875 0.4130859375 0.96337890625 0.404296875 0.96240234375 0.3955078125
2 0.88818359375 0.3583984375 0.8876953125 0.45703125 0.888671875 0.462890625 0.888671875 0.4990234375 0.88818359375 0.5068359375 0.8544921875 0.5048828125 0.82958984375 0.5048828125 0.80078125 0.50390625 0.77197265625 0.501953125 0.7578125 0.4990234375 0.712890625 0.49609375 0.6923828125 0.494140625 0.67919921875 0.40625 0.68603515625 0.1318359375 0.7197265625 0.1513671875 0.76416015625 0.181640625 0.80078125 0.2197265625 0.81689453125 0.2412109375 0.81787109375 0.2470703125 0.82763671875 0.2529296875 0.82763671875 0.2607421875 0.82470703125 0.2607421875 0.82373046875 0.2646484375 0.8212890625 0.267578125 0.8203125 0.2705078125 0.8935546875 0.3349609375 0.892578125 0.3408203125 0.888671875 0.34765625
5 0.908203125 0.46875 0.91259765625 0.478515625 0.91357421875 0.484375 0.9140625 0.4912109375 0.91455078125 0.50390625 0.9150390625 0.5078125 0.90283203125 0.5068359375 0.90283203125 0.505859375 0.89599609375 0.50390625 0.8955078125 0.5068359375 0.88916015625 0.5068359375 0.88427734375 0.5048828125 0.8857421875 0.4970703125 0.8857421875 0.4931640625 0.8857421875 0.4912109375 0.88427734375 0.4912109375 0.8828125 0.48828125 0.88330078125 0.484375 0.8876953125 0.4853515625 0.888671875 0.478515625 0.89111328125 0.4716796875 0.8935546875 0.4697265625
5 0.8525390625 0.4912109375 0.85546875 0.4931640625 0.85693359375 0.4970703125 0.8583984375 0.5009765625 0.8603515625 0.50390625 0.8564453125 0.50390625 0.8486328125 0.50390625 0.84326171875 0.5029296875 0.84326171875 0.49609375 0.8447265625 0.4921875 0.845703125 0.4921875
5 0.84033203125 0.4775390625 0.8251953125 0.478515625 0.82275390625 0.4814453125 0.82177734375 0.4892578125 0.82080078125 0.486328125 0.8203125 0.486328125 0.818359375 0.486328125 0.818359375 0.4892578125 0.81982421875 0.490234375 0.82080078125 0.4921875 0.8193359375 0.494140625 0.81884765625 0.4990234375 0.818359375 0.5029296875 0.818359375 0.5068359375 0.84375 0.505859375 0.84521484375 0.5048828125 0.8466796875 0.501953125 0.84716796875 0.4970703125 0.8466796875 0.4921875 0.845703125 0.490234375 0.84716796875 0.4892578125 0.84716796875 0.4873046875 0.8466796875 0.4853515625 0.84375 0.4853515625 0.841796875 0.4794921875
4 0.76025390625 0.2763671875 0.76171875 0.255859375 0.771484375 0.2529296875 0.7744140625 0.2646484375 0.77490234375 0.2783203125 0.78515625 0.2802734375 0.7890625 0.2705078125 0.79248046875 0.2685546875 0.80029296875 0.27734375 0.810546875 0.2802734375 0.8173828125 0.2705078125 0.82177734375 0.2626953125 0.82080078125 0.2490234375 0.822265625 0.240234375 0.8291015625 0.2333984375 0.82568359375 0.220703125 0.82177734375 0.2138671875 0.818359375 0.19921875 0.82177734375 0.1943359375 0.82861328125 0.203125 0.83642578125 0.205078125 0.84521484375 0.203125 0.84326171875 0.1923828125 0.84033203125 0.1826171875 0.83984375 0.171875 0.841796875 0.16796875 0.85107421875 0.171875 0.8583984375 0.16796875 0.8681640625 0.15625 0.87060546875 0.1474609375 0.87060546875 0.1435546875 0.86328125 0.1357421875 0.85595703125 0.123046875 0.8681640625 0.1142578125 0.87744140625 0.1083984375 0.88232421875 0.0986328125 0.8779296875 0.09375 0.88330078125 0.09375 0.884765625 0.0810546875 0.88330078125 0.0693359375 0.8818359375 0.064453125 0.87744140625 0.0693359375 0.87841796875 0.0595703125 0.88134765625 0.048828125 0.8818359375 0.0380859375 0.87890625 0.0341796875 0.8798828125 0.0234375 0.8798828125 0.0146484375 0.876953125 0.0068359375 0.8720703125 0.00390625 0.8701171875 0.0 0.65087890625 0.0 0.64501953125 0.494140625 0.6630859375 0.4892578125 0.6767578125 0.490234375 0.67919921875 0.4794921875 0.689453125 0.48828125 0.69775390625 0.4892578125 0.701171875 0.474609375 0.70361328125 0.466796875 0.7119140625 0.4677734375 0.71630859375 0.4638671875 0.71337890625 0.45703125 0.70947265625 0.44921875 0.708984375 0.439453125 0.71337890625 0.435546875 0.716796875 0.4306640625 0.72216796875 0.42578125 0.7275390625 0.4267578125 0.73095703125 0.43359375 0.7314453125 0.423828125 0.7333984375 0.4169921875 0.73828125 0.416015625 0.736328125 0.412109375 0.73291015625 0.4072265625 0.73291015625 0.400390625 0.734375 0.3955078125 0.7314453125 0.388671875 0.73095703125 0.37890625 0.7333984375 0.3701171875 0.7392578125 0.3623046875 0.744140625 0.35546875 0.74853515625 0.34375 0.74853515625 0.3359375 0.7470703125 0.3212890625 0.7451171875 0.3154296875 0.74658203125 0.3037109375 0.75390625 0.3017578125 0.75830078125 0.2939453125 0.75927734375 0.28515625
2 0.65771484375 0.0068359375 0.65478515625 0.3076171875 0.65966796875 0.3115234375 0.65869140625 0.31640625 0.65576171875 0.3203125 0.6552734375 0.330078125 0.65478515625 0.3408203125 0.65576171875 0.3447265625 0.658203125 0.345703125 0.658203125 0.3583984375 0.65576171875 0.3603515625 0.65576171875 0.373046875 0.654296875 0.4951171875 0.09814453125 0.5224609375 0.0 0.5244140625 0.0 0.5234375 0.0 0.0 0.65869140625 0.0
