0 0.0 0.3662109375 1.0 0.353515625 1.0 1.0 0.0 1.0
1 0.62744140625 0.5673828125 0.86865234375 0.85546875 0.99609375 0.998046875 1.0 1.0 1.0 0.5322265625 0.716796875 0.4306640625 0.63427734375 0.4208984375 0.609375 0.421875 0.607421875 0.423828125 0.59716796875 0.423828125 0.58740234375 0.423828125 0.5791015625 0.42578125 0.576171875 0.435546875 0.572265625 0.4794921875 0.57568359375 0.501953125 0.60205078125 0.5390625
1 0.0 0.5732421875 0.0830078125 0.54296875 0.20947265625 0.5048828125 0.32080078125 0.4736328125 0.42431640625 0.451171875 0.43603515625 0.4482421875 0.45263671875 0.4384765625 0.47021484375 0.421875 0.474609375 0.416015625 0.474609375 0.4013671875 0.43017578125 0.3798828125 0.36181640625 0.3818359375 0.0 0.4501953125
4 0.0 0.0 1.0 0.0 1.0 0.560546875 0.7333984375 0.47265625 0.68017578125 0.439453125 0.6376953125 0.4267578125 0.6220703125 0.4150390625 0.6220703125 0.404296875 0.61962890625 0.384765625 0.603515625 0.38671875 0.556640625 0.3974609375 0.54736328125 0.4091796875 0.51416015625 0.412109375 0.49365234375 0.408203125 0.46826171875 0.40625 0.45556640625 0.4140625 0.4482421875 0.4111328125 0.388671875 0.4345703125 0.30419921875 0.4345703125 0.09375 0.478515625 0.0 0.4814453125
3 0.0 0.4306640625 0.20556640625 0.4248046875 0.31005859375 0.421875 0.341796875 0.421875 0.41796875 0.4111328125 0.447265625 0.3984375 0.4482421875 0.41796875 0.4208984375 0.427734375 0.322265625 0.45703125 0.31640625 0.4580078125 0.2236328125 0.4697265625 0.1220703125 0.48828125 0.0 0.5107421875
3 0.716796875 0.3916015625 0.68212890625 0.392578125 0.61962890625 0.408203125 0.60791015625 0.4033203125 0.607421875 0.4248046875 0.63916015625 0.447265625 0.66259765625 0.4599609375 0.68505859375 0.46484375 0.7197265625 0.4638671875 0.71728515625 0.4560546875 0.71435546875 0.4375 0.71142578125 0.423828125 0.71142578125 0.4091796875 0.7138671875 0.4072265625
4 0.05078125 0.470703125 0.056640625 0.4658203125 0.0556640625 0.4716796875 0.0537109375 0.48046875 0.0556640625 0.486328125 0.060546875 0.48828125 0.0625 0.4775390625 0.0634765625 0.46484375 0.068359375 0.458984375 0.07275390625 0.455078125 0.0751953125 0.44921875 0.08056640625 0.453125 0.08447265625 0.4599609375 0.0888671875 0.4599609375 0.08740234375 0.4521484375 0.0830078125 0.4462890625 0.08642578125 0.4423828125 0.095703125 0.443359375 0.10498046875 0.4482421875 0.11181640625 0.44921875 0.1201171875 0.4521484375 0.123046875 0.4580078125 0.1181640625 0.4658203125 0.10791015625 0.4736328125 0.103515625 0.470703125 0.0888671875 0.4755859375 0.09033203125 0.482421875 0.09130859375 0.486328125 0.09765625 0.48828125 0.1064453125 0.4892578125 0.103515625 0.4931640625 0.09765625 0.494140625 0.091796875 0.4951171875 0.0859375 0.4970703125 0.07958984375 0.5 0.072265625 0.501953125 0.06103515625 0.501953125 0.04248046875 0.5009765625 0.04296875 0.4931640625 0.04248046875 0.484375 0.04248046875 0.4775390625 0.04296875 0.4716796875
5 0.35595703125 0.4111328125 0.3310546875 0.4130859375 0.3291015625 0.419921875 0.3232421875 0.4345703125 0.32275390625 0.43359375 0.31982421875 0.43359375 0.3193359375 0.435546875 0.3203125 0.4384765625 0.32177734375 0.439453125 0.3193359375 0.447265625 0.31787109375 0.4541015625 0.318359375 0.458984375 0.318359375 0.46484375 0.31884765625 0.4736328125 0.3193359375 0.4775390625 0.3212890625 0.478515625 0.3232421875 0.478515625 0.32470703125 0.4765625 0.3251953125 0.474609375 0.32568359375 0.470703125 0.32763671875 0.470703125 0.32861328125 0.470703125 0.330078125 0.4716796875 0.33056640625 0.4755859375 0.33251953125 0.4765625 0.333984375 0.4765625 0.3349609375 0.4736328125 0.3349609375 0.470703125 0.34033203125 0.4697265625
5 0.3916015625 0.4033203125 0.4140625 0.40234375 0.41796875 0.40234375 0.41943359375 0.4033203125 0.4208984375 0.40625 0.42236328125 0.4111328125 0.42333984375 0.43359375 0.4228515625 0.4501953125 0.4228515625 0.455078125 0.4208984375 0.455078125 0.41943359375 0.455078125 0.41845703125 0.453125 0.41748046875 0.453125 0.4169921875 0.453125 0.41650390625 0.4560546875 0.41650390625 0.4560546875 0.41357421875 0.45703125 0.412109375 0.455078125 0.41162109375 0.455078125 0.404296875 0.453125
5 0.3896484375 0.40234375 0.3642578125 0.404296875 0.3544921875 0.40625 0.349609375 0.4130859375 0.34326171875 0.4365234375 0.3427734375 0.4306640625 0.3408203125 0.4306640625 0.33837890625 0.4326171875 0.33740234375 0.4345703125 0.337890625 0.4375 0.3388671875 0.4404296875 0.34130859375 0.44140625 0.341796875 0.4423828125 0.33740234375 0.4541015625 0.3359375 0.462890625 0.33642578125 0.4814453125 0.337890625 0.4951171875 0.33935546875 0.5009765625 0.34130859375 0.5029296875 0.3447265625 0.501953125 0.34619140625 0.498046875 0.34619140625 0.4931640625 0.35205078125 0.4931640625 0.35205078125 0.494140625 0.35400390625 0.4951171875 0.3564453125 0.4951171875 0.357421875 0.494140625 0.35888671875 0.4931640625 0.37451171875 0.4912109375 0.37548828125 0.4921875 0.3798828125 0.4931640625 0.38330078125 0.4931640625 0.3876953125 0.4931640625 0.3896484375 0.4931640625 0.3916015625 0.5 0.3955078125 0.4990234375 0.396484375 0.498046875 0.3974609375 0.494140625 0.39794921875 0.4912109375 0.3994140625 0.4912109375 0.400390625 0.4912109375 0.4033203125 0.4912109375 0.404296875 0.48828125 0.40576171875 0.484375 0.40576171875 0.47265625 0.40576171875 0.4580078125 0.40478515625 0.447265625 0.40283203125 0.4384765625 0.40283203125 0.43359375 0.40234375 0.4306640625 0.400390625 0.4287109375 0.3994140625 0.4267578125 0.39697265625 0.412109375 0.39404296875 0.4052734375 0.39208984375 0.40234375
5 0.5087890625 0.3994140625 0.50732421875 0.384765625 0.5068359375 0.3779296875 0.5009765625 0.3759765625 0.49609375 0.375 0.49072265625 0.376953125 0.486328125 0.3798828125 0.48583984375 0.3828125 0.4853515625 0.388671875 0.4853515625 0.39453125 0.484375 0.4013671875 0.4833984375 0.40625 0.486328125 0.4130859375 0.49951171875 0.41796875
5 0.48974609375 0.404296875 0.478515625 0.404296875 0.4755859375 0.4111328125 0.4765625 0.4208984375 0.4775390625 0.4296875 0.4794921875 0.431640625 0.4814453125 0.431640625 0.4892578125 0.4306640625 0.49462890625 0.4248046875 0.4951171875 0.4140625 0.4912109375 0.408203125 0.490234375 0.40625
5 0.568359375 0.400390625 0.56787109375 0.3935546875 0.56689453125 0.390625 0.56494140625 0.384765625 0.556640625 0.384765625 0.55517578125 0.38671875 0.552734375 0.392578125 0.5517578125 0.3955078125 0.55126953125 0.3994140625 0.552734375 0.4033203125 0.55615234375 0.40625 0.55810546875 0.40625 0.5625 0.40625 0.56396484375 0.4052734375 0.56494140625 0.404296875 0.56689453125 0.4033203125 0.5673828125 0.4013671875
5 0.56884765625 0.412109375 0.56591796875 0.408203125 0.564453125 0.4052734375 0.5625 0.404296875 0.55859375 0.404296875 0.55517578125 0.40625 0.5556640625 0.4140625 0.5576171875 0.421875 0.5595703125 0.4248046875 0.5625 0.4248046875 0.5654296875 0.4248046875 0.5673828125 0.423828125 0.56787109375 0.4208984375 0.568359375 0.4169921875
5 0.53515625 0.4072265625 0.537109375 0.4052734375 0.54296875 0.40234375 0.55078125 0.40234375 0.55517578125 0.4033203125 0.55712890625 0.404296875 0.55712890625 0.408203125 0.55810546875 0.4111328125 0.5595703125 0.4140625 0.56201171875 0.4140625 0.56298828125 0.416015625 0.56298828125 0.41796875 0.56103515625 0.419921875 0.56103515625 0.4296875 0.56103515625 0.4306640625 0.56103515625 0.43359375 0.560546875 0.435546875 0.56005859375 0.4404296875 0.560546875 0.4453125 0.56005859375 0.451171875 0.56005859375 0.451171875 0.5576171875 0.4521484375 0.556640625 0.451171875 0.556640625 0.44921875 0.55615234375 0.4462890625 0.5556640625 0.4453125 0.5537109375 0.4443359375 0.55419921875 0.44140625 0.5517578125 0.4404296875 0.5458984375 0.44140625 0.5458984375 0.443359375 0.54541015625 0.4453125 0.54248046875 0.4443359375 0.53662109375 0.431640625
5 0.533203125 0.3984375 0.51513671875 0.3994140625 0.4951171875 0.400390625 0.4921875 0.4052734375 0.48828125 0.4248046875 0.48583984375 0.42578125 0.482421875 0.4267578125 0.482421875 0.435546875 0.48486328125 0.4365234375 0.48291015625 0.4541015625 0.48388671875 0.4716796875 0.484375 0.48828125 0.484375 0.498046875 0.48583984375 0.5009765625 0.48974609375 0.501953125 0.4931640625 0.501953125 0.4951171875 0.4970703125 0.4951171875 0.4912109375 0.50244140625 0.490234375 0.5107421875 0.490234375 0.51953125 0.4892578125 0.5263671875 0.4892578125 0.5322265625 0.4892578125 0.53759765625 0.490234375 0.5380859375 0.4931640625 0.5380859375 0.4970703125 0.5390625 0.4990234375 0.5419921875 0.5 0.544921875 0.4970703125 0.544921875 0.4892578125 0.54443359375 0.478515625 0.544921875 0.4521484375 0.54296875 0.43359375 0.5478515625 0.43359375 0.5478515625 0.42578125 0.544921875 0.421875 0.541015625 0.421875 0.5361328125 0.404296875
