0 0.0 0.388671875 1.0 0.3505859375 1.0 1.0 0.0 1.0
1 0.0 0.98828125 0.19482421875 0.7685546875 0.2763671875 0.6806640625 0.3916015625 0.5458984375 0.427734375 0.5009765625 0.41357421875 0.4951171875 0.3828125 0.4912109375 0.359375 0.4892578125 0.3349609375 0.482421875 0.265625 0.486328125 0.0986328125 0.5888671875 0.0 0.650390625
1 0.4873046875 0.412109375 0.48095703125 0.416015625 0.47607421875 0.4296875 0.4619140625 0.4541015625 0.453125 0.48046875 0.44775390625 0.4833984375 0.42724609375 0.486328125 0.4033203125 0.486328125 0.380859375 0.4853515625 0.35888671875 0.4814453125 0.34521484375 0.4697265625 0.35009765625 0.4501953125 0.36669921875 0.43359375 0.39111328125 0.4208984375 0.40673828125 0.4169921875 0.423828125 0.4111328125 0.439453125 0.4072265625 0.455078125 0.4033203125 0.4638671875 0.4033203125 0.4716796875 0.4052734375 0.4853515625 0.4013671875 0.48828125 0.4033203125
1 0.73388671875 0.5771484375 0.68896484375 0.5419921875 0.595703125 0.4501953125 0.60302734375 0.4443359375 0.68017578125 0.50390625 0.7080078125 0.5029296875 0.76123046875 0.5185546875 0.75537109375 0.5478515625 0.73583984375 0.5791015625
2 0.08251953125 0.626953125 0.12255859375 0.5927734375 0.16748046875 0.56640625 0.2060546875 0.548828125 0.2158203125 0.552734375 0.232421875 0.5439453125 0.2451171875 0.5458984375 0.27294921875 0.533203125 0.2763671875 0.5234375 0.30029296875 0.5234375 0.30126953125 0.5087890625 0.31591796875 0.501953125 0.34130859375 0.4853515625 0.34619140625 0.455078125 0.3916015625 0.4443359375 0.43603515625 0.42578125 0.45068359375 0.421875 0.458984375 0.3984375 0.46923828125 0.40625 0.48828125 0.40625 0.5107421875 0.4150390625 0.54052734375 0.4150390625 0.5791015625 0.4248046875 0.6044921875 0.4462890625 0.71240234375 0.5224609375 0.73876953125 0.529296875 1.0 0.626953125 1.0 0.0 0.0 0.0 0.0 0.6611328125 0.0185546875 0.666015625 0.07568359375 0.6279296875
4 0.5576171875 0.3935546875 0.55859375 0.357421875 0.55712890625 0.357421875 0.55419921875 0.3583984375 0.55322265625 0.3544921875 0.55078125 0.3525390625 0.546875 0.3564453125 0.54296875 0.35546875 0.5380859375 0.3515625 0.5341796875 0.34765625 0.5302734375 0.34375 0.52587890625 0.34375 0.525390625 0.3349609375 0.5234375 0.326171875 0.52197265625 0.318359375 0.52490234375 0.3115234375 0.5234375 0.2978515625 0.5234375 0.2841796875 0.52587890625 0.2802734375 0.52880859375 0.2802734375 0.53173828125 0.279296875 0.53369140625 0.2783203125 0.537109375 0.2734375 0.54052734375 0.2646484375 0.5419921875 0.2578125 0.5439453125 0.255859375 0.54443359375 0.248046875 0.5419921875 0.2412109375 0.54296875 0.23828125 0.54638671875 0.228515625 0.5498046875 0.2177734375 0.55224609375 0.2109375 0.55517578125 0.2041015625 0.55908203125 0.201171875 0.56103515625 0.2001953125 0.5654296875 0.205078125 0.56982421875 0.2099609375 0.57275390625 0.216796875 0.576171875 0.2314453125 0.57763671875 0.2421875 0.5771484375 0.2490234375 0.5791015625 0.2587890625 0.5810546875 0.2587890625 0.58544921875 0.2626953125 0.58544921875 0.2666015625 0.5859375 0.27734375 0.58935546875 0.291015625 0.587890625 0.3515625 0.5859375 0.3505859375 0.58056640625 0.34765625 0.5791015625 0.3388671875 0.5771484375 0.345703125 0.57470703125 0.34765625 0.57177734375 0.3466796875 0.5673828125 0.3466796875 0.56396484375 0.34765625 0.56396484375 0.3515625 0.5615234375 0.357421875 0.56103515625 0.3935546875
4 0.46435546875 0.376953125 0.4638671875 0.400390625 0.46435546875 0.400390625 0.46533203125 0.376953125 0.4658203125 0.375 0.4677734375 0.3720703125 0.46923828125 0.369140625 0.46875 0.36328125 0.46923828125 0.3603515625 0.470703125 0.3564453125 0.47412109375 0.353515625 0.47412109375 0.349609375 0.47216796875 0.3427734375 0.46923828125 0.3369140625 0.46728515625 0.333984375 0.4677734375 0.3271484375 0.4677734375 0.322265625 0.46728515625 0.3193359375 0.46630859375 0.3154296875 0.4658203125 0.3115234375 0.4658203125 0.3095703125 0.46484375 0.3134765625 0.4638671875 0.3203125 0.46337890625 0.3251953125 0.46484375 0.3291015625 0.46435546875 0.3349609375 0.46435546875 0.33984375 0.46240234375 0.341796875 0.4599609375 0.3427734375 0.45947265625 0.3681640625 0.4609375 0.3720703125 0.46240234375 0.3720703125 0.462890625 0.373046875 0.46337890625 0.375
5 0.54541015625 0.3916015625 0.54345703125 0.3916015625 0.541015625 0.39453125 0.53955078125 0.3994140625 0.537109375 0.41015625 0.53564453125 0.41796875 0.53564453125 0.421875 0.53662109375 0.4287109375 0.53857421875 0.4306640625 0.541015625 0.42578125 0.54296875 0.4169921875 0.54443359375 0.408203125 0.546875 0.40234375
5 0.56298828125 0.3916015625 0.556640625 0.3896484375 0.54833984375 0.388671875 0.544921875 0.3896484375 0.54345703125 0.39453125 0.5419921875 0.4013671875 0.54150390625 0.408203125 0.54052734375 0.4169921875 0.53955078125 0.423828125 0.5390625 0.4287109375 0.5390625 0.4345703125 0.541015625 0.4375 0.54345703125 0.4375 0.544921875 0.4345703125 0.54638671875 0.431640625 0.55029296875 0.42578125 0.5537109375 0.4130859375 0.55859375 0.4072265625 0.5615234375 0.404296875 0.5625 0.400390625 0.56298828125 0.3974609375 0.56298828125 0.3955078125
5 0.56689453125 0.4560546875 0.564453125 0.455078125 0.56005859375 0.455078125 0.55810546875 0.4560546875 0.5576171875 0.4619140625 0.55517578125 0.462890625 0.5537109375 0.4619140625 0.55224609375 0.4580078125 0.55224609375 0.4521484375 0.5517578125 0.4482421875 0.55126953125 0.443359375 0.55078125 0.4384765625 0.55029296875 0.4326171875 0.55078125 0.427734375 0.55322265625 0.421875 0.55419921875 0.419921875 0.556640625 0.416015625 0.55859375 0.40625 0.56201171875 0.40625 0.5673828125 0.40625 0.5732421875 0.40625 0.57666015625 0.4072265625 0.5771484375 0.41015625 0.57763671875 0.416015625 0.57177734375 0.427734375 0.56640625 0.4453125 0.56689453125 0.45703125
5 0.60498046875 0.421875 0.5947265625 0.416015625 0.583984375 0.4140625 0.57470703125 0.4130859375 0.56982421875 0.4267578125 0.56689453125 0.4365234375 0.56396484375 0.447265625 0.5634765625 0.4560546875 0.5634765625 0.462890625 0.56298828125 0.4716796875 0.56298828125 0.4775390625 0.56298828125 0.48046875 0.5654296875 0.482421875 0.56640625 0.4814453125 0.568359375 0.484375 0.5693359375 0.4853515625 0.5712890625 0.4853515625 0.57275390625 0.4814453125 0.57421875 0.4794921875 0.5791015625 0.4794921875 0.5810546875 0.4794921875 0.58447265625 0.4794921875 0.587890625 0.48046875 0.59130859375 0.48046875 0.595703125 0.4814453125 0.59814453125 0.4814453125 0.59814453125 0.4853515625 0.6015625 0.4873046875 0.6025390625 0.4892578125 0.60595703125 0.490234375 0.60888671875 0.4892578125 0.609375 0.4765625 0.61181640625 0.46484375 0.6103515625 0.4521484375 0.60791015625 0.4365234375 0.60595703125 0.423828125
5 0.689453125 0.4189453125 0.67626953125 0.4150390625 0.67431640625 0.4111328125 0.67138671875 0.4140625 0.65673828125 0.4111328125 0.6435546875 0.4091796875 0.6337890625 0.4189453125 0.62548828125 0.43359375 0.6220703125 0.443359375 0.62060546875 0.44921875 0.61962890625 0.4501953125 0.61962890625 0.4404296875 0.615234375 0.439453125 0.61083984375 0.4423828125 0.609375 0.44921875 0.61083984375 0.453125 0.61572265625 0.455078125 0.61767578125 0.4560546875 0.61328125 0.462890625 0.60986328125 0.466796875 0.60791015625 0.4736328125 0.6064453125 0.490234375 0.60546875 0.5107421875 0.60595703125 0.5302734375 0.60693359375 0.537109375 0.61181640625 0.5380859375 0.6162109375 0.5380859375 0.61767578125 0.53125 0.6181640625 0.52734375 0.62158203125 0.5283203125 0.62158203125 0.533203125 0.62158203125 0.54296875 0.623046875 0.5478515625 0.62939453125 0.5517578125 0.63427734375 0.5517578125 0.63623046875 0.548828125 0.63720703125 0.5419921875 0.63671875 0.533203125 0.64697265625 0.5361328125 0.6552734375 0.5380859375 0.6591796875 0.5380859375 0.66259765625 0.537109375 0.669921875 0.5380859375 0.6728515625 0.5380859375 0.6728515625 0.5458984375 0.67626953125 0.5478515625 0.681640625 0.548828125 0.68408203125 0.5478515625 0.68505859375 0.54296875 0.69677734375 0.544921875 0.69677734375 0.5498046875 0.6982421875 0.556640625 0.701171875 0.560546875 0.7041015625 0.5615234375 0.7119140625 0.5625 0.71337890625 0.556640625 0.71484375 0.5322265625 0.71728515625 0.5126953125 0.71630859375 0.4912109375 0.7158203125 0.4775390625 0.7099609375 0.453125 0.70458984375 0.4326171875 0.701171875 0.4248046875 0.6982421875 0.4189453125 0.69189453125 0.4169921875 0.6884765625 0.419921875
5 0.93212890625 0.400390625 0.890625 0.39453125 0.88671875 0.3857421875 0.86572265625 0.376953125 0.83984375 0.3779296875 0.8203125 0.384765625 0.80859375 0.3994140625 0.80029296875 0.4072265625 0.7783203125 0.4365234375 0.7646484375 0.4658203125 0.759765625 0.4853515625 0.7578125 0.4853515625 0.7587890625 0.4736328125 0.75830078125 0.4658203125 0.75341796875 0.46484375 0.74609375 0.4658203125 0.740234375 0.4697265625 0.740234375 0.48046875 0.74267578125 0.48828125 0.74609375 0.4921875 0.75244140625 0.4931640625 0.75390625 0.494140625 0.74658203125 0.50390625 0.7373046875 0.5205078125 0.73193359375 0.533203125 0.72802734375 0.55859375 0.7265625 0.587890625 0.7255859375 0.6162109375 0.7255859375 0.6455078125 0.7275390625 0.6591796875 0.72998046875 0.6640625 0.73583984375 0.66796875 0.74365234375 0.6708984375 0.7529296875 0.66796875 0.755859375 0.6572265625 0.7568359375 0.6474609375 0.79443359375 0.6728515625 0.79443359375 0.6904296875 0.79541015625 0.708984375 0.79931640625 0.7314453125 0.80712890625 0.740234375 0.81689453125 0.7451171875 0.82666015625 0.7451171875 0.83349609375 0.7412109375 0.83642578125 0.7265625 0.837890625 0.7158203125 0.83984375 0.7109375 0.849609375 0.7119140625 0.8623046875 0.7109375 0.8759765625 0.7109375 0.90673828125 0.716796875 0.93798828125 0.7216796875 0.9619140625 0.7275390625 0.978515625 0.7333984375 0.97998046875 0.7451171875 0.986328125 0.755859375 0.9921875 0.7626953125 1.0 0.7666015625 1.0 0.4140625 0.9921875 0.4052734375 0.970703125 0.3984375 0.9482421875 0.3984375 0.943359375 0.3984375 0.9453125 0.392578125 0.943359375 0.388671875 0.94140625 0.388671875 0.93896484375 0.392578125 0.9375 0.3974609375 0.9345703125 0.3984375
