0 0.06640625 0.3251953125 0.4287109375 0.341796875 0.65380859375 0.408203125 1.0 0.455078125 0.99951171875 1.0 0.0 1.0 0.0 0.34765625
2 0.3388671875 0.017578125 0.34228515625 0.017578125 0.34423828125 0.0166015625 0.349609375 0.0166015625 0.35107421875 0.0244140625 0.35400390625 0.02734375 0.369140625 0.0263671875 0.3818359375 0.029296875 0.36865234375 0.37109375 0.32568359375 0.3701171875 0.33203125 0.1162109375 0.33203125 0.041015625
2 0.087890625 0.0009765625 0.33642578125 0.0009765625 0.341796875 0.0185546875 0.3486328125 0.0185546875 0.345703125 0.025390625 0.337890625 0.044921875 0.33642578125 0.052734375 0.3369140625 0.0908203125 0.33984375 0.107421875 0.3388671875 0.107421875 0.33935546875 0.126953125 0.34033203125 0.1337890625 0.3408203125 0.1416015625 0.3408203125 0.15234375 0.3388671875 0.1728515625 0.3388671875 0.1826171875 0.33984375 0.1923828125 0.33984375 0.2001953125 0.34033203125 0.2099609375 0.34033203125 0.2197265625 0.33984375 0.2314453125 0.33984375 0.2412109375 0.33984375 0.251953125 0.33984375 0.263671875 0.33984375 0.2783203125 0.33984375 0.287109375 0.33984375 0.296875 0.34033203125 0.302734375 0.34033203125 0.30859375 0.34033203125 0.314453125 0.33837890625 0.3232421875 0.3310546875 0.3291015625 0.33154296875 0.341796875 0.328125 0.40234375 0.31689453125 0.41796875 0.2119140625 0.439453125 0.138671875 0.439453125 0.09326171875 0.4384765625 0.087890625 0.154296875 0.08984375 0.021484375
1 0.341796875 0.38671875 0.34814453125 0.3916015625 0.35205078125 0.400390625 0.35400390625 0.4091796875 0.35400390625 0.416015625 0.34814453125 0.423828125 0.333984375 0.4306640625 0.306640625 0.4404296875 0.2177734375 0.4541015625 0.111328125 0.453125 0.08349609375 0.4541015625 0.08544921875 0.4287109375 0.27001953125 0.41015625 0.32763671875 0.3896484375
1 0.41162109375 0.369140625 0.44677734375 0.390625 0.59033203125 0.4580078125 0.65966796875 0.4765625 0.8232421875 0.4931640625 0.8818359375 0.5009765625 0.9384765625 0.501953125 1.0 0.4951171875 1.0 0.5556640625 0.80078125 0.5537109375 0.66796875 0.55859375 0.59716796875 0.5615234375 0.56884765625 0.5625 0.556640625 0.560546875 0.54296875 0.5556640625 0.4404296875 0.4970703125 0.4033203125 0.474609375 0.39501953125 0.4658203125 0.3955078125 0.4541015625 0.4052734375 0.44140625 0.40966796875 0.42578125 0.4111328125 0.4169921875 0.40625 0.40625 0.39599609375 0.3955078125 0.38818359375 0.3857421875 0.38916015625 0.3740234375
2 0.37255859375 0.0224609375 0.3798828125 0.0009765625 1.0 0.0 1.0 0.541015625 0.77685546875 0.53125 0.626953125 0.5380859375 0.607421875 0.5390625 0.578125 0.521484375 0.52490234375 0.4951171875 0.4755859375 0.4677734375 0.4326171875 0.4189453125 0.42919921875 0.4052734375 0.4267578125 0.3984375 0.42138671875 0.3974609375 0.4189453125 0.3896484375 0.40185546875 0.3837890625 0.392578125 0.3798828125 0.35791015625 0.3720703125 0.3564453125 0.3251953125 0.35498046875 0.30859375 0.3544921875 0.2978515625 0.35498046875 0.2841796875 0.35107421875 0.2734375 0.3544921875 0.26953125 0.35546875 0.263671875 0.35498046875 0.19921875 0.35302734375 0.19921875 0.35302734375 0.1904296875 0.349609375 0.1875 0.35498046875 0.173828125 0.35986328125 0.16015625 0.359375 0.109375 0.3544921875 0.10546875 0.353515625 0.0966796875 0.361328125 0.078125 0.37255859375 0.0546875 0.376953125 0.0458984375 0.37744140625 0.029296875
4 0.59033203125 0.3701171875 0.58935546875 0.357421875 0.58935546875 0.3359375 0.591796875 0.31640625 0.59130859375 0.2998046875 0.59130859375 0.2890625 0.59423828125 0.2724609375 0.59814453125 0.26171875 0.60205078125 0.25 0.6044921875 0.2421875 0.60986328125 0.2421875 0.61474609375 0.240234375 0.62109375 0.2353515625 0.62158203125 0.2255859375 0.6240234375 0.216796875 0.625 0.20703125 0.6259765625 0.2021484375 0.62939453125 0.2021484375 0.63232421875 0.208984375 0.63232421875 0.2197265625 0.6318359375 0.236328125 0.6318359375 0.2421875 0.6318359375 0.2490234375 0.630859375 0.2705078125 0.630859375 0.2861328125 0.630859375 0.3056640625 0.6318359375 0.3193359375 0.63232421875 0.326171875 0.63330078125 0.3408203125 0.62939453125 0.3525390625 0.6201171875 0.353515625 0.61181640625 0.3583984375 0.61083984375 0.373046875 0.61083984375 0.3828125 0.6103515625 0.3935546875 0.60595703125 0.404296875 0.60205078125 0.4052734375 0.5966796875 0.3955078125 0.5927734375 0.3857421875 0.591796875 0.3798828125
1 0.755859375 0.5966796875 0.8515625 0.58984375 0.92333984375 0.5810546875 1.0 0.5791015625 0.998046875 0.9423828125 0.8681640625 0.802734375 0.76318359375 0.69140625 0.71630859375 0.6416015625 0.70751953125 0.6279296875 0.70751953125 0.6181640625 0.712890625 0.607421875 0.72802734375 0.6015625 0.7470703125 0.59765625
4 0.2138671875 0.291015625 0.21826171875 0.2958984375 0.2216796875 0.3037109375 0.2265625 0.30859375 0.23291015625 0.3173828125 0.236328125 0.34375 0.2197265625 0.4423828125 0.21044921875 0.4404296875 0.208984375 0.4365234375 0.208984375 0.419921875 0.208984375 0.4111328125 0.20703125 0.408203125 0.205078125 0.400390625 0.2041015625 0.3896484375 0.2060546875 0.380859375 0.2080078125 0.3720703125 0.2060546875 0.3642578125 0.205078125 0.3486328125 0.20556640625 0.3330078125 0.20849609375 0.3203125 0.2099609375 0.310546875 0.2109375 0.30078125 0.21240234375 0.291015625
1 0.09130859375 0.470703125 0.1376953125 0.4736328125 0.18994140625 0.4814453125 0.2265625 0.4853515625 0.26806640625 0.4970703125 0.28466796875 0.5146484375 0.2939453125 0.5361328125 0.29833984375 0.57421875 0.2958984375 0.5986328125 0.28271484375 0.6416015625 0.24169921875 0.7197265625 0.19140625 0.806640625 0.1142578125 0.953125 0.08935546875 1.0 0.0 1.0 0.0 0.517578125 0.03076171875 0.49609375 0.08251953125 0.474609375
2 0.0 0.0 0.1923828125 0.0009765625 0.1923828125 0.00390625 0.193359375 0.0146484375 0.193359375 0.0244140625 0.19189453125 0.0361328125 0.193359375 0.0439453125 0.1923828125 0.052734375 0.18798828125 0.0595703125 0.18505859375 0.0634765625 0.1826171875 0.07421875 0.1767578125 0.0751953125 0.17236328125 0.0791015625 0.169921875 0.0869140625 0.16796875 0.0947265625 0.16650390625 0.107421875 0.13427734375 0.1171875 0.10693359375 0.1181640625 0.10693359375 0.1552734375 0.1025390625 0.1787109375 0.09765625 0.1787109375 0.0966796875 0.177734375 0.09814453125 0.4912109375 0.09912109375 0.4951171875 0.0791015625 0.5068359375 0.06982421875 0.515625 0.0703125 0.5244140625 0.02490234375 0.5478515625 0.0009765625 0.5576171875
4 0.94921875 0.0341796875 0.94287109375 0.021484375 0.939453125 0.0224609375 0.93359375 0.0224609375 0.9296875 0.01953125 0.9267578125 0.0126953125 0.89892578125 0.0087890625 0.8857421875 0.009765625 0.88232421875 0.0146484375 0.8818359375 0.0205078125 0.88525390625 0.0283203125 0.89404296875 0.033203125 0.896484375 0.0361328125 0.8955078125 0.046875 0.89453125 0.0546875 0.8896484375 0.060546875 0.8837890625 0.060546875 0.875 0.0517578125 0.8720703125 0.044921875 0.86181640625 0.046875 0.8544921875 0.0458984375 0.84765625 0.0419921875 0.841796875 0.0400390625 0.83447265625 0.04296875 0.82763671875 0.048828125 0.81982421875 0.048828125 0.81298828125 0.0458984375 0.80810546875 0.03515625 0.806640625 0.0166015625 0.806640625 0.0 0.99951171875 0.0 1.0 0.1953125 0.9931640625 0.1953125 0.9833984375 0.2001953125 0.9794921875 0.2060546875 0.9755859375 0.2138671875 0.9658203125 0.2177734375 0.95947265625 0.2119140625 0.95703125 0.1962890625 0.95654296875 0.177734375 0.94775390625 0.166015625 0.94140625 0.142578125 0.94091796875 0.09765625
5 0.85107421875 0.4052734375 0.8720703125 0.3974609375 0.90185546875 0.3916015625 0.93994140625 0.392578125 0.96337890625 0.4033203125 0.97021484375 0.419921875 0.9765625 0.4423828125 0.9814453125 0.4658203125 0.91650390625 0.5341796875 0.88671875 0.5341796875 0.87353515625 0.544921875 0.86279296875 0.5576171875 0.8525390625 0.55859375 0.84423828125 0.5595703125 0.83740234375 0.5537109375 0.8310546875 0.544921875 0.82080078125 0.54296875 0.81689453125 0.5458984375 0.81640625 0.546875 0.8115234375 0.552734375 0.80322265625 0.5546875 0.7958984375 0.5546875 0.7939453125 0.5517578125 0.79248046875 0.546875 0.78369140625 0.5439453125 0.77783203125 0.5390625 0.77392578125 0.533203125 0.77490234375 0.505859375 0.77685546875 0.490234375 0.78515625 0.47265625 0.79833984375 0.4609375 0.8134765625 0.4501953125 0.8291015625 0.427734375 0.83837890625 0.416015625 0.8447265625 0.4111328125
4 0.9833984375 0.0556640625 0.9638671875 0.0458984375 0.94921875 0.0302734375 0.93994140625 0.0166015625 0.927734375 0.0 0.9736328125 0.0 0.9775390625 0.0048828125 0.99169921875 0.0185546875 1.0 0.021484375 0.99951171875 0.0625 0.98876953125 0.060546875 0.98681640625 0.05859375
