4 0.68359375 0.3427734375 0.67333984375 0.337890625 0.67333984375 0.3466796875 0.67578125 0.3583984375 0.6845703125 0.353515625
4 0.646484375 0.326171875 0.65185546875 0.322265625 0.662109375 0.3193359375 0.6611328125 0.353515625 0.63623046875 0.3466796875 0.63623046875 0.3447265625 0.64404296875 0.3447265625 0.64501953125 0.33984375 0.646484375 0.3359375
4 0.58740234375 0.32421875 0.5771484375 0.32421875 0.56689453125 0.326171875 0.56787109375 0.3466796875 0.578125 0.3466796875
4 0.041015625 0.2412109375 0.0400390625 0.2255859375 0.04736328125 0.21875 0.0576171875 0.201171875 0.0498046875 0.1728515625 0.0478515625 0.1513671875 0.0517578125 0.1376953125 0.068359375 0.1318359375 0.076171875 0.1279296875 0.0849609375 0.1083984375 0.10205078125 0.1005859375 0.11767578125 0.1005859375 0.1328125 0.111328125 0.142578125 0.1298828125 0.14794921875 0.130859375 0.13623046875 0.111328125 0.138671875 0.0986328125 0.13623046875 0.0869140625 0.142578125 0.076171875 0.1396484375 0.0419921875 0.1494140625 0.0361328125 0.138671875 0.0302734375 0.1494140625 0.0 0.15869140625 0.005859375 0.16552734375 0.009765625 0.18359375 0.0 0.2705078125 0.0029296875 0.26953125 0.16015625 0.26806640625 0.1826171875 0.2734375 0.19921875 0.28076171875 0.1845703125 0.28955078125 0.2001953125 0.28955078125 0.232421875 0.2958984375 0.24609375 0.3076171875 0.251953125 0.30810546875 0.2783203125 0.30078125 0.2939453125 0.28955078125 0.2998046875 0.1376953125 0.2685546875
2 0.39306640625 0.55859375 0.310546875 0.5595703125 0.27197265625 0.5595703125 0.193359375 0.5634765625 0.14697265625 0.5703125 0.07763671875 0.5830078125 0.03955078125 0.58984375 0.0009765625 0.595703125 0.0009765625 0.2255859375 0.10546875 0.2509765625 0.20263671875 0.28125 0.25634765625 0.29296875 0.3232421875 0.3037109375 0.3662109375 0.3125 0.39111328125 0.3046875 0.43359375 0.30078125 0.4365234375 0.2958984375 0.443359375 0.2939453125 0.4599609375 0.29296875 0.47412109375 0.29296875 0.47705078125 0.302734375 0.49755859375 0.3056640625 0.50439453125 0.3125 0.513671875 0.3193359375 0.5400390625 0.322265625 0.541015625 0.2607421875 0.546875 0.263671875 0.5498046875 0.2939453125 0.55078125 0.306640625 0.55224609375 0.3173828125 0.5556640625 0.33203125 0.5556640625 0.3046875 0.55810546875 0.2958984375 0.55859375 0.2783203125 0.56201171875 0.267578125 0.56591796875 0.2802734375 0.56591796875 0.296875 0.56689453125 0.30859375 0.568359375 0.3115234375 0.56884765625 0.326171875 0.56884765625 0.345703125 0.576171875 0.3447265625 0.62890625 0.345703125 0.6630859375 0.3505859375 0.68603515625 0.3525390625 0.68603515625 0.2880859375 0.68115234375 0.283203125 0.68408203125 0.2705078125 0.68603515625 0.2568359375 0.68603515625 0.2431640625 0.6884765625 0.232421875 0.69091796875 0.2119140625 0.68896484375 0.2001953125 0.69287109375 0.1923828125 0.6923828125 0.1767578125 0.6923828125 0.158203125 0.69482421875 0.1513671875 0.69873046875 0.1513671875 0.70166015625 0.1572265625 0.7060546875 0.1630859375 0.71142578125 0.1611328125 0.71826171875 0.1455078125 0.7333984375 0.12109375 0.732421875 0.1064453125 0.73388671875 0.10546875 0.73583984375 0.119140625 0.73779296875 0.1279296875 0.7431640625 0.1298828125 0.7431640625 0.1083984375 0.74951171875 0.10546875 0.751953125 0.1240234375 0.75439453125 0.0419921875 0.76025390625 0.0419921875 0.76220703125 0.048828125 0.78076171875 0.0498046875 0.78076171875 0.03515625 0.79052734375 0.0166015625 0.80126953125 0.029296875 0.802734375 0.0390625 0.80517578125 0.041015625 0.80712890625 0.025390625 0.8203125 0.021484375 0.82275390625 0.00390625 1.0 0.00390625 0.9970703125 0.412109375 0.7939453125 0.419921875 0.77734375 0.4072265625 0.6279296875 0.412109375 0.43115234375 0.4091796875 0.392578125 0.4130859375
0 1.00048828125 1.0 0.99951171875 0.3974609375 0.99951171875 0.8544921875 1.0 0.3876953125 0.0 0.5595703125 0.00048828125 0.9990234375 0.001953125 0.9990234375 0.99951171875 0.998046875
1 0.8701171875 0.62890625 0.84033203125 0.5732421875 0.83056640625 0.5478515625 0.82958984375 0.505859375 0.84228515625 0.4921875 0.8583984375 0.4765625 0.884765625 0.4697265625 0.90625 0.470703125 0.962890625 0.4453125 0.99755859375 0.439453125 1.0 0.7705078125
3 0.43115234375 0.41015625 0.50634765625 0.41015625 0.6455078125 0.4111328125 0.7197265625 0.4072265625 0.77490234375 0.4033203125 0.78662109375 0.4072265625 0.787109375 0.447265625 0.71435546875 0.4638671875 0.669921875 0.474609375 0.6298828125 0.4873046875 0.587890625 0.5029296875 0.55810546875 0.513671875 0.5166015625 0.5322265625 0.46826171875 0.5595703125 0.4326171875 0.58203125
1 0.25390625 0.8466796875 0.357421875 0.73046875 0.4296875 0.66015625 0.47021484375 0.6171875 0.30029296875 0.609375 0.19482421875 0.6826171875 0.119140625 0.7451171875 0.05322265625 0.7978515625 0.24462890625 0.822265625
5 0.84130859375 0.466796875 0.845703125 0.466796875 0.84814453125 0.4580078125 0.8515625 0.4560546875 0.853515625 0.462890625 0.85693359375 0.46484375 0.85693359375 0.423828125 0.85498046875 0.419921875 0.8583984375 0.419921875 0.85693359375 0.41015625 0.85009765625 0.41015625 0.845703125 0.39453125 0.837890625 0.39453125 0.837890625 0.421875 0.837890625 0.4267578125
5 0.8671875 0.3603515625 0.8798828125 0.3583984375 0.880859375 0.3564453125 0.888671875 0.3564453125 0.89013671875 0.3583984375 0.9013671875 0.3603515625 0.908203125 0.36328125 0.9072265625 0.369140625 0.9072265625 0.3759765625 0.9072265625 0.380859375 0.91064453125 0.3994140625 0.90478515625 0.423828125 0.85498046875 0.419921875 0.85595703125 0.4033203125 0.8603515625 0.3759765625
4 0.62939453125 0.3193359375 0.62451171875 0.3173828125 0.62109375 0.3173828125 0.61328125 0.3154296875 0.61328125 0.3173828125 0.6201171875 0.3310546875 0.62109375 0.3466796875 0.63134765625 0.3466796875 0.63134765625 0.337890625 0.6328125 0.3291015625
