0 0.0166015625 0.490234375 0.4912109375 0.392578125 0.59912109375 0.375 1.0 0.4794921875 1.0 1.0 0.0 1.0 0.0 0.4931640625
1 0.06982421875 0.6806640625 0.24853515625 0.5791015625 0.33984375 0.5234375 0.39599609375 0.490234375 0.41015625 0.482421875 0.41015625 0.4775390625 0.36279296875 0.4736328125 0.34765625 0.466796875 0.0 0.5771484375 0.0 0.7216796875 0.0029296875 0.71875
1 0.3828125 0.46484375 0.40087890625 0.4697265625 0.42822265625 0.47265625 0.43603515625 0.4677734375 0.4619140625 0.4521484375 0.4736328125 0.44140625 0.47216796875 0.4375 0.46875 0.4267578125
1 0.96484375 0.9140625 0.71337890625 0.6494140625 0.56494140625 0.490234375 0.63134765625 0.4716796875 0.75048828125 0.517578125 0.83544921875 0.4873046875 1.0 0.556640625 1.0 0.9736328125 0.9951171875 0.953125
1 0.58203125 0.4482421875 0.5498046875 0.4658203125 0.54443359375 0.466796875 0.51123046875 0.435546875 0.48974609375 0.435546875 0.48828125 0.4326171875 0.587890625 0.4248046875
2 0.501953125 0.3193359375 0.501953125 0.3408203125 0.5068359375 0.3349609375 0.51708984375 0.3330078125 0.5166015625 0.3115234375 0.5341796875 0.3095703125 0.5458984375 0.3173828125 0.5439453125 0.3974609375 0.54052734375 0.42578125 0.51708984375 0.42578125 0.47900390625 0.4267578125 0.470703125 0.42578125 0.4638671875 0.3330078125 0.47900390625 0.31640625 0.48681640625 0.3212890625
4 0.4912109375 0.3388671875 0.48291015625 0.3310546875 0.474609375 0.3251953125 0.46630859375 0.3447265625 0.47265625 0.4189453125 0.47998046875 0.421875 0.48828125 0.4306640625 0.4951171875 0.43359375 0.501953125 0.431640625 0.5126953125 0.43359375 0.5185546875 0.43359375 0.525390625 0.4296875 0.5302734375 0.4228515625 0.53173828125 0.435546875 0.5419921875 0.4326171875 0.5439453125 0.4150390625 0.54052734375 0.4013671875 0.5390625 0.3984375 0.5380859375 0.375 0.5390625 0.36328125 0.53955078125 0.3359375 0.53857421875 0.3271484375 0.5361328125 0.3212890625 0.53076171875 0.3125 0.52392578125 0.3134765625 0.52294921875 0.33203125 0.52099609375 0.3447265625 0.51708984375 0.36328125 0.51708984375 0.353515625 0.51171875 0.3427734375 0.50341796875 0.3447265625 0.4990234375 0.34375
4 0.4521484375 0.056640625 0.4619140625 0.0771484375 0.47021484375 0.078125 0.4765625 0.0849609375 0.47998046875 0.1064453125 0.48486328125 0.12109375 0.48876953125 0.1396484375 0.494140625 0.1474609375 0.4951171875 0.1650390625 0.49755859375 0.177734375 0.50146484375 0.177734375 0.5029296875 0.1943359375 0.5009765625 0.203125 0.49658203125 0.2177734375 0.494140625 0.2314453125 0.48974609375 0.2607421875 0.4912109375 0.26171875 0.49609375 0.2705078125 0.498046875 0.294921875 0.49267578125 0.306640625 0.4873046875 0.3173828125 0.48095703125 0.3359375 0.48291015625 0.341796875 0.47900390625 0.3564453125 0.47802734375 0.376953125 0.47509765625 0.3984375 0.4638671875 0.4111328125 0.451171875 0.4111328125 0.42431640625 0.4052734375 0.3740234375 0.451171875 0.2314453125 0.4541015625 0.0 0.306640625 0.0 0.0205078125 0.00146484375 0.0166015625 0.01123046875 0.0078125 0.03564453125 0.0 0.07177734375 0.0 0.07421875 0.0068359375 0.07861328125 0.0166015625 0.09521484375 0.005859375 0.10107421875 0.015625 0.1083984375 0.0341796875 0.1259765625 0.0517578125 0.13916015625 0.0908203125 0.142578125 0.0888671875 0.1396484375 0.06640625 0.12939453125 0.044921875 0.12158203125 0.0205078125 0.123046875 0.01171875 0.134765625 0.017578125 0.1279296875 0.0 0.39990234375 0.0 0.412109375 0.0009765625 0.419921875 0.0009765625 0.427734375 0.0029296875 0.4345703125 0.0068359375 0.43896484375 0.017578125 0.44775390625 0.0380859375 0.44775390625 0.0458984375
5 0.37548828125 0.421875 0.37939453125 0.4326171875 0.3818359375 0.439453125 0.3818359375 0.4501953125 0.38232421875 0.4638671875 0.3818359375 0.4677734375 0.380859375 0.4697265625 0.37841796875 0.470703125 0.37451171875 0.474609375 0.37353515625 0.4736328125 0.37255859375 0.4677734375 0.36376953125 0.46875 0.35009765625 0.46875 0.353515625 0.44921875 0.35693359375 0.423828125 0.3603515625 0.41796875 0.3681640625 0.4169921875
4 0.58447265625 0.033203125 0.59130859375 0.00390625 0.6044921875 0.0 0.61669921875 0.0 0.6123046875 0.01953125 0.60595703125 0.0380859375 0.59521484375 0.05859375 0.58837890625 0.0458984375 0.5849609375 0.0400390625
2 0.544921875 0.275390625 0.5419921875 0.2763671875 0.53564453125 0.3017578125 0.53564453125 0.3076171875 0.533203125 0.3115234375 0.53466796875 0.3291015625 0.53662109375 0.328125 0.53662109375 0.3330078125 0.53515625 0.333984375 0.5341796875 0.353515625 0.537109375 0.3564453125 0.537109375 0.361328125 0.5341796875 0.3681640625 0.53564453125 0.3779296875 0.537109375 0.380859375 0.537109375 0.40234375 0.54052734375 0.427734375 0.61181640625 0.439453125 0.62353515625 0.4453125 0.63427734375 0.443359375 0.6572265625 0.4541015625 0.73193359375 0.4140625 0.7529296875 0.3994140625 0.73388671875 0.0 0.60546875 0.0 0.60595703125 0.0 0.59716796875 0.009765625 0.595703125 0.0576171875 0.595703125 0.064453125 0.5810546875 0.064453125 0.58056640625 0.103515625 0.576171875 0.103515625 0.57470703125 0.125 0.5751953125 0.126953125 0.57080078125 0.1279296875 0.57080078125 0.146484375 0.56298828125 0.1474609375 0.56298828125 0.173828125 0.56005859375 0.1806640625 0.552734375 0.1826171875 0.55712890625 0.19140625 0.556640625 0.216796875 0.556640625 0.21875 0.55126953125 0.224609375 0.541015625 0.2666015625
4 0.58447265625 0.3896484375 0.5751953125 0.384765625 0.56298828125 0.384765625 0.5576171875 0.3857421875 0.55126953125 0.3916015625 0.546875 0.3994140625 0.5419921875 0.4033203125 0.53564453125 0.4033203125 0.5322265625 0.412109375 0.5302734375 0.42578125 0.53271484375 0.4345703125 0.5439453125 0.431640625 0.55712890625 0.43359375 0.5693359375 0.43359375 0.5849609375 0.4345703125 0.58740234375 0.4208984375 0.5888671875 0.4033203125
5 0.607421875 0.384765625 0.60986328125 0.3857421875 0.61328125 0.412109375 0.615234375 0.4296875 0.6142578125 0.4423828125 0.6142578125 0.4462890625 0.60791015625 0.4501953125 0.60595703125 0.447265625 0.58935546875 0.4482421875 0.5869140625 0.4501953125 0.583984375 0.453125 0.58056640625 0.4501953125 0.580078125 0.4404296875 0.580078125 0.4296875 0.5810546875 0.4150390625 0.58251953125 0.3916015625 0.58642578125 0.3876953125
2 0.7275390625 0.3916015625 0.72509765625 0.2783203125 0.71875 0.2734375 0.71484375 0.2666015625 0.7138671875 0.259765625 0.7109375 0.2548828125 0.70947265625 0.2138671875 0.70703125 0.1962890625 0.7080078125 0.1923828125 0.70703125 0.1103515625 0.70556640625 0.02734375 0.701171875 0.0185546875 0.70458984375 0.0107421875 0.705078125 0.0 1.0 0.0 1.0 0.5244140625 0.8623046875 0.48828125 0.79638671875 0.4677734375 0.76220703125 0.462890625 0.73828125 0.455078125 0.73193359375 0.4501953125
5 0.65966796875 0.408203125 0.65673828125 0.41796875 0.6552734375 0.4306640625 0.6533203125 0.453125 0.65478515625 0.466796875 0.65576171875 0.478515625 0.658203125 0.486328125 0.662109375 0.490234375 0.66650390625 0.486328125 0.66796875 0.4814453125 0.66845703125 0.478515625 0.68798828125 0.4736328125 0.69140625 0.4775390625 0.6943359375 0.4794921875 0.69873046875 0.4765625 0.69921875 0.4716796875 0.703125 0.4716796875 0.70556640625 0.4794921875 0.71142578125 0.4833984375 0.71435546875 0.48046875 0.71630859375 0.46875 0.7158203125 0.4658203125 0.734375 0.4638671875 0.73583984375 0.4697265625 0.74267578125 0.470703125 0.74462890625 0.453125 0.74462890625 0.4423828125 0.7431640625 0.4287109375 0.7353515625 0.4111328125 0.73681640625 0.4052734375 0.736328125 0.40234375 0.73388671875 0.4013671875 0.72998046875 0.40234375 0.72314453125 0.38671875 0.7138671875 0.37890625 0.69921875 0.37890625 0.67919921875 0.3828125 0.666015625 0.3896484375 0.66015625 0.400390625
4 0.81298828125 0.5302734375 0.81396484375 0.5048828125 0.798828125 0.4921875 0.794921875 0.46484375 0.7890625 0.4228515625 0.78759765625 0.3740234375 0.78662109375 0.3486328125 0.80224609375 0.3447265625 0.8154296875 0.3388671875 0.83447265625 0.3369140625 0.85595703125 0.3203125 0.86865234375 0.31640625 0.888671875 0.310546875 0.8984375 0.302734375 0.89501953125 0.265625 0.88671875 0.2353515625 0.88134765625 0.2353515625 0.87890625 0.224609375 0.876953125 0.208984375 0.87451171875 0.1845703125 0.86376953125 0.1826171875 0.86474609375 0.16015625 0.86376953125 0.1552734375 0.85107421875 0.140625 0.84912109375 0.1259765625 0.8671875 0.1201171875 0.875 0.140625 0.88330078125 0.140625 0.8740234375 0.12109375 0.88525390625 0.11328125 0.89306640625 0.1142578125 0.88427734375 0.1025390625 0.86865234375 0.0927734375 0.8720703125 0.0751953125 0.89208984375 0.0751953125 0.9033203125 0.09765625 0.91650390625 0.0869140625 0.93310546875 0.0810546875 0.9404296875 0.07421875 0.9248046875 0.0751953125 0.91748046875 0.0517578125 0.91943359375 0.0244140625 0.9345703125 0.017578125 0.94384765625 0.05078125 0.9560546875 0.04296875 0.947265625 0.0146484375 0.9423828125 0.0 1.0 0.0 1.0 0.5947265625 0.9990234375 0.607421875 0.88232421875 0.560546875 0.84912109375 0.5419921875 0.82958984375 0.544921875
5 0.478515625 0.443359375 0.4765625 0.439453125 0.4765625 0.4326171875 0.47900390625 0.42578125 0.48046875 0.4248046875 0.484375 0.423828125 0.48779296875 0.42578125 0.490234375 0.42578125 0.4912109375 0.43359375 0.49169921875 0.439453125 0.49072265625 0.44140625 0.48974609375 0.443359375 0.48828125 0.443359375 0.4853515625 0.44140625
