0 0.54736328125 0.373046875 1.0 0.4150390625 1.0 1.0 0.0 1.0 0.0 0.41796875
1 0.0234375 0.56640625 0.060546875 0.564453125 0.0849609375 0.560546875 0.1025390625 0.5458984375 0.10595703125 0.5126953125 0.0 0.5068359375 0.0 0.5615234375 0.0 0.5654296875 0.0078125 0.56640625
2 0.4775390625 0.1171875 0.5048828125 0.0673828125 0.52490234375 0.0654296875 0.5302734375 0.0673828125 0.54345703125 0.07421875 0.5439453125 0.0712890625 0.54736328125 0.0712890625 0.548828125 0.072265625 0.548828125 0.076171875 0.578125 0.087890625 0.5869140625 0.1015625 0.59814453125 0.1181640625 0.61328125 0.353515625 0.60546875 0.42578125 0.5830078125 0.4248046875 0.56884765625 0.4326171875 0.55224609375 0.4306640625 0.5224609375 0.4306640625 0.5048828125 0.4287109375 0.48095703125 0.42578125 0.45751953125 0.423828125 0.45751953125 0.146484375 0.46533203125 0.12109375 0.47021484375 0.1201171875
1 0.34130859375 0.4970703125 0.3603515625 0.490234375 0.37451171875 0.4853515625 0.390625 0.4765625 0.455078125 0.47265625 0.4697265625 0.45703125 0.46240234375 0.453125 0.38037109375 0.453125 0.296875 0.45703125 0.30712890625 0.50390625 0.32666015625 0.5048828125 0.33544921875 0.5009765625
2 0.41552734375 0.0234375 0.43701171875 0.0634765625 0.439453125 0.0654296875 0.4501953125 0.0654296875 0.45263671875 0.0615234375 0.45556640625 0.0634765625 0.45947265625 0.06640625 0.46240234375 0.0654296875 0.462890625 0.0849609375 0.46337890625 0.091796875 0.46240234375 0.1025390625 0.462890625 0.1064453125 0.4697265625 0.111328125 0.47021484375 0.1416015625 0.47119140625 0.1689453125 0.47119140625 0.1865234375 0.47216796875 0.208984375 0.4716796875 0.2646484375 0.47216796875 0.298828125 0.47216796875 0.3408203125 0.47412109375 0.408203125 0.4716796875 0.4404296875 0.45947265625 0.453125 0.3564453125 0.458984375 0.2939453125 0.4697265625 0.021484375 0.478515625 0.0 0.4716796875 0.0 0.0 0.40771484375 0.0 0.40869140625 0.0029296875 0.40966796875 0.0126953125 0.412109375 0.0166015625
4 0.1083984375 0.0068359375 0.1064453125 0.0166015625 0.10546875 0.0283203125 0.10546875 0.041015625 0.1044921875 0.0537109375 0.099609375 0.0703125 0.0947265625 0.076171875 0.09375 0.0830078125 0.0986328125 0.0791015625 0.10302734375 0.0869140625 0.09912109375 0.1015625 0.09326171875 0.115234375 0.08642578125 0.1279296875 0.0947265625 0.1259765625 0.10400390625 0.109375 0.11328125 0.1005859375 0.11962890625 0.0986328125 0.12548828125 0.1025390625 0.126953125 0.1123046875 0.1181640625 0.1240234375 0.119140625 0.1298828125 0.12158203125 0.13671875 0.130859375 0.1181640625 0.1376953125 0.109375 0.15185546875 0.0966796875 0.1572265625 0.111328125 0.15771484375 0.126953125 0.15283203125 0.13671875 0.13916015625 0.1455078125 0.1298828125 0.1552734375 0.12890625 0.173828125 0.12353515625 0.185546875 0.12451171875 0.193359375 0.1318359375 0.193359375 0.1357421875 0.197265625 0.13623046875 0.208984375 0.12841796875 0.2177734375 0.12841796875 0.2265625 0.1328125 0.2314453125 0.1240234375 0.25 0.1181640625 0.25390625 0.1298828125 0.2509765625 0.13720703125 0.2607421875 0.130859375 0.2744140625 0.12353515625 0.2783203125 0.11376953125 0.2841796875 0.1064453125 0.2978515625 0.099609375 0.298828125 0.0927734375 0.2939453125 0.0859375 0.294921875 0.07763671875 0.2919921875 0.0693359375 0.287109375 0.06982421875 0.2939453125 0.06884765625 0.3037109375 0.06298828125 0.3046875 0.05810546875 0.29296875 0.0517578125 0.29296875 0.0400390625 0.29296875 0.02734375 0.2919921875 0.0185546875 0.29296875 0.01171875 0.3037109375 0.00341796875 0.3037109375 0.00341796875 0.28515625 0.0048828125 0.2744140625 0.0 0.26953125 0.0 0.0 0.11181640625 0.0
1 0.64013671875 0.4716796875 0.62841796875 0.4697265625 0.62158203125 0.466796875 0.61474609375 0.4609375 0.60791015625 0.453125 0.60107421875 0.443359375 0.5947265625 0.4296875 0.62060546875 0.4189453125 0.654296875 0.4306640625 0.7138671875 0.431640625 0.771484375 0.4365234375 0.75830078125 0.4599609375 0.7158203125 0.4697265625 0.68408203125 0.474609375 0.6533203125 0.47265625
1 0.654296875 0.4892578125 0.67236328125 0.50390625 0.69873046875 0.5185546875 0.7158203125 0.52734375 0.7451171875 0.5341796875 0.7998046875 0.541015625 0.8544921875 0.5439453125 0.92138671875 0.5458984375 0.9736328125 0.546875 1.0 0.546875 1.0 0.546875 1.0 0.4794921875 0.9453125 0.470703125 0.7578125 0.4677734375 0.7451171875 0.4658203125 0.7001953125 0.4755859375 0.666015625 0.4794921875 0.65185546875 0.48046875 0.6494140625 0.484375 0.65185546875 0.4873046875
4 0.5927734375 0.296875 0.58984375 0.3056640625 0.59375 0.3173828125 0.59130859375 0.3193359375 0.58544921875 0.3173828125 0.587890625 0.3291015625 0.58837890625 0.337890625 0.5869140625 0.3427734375 0.58251953125 0.3447265625 0.58349609375 0.3564453125 0.58203125 0.3642578125 0.5810546875 0.375 0.58740234375 0.3837890625 0.60009765625 0.380859375 0.6025390625 0.3447265625 0.6005859375 0.3056640625
2 0.5947265625 0.2197265625 0.595703125 0.3623046875 0.5966796875 0.376953125 0.59765625 0.42578125 0.60986328125 0.43359375 0.61767578125 0.4375 0.61767578125 0.4501953125 0.62109375 0.455078125 0.63037109375 0.4599609375 0.6396484375 0.4609375 0.64599609375 0.4638671875 0.6552734375 0.46484375 0.66162109375 0.4619140625 0.666015625 0.45703125 0.67724609375 0.453125 0.6904296875 0.453125 0.7041015625 0.455078125 0.7080078125 0.458984375 0.7177734375 0.45703125 0.73193359375 0.45703125 0.74462890625 0.4580078125 0.84228515625 0.4580078125 1.0 0.4609375 1.0 0.4599609375 1.0 0.0 0.61376953125 0.0 0.61328125 0.0029296875 0.61328125 0.015625 0.6142578125 0.0302734375 0.6025390625 0.0859375 0.59619140625 0.1142578125 0.587890625 0.1484375 0.587890625 0.1552734375 0.59326171875 0.15625 0.59423828125 0.1591796875
4 0.49951171875 0.4169921875 0.5 0.3876953125 0.49853515625 0.38671875 0.49609375 0.3857421875 0.4951171875 0.3818359375 0.49169921875 0.3837890625 0.486328125 0.384765625 0.48193359375 0.3818359375 0.47607421875 0.380859375 0.47265625 0.380859375 0.46923828125 0.375 0.470703125 0.36328125 0.4736328125 0.3544921875 0.47607421875 0.3505859375 0.47607421875 0.345703125 0.4765625 0.33984375 0.48095703125 0.3359375 0.482421875 0.32421875 0.48681640625 0.3212890625 0.48974609375 0.3193359375 0.4873046875 0.3154296875 0.48974609375 0.3046875 0.48828125 0.30078125 0.4853515625 0.296875 0.48876953125 0.2861328125 0.49169921875 0.275390625 0.4970703125 0.26953125 0.49755859375 0.26171875 0.4990234375 0.255859375 0.50146484375 0.2578125 0.50244140625 0.263671875 0.5078125 0.263671875 0.50830078125 0.26953125 0.50634765625 0.2802734375 0.51025390625 0.279296875 0.51025390625 0.2900390625 0.51171875 0.294921875 0.51318359375 0.296875 0.5166015625 0.2958984375 0.51806640625 0.30078125 0.52001953125 0.3115234375 0.5185546875 0.3173828125 0.515625 0.3212890625 0.517578125 0.322265625 0.51806640625 0.330078125 0.51806640625 0.333984375 0.52001953125 0.328125 0.52197265625 0.33203125 0.52197265625 0.3388671875 0.5244140625 0.3359375 0.52490234375 0.34375 0.52490234375 0.3486328125 0.52587890625 0.3544921875 0.52587890625 0.359375 0.52783203125 0.3583984375 0.53173828125 0.359375 0.53076171875 0.3671875 0.52783203125 0.3759765625 0.52783203125 0.3837890625 0.52587890625 0.3876953125 0.51904296875 0.3876953125 0.51416015625 0.384765625 0.50732421875 0.3857421875 0.501953125 0.3837890625 0.5009765625 0.4208984375
5 0.51025390625 0.4189453125 0.51171875 0.4208984375 0.51171875 0.4248046875 0.50927734375 0.4287109375 0.50927734375 0.4306640625 0.50927734375 0.435546875 0.50732421875 0.435546875 0.5048828125 0.435546875 0.50390625 0.4306640625 0.50048828125 0.4296875 0.49755859375 0.4306640625 0.49609375 0.4306640625 0.49609375 0.43359375 0.49462890625 0.435546875 0.490234375 0.4306640625 0.48974609375 0.421875 0.49072265625 0.4150390625 0.49365234375 0.4130859375 0.4970703125 0.412109375 0.50146484375 0.412109375 0.5048828125 0.4140625 0.50732421875 0.4169921875
5 0.484375 0.416015625 0.486328125 0.416015625 0.4892578125 0.416015625 0.49169921875 0.4169921875 0.4921875 0.4208984375 0.4931640625 0.4267578125 0.49365234375 0.4345703125 0.49365234375 0.4375 0.49169921875 0.4375 0.48974609375 0.435546875 0.48779296875 0.4345703125 0.482421875 0.4345703125 0.4814453125 0.4248046875
5 0.4814453125 0.41796875 0.478515625 0.4140625 0.47412109375 0.4130859375 0.4697265625 0.412109375 0.46875 0.412109375 0.46826171875 0.41796875 0.46875 0.4228515625 0.47314453125 0.4267578125 0.4794921875 0.423828125
5 0.4873046875 0.44140625 0.486328125 0.4453125 0.48291015625 0.4453125 0.48193359375 0.44140625 0.47509765625 0.4423828125 0.470703125 0.4423828125 0.46923828125 0.4443359375 0.46875 0.4365234375 0.46875 0.4248046875 0.470703125 0.419921875 0.47314453125 0.4169921875 0.4755859375 0.4169921875 0.47900390625 0.4169921875 0.48095703125 0.4169921875 0.4833984375 0.4189453125 0.48583984375 0.4228515625 0.486328125 0.4287109375 0.486328125 0.43359375
4 0.2763671875 0.4267578125 0.2744140625 0.4033203125 0.2734375 0.3818359375 0.27099609375 0.3662109375 0.2705078125 0.3544921875 0.26708984375 0.3466796875 0.26318359375 0.3505859375 0.2626953125 0.33203125 0.26171875 0.3232421875 0.2568359375 0.3232421875 0.251953125 0.330078125 0.25244140625 0.3466796875 0.25244140625 0.3603515625 0.244140625 0.365234375 0.23876953125 0.3623046875 0.23583984375 0.365234375 0.23193359375 0.36328125 0.232421875 0.3544921875 0.22802734375 0.3486328125 0.22265625 0.3564453125 0.2060546875 0.36328125 0.16943359375 0.369140625 0.166015625 0.361328125 0.158203125 0.3623046875 0.15234375 0.3671875 0.14404296875 0.3671875 0.1357421875 0.369140625 0.1298828125 0.37890625 0.12646484375 0.3857421875 0.12451171875 0.3916015625 0.12060546875 0.390625 0.11767578125 0.396484375 0.11865234375 0.40625 0.11474609375 0.40625 0.111328125 0.4169921875 0.111328125 0.4267578125 0.109375 0.4365234375 0.11083984375 0.44921875 0.1357421875 0.4736328125 0.15625 0.51171875 0.2509765625 0.4873046875
4 0.244140625 0.3857421875 0.240234375 0.291015625 0.2333984375 0.2900390625 0.22998046875 0.2880859375 0.22607421875 0.29296875 0.21923828125 0.294921875 0.21337890625 0.298828125 0.212890625 0.3056640625 0.201171875 0.302734375 0.1962890625 0.2978515625 0.18798828125 0.294921875 0.1767578125 0.283203125 0.1650390625 0.2412109375 0.1611328125 0.2236328125 0.15380859375 0.203125 0.1513671875 0.1806640625 0.15087890625 0.1484375 0.15283203125 0.1435546875 0.15966796875 0.1474609375 0.16259765625 0.140625 0.154296875 0.1064453125 0.15869140625 0.1005859375 0.16259765625 0.1083984375 0.15673828125 0.0810546875 0.15771484375 0.0693359375 0.16796875 0.080078125 0.16650390625 0.0673828125 0.16259765625 0.0546875 0.16455078125 0.0478515625 0.16796875 0.052734375 0.166015625 0.0322265625 0.16796875 0.0283203125 0.173828125 0.0322265625 0.17822265625 0.03125 0.17529296875 0.01953125 0.17919921875 0.01953125 0.1865234375 0.02734375 0.18701171875 0.015625 0.18994140625 0.0107421875 0.18212890625 0.0 0.1826171875 0.0 0.31494140625 0.0 0.314453125 0.0048828125 0.3125 0.0205078125 0.3095703125 0.03515625 0.31103515625 0.041015625 0.31298828125 0.044921875 0.3125 0.05078125 0.3154296875 0.0546875 0.3115234375 0.068359375 0.31201171875 0.0830078125 0.31103515625 0.0966796875 0.31201171875 0.103515625 0.31591796875 0.1044921875 0.31640625 0.123046875 0.31884765625 0.123046875 0.322265625 0.125 0.3095703125 0.1494140625 0.31103515625 0.15625 0.32421875 0.142578125 0.3271484375 0.1455078125 0.3251953125 0.1591796875 0.326171875 0.171875 0.3232421875 0.185546875 0.3232421875 0.1962890625 0.32421875 0.2041015625 0.3330078125 0.1962890625 0.33642578125 0.1962890625 0.33740234375 0.2041015625 0.33447265625 0.2138671875 0.33447265625 0.220703125 0.33154296875 0.2265625 0.33251953125 0.2333984375 0.33740234375 0.2373046875 0.33642578125 0.24609375 0.32275390625 0.255859375 0.3251953125 0.2607421875 0.33203125 0.263671875 0.33251953125 0.2724609375 0.3291015625 0.2841796875 0.3251953125 0.29296875 0.3212890625 0.302734375 0.31689453125 0.30859375 0.3056640625 0.3125 0.2919921875 0.306640625 0.28271484375 0.302734375 0.2744140625 0.3017578125 0.26318359375 0.296875 0.2568359375 0.2880859375 0.2548828125 0.298828125 0.24658203125 0.30078125 0.25146484375 0.40234375 0.2451171875 0.4072265625
4 0.01171875 0.4560546875 0.05322265625 0.4560546875 0.06787109375 0.4560546875 0.09033203125 0.4560546875 0.1103515625 0.4580078125 0.14404296875 0.4580078125 0.1435546875 0.525390625 0.09423828125 0.5185546875 0.0771484375 0.517578125 0.0556640625 0.5205078125 0.03125 0.5224609375 0.0068359375 0.5224609375 0.0 0.5224609375 0.0 0.4541015625 0.0 0.4560546875
5 0.18798828125 0.6328125 0.18310546875 0.62890625 0.17626953125 0.6083984375 0.1748046875 0.58984375 0.11865234375 0.578125 0.11865234375 0.583984375 0.1171875 0.5927734375 0.11376953125 0.6015625 0.107421875 0.6025390625 0.09228515625 0.6025390625 0.0869140625 0.5986328125 0.0810546875 0.5869140625 0.07763671875 0.5634765625 0.07763671875 0.5458984375 0.07861328125 0.53125 0.08154296875 0.51953125 0.08203125 0.509765625 0.083984375 0.4951171875 0.0849609375 0.490234375 0.09130859375 0.482421875 0.0966796875 0.4775390625 0.1064453125 0.470703125 0.11767578125 0.462890625 0.1171875 0.4619140625 0.10986328125 0.4599609375 0.107421875 0.455078125 0.107421875 0.4482421875 0.1103515625 0.443359375 0.1142578125 0.439453125 0.12060546875 0.439453125 0.123046875 0.44140625 0.12353515625 0.4482421875 0.1259765625 0.439453125 0.1298828125 0.4326171875 0.13720703125 0.421875 0.14453125 0.4111328125 0.1533203125 0.4013671875 0.162109375 0.3955078125 0.18505859375 0.3896484375 0.189453125 0.3876953125 0.20263671875 0.3857421875 0.21923828125 0.3857421875 0.23876953125 0.3876953125 0.2568359375 0.388671875 0.2724609375 0.392578125 0.28662109375 0.3955078125 0.29833984375 0.3955078125 0.3056640625 0.404296875 0.3134765625 0.421875 0.32421875 0.4443359375 0.328125 0.4541015625 0.33056640625 0.45703125 0.333984375 0.478515625 0.3349609375 0.5048828125 0.3349609375 0.5146484375 0.33447265625 0.5185546875 0.3359375 0.521484375 0.33642578125 0.546875 0.3349609375 0.55859375 0.33056640625 0.5712890625 0.328125 0.578125 0.32763671875 0.5849609375 0.3251953125 0.5986328125 0.3212890625 0.607421875 0.31787109375 0.6142578125 0.310546875 0.615234375 0.30029296875 0.6162109375 0.29443359375 0.6083984375 0.2919921875 0.6005859375 0.291015625 0.59375 0.28662109375 0.5947265625 0.279296875 0.5927734375 0.27783203125 0.5908203125 0.26171875 0.591796875 0.259765625 0.5947265625 0.25390625 0.595703125 0.24658203125 0.595703125 0.24267578125 0.5947265625 0.23388671875 0.5947265625 0.224609375 0.5986328125 0.2197265625 0.599609375 0.21826171875 0.609375 0.21484375 0.623046875 0.2099609375 0.6318359375 0.20068359375 0.6318359375
5 0.57958984375 0.4091796875 0.58154296875 0.4150390625 0.58203125 0.421875 0.58056640625 0.431640625 0.56884765625 0.4287109375 0.5654296875 0.4150390625 0.56787109375 0.4091796875 0.5712890625 0.408203125 0.57666015625 0.408203125
5 0.58349609375 0.4169921875 0.5859375 0.41796875 0.587890625 0.4208984375 0.58935546875 0.423828125 0.5908203125 0.4287109375 0.591796875 0.4267578125 0.5927734375 0.4267578125 0.59375 0.4287109375 0.59375 0.4296875 0.59228515625 0.4296875 0.591796875 0.4306640625 0.59375 0.43359375 0.59521484375 0.439453125 0.59521484375 0.4482421875 0.59423828125 0.45703125 0.59033203125 0.4580078125 0.587890625 0.4580078125 0.58740234375 0.455078125 0.587890625 0.4541015625 0.57470703125 0.4541015625 0.5693359375 0.4541015625 0.56591796875 0.4326171875 0.568359375 0.4208984375 0.57177734375 0.419921875 0.576171875 0.4189453125 0.58056640625 0.41796875
4 0.775390625 0.451171875 0.77099609375 0.3310546875 0.76953125 0.265625 0.767578125 0.2607421875 0.76220703125 0.267578125 0.76025390625 0.2607421875 0.75146484375 0.2705078125 0.74658203125 0.291015625 0.74169921875 0.302734375 0.73291015625 0.3037109375 0.7265625 0.294921875 0.71533203125 0.2822265625 0.712890625 0.2861328125 0.70849609375 0.2919921875 0.705078125 0.2822265625 0.69921875 0.28515625 0.69189453125 0.28515625 0.69189453125 0.2802734375 0.685546875 0.28125 0.67919921875 0.2763671875 0.67529296875 0.2666015625 0.67724609375 0.2646484375 0.67041015625 0.26171875 0.666015625 0.25 0.66455078125 0.236328125 0.6650390625 0.22265625 0.66943359375 0.2216796875 0.66748046875 0.2158203125 0.67236328125 0.2099609375 0.67236328125 0.2041015625 0.671875 0.197265625 0.673828125 0.1904296875 0.6748046875 0.181640625 0.6728515625 0.17578125 0.66796875 0.1689453125 0.66650390625 0.1630859375 0.6728515625 0.1552734375 0.66845703125 0.146484375 0.66650390625 0.1396484375 0.66357421875 0.1279296875 0.66845703125 0.126953125 0.673828125 0.1298828125 0.67919921875 0.1337890625 0.6845703125 0.1455078125 0.681640625 0.1298828125 0.68017578125 0.123046875 0.68359375 0.1201171875 0.68701171875 0.123046875 0.69287109375 0.1328125 0.69677734375 0.1279296875 0.7001953125 0.12890625 0.701171875 0.134765625 0.7060546875 0.1357421875 0.7041015625 0.1279296875 0.7021484375 0.1201171875 0.69921875 0.115234375 0.69921875 0.109375 0.69921875 0.1005859375 0.705078125 0.1025390625 0.7099609375 0.1044921875 0.7119140625 0.107421875 0.712890625 0.1015625 0.71630859375 0.1025390625 0.7197265625 0.103515625 0.71875 0.091796875 0.71484375 0.087890625 0.71240234375 0.078125 0.7080078125 0.07421875 0.70703125 0.0654296875 0.7119140625 0.0625 0.71533203125 0.0625 0.712890625 0.05078125 0.71044921875 0.0322265625 0.71044921875 0.02734375 0.70849609375 0.0185546875 0.71533203125 0.0146484375 0.71923828125 0.0048828125 0.71923828125 0.0 0.83544921875 0.0 0.8349609375 0.0078125 0.83349609375 0.0244140625 0.83642578125 0.03515625 0.83837890625 0.041015625 0.84033203125 0.0556640625 0.84130859375 0.064453125 0.83935546875 0.072265625 0.83837890625 0.0791015625 0.8427734375 0.0791015625 0.84375 0.083984375 0.84326171875 0.0888671875 0.84130859375 0.0986328125 0.84765625 0.0947265625 0.8486328125 0.1015625 0.84765625 0.11328125 0.8515625 0.1103515625 0.85107421875 0.1201171875 0.85107421875 0.1279296875 0.853515625 0.12890625 0.85107421875 0.138671875 0.85205078125 0.1416015625 0.85546875 0.1337890625 0.85693359375 0.138671875 0.85888671875 0.146484375 0.85986328125 0.1513671875 0.85546875 0.158203125 0.8603515625 0.1611328125 0.86474609375 0.1611328125 0.8642578125 0.1689453125 0.86376953125 0.1767578125 0.8671875 0.16796875 0.87060546875 0.1708984375 0.8701171875 0.1806640625 0.8681640625 0.197265625 0.8681640625 0.2109375 0.86767578125 0.2216796875 0.8642578125 0.2236328125 0.861328125 0.2294921875 0.8642578125 0.23046875 0.8623046875 0.236328125 0.859375 0.2451171875 0.8525390625 0.2490234375 0.84326171875 0.2470703125 0.84130859375 0.2509765625 0.83984375 0.25 0.83642578125 0.2412109375 0.8330078125 0.2412109375 0.83203125 0.2451171875 0.83251953125 0.25 0.82666015625 0.25390625 0.81787109375 0.2509765625 0.80859375 0.2470703125 0.802734375 0.25390625 0.7939453125 0.2646484375 0.79443359375 0.2705078125 0.7919921875 0.2783203125 0.7890625 0.279296875 0.7861328125 0.27734375 0.78173828125 0.2802734375 0.775390625 0.2802734375 0.77880859375 0.44921875
4 0.7392578125 0.427734375 0.74169921875 0.4677734375 0.77294921875 0.4736328125 0.80078125 0.4814453125 0.83056640625 0.490234375 0.869140625 0.5009765625 0.8916015625 0.501953125 0.92236328125 0.5068359375 0.9453125 0.5068359375 0.97314453125 0.5078125 1.0 0.5068359375 1.0 0.5068359375 1.0 0.421875 1.0 0.42578125 0.990234375 0.42578125 0.955078125 0.423828125 0.9345703125 0.4228515625 0.90673828125 0.4228515625 0.8759765625 0.4228515625 0.84765625 0.423828125 0.82373046875 0.42578125 0.80322265625 0.42578125 0.7763671875 0.42578125 0.75439453125 0.427734375
1 0.98974609375 0.6875 0.98681640625 0.69921875 0.98876953125 0.7119140625 0.99267578125 0.7177734375 1.0 0.7314453125 1.0 0.677734375 0.99658203125 0.6796875 0.99267578125 0.68359375
5 0.529296875 0.4169921875 0.5341796875 0.416015625 0.54052734375 0.416015625 0.5439453125 0.41796875 0.5458984375 0.4208984375 0.546875 0.42578125 0.5478515625 0.4287109375 0.5478515625 0.42578125 0.5498046875 0.42578125 0.55078125 0.427734375 0.55078125 0.4296875 0.55029296875 0.431640625 0.55078125 0.4365234375 0.55078125 0.4404296875 0.55078125 0.4501953125 0.55078125 0.4541015625 0.54931640625 0.455078125 0.544921875 0.4541015625 0.5439453125 0.453125 0.54443359375 0.451171875 0.52783203125 0.451171875 0.52734375 0.453125 0.525390625 0.4560546875 0.52294921875 0.455078125 0.5224609375 0.4521484375 0.52197265625 0.4404296875 0.52197265625 0.435546875 0.5205078125 0.4296875 0.5205078125 0.42578125 0.5224609375 0.42578125 0.5234375 0.427734375 0.52490234375 0.423828125 0.5263671875 0.419921875
4 0.98193359375 0.03125 0.97802734375 0.0361328125 0.98046875 0.0498046875 0.98095703125 0.056640625 0.97705078125 0.060546875 0.982421875 0.0712890625 0.98486328125 0.07421875 0.98779296875 0.0908203125 0.99072265625 0.1015625 0.99560546875 0.1162109375 0.9970703125 0.1279296875 0.9970703125 0.13671875 0.9912109375 0.1396484375 0.9912109375 0.1533203125 0.99609375 0.1669921875 0.99755859375 0.1767578125 0.99755859375 0.185546875 0.99658203125 0.1953125 1.0 0.208984375 1.0 0.2080078125 1.0 0.041015625 0.99853515625 0.0517578125 0.99365234375 0.0546875 0.98876953125 0.044921875 0.98388671875 0.0390625
4 0.38916015625 0.419921875 0.38720703125 0.4287109375 0.38720703125 0.4404296875 0.38818359375 0.4482421875 0.38916015625 0.455078125 0.3955078125 0.4560546875 0.4111328125 0.4541015625 0.42236328125 0.4541015625 0.43310546875 0.4521484375 0.43798828125 0.4541015625 0.44580078125 0.4521484375 0.44970703125 0.453125 0.45849609375 0.4501953125 0.46240234375 0.44921875 0.462890625 0.44140625 0.462890625 0.431640625 0.4619140625 0.423828125 0.45751953125 0.4189453125 0.45361328125 0.4189453125 0.44873046875 0.41796875 0.443359375 0.41796875 0.43798828125 0.419921875 0.43359375 0.4248046875 0.4326171875 0.4306640625 0.43115234375 0.4296875 0.4296875 0.421875 0.4287109375 0.4150390625 0.42431640625 0.4130859375 0.41650390625 0.41796875 0.40869140625 0.4189453125 0.40185546875 0.4189453125 0.39599609375 0.41796875 0.39111328125 0.41796875
