0 0.08251953125 1.0 0.49560546875 0.4208984375 0.59619140625 0.447265625 0.65234375 0.4541015625 0.6630859375 0.4990234375 0.794921875 0.5654296875 1.0 0.6669921875 1.0 1.0
1 0.64404296875 0.4765625 0.6064453125 0.478515625 0.62744140625 0.4931640625 0.68896484375 0.52734375 0.9208984375 0.6396484375 1.0 0.6875 1.0 0.5966796875 0.701171875 0.482421875
1 0.0 0.6171875 0.42626953125 0.443359375 0.4404296875 0.4365234375 0.45556640625 0.435546875 0.458984375 0.4912109375 0.43505859375 0.537109375 0.34375 0.6708984375 0.1181640625 1.0 0.0 1.0
2 0.0 0.6416015625 0.2138671875 0.5537109375 0.32568359375 0.50390625 0.3701171875 0.4814453125 0.423828125 0.4619140625 0.42529296875 0.4501953125 0.4482421875 0.4501953125 0.455078125 0.4375 0.55224609375 0.4462890625 0.59716796875 0.4541015625 0.623046875 0.4580078125 0.64599609375 0.462890625 0.6455078125 0.48046875 0.6494140625 0.4814453125 0.65673828125 0.482421875 0.66015625 0.486328125 0.67919921875 0.494140625 0.68798828125 0.4931640625 0.70361328125 0.498046875 0.96240234375 0.59765625 1.0 0.6083984375 1.0 0.0 0.0 0.0
4 0.4814453125 0.3193359375 0.48291015625 0.30859375 0.490234375 0.306640625 0.4921875 0.2958984375 0.4970703125 0.291015625 0.50048828125 0.27734375 0.50048828125 0.271484375 0.50537109375 0.259765625 0.51025390625 0.25 0.5107421875 0.2412109375 0.51416015625 0.23046875 0.51708984375 0.2197265625 0.51708984375 0.2158203125 0.51171875 0.2216796875 0.5078125 0.20703125 0.5068359375 0.1943359375 0.5068359375 0.189453125 0.50146484375 0.1884765625 0.5 0.181640625 0.49658203125 0.17578125 0.48876953125 0.1787109375 0.48291015625 0.1689453125 0.48046875 0.1689453125 0.4765625 0.16015625 0.47265625 0.154296875 0.46533203125 0.1484375 0.4609375 0.1474609375 0.45751953125 0.1474609375 0.4541015625 0.3330078125 0.462890625 0.3349609375 0.466796875 0.3310546875 0.4697265625 0.3408203125 0.4716796875 0.3408203125 0.47998046875 0.3369140625 0.47314453125 0.3369140625 0.47021484375 0.3310546875 0.47509765625 0.333984375 0.47412109375 0.322265625 0.47314453125 0.31640625 0.47705078125 0.3173828125
4 0.57568359375 0.3896484375 0.5751953125 0.37890625 0.5732421875 0.373046875 0.5693359375 0.376953125 0.56884765625 0.3701171875 0.568359375 0.3583984375 0.56396484375 0.3701171875 0.56103515625 0.376953125 0.55810546875 0.3828125 0.560546875 0.4013671875 0.5625 0.41796875 0.56640625 0.4130859375 0.5703125 0.4013671875
4 0.52490234375 0.400390625 0.52685546875 0.3916015625 0.53173828125 0.3916015625 0.5361328125 0.39453125 0.5361328125 0.3828125 0.52685546875 0.3720703125 0.5244140625 0.3603515625 0.5263671875 0.3544921875 0.52734375 0.341796875 0.52734375 0.337890625 0.52001953125 0.345703125 0.5146484375 0.3583984375 0.51904296875 0.408203125 0.52490234375 0.404296875
5 0.4814453125 0.3525390625 0.51708984375 0.3544921875 0.52099609375 0.3818359375 0.52294921875 0.421875 0.52392578125 0.466796875 0.5234375 0.4853515625 0.5234375 0.5078125 0.5234375 0.51171875 0.5205078125 0.5126953125 0.45849609375 0.4208984375 0.4599609375 0.3955078125 0.46337890625 0.3544921875 0.46337890625 0.3525390625
5 0.47021484375 0.4091796875 0.484375 0.4091796875 0.5029296875 0.408203125 0.505859375 0.4091796875 0.51318359375 0.431640625 0.51513671875 0.4375 0.51806640625 0.4375 0.521484375 0.4384765625 0.5234375 0.4404296875 0.5234375 0.4453125 0.52001953125 0.4462890625 0.51806640625 0.447265625 0.5205078125 0.453125 0.52099609375 0.4658203125 0.51953125 0.4814453125 0.52001953125 0.498046875 0.5205078125 0.51171875 0.51953125 0.51953125 0.51953125 0.5224609375 0.515625 0.5234375 0.51220703125 0.5234375 0.51171875 0.5205078125 0.5107421875 0.509765625 0.49853515625 0.509765625 0.4853515625 0.509765625 0.4658203125 0.5087890625 0.4599609375 0.5087890625 0.45751953125 0.521484375 0.4501953125 0.521484375 0.44921875 0.505859375 0.44970703125 0.4892578125 0.44873046875 0.4736328125 0.45068359375 0.4580078125 0.45068359375 0.451171875 0.4482421875 0.4482421875 0.4462890625 0.4453125 0.44677734375 0.4404296875 0.44873046875 0.439453125 0.45166015625 0.439453125 0.45556640625 0.4384765625 0.45751953125 0.423828125 0.4619140625 0.4140625 0.46435546875 0.4091796875
5 0.58544921875 0.4169921875 0.57177734375 0.416015625 0.56396484375 0.41796875 0.56103515625 0.419921875 0.55908203125 0.427734375 0.55712890625 0.4296875 0.55615234375 0.4365234375 0.55419921875 0.4375 0.55224609375 0.4404296875 0.55224609375 0.4453125 0.55126953125 0.4521484375 0.5517578125 0.455078125 0.55224609375 0.4599609375 0.55322265625 0.462890625 0.55615234375 0.4658203125 0.556640625 0.4658203125 0.55712890625 0.4580078125 0.56298828125 0.458984375 0.56298828125 0.4609375 0.56298828125 0.462890625 0.56689453125 0.4658203125 0.5693359375 0.4638671875 0.5703125 0.4609375 0.57080078125 0.458984375 0.5732421875 0.458984375 0.5732421875 0.4638671875 0.5751953125 0.4658203125 0.576171875 0.4658203125 0.57666015625 0.4599609375 0.58349609375 0.4599609375 0.5859375 0.4599609375 0.5859375 0.4638671875 0.5888671875 0.4658203125 0.58984375 0.4658203125 0.591796875 0.458984375 0.591796875 0.4541015625 0.59375 0.4462890625 0.59375 0.4404296875 0.591796875 0.4345703125 0.58984375 0.427734375 0.587890625 0.421875 0.58740234375 0.4189453125
