0 0.0 0.982421875 0.509765625 0.4365234375 0.57421875 0.4453125 0.68017578125 0.5048828125 1.0 0.6416015625 1.0 1.0 0.0 1.0
1 0.123046875 1.0 0.5068359375 0.462890625 0.47802734375 0.451171875 0.43798828125 0.4658203125 0.341796875 0.4794921875 0.17919921875 0.498046875 0.07275390625 0.5537109375 0.0 0.609375 0.0 1.0
2 0.1650390625 0.5283203125 0.20849609375 0.5263671875 0.2138671875 0.52734375 0.24365234375 0.517578125 0.2744140625 0.509765625 0.3447265625 0.5166015625 0.35986328125 0.5107421875 0.37890625 0.5009765625 0.3798828125 0.482421875 0.39453125 0.482421875 0.4052734375 0.494140625 0.421875 0.4853515625 0.44384765625 0.4697265625 0.44580078125 0.462890625 0.46630859375 0.466796875 0.490234375 0.4462890625 0.52099609375 0.447265625 0.53662109375 0.4609375 0.54931640625 0.462890625 0.5576171875 0.462890625 0.57080078125 0.4658203125 0.75439453125 0.4111328125 0.77587890625 0.169921875 0.81494140625 0.0009765625 0.00048828125 0.0009765625 0.01025390625 0.3564453125
4 0.5048828125 0.29296875 0.5078125 0.298828125 0.51708984375 0.2978515625 0.52392578125 0.3017578125 0.53076171875 0.30859375 0.5400390625 0.3134765625 0.5439453125 0.3017578125 0.54931640625 0.3125 0.55322265625 0.3251953125 0.556640625 0.330078125 0.5576171875 0.3447265625 0.55712890625 0.3515625 0.55419921875 0.3515625 0.5556640625 0.359375 0.5546875 0.3701171875 0.5537109375 0.3720703125 0.55126953125 0.384765625 0.544921875 0.390625 0.5439453125 0.421875 0.5400390625 0.4169921875 0.53857421875 0.4150390625 0.5390625 0.4287109375 0.5380859375 0.4345703125 0.53466796875 0.435546875 0.53369140625 0.4267578125 0.5302734375 0.421875 0.52734375 0.4140625 0.52392578125 0.41015625 0.5234375 0.400390625 0.52294921875 0.4169921875 0.521484375 0.4150390625 0.521484375 0.404296875 0.52099609375 0.392578125 0.51904296875 0.380859375 0.52197265625 0.3720703125 0.5234375 0.3642578125 0.5234375 0.353515625 0.52734375 0.3427734375 0.5283203125 0.33984375 0.51708984375 0.3271484375 0.4951171875 0.3251953125 0.4951171875 0.3046875 0.49951171875 0.298828125 0.49462890625 0.28515625
4 0.4951171875 0.3974609375 0.49951171875 0.384765625 0.50244140625 0.373046875 0.5009765625 0.3671875 0.49853515625 0.3623046875 0.49560546875 0.3623046875 0.49072265625 0.3720703125 0.48828125 0.375 0.48974609375 0.380859375 0.494140625 0.376953125 0.4951171875 0.384765625 0.49169921875 0.3857421875 0.48974609375 0.384765625 0.4892578125 0.3994140625 0.48486328125 0.3994140625 0.4833984375 0.3994140625 0.48291015625 0.4072265625 0.4873046875 0.412109375 0.490234375 0.41796875 0.4931640625 0.4140625 0.4931640625 0.40625
4 0.57470703125 0.4130859375 0.57861328125 0.4072265625 0.58447265625 0.40625 0.58935546875 0.40625 0.5849609375 0.3984375 0.5869140625 0.3935546875 0.59423828125 0.3935546875 0.5966796875 0.3896484375 0.5927734375 0.384765625 0.587890625 0.3740234375 0.58544921875 0.3681640625 0.58203125 0.3671875 0.572265625 0.365234375 0.5712890625 0.3603515625 0.57373046875 0.3583984375 0.57666015625 0.3544921875 0.5732421875 0.3515625 0.568359375 0.353515625 0.56591796875 0.357421875 0.5693359375 0.3623046875 0.56494140625 0.3671875 0.5625 0.3798828125 0.56005859375 0.38671875 0.56201171875 0.3955078125 0.55859375 0.4033203125 0.5576171875 0.40625 0.56494140625 0.4033203125 0.56591796875 0.40625 0.56591796875 0.412109375 0.568359375 0.4130859375 0.56640625 0.41796875 0.5654296875 0.43359375 0.564453125 0.4443359375 0.564453125 0.4501953125 0.56591796875 0.453125 0.57568359375 0.4384765625
5 0.513671875 0.4599609375 0.5048828125 0.45703125 0.50390625 0.4580078125 0.5009765625 0.458984375 0.49853515625 0.45703125 0.49658203125 0.4560546875 0.4951171875 0.4560546875 0.49169921875 0.44921875 0.49267578125 0.4375 0.49658203125 0.435546875 0.50146484375 0.4345703125 0.50732421875 0.4365234375 0.51025390625 0.4365234375 0.51513671875 0.4423828125 0.51708984375 0.4521484375
5 0.48974609375 0.4248046875 0.4794921875 0.421875 0.4736328125 0.43359375 0.47021484375 0.4521484375 0.4697265625 0.462890625 0.47216796875 0.4658203125 0.47607421875 0.4658203125 0.47607421875 0.4609375 0.4794921875 0.4609375 0.48388671875 0.462890625 0.48828125 0.462890625 0.4892578125 0.4658203125 0.49072265625 0.4677734375 0.4912109375 0.4599609375 0.4921875 0.44921875
5 0.4482421875 0.4365234375 0.4423828125 0.4306640625 0.443359375 0.46875 0.44775390625 0.470703125 0.45068359375 0.46484375 0.4501953125 0.45703125 0.44921875 0.4482421875
5 0.21923828125 0.3955078125 0.21533203125 0.451171875 0.21533203125 0.470703125 0.2216796875 0.4765625 0.220703125 0.494140625 0.2138671875 0.494140625 0.21044921875 0.5068359375 0.197265625 0.517578125 0.16943359375 0.5185546875 0.16259765625 0.544921875 0.150390625 0.5576171875 0.12890625 0.5546875 0.10791015625 0.5673828125 0.08447265625 0.5654296875 0.0 0.318359375 0.00048828125 0.2607421875 0.134765625 0.275390625 0.1796875 0.2939453125 0.18505859375 0.302734375 0.1982421875 0.333984375
4 0.29736328125 0.0185546875 0.30712890625 0.0390625 0.32080078125 0.064453125 0.31591796875 0.0703125 0.30810546875 0.0595703125 0.298828125 0.041015625 0.29248046875 0.0322265625 0.2802734375 0.01171875 0.27490234375 0.001953125 0.27099609375 0.015625 0.26806640625 0.0283203125 0.26513671875 0.037109375 0.27001953125 0.0673828125 0.26953125 0.07421875 0.25341796875 0.0625 0.25244140625 0.046875 0.2490234375 0.0283203125 0.24658203125 0.015625 0.24658203125 0.005859375 0.23193359375 0.0029296875 0.23974609375 0.015625 0.23974609375 0.0283203125 0.24658203125 0.037109375 0.24755859375 0.060546875 0.2529296875 0.0712890625 0.2548828125 0.087890625 0.2548828125 0.1044921875 0.24951171875 0.095703125 0.24658203125 0.0966796875 0.248046875 0.1103515625 0.2451171875 0.126953125 0.24755859375 0.138671875 0.25048828125 0.1513671875 0.25634765625 0.1650390625 0.251953125 0.1689453125 0.24853515625 0.1708984375 0.2451171875 0.1650390625 0.24072265625 0.1552734375 0.23046875 0.1552734375 0.2265625 0.162109375 0.23046875 0.1708984375 0.23291015625 0.1845703125 0.234375 0.2001953125 0.23193359375 0.22265625 0.2265625 0.220703125 0.22216796875 0.224609375 0.22607421875 0.212890625 0.22412109375 0.189453125 0.21728515625 0.1845703125 0.20556640625 0.16796875 0.19775390625 0.1650390625 0.19091796875 0.1689453125 0.18896484375 0.18359375 0.1796875 0.1728515625 0.16943359375 0.1767578125 0.15576171875 0.1787109375 0.14794921875 0.18359375 0.13818359375 0.1904296875 0.13330078125 0.177734375 0.130859375 0.1884765625 0.1259765625 0.1806640625 0.12158203125 0.1689453125 0.12841796875 0.1640625 0.12353515625 0.1611328125 0.11083984375 0.162109375 0.11083984375 0.181640625 0.10400390625 0.1904296875 0.080078125 0.1982421875 0.05517578125 0.197265625 0.05126953125 0.2001953125 0.0576171875 0.220703125 0.06591796875 0.2392578125 0.07421875 0.259765625 0.06396484375 0.2578125 0.05810546875 0.2333984375 0.04638671875 0.2158203125 0.04638671875 0.2333984375 0.03955078125 0.2509765625 0.03271484375 0.2607421875 0.02880859375 0.3173828125 0.00048828125 0.3115234375 0.0 0.0 0.29052734375 0.0
5 0.53515625 0.474609375 0.51708984375 0.4736328125 0.51708984375 0.474609375 0.51708984375 0.4775390625 0.51611328125 0.478515625 0.513671875 0.478515625 0.51318359375 0.478515625 0.51318359375 0.4697265625 0.513671875 0.4638671875 0.513671875 0.462890625 0.513671875 0.45703125 0.513671875 0.453125 0.51416015625 0.44921875 0.51171875 0.451171875 0.5107421875 0.447265625 0.51318359375 0.4482421875 0.51416015625 0.4462890625 0.51611328125 0.443359375 0.517578125 0.4375 0.5185546875 0.4365234375 0.52294921875 0.4365234375 0.52734375 0.4365234375 0.53076171875 0.4365234375 0.53369140625 0.4375 0.53564453125 0.44140625 0.53662109375 0.4443359375 0.53759765625 0.4453125 0.53759765625 0.44921875 0.53759765625 0.453125 0.53857421875 0.4599609375 0.53955078125 0.4658203125 0.5390625 0.470703125 0.53955078125 0.4775390625 0.537109375 0.4794921875 0.53466796875 0.478515625
5 0.56591796875 0.474609375 0.56396484375 0.470703125 0.56396484375 0.4658203125 0.564453125 0.45703125 0.56689453125 0.44921875 0.5673828125 0.44140625 0.568359375 0.439453125 0.57177734375 0.439453125 0.5712890625 0.47265625 0.57080078125 0.470703125 0.5693359375 0.470703125 0.56884765625 0.4716796875
5 0.59375 0.431640625 0.57568359375 0.4296875 0.57275390625 0.4375 0.57080078125 0.4482421875 0.56982421875 0.4560546875 0.56982421875 0.46484375 0.56982421875 0.4775390625 0.5751953125 0.46875 0.576171875 0.4609375 0.583984375 0.4443359375 0.59423828125 0.439453125
5 0.57861328125 0.4384765625 0.57666015625 0.4443359375 0.5751953125 0.4501953125 0.572265625 0.4541015625 0.5703125 0.4658203125 0.57275390625 0.4794921875 0.576171875 0.4814453125 0.58056640625 0.4775390625 0.58154296875 0.470703125 0.58349609375 0.4609375 0.58984375 0.4541015625 0.5947265625 0.44140625 0.59521484375 0.439453125
5 0.58056640625 0.4833984375 0.58056640625 0.4697265625 0.58251953125 0.458984375 0.5859375 0.451171875 0.58984375 0.447265625 0.59326171875 0.4423828125 0.59814453125 0.439453125 0.60546875 0.439453125 0.5966796875 0.46875 0.58935546875 0.4716796875 0.5908203125 0.4814453125 0.591796875 0.490234375
5 0.60302734375 0.486328125 0.59814453125 0.4873046875 0.59814453125 0.4921875 0.59521484375 0.4921875 0.5908203125 0.48828125 0.5908203125 0.4814453125 0.58935546875 0.47265625 0.59130859375 0.46484375 0.59375 0.4541015625 0.59814453125 0.44140625 0.6083984375 0.44140625
4 0.9990234375 0.001953125 0.79052734375 0.00390625 0.79638671875 0.0224609375 0.78759765625 0.01953125 0.787109375 0.0283203125 0.7900390625 0.04296875 0.78515625 0.0478515625 0.783203125 0.0517578125 0.78564453125 0.0634765625 0.7822265625 0.0732421875 0.779296875 0.06640625 0.7744140625 0.056640625 0.76708984375 0.0595703125 0.7626953125 0.0615234375 0.755859375 0.0537109375 0.75146484375 0.052734375 0.75048828125 0.0693359375 0.74951171875 0.0791015625 0.74609375 0.0830078125 0.7421875 0.09375 0.740234375 0.1015625 0.7490234375 0.10546875 0.75537109375 0.115234375 0.75439453125 0.1279296875 0.7509765625 0.125 0.744140625 0.12109375 0.748046875 0.13671875 0.74609375 0.14453125 0.7431640625 0.1533203125 0.74462890625 0.1689453125 0.74658203125 0.1826171875 0.74560546875 0.1962890625 0.74365234375 0.1962890625 0.73681640625 0.19921875 0.72509765625 0.203125 0.7216796875 0.208984375 0.71875 0.234375 0.716796875 0.2412109375 0.71240234375 0.2470703125 0.7158203125 0.265625 0.7177734375 0.28125 0.71484375 0.294921875 0.70947265625 0.3125 0.70947265625 0.322265625 0.71484375 0.3203125 0.7216796875 0.31640625 0.72021484375 0.3525390625 0.72509765625 0.3681640625 0.73291015625 0.3701171875 0.73583984375 0.3759765625 0.736328125 0.380859375 0.73583984375 0.3984375 0.732421875 0.416015625 0.73583984375 0.4248046875 0.73974609375 0.4443359375 0.79931640625 0.470703125 0.9384765625 0.5 1.0 0.447265625
4 0.66455078125 0.3369140625 0.66552734375 0.3173828125 0.6669921875 0.2939453125 0.66552734375 0.2705078125 0.6669921875 0.255859375 0.6669921875 0.244140625 0.66796875 0.2373046875 0.66552734375 0.220703125 0.67041015625 0.19921875 0.6708984375 0.1796875 0.67919921875 0.1728515625 0.68017578125 0.154296875 0.67919921875 0.1298828125 0.677734375 0.115234375 0.67822265625 0.0966796875 0.6796875 0.08203125 0.68212890625 0.07421875 0.685546875 0.0810546875 0.68505859375 0.09375 0.7001953125 0.083984375 0.70703125 0.0908203125 0.72021484375 0.1015625 0.72705078125 0.1123046875 0.7373046875 0.1240234375 0.73583984375 0.1416015625 0.72314453125 0.1630859375 0.7197265625 0.177734375 0.71826171875 0.2080078125 0.72021484375 0.22265625 0.712890625 0.2373046875 0.70703125 0.25390625 0.703125 0.275390625 0.70263671875 0.29296875 0.703125 0.3232421875 0.70556640625 0.3408203125 0.70556640625 0.365234375 0.693359375 0.380859375 0.66796875 0.3564453125
4 0.65625 0.3681640625 0.65673828125 0.384765625 0.65576171875 0.3994140625 0.65673828125 0.42578125 0.6708984375 0.4580078125 0.73046875 0.45703125 0.74072265625 0.44140625 0.74072265625 0.4228515625 0.74072265625 0.3984375 0.73876953125 0.3916015625 0.7265625 0.388671875 0.716796875 0.384765625 0.70947265625 0.3798828125 0.70751953125 0.3759765625 0.7080078125 0.3583984375 0.7060546875 0.35546875 0.70068359375 0.3623046875 0.69970703125 0.35546875 0.69384765625 0.353515625 0.69287109375 0.369140625 0.689453125 0.3759765625 0.68701171875 0.357421875 0.6826171875 0.3662109375 0.68115234375 0.3583984375 0.68017578125 0.3427734375 0.6767578125 0.3408203125 0.67431640625 0.34765625 0.669921875 0.34765625 0.66357421875 0.341796875 0.6611328125 0.3564453125 0.66064453125 0.365234375
5 0.6591796875 0.5185546875 0.64306640625 0.517578125 0.6416015625 0.52734375 0.63525390625 0.525390625 0.63037109375 0.5146484375 0.6298828125 0.4794921875 0.63671875 0.4375 0.64501953125 0.427734375 0.6533203125 0.427734375 0.66845703125 0.4287109375 0.6787109375 0.4345703125 0.6865234375 0.4423828125
5 0.66162109375 0.4892578125 0.67041015625 0.4775390625 0.6669921875 0.4736328125 0.6650390625 0.46875 0.6650390625 0.46484375 0.669921875 0.462890625 0.67333984375 0.4638671875 0.67919921875 0.4541015625 0.68505859375 0.443359375 0.68896484375 0.439453125 0.7060546875 0.439453125 0.72900390625 0.4443359375 0.693359375 0.546875 0.68603515625 0.54296875 0.6865234375 0.5517578125 0.6845703125 0.5546875 0.67919921875 0.556640625 0.6748046875 0.548828125 0.6748046875 0.5400390625 0.67041015625 0.53515625 0.669921875 0.544921875 0.66455078125 0.546875 0.6591796875 0.5419921875 0.6591796875 0.5322265625 0.65966796875 0.5234375 0.65869140625 0.5068359375 0.65869140625 0.4921875
5 0.71923828125 0.56640625 0.7060546875 0.5634765625 0.7060546875 0.5703125 0.70556640625 0.57421875 0.69677734375 0.57421875 0.69189453125 0.5673828125 0.6904296875 0.556640625 0.69091796875 0.5400390625 0.69384765625 0.5078125 0.697265625 0.4970703125 0.69921875 0.4921875 0.70947265625 0.4833984375 0.705078125 0.482421875 0.69921875 0.4794921875 0.69921875 0.470703125 0.705078125 0.4677734375 0.7099609375 0.4658203125 0.708984375 0.4775390625 0.7119140625 0.4765625 0.71435546875 0.46484375 0.72265625 0.4521484375 0.73095703125 0.44140625 0.73779296875 0.439453125 0.7578125 0.443359375 0.7685546875 0.4443359375 0.7919921875 0.4482421875 0.80078125 0.45703125 0.75634765625 0.5771484375 0.73828125 0.57421875 0.73583984375 0.5810546875 0.73388671875 0.587890625 0.72705078125 0.5927734375 0.72021484375 0.583984375
5 0.7939453125 0.607421875 0.775390625 0.6005859375 0.77490234375 0.607421875 0.771484375 0.615234375 0.76025390625 0.6162109375 0.75634765625 0.611328125 0.75439453125 0.583984375 0.75439453125 0.564453125 0.7578125 0.5380859375 0.76123046875 0.5205078125 0.76708984375 0.5087890625 0.77685546875 0.4990234375 0.7705078125 0.4970703125 0.767578125 0.4912109375 0.767578125 0.4853515625 0.7783203125 0.4814453125 0.7802734375 0.482421875 0.78173828125 0.4873046875 0.78857421875 0.474609375 0.79638671875 0.458984375 0.806640625 0.4462890625 0.814453125 0.44140625 0.83642578125 0.4423828125 0.8662109375 0.4462890625 0.8974609375 0.4541015625 0.90283203125 0.462890625 0.91748046875 0.4853515625 0.87353515625 0.6513671875 0.875 0.62890625 0.833984375 0.62109375 0.8232421875 0.6181640625 0.8212890625 0.6318359375 0.81640625 0.6435546875 0.80810546875 0.6435546875 0.7998046875 0.6396484375 0.796875 0.6279296875
5 0.94775390625 0.7041015625 0.9033203125 0.671875 0.9033203125 0.6806640625 0.90185546875 0.6953125 0.89697265625 0.705078125 0.8896484375 0.7060546875 0.876953125 0.69921875 0.87158203125 0.689453125 0.869140625 0.662109375 0.8681640625 0.6357421875 0.869140625 0.6083984375 0.87353515625 0.5830078125 0.87841796875 0.5693359375 0.8798828125 0.5546875 0.89013671875 0.5341796875 0.89990234375 0.517578125 0.89306640625 0.5166015625 0.88720703125 0.5068359375 0.88720703125 0.4970703125 0.89111328125 0.4931640625 0.90185546875 0.4921875 0.90576171875 0.4921875 0.90576171875 0.4990234375 0.93359375 0.439453125 0.9443359375 0.42578125 0.96142578125 0.4208984375 0.9765625 0.4228515625 1.0 0.42578125 1.0 0.736328125 0.9912109375 0.7255859375 0.99267578125 0.748046875 0.9873046875 0.7646484375 0.97265625 0.771484375 0.96044921875 0.7666015625 0.9501953125 0.748046875 0.947265625 0.7294921875
