4 0.3564453125 0.3251953125 0.361328125 0.318359375 0.3681640625 0.3134765625 0.37548828125 0.3076171875 0.3828125 0.3017578125 0.38671875 0.294921875 0.392578125 0.294921875 0.40283203125 0.2919921875 0.4130859375 0.296875 0.42578125 0.296875 0.43115234375 0.3046875 0.4404296875 0.306640625 0.45068359375 0.30078125 0.4599609375 0.298828125 0.46630859375 0.2939453125 0.4697265625 0.291015625 0.4755859375 0.294921875 0.4794921875 0.30078125 0.48046875 0.3037109375 0.484375 0.2998046875 0.48974609375 0.298828125 0.4921875 0.3046875 0.49365234375 0.3134765625 0.49658203125 0.3173828125 0.50390625 0.3173828125 0.51025390625 0.3154296875 0.51318359375 0.3095703125 0.51318359375 0.298828125 0.51708984375 0.2998046875 0.52294921875 0.3017578125 0.52734375 0.294921875 0.53271484375 0.294921875 0.53466796875 0.291015625 0.5361328125 0.287109375 0.541015625 0.2861328125 0.5439453125 0.2861328125 0.548828125 0.294921875 0.54833984375 0.3671875 0.3544921875 0.3642578125
2 0.53466796875 0.3154296875 0.544921875 0.3154296875 0.544921875 0.236328125 0.55029296875 0.236328125 0.55078125 0.21875 0.55810546875 0.2177734375 0.55810546875 0.1845703125 0.58447265625 0.18359375 0.58740234375 0.4326171875 0.5361328125 0.431640625
4 0.51025390625 0.376953125 0.5078125 0.3466796875 0.50830078125 0.3359375 0.51220703125 0.3251953125 0.51416015625 0.3251953125 0.5166015625 0.32421875 0.51904296875 0.3212890625 0.52099609375 0.3115234375 0.52392578125 0.302734375 0.52587890625 0.30078125 0.53076171875 0.3046875 0.53564453125 0.3154296875 0.53857421875 0.326171875 0.5419921875 0.333984375 0.54443359375 0.3388671875 0.5498046875 0.3486328125 0.55322265625 0.35546875 0.55615234375 0.3701171875 0.5517578125 0.3779296875 0.5478515625 0.392578125 0.54736328125 0.400390625 0.54052734375 0.404296875 0.52783203125 0.3984375
4 0.5830078125 0.41015625 0.578125 0.4384765625 0.5576171875 0.439453125 0.55859375 0.4091796875
1 0.125 0.4697265625 0.25927734375 0.4423828125 0.26025390625 0.4794921875 0.142578125 0.50390625
2 0.029296875 0.001953125 0.04541015625 0.037109375 0.07470703125 0.072265625 0.0810546875 0.0751953125 0.10400390625 0.091796875 0.10205078125 0.0986328125 0.11669921875 0.119140625 0.14013671875 0.1455078125 0.15185546875 0.1533203125 0.15478515625 0.1455078125 0.15869140625 0.1474609375 0.18603515625 0.166015625 0.1904296875 0.166015625 0.19189453125 0.15625 0.19287109375 0.15625 0.1943359375 0.1630859375 0.1953125 0.1640625 0.19677734375 0.1572265625 0.19921875 0.1572265625 0.2001953125 0.1640625 0.20166015625 0.166015625 0.2021484375 0.1796875 0.22509765625 0.2099609375 0.23291015625 0.2158203125 0.23291015625 0.220703125 0.236328125 0.224609375 0.24267578125 0.2177734375 0.27099609375 0.240234375 0.28564453125 0.2626953125 0.29150390625 0.26171875 0.30615234375 0.27734375 0.31494140625 0.2744140625 0.34521484375 0.3046875 0.3505859375 0.3095703125 0.3505859375 0.3134765625 0.36279296875 0.3271484375 0.36328125 0.42578125 0.3125 0.458984375 0.251953125 0.4677734375 0.17529296875 0.478515625 0.16796875 0.478515625 0.16552734375 0.48046875 0.14990234375 0.482421875 0.0 0.5068359375 0.0 0.0009765625
0 0.35009765625 0.44140625 0.35888671875 0.42578125 0.3818359375 0.396484375 0.41552734375 0.353515625 0.423828125 0.353515625 0.4326171875 0.35546875 0.44287109375 0.3515625 0.4580078125 0.3525390625 0.48388671875 0.3544921875 0.48974609375 0.3486328125 0.49755859375 0.3447265625 0.50830078125 0.3525390625 0.51708984375 0.3701171875 0.5322265625 0.3984375 0.5419921875 0.412109375 0.5517578125 0.421875 0.560546875 0.439453125 0.572265625 0.439453125 0.65234375 0.484375 0.76220703125 0.5009765625 0.91015625 0.498046875 1.0 0.5 0.99951171875 0.998046875 0.00048828125 1.0 0.0 0.5322265625 0.14111328125 0.50390625 0.17578125 0.49609375 0.27392578125 0.46875 0.32275390625 0.4560546875 0.33984375 0.44921875
1 0.48828125 0.3486328125 0.4921875 0.3583984375 0.49560546875 0.3662109375 0.4990234375 0.3740234375 0.50146484375 0.3828125 0.50439453125 0.3955078125 0.521484375 0.4189453125 0.52587890625 0.404296875 0.5244140625 0.384765625 0.50244140625 0.349609375
5 0.30078125 0.431640625 0.306640625 0.4111328125 0.3095703125 0.4033203125 0.32177734375 0.4013671875 0.3349609375 0.4013671875 0.33447265625 0.4345703125 0.31103515625 0.4658203125
5 0.2578125 0.431640625 0.27099609375 0.427734375 0.279296875 0.4296875 0.28564453125 0.4345703125 0.267578125 0.48046875 0.25146484375 0.478515625 0.24853515625 0.4658203125 0.2490234375 0.4521484375 0.25341796875 0.4453125 0.255859375 0.439453125
5 0.2822265625 0.427734375 0.30078125 0.4267578125 0.3076171875 0.439453125 0.3115234375 0.4482421875 0.3154296875 0.4560546875 0.31396484375 0.4853515625 0.30859375 0.486328125 0.30810546875 0.4833984375 0.30810546875 0.482421875 0.30615234375 0.4814453125 0.3046875 0.486328125 0.29736328125 0.4873046875 0.29638671875 0.482421875 0.28076171875 0.4853515625 0.27978515625 0.490234375 0.27392578125 0.4892578125 0.2734375 0.486328125 0.26904296875 0.486328125 0.2685546875 0.4921875 0.26220703125 0.4931640625 0.2607421875 0.4833984375 0.26123046875 0.4697265625 0.26171875 0.4599609375 0.2666015625 0.4521484375 0.26416015625 0.447265625 0.26611328125 0.44140625 0.27099609375 0.443359375 0.2734375 0.435546875 0.2763671875 0.4296875
5 0.19482421875 0.4208984375 0.20703125 0.4189453125 0.2216796875 0.41796875 0.23681640625 0.4189453125 0.24365234375 0.4267578125 0.2509765625 0.451171875 0.25341796875 0.470703125 0.25341796875 0.4931640625 0.25341796875 0.5078125 0.24609375 0.5087890625 0.24462890625 0.5068359375 0.2431640625 0.5029296875 0.23828125 0.5068359375 0.23828125 0.5107421875 0.23779296875 0.513671875 0.23046875 0.513671875 0.2294921875 0.51171875 0.228515625 0.5068359375 0.21484375 0.509765625 0.205078125 0.5107421875 0.205078125 0.5166015625 0.20166015625 0.517578125 0.1982421875 0.517578125 0.19580078125 0.513671875 0.185546875 0.51171875 0.185546875 0.5166015625 0.18505859375 0.5205078125 0.1796875 0.521484375 0.17626953125 0.517578125 0.1728515625 0.505859375 0.17236328125 0.4833984375 0.17578125 0.46484375 0.1787109375 0.4599609375 0.17578125 0.4560546875 0.17529296875 0.453125 0.17724609375 0.4501953125 0.1826171875 0.4462890625 0.18701171875 0.43359375 0.19140625 0.42578125
4 0.07666015625 0.2998046875 0.08056640625 0.310546875 0.0751953125 0.3251953125 0.0751953125 0.333984375 0.072265625 0.345703125 0.07177734375 0.3515625 0.07177734375 0.361328125 0.07080078125 0.37109375 0.0732421875 0.375 0.0693359375 0.3857421875 0.0703125 0.404296875 0.06884765625 0.423828125 0.02734375 0.482421875 0.0 0.494140625 0.00048828125 0.244140625 0.03759765625 0.2763671875 0.05078125 0.2841796875
5 0.0439453125 0.4130859375 0.07568359375 0.4111328125 0.111328125 0.41015625 0.12255859375 0.4130859375 0.13232421875 0.4287109375 0.1455078125 0.455078125 0.15185546875 0.4638671875 0.15478515625 0.4814453125 0.15478515625 0.4990234375 0.154296875 0.521484375 0.15478515625 0.537109375 0.15234375 0.55859375 0.14453125 0.5615234375 0.134765625 0.5595703125 0.12939453125 0.5517578125 0.11669921875 0.5576171875 0.11279296875 0.5615234375 0.10791015625 0.5830078125 0.08935546875 0.5888671875 0.0859375 0.5810546875 0.08154296875 0.572265625 0.03564453125 0.5771484375 0.0087890625 0.5751953125 0.00634765625 0.5908203125 0.0 0.6015625 0.0 0.46875 0.00439453125 0.46484375 0.01416015625 0.462890625 0.02490234375 0.4384765625 0.0390625 0.4189453125
5 0.32568359375 0.4169921875 0.33642578125 0.4150390625 0.34912109375 0.41796875 0.35986328125 0.42578125 0.36328125 0.4296875 0.3681640625 0.4326171875 0.3720703125 0.4404296875 0.37451171875 0.4638671875 0.3369140625 0.4873046875 0.3310546875 0.490234375 0.328125 0.4931640625 0.322265625 0.4931640625 0.3193359375 0.498046875 0.3125 0.4970703125 0.3115234375 0.4814453125 0.31103515625 0.4658203125 0.3134765625 0.453125 0.3154296875 0.447265625 0.31689453125 0.4462890625 0.31396484375 0.4443359375 0.31298828125 0.44140625 0.31396484375 0.4375 0.3154296875 0.4375 0.318359375 0.439453125 0.32080078125 0.4287109375 0.3212890625 0.42578125
5 0.43408203125 0.3447265625 0.43994140625 0.3447265625 0.44091796875 0.3505859375 0.4404296875 0.359375 0.43408203125 0.359375 0.4326171875 0.35546875 0.43212890625 0.353515625
5 0.40625 0.380859375 0.41552734375 0.380859375 0.4169921875 0.384765625 0.41796875 0.4150390625 0.41650390625 0.4228515625 0.4140625 0.4208984375 0.40869140625 0.419921875 0.40478515625 0.4248046875 0.4033203125 0.4248046875 0.40283203125 0.412109375 0.4013671875 0.4033203125 0.40087890625 0.3984375 0.4013671875 0.3984375 0.4033203125 0.400390625 0.404296875 0.384765625
5 0.49462890625 0.39453125 0.49853515625 0.419921875 0.44970703125 0.515625 0.443359375 0.513671875 0.4423828125 0.4970703125 0.443359375 0.4658203125 0.44482421875 0.443359375 0.4462890625 0.4384765625 0.4423828125 0.435546875 0.4423828125 0.4287109375 0.44677734375 0.4248046875 0.45068359375 0.4091796875 0.4560546875 0.3974609375 0.45947265625 0.39453125 0.4736328125 0.3935546875 0.48779296875 0.3935546875
1 0.6298828125 0.4384765625 0.904296875 0.4716796875 0.88232421875 0.5205078125 0.7705078125 0.51953125 0.69775390625 0.513671875 0.66552734375 0.5029296875 0.65087890625 0.4921875
2 0.57666015625 0.09375 0.5966796875 0.037109375 0.59619140625 0.025390625 0.60595703125 0.001953125 0.6513671875 0.0009765625 0.64990234375 0.4462890625 0.58154296875 0.4091796875 0.57958984375 0.236328125 0.578125 0.1416015625
4 0.64501953125 0.1416015625 0.6435546875 0.3251953125 0.63818359375 0.3310546875 0.6357421875 0.328125 0.63525390625 0.322265625 0.63525390625 0.3154296875 0.6357421875 0.306640625 0.64013671875 0.30078125 0.64013671875 0.2890625 0.6376953125 0.29296875 0.6337890625 0.296875 0.625 0.296875 0.6201171875 0.2939453125 0.619140625 0.2890625 0.6142578125 0.2841796875 0.6142578125 0.27734375 0.61279296875 0.2705078125 0.61181640625 0.263671875 0.611328125 0.2578125 0.61572265625 0.251953125 0.61572265625 0.2412109375 0.619140625 0.2255859375 0.6181640625 0.212890625 0.6201171875 0.2001953125 0.61474609375 0.1943359375 0.6171875 0.189453125 0.62158203125 0.1826171875 0.6259765625 0.173828125 0.63134765625 0.1689453125 0.6328125 0.162109375 0.63916015625 0.150390625
2 0.63671875 0.0849609375 0.6357421875 0.0390625 0.62841796875 0.0205078125 0.63525390625 0.0 1.0 0.0009765625 1.0 0.5029296875 0.87890625 0.4892578125 0.77392578125 0.48828125 0.7607421875 0.48828125 0.75634765625 0.4853515625 0.64208984375 0.4619140625 0.638671875 0.283203125 0.625 0.2822265625 0.62451171875 0.23046875 0.6376953125 0.2177734375 0.63720703125 0.1572265625 0.625 0.158203125 0.62255859375 0.115234375
5 0.58935546875 0.38671875 0.59375 0.3876953125 0.626953125 0.3876953125 0.6328125 0.3876953125 0.638671875 0.39453125 0.6435546875 0.4091796875 0.6455078125 0.4189453125 0.65185546875 0.4306640625 0.6533203125 0.44921875 0.65380859375 0.4892578125 0.65380859375 0.5078125 0.65283203125 0.515625 0.64794921875 0.517578125 0.64306640625 0.5166015625 0.64013671875 0.509765625 0.6396484375 0.5029296875 0.6376953125 0.501953125 0.63671875 0.5068359375 0.63427734375 0.5126953125 0.6279296875 0.51171875 0.6259765625 0.5087890625 0.62548828125 0.501953125 0.611328125 0.5009765625 0.60302734375 0.5009765625 0.5966796875 0.5009765625 0.59130859375 0.501953125 0.59130859375 0.501953125 0.58984375 0.501953125 0.58935546875 0.5107421875 0.58837890625 0.517578125 0.5810546875 0.517578125 0.578125 0.5146484375 0.57666015625 0.509765625 0.5703125 0.5087890625 0.568359375 0.5068359375 0.56640625 0.4931640625 0.56787109375 0.451171875 0.57080078125 0.4365234375 0.57373046875 0.4306640625 0.5673828125 0.427734375 0.56591796875 0.42578125 0.56591796875 0.419921875 0.56884765625 0.416015625 0.5732421875 0.4150390625 0.57470703125 0.41796875 0.57568359375 0.4208984375 0.58056640625 0.40625 0.583984375 0.396484375
5 0.4677734375 0.400390625 0.48046875 0.396484375 0.5107421875 0.396484375 0.5263671875 0.3955078125 0.537109375 0.3984375 0.54248046875 0.4072265625 0.546875 0.42578125 0.55078125 0.4296875 0.5517578125 0.4267578125 0.5576171875 0.42578125 0.55908203125 0.4345703125 0.5576171875 0.44140625 0.5556640625 0.4462890625 0.56005859375 0.4677734375 0.5625 0.498046875 0.5634765625 0.5478515625 0.56201171875 0.5625 0.55859375 0.5654296875 0.54736328125 0.5634765625 0.5458984375 0.5517578125 0.5439453125 0.5380859375 0.5302734375 0.54296875 0.5029296875 0.5439453125 0.48291015625 0.546875 0.4765625 0.5439453125 0.466796875 0.5439453125 0.46337890625 0.5439453125 0.46337890625 0.5576171875 0.46337890625 0.56640625 0.45849609375 0.568359375 0.45068359375 0.568359375 0.44482421875 0.5625 0.44482421875 0.541015625 0.4453125 0.5146484375 0.4443359375 0.49609375 0.4453125 0.470703125 0.4482421875 0.4609375 0.45263671875 0.447265625 0.44580078125 0.447265625 0.443359375 0.439453125 0.44580078125 0.431640625 0.4521484375 0.4306640625 0.45849609375 0.4365234375 0.462890625 0.4208984375 0.46435546875 0.412109375
5 0.92041015625 0.3486328125 0.9404296875 0.279296875 0.95458984375 0.240234375 0.96484375 0.208984375 0.97705078125 0.177734375 0.9912109375 0.1552734375 1.0 0.1435546875 1.0 0.80859375 0.9677734375 0.7880859375 0.958984375 0.779296875 0.94775390625 0.8173828125 0.94140625 0.83203125 0.91552734375 0.83203125 0.8994140625 0.8271484375 0.8876953125 0.8115234375 0.8818359375 0.77734375 0.87841796875 0.74609375 0.87646484375 0.7060546875 0.87353515625 0.6943359375 0.87109375 0.662109375 0.87060546875 0.6171875 0.869140625 0.57421875 0.875 0.52734375 0.87744140625 0.4833984375 0.8818359375 0.4541015625 0.89111328125 0.423828125 0.90185546875 0.3984375 0.904296875 0.388671875 0.8876953125 0.3857421875 0.884765625 0.3779296875 0.88330078125 0.3583984375 0.8857421875 0.330078125 0.892578125 0.3193359375 0.90576171875 0.3134765625 0.91552734375 0.31640625 0.919921875 0.3251953125
