0 0.01171875 0.408203125 0.42236328125 0.3935546875 0.72412109375 0.3720703125 1.0 0.4892578125 1.0 1.0 0.0 1.0 0.0 0.39453125
1 0.02490234375 0.54296875 0.06591796875 0.5322265625 0.10888671875 0.5224609375 0.14892578125 0.5146484375 0.18994140625 0.5029296875 0.2236328125 0.494140625 0.2568359375 0.48828125 0.3046875 0.4794921875 0.3681640625 0.4697265625 0.41357421875 0.4658203125 0.4345703125 0.4619140625 0.43994140625 0.4599609375 0.43798828125 0.45703125 0.4365234375 0.4560546875 0.4326171875 0.4560546875 0.4189453125 0.4541015625 0.40869140625 0.453125 0.39892578125 0.4501953125 0.15576171875 0.4462890625 0.0 0.4306640625 0.0 0.5517578125 0.0009765625 0.5517578125
1 0.96044921875 0.8193359375 0.8076171875 0.68359375 0.66748046875 0.560546875 0.6103515625 0.5068359375 0.59765625 0.4931640625 0.59765625 0.482421875 0.59912109375 0.478515625 0.60693359375 0.47265625 0.61962890625 0.466796875 0.6376953125 0.4609375 0.65087890625 0.45703125 0.65771484375 0.4541015625 0.6650390625 0.451171875 0.671875 0.44921875 0.68115234375 0.443359375 1.0 0.49609375 1.0 0.8544921875 0.998046875 0.8525390625
1 0.65625 0.439453125 0.640625 0.44140625 0.6298828125 0.44140625 0.60986328125 0.4443359375 0.59912109375 0.4443359375 0.58837890625 0.4443359375 0.56884765625 0.4443359375 0.55078125 0.447265625 0.52978515625 0.447265625 0.50537109375 0.4443359375 0.44580078125 0.4345703125 0.5576171875 0.4169921875 0.6142578125 0.41796875 0.66845703125 0.4111328125 0.67041015625 0.4189453125
2 0.42431640625 0.0087890625 0.51220703125 0.0224609375 0.51416015625 0.017578125 0.51904296875 0.015625 0.52099609375 0.0224609375 0.55322265625 0.02734375 0.55517578125 0.02734375 0.57568359375 0.0556640625 0.57568359375 0.06640625 0.5859375 0.0791015625 0.58935546875 0.078125 0.6044921875 0.0966796875 0.60498046875 0.10546875 0.611328125 0.115234375 0.6171875 0.11328125 0.62939453125 0.1298828125 0.62939453125 0.138671875 0.64697265625 0.16015625 0.64697265625 0.185546875 0.67822265625 0.22265625 0.69921875 0.236328125 0.69140625 0.4296875 0.65380859375 0.4296875 0.62548828125 0.4306640625 0.59912109375 0.4306640625 0.560546875 0.423828125 0.50341796875 0.42578125 0.41552734375 0.435546875 0.392578125 0.4345703125 0.3818359375 0.0068359375 0.3896484375 0.00390625
4 0.412109375 0.3564453125 0.41748046875 0.353515625 0.42333984375 0.3583984375 0.43115234375 0.3583984375 0.4306640625 0.388671875 0.42919921875 0.40234375 0.42041015625 0.404296875 0.40869140625 0.4091796875 0.40185546875 0.4072265625 0.400390625 0.3896484375 0.4033203125 0.369140625 0.40869140625 0.3564453125
2 0.6015625 0.3935546875 0.5869140625 0.3916015625 0.56201171875 0.3916015625 0.56103515625 0.439453125 0.57373046875 0.44140625 0.59521484375 0.4345703125 0.59619140625 0.3994140625
4 0.67431640625 0.390625 0.671875 0.3896484375 0.66845703125 0.3955078125 0.66796875 0.4013671875 0.65966796875 0.40625 0.658203125 0.412109375 0.65673828125 0.42578125 0.6591796875 0.435546875 0.6630859375 0.44140625 0.6640625 0.44921875 0.6728515625 0.447265625 0.68359375 0.4287109375 0.68408203125 0.4033203125
4 0.68017578125 0.1943359375 0.67138671875 0.1953125 0.6728515625 0.1787109375 0.6669921875 0.171875 0.65673828125 0.185546875 0.65625 0.181640625 0.6494140625 0.1708984375 0.646484375 0.1865234375 0.6474609375 0.203125 0.63720703125 0.189453125 0.6318359375 0.1923828125 0.63037109375 0.1982421875 0.62255859375 0.193359375 0.61962890625 0.203125 0.61376953125 0.2158203125 0.6123046875 0.22265625 0.60546875 0.23046875 0.60107421875 0.25390625 0.6044921875 0.263671875 0.6142578125 0.2734375 0.60595703125 0.2734375 0.60595703125 0.28515625 0.61181640625 0.3017578125 0.61669921875 0.3125 0.61767578125 0.3330078125 0.61572265625 0.33984375 0.6201171875 0.3466796875 0.62890625 0.3447265625 0.6318359375 0.3544921875 0.63720703125 0.3564453125 0.6455078125 0.3564453125 0.65625 0.373046875 0.67919921875 0.390625 0.6923828125 0.37890625 0.69091796875 0.3203125
2 0.46728515625 0.236328125 0.484375 0.2431640625 0.48388671875 0.234375 0.48974609375 0.2353515625 0.490234375 0.2470703125 0.50244140625 0.2529296875 0.54736328125 0.3359375 0.546875 0.3427734375 0.5419921875 0.34765625 0.54248046875 0.4443359375 0.4814453125 0.44140625 0.42529296875 0.44140625 0.4248046875 0.33984375 0.4150390625 0.3359375 0.41357421875 0.3330078125 0.431640625 0.3046875 0.44580078125 0.2802734375
5 0.50634765625 0.419921875 0.51708984375 0.4189453125 0.52392578125 0.4189453125 0.52783203125 0.4228515625 0.52978515625 0.4296875 0.52978515625 0.4326171875 0.53076171875 0.439453125 0.52978515625 0.4423828125 0.52490234375 0.4443359375 0.5234375 0.4443359375 0.52392578125 0.447265625 0.52197265625 0.4482421875 0.51806640625 0.4482421875 0.51708984375 0.4443359375 0.4990234375 0.447265625 0.4912109375 0.447265625 0.48876953125 0.435546875 0.49560546875 0.4287109375 0.4990234375 0.4248046875 0.50341796875 0.4208984375
5 0.4296875 0.4208984375 0.4326171875 0.4169921875 0.43701171875 0.416015625 0.44189453125 0.4150390625 0.44677734375 0.416015625 0.4521484375 0.4228515625 0.45458984375 0.4423828125 0.45361328125 0.44921875 0.44921875 0.44921875 0.4453125 0.4482421875 0.4453125 0.4521484375 0.4423828125 0.453125 0.43994140625 0.4501953125 0.43701171875 0.447265625 0.42626953125 0.447265625 0.423828125 0.44921875 0.4208984375 0.4501953125 0.419921875 0.4482421875 0.41943359375 0.4404296875 0.419921875 0.43359375 0.42626953125 0.4287109375 0.43115234375 0.41796875
2 0.4072265625 0.0849609375 0.40869140625 0.2265625 0.4091796875 0.2841796875 0.4130859375 0.2900390625 0.412109375 0.29296875 0.4091796875 0.29296875 0.40869140625 0.3330078125 0.4111328125 0.3359375 0.4111328125 0.33984375 0.408203125 0.3447265625 0.40869140625 0.365234375 0.40869140625 0.4052734375 0.4091796875 0.4560546875 0.40478515625 0.4580078125 0.390625 0.4580078125 0.37890625 0.458984375 0.3515625 0.462890625 0.3125 0.4677734375 0.2666015625 0.47265625 0.2216796875 0.4765625 0.185546875 0.4794921875 0.1474609375 0.4873046875 0.1298828125 0.4892578125 0.1123046875 0.48828125 0.09228515625 0.48828125 0.0546875 0.48828125 0.0 0.4873046875 0.0 0.4794921875 0.0 0.0 0.38427734375 0.0 0.3876953125 0.001953125 0.3935546875 0.0087890625 0.40673828125 0.0234375 0.41162109375 0.0341796875 0.41162109375 0.041015625 0.41064453125 0.0439453125 0.40673828125 0.046875
0 0.11279296875 0.525390625 0.10107421875 0.5205078125 0.08935546875 0.5146484375 0.0546875 0.51171875 0.03125 0.509765625 0.0 0.509765625 0.001953125 0.5029296875 0.0185546875 0.5048828125 0.04443359375 0.501953125 0.064453125 0.5009765625 0.0849609375 0.501953125 0.1083984375 0.5048828125 0.1318359375 0.50390625 0.1650390625 0.501953125 0.1865234375 0.501953125 0.203125 0.5009765625
2 0.63525390625 0.048828125 0.63671875 0.0888671875 0.67236328125 0.087890625 0.6728515625 0.0888671875 0.673828125 0.2353515625 0.64306640625 0.2734375 0.64306640625 0.27734375 0.6318359375 0.2861328125 0.6318359375 0.302734375 0.64404296875 0.294921875 0.64306640625 0.3037109375 0.67431640625 0.3037109375 0.6748046875 0.3623046875 0.6748046875 0.48046875 0.67919921875 0.482421875 0.6943359375 0.4853515625 0.7177734375 0.4951171875 0.74072265625 0.501953125 0.75390625 0.5068359375 0.77099609375 0.5146484375 0.7880859375 0.51953125 0.794921875 0.5224609375 0.8056640625 0.5205078125 0.84375 0.533203125 0.84375 0.5419921875 0.85302734375 0.544921875 0.86083984375 0.544921875 0.90966796875 0.5634765625 0.94775390625 0.576171875 0.9609375 0.57421875 0.9931640625 0.587890625 1.0 0.5927734375 0.99951171875 0.0 0.638671875 0.0 0.63818359375 0.0009765625 0.63232421875 0.0205078125 0.63232421875 0.0419921875
