0 0.0 0.611328125 0.146484375 0.4833984375 0.15966796875 0.4404296875 0.15576171875 0.4130859375 0.2548828125 0.375 0.31787109375 0.4140625 0.39208984375 0.39453125 0.46435546875 0.38671875 0.5166015625 0.3896484375 0.6005859375 0.390625 0.64306640625 0.4111328125 0.66455078125 0.4453125 0.681640625 0.5615234375 0.798828125 0.615234375 1.0 0.6474609375 1.0 1.0 0.0 1.0
1 0.2060546875 0.4462890625 0.2373046875 0.4482421875 0.26513671875 0.4462890625 0.29296875 0.4462890625 0.32080078125 0.4462890625 0.3505859375 0.4462890625 0.38134765625 0.4423828125 0.3955078125 0.4404296875 0.40625 0.4248046875 0.41015625 0.3984375 0.37158203125 0.41015625 0.3583984375 0.421875 0.33740234375 0.4306640625 0.25390625 0.421875 0.2060546875 0.419921875 0.15625 0.41796875 0.1435546875 0.4345703125
2 0.51953125 0.03515625 0.46826171875 0.2900390625 0.4619140625 0.279296875 0.455078125 0.27734375 0.44677734375 0.265625 0.43505859375 0.2685546875 0.4306640625 0.265625 0.4267578125 0.265625 0.42529296875 0.2734375 0.42529296875 0.2607421875 0.42822265625 0.2333984375 0.42529296875 0.22265625 0.4189453125 0.2197265625 0.4189453125 0.208984375 0.41357421875 0.2041015625 0.408203125 0.2041015625 0.38134765625 0.1982421875 0.3798828125 0.1875 0.38134765625 0.0537109375 0.390625 0.03515625 0.3837890625 0.0 0.0 0.0 0.0 0.5654296875 0.1611328125 0.5 0.162109375 0.423828125 0.337890625 0.4345703125 0.37744140625 0.408203125 0.57568359375 0.416015625 0.56982421875 0.4560546875 0.5927734375 0.4599609375 0.5947265625 0.4287109375 0.6611328125 0.4423828125 0.6552734375 0.4921875 0.84716796875 0.587890625 1.0 0.587890625 1.0 0.0029296875 0.5263671875 0.0
1 0.94580078125 0.6630859375 0.71533203125 0.6142578125 0.58544921875 0.5048828125 0.544921875 0.47265625 0.5556640625 0.466796875 0.56494140625 0.46484375 0.5908203125 0.466796875 0.60791015625 0.466796875 0.62939453125 0.4697265625 0.64013671875 0.47265625 0.6591796875 0.48046875 0.6591796875 0.494140625 0.7998046875 0.5615234375 0.84423828125 0.5849609375 0.90087890625 0.5849609375 0.95849609375 0.580078125 1.0 0.5849609375 1.0 0.7099609375
1 0.1923828125 0.51953125 0.115234375 0.55859375 0.0 0.6103515625 0.0 0.5634765625 0.10205078125 0.5234375 0.1611328125 0.4990234375 0.162109375 0.48828125 0.17431640625 0.48828125 0.1904296875 0.48828125 0.2041015625 0.494140625 0.2109375 0.4970703125 0.20556640625 0.5078125
2 0.39453125 0.31640625 0.4619140625 0.322265625 0.46044921875 0.3271484375 0.47802734375 0.337890625 0.47509765625 0.3408203125 0.47802734375 0.3466796875 0.47802734375 0.365234375 0.4736328125 0.3837890625 0.46044921875 0.3837890625 0.46044921875 0.4111328125 0.45654296875 0.4130859375 0.45654296875 0.3837890625 0.44677734375 0.380859375 0.39208984375 0.380859375
5 0.40625 0.4658203125 0.412109375 0.4658203125 0.41455078125 0.4521484375 0.4423828125 0.4541015625 0.4443359375 0.4677734375 0.453125 0.4677734375 0.4521484375 0.419921875 0.447265625 0.37890625 0.443359375 0.3740234375 0.41748046875 0.3720703125 0.41259765625 0.380859375 0.4072265625 0.40625 0.40625 0.423828125 0.40625 0.4404296875 0.4052734375 0.4580078125
5 0.46923828125 0.40625 0.46826171875 0.4306640625 0.46826171875 0.4482421875 0.46826171875 0.4501953125 0.47021484375 0.4521484375 0.47509765625 0.4560546875 0.47705078125 0.4560546875 0.47705078125 0.4482421875 0.4892578125 0.4462890625 0.51416015625 0.4140625 0.5107421875 0.388671875 0.5068359375 0.3662109375 0.498046875 0.3642578125 0.47998046875 0.3642578125 0.47509765625 0.376953125 0.47314453125 0.38671875
5 0.498046875 0.4677734375 0.52783203125 0.4677734375 0.52783203125 0.4765625 0.52978515625 0.478515625 0.5380859375 0.478515625 0.5390625 0.4501953125 0.5380859375 0.4306640625 0.5380859375 0.4248046875 0.53466796875 0.419921875 0.53076171875 0.3984375 0.5009765625 0.39453125 0.4970703125 0.40625 0.4931640625 0.416015625 0.4931640625 0.4140625 0.490234375 0.4140625 0.48779296875 0.4140625 0.48681640625 0.4169921875 0.48779296875 0.4208984375 0.4921875 0.4208984375 0.4892578125 0.4404296875 0.48828125 0.4501953125 0.48828125 0.4580078125 0.48828125 0.4677734375 0.4892578125 0.4697265625 0.4921875 0.4736328125 0.494140625 0.474609375 0.49609375 0.474609375
1 0.72998046875 0.6064453125 0.80419921875 0.6240234375 0.951171875 0.65625 1.0 0.6787109375 1.0 0.7158203125 0.947265625 0.6865234375 0.69921875 0.6162109375 0.544921875 0.47265625 0.54833984375 0.47265625 0.6611328125 0.5595703125 0.697265625 0.591796875 0.71240234375 0.6005859375
1 0.1953125 0.490234375 0.20556640625 0.498046875 0.203125 0.5048828125 0.1708984375 0.51953125 0.01513671875 0.578125 0.00048828125 0.58203125 0.0 0.6181640625 0.06494140625 0.587890625 0.16650390625 0.5419921875 0.203125 0.521484375 0.21337890625 0.5126953125 0.21435546875 0.501953125 0.2119140625 0.49609375 0.20654296875 0.4912109375 0.2021484375 0.490234375
