0 0.0 0.3935546875 0.05078125 0.3994140625 0.10205078125 0.3935546875 0.1943359375 0.3818359375 0.24462890625 0.3857421875 0.32177734375 0.37890625 0.3916015625 0.3662109375 0.4326171875 0.3720703125 0.46435546875 0.365234375 0.484375 0.3916015625 0.52783203125 0.419921875 0.59716796875 0.42578125 0.72900390625 0.427734375 0.84814453125 0.4267578125 0.94384765625 0.4111328125 1.0 0.3994140625 1.0 0.41796875 1.0 0.5341796875 0.984375 0.572265625 0.92529296875 0.6572265625 0.9384765625 0.763671875 0.9638671875 0.966796875 1.0 1.0 0.31884765625 1.0 0.0 0.9990234375
4 0.20947265625 0.08203125 0.23193359375 0.0830078125 0.24072265625 0.080078125 0.25048828125 0.07421875 0.2607421875 0.07421875 0.27001953125 0.0634765625 0.287109375 0.046875 0.30419921875 0.0439453125 0.31494140625 0.0439453125 0.330078125 0.0419921875 0.3447265625 0.05078125 0.37353515625 0.0634765625 0.39404296875 0.0703125 0.41015625 0.0791015625 0.42529296875 0.0849609375 0.45263671875 0.087890625 0.47509765625 0.09375 0.49365234375 0.1005859375 0.51025390625 0.109375 0.515625 0.1162109375 0.5234375 0.1142578125 0.5361328125 0.109375 0.54833984375 0.1064453125 0.56201171875 0.1044921875 0.57568359375 0.1025390625 0.58935546875 0.103515625 0.58837890625 0.1767578125 0.517578125 0.228515625 0.51513671875 0.2724609375 0.490234375 0.2939453125 0.4873046875 0.2998046875 0.474609375 0.3212890625 0.46337890625 0.3447265625 0.46240234375 0.3642578125 0.45654296875 0.384765625 0.42822265625 0.3857421875 0.4091796875 0.3955078125 0.39404296875 0.3984375 0.38623046875 0.3486328125 0.3779296875 0.318359375 0.33935546875 0.24609375 0.22705078125 0.1787109375
2 0.43701171875 0.3427734375 0.43896484375 0.3916015625 0.4482421875 0.392578125 0.4482421875 0.3427734375
1 0.45703125 0.4248046875 0.47216796875 0.453125 0.48193359375 0.47265625 0.5029296875 0.4794921875 0.5537109375 0.4833984375 0.61865234375 0.4931640625 0.724609375 0.4931640625 0.78955078125 0.4931640625 0.82275390625 0.4931640625 0.85205078125 0.4931640625 0.91650390625 0.4873046875 0.97412109375 0.48828125 0.998046875 0.484375 1.0 0.4833984375 0.99951171875 0.4267578125 0.7802734375 0.4423828125 0.65185546875 0.4462890625 0.5478515625 0.439453125 0.509765625 0.421875 0.47998046875 0.3955078125 0.4638671875 0.3857421875 0.45361328125 0.3974609375 0.44970703125 0.41015625
1 0.373046875 0.423828125 0.34375 0.439453125 0.30615234375 0.4521484375 0.28173828125 0.4619140625 0.2568359375 0.466796875 0.21728515625 0.4716796875 0.0986328125 0.48046875 0.0400390625 0.482421875 0.0009765625 0.484375 0.001953125 0.4609375 0.03857421875 0.451171875 0.11328125 0.4560546875 0.18701171875 0.4443359375 0.25341796875 0.4345703125 0.29931640625 0.4208984375 0.33447265625 0.412109375 0.36767578125 0.4033203125 0.38134765625 0.3984375 0.3779296875 0.4140625
2 0.41259765625 0.357421875 0.4052734375 0.3564453125 0.40283203125 0.3359375 0.40380859375 0.31640625 0.3994140625 0.30078125 0.392578125 0.2939453125 0.3837890625 0.291015625 0.373046875 0.2890625 0.36767578125 0.2265625 0.3359375 0.224609375 0.32470703125 0.205078125 0.3193359375 0.20703125 0.3173828125 0.1904296875 0.3125 0.189453125 0.31201171875 0.2060546875 0.3076171875 0.205078125 0.298828125 0.1953125 0.30078125 0.1826171875 0.29345703125 0.169921875 0.28759765625 0.1669921875 0.28662109375 0.1376953125 0.26416015625 0.1337890625 0.2626953125 0.1201171875 0.251953125 0.099609375 0.23974609375 0.09765625 0.23095703125 0.0966796875 0.21728515625 0.087890625 0.2060546875 0.07421875 0.203125 0.01953125 0.22314453125 0.0146484375 0.220703125 0.0087890625 0.21826171875 0.0029296875 0.0 0.0 0.0 0.47265625 0.14306640625 0.46484375 0.18115234375 0.4580078125 0.1962890625 0.45703125 0.212890625 0.4462890625 0.234375 0.447265625 0.2685546875 0.447265625 0.2822265625 0.4404296875 0.29833984375 0.4365234375 0.314453125 0.43359375 0.32568359375 0.4267578125 0.33642578125 0.42578125 0.34423828125 0.4287109375 0.35107421875 0.421875 0.35888671875 0.41796875 0.3720703125 0.4169921875 0.38525390625 0.4052734375 0.3974609375 0.3984375 0.41064453125 0.3994140625 0.41650390625 0.3994140625 0.4296875 0.396484375 0.4287109375 0.3583984375
2 1.0 0.470703125 0.97265625 0.4716796875 0.80029296875 0.4697265625 0.71044921875 0.46875 0.63916015625 0.46875 0.59130859375 0.458984375 0.54052734375 0.4609375 0.51611328125 0.447265625 0.5009765625 0.4287109375 0.48974609375 0.41796875 0.47802734375 0.41796875 0.4697265625 0.408203125 0.45703125 0.3935546875 0.4560546875 0.3583984375 0.47802734375 0.3037109375 0.490234375 0.291015625 0.49072265625 0.2763671875 0.49658203125 0.2763671875 0.49609375 0.287109375 0.501953125 0.2744140625 0.50341796875 0.2646484375 0.5068359375 0.2509765625 0.51123046875 0.2568359375 0.5107421875 0.2626953125 0.515625 0.2470703125 0.515625 0.2314453125 0.53173828125 0.2138671875 0.5546875 0.19921875 0.5693359375 0.1875 0.5693359375 0.1728515625 0.57763671875 0.1689453125 0.57958984375 0.177734375 0.5869140625 0.17578125 0.58642578125 0.01953125 0.57080078125 0.0 0.583984375 0.0009765625 0.59619140625 0.0 0.93212890625 0.0 0.99853515625 0.0
5 0.43896484375 0.396484375 0.4384765625 0.3896484375 0.4326171875 0.3896484375 0.431640625 0.396484375 0.4326171875 0.404296875 0.43798828125 0.4052734375 0.43896484375 0.3994140625
5 0.43017578125 0.4072265625 0.4228515625 0.408203125 0.423828125 0.3974609375 0.4306640625 0.3955078125 0.43115234375 0.4033203125
5 0.41845703125 0.396484375 0.423828125 0.3984375 0.42333984375 0.4072265625 0.41796875 0.40625 0.41748046875 0.3984375
5 0.416015625 0.4072265625 0.41748046875 0.404296875 0.416015625 0.400390625 0.41455078125 0.400390625 0.41357421875 0.40234375
5 0.40869140625 0.4033203125 0.40673828125 0.396484375 0.40283203125 0.39453125 0.3984375 0.3974609375 0.39599609375 0.3994140625 0.3974609375 0.4052734375 0.39794921875 0.412109375 0.3984375 0.4169921875 0.40185546875 0.41796875 0.404296875 0.416015625 0.4052734375 0.4091796875 0.4072265625 0.4052734375
5 0.3984375 0.4169921875 0.39306640625 0.41796875 0.390625 0.41796875 0.38818359375 0.419921875 0.38671875 0.4072265625 0.38671875 0.3994140625 0.39208984375 0.3974609375 0.39697265625 0.400390625
5 0.3876953125 0.423828125 0.384765625 0.4248046875 0.38427734375 0.421875 0.38134765625 0.421875 0.37646484375 0.423828125 0.37548828125 0.4248046875 0.37353515625 0.4248046875 0.37109375 0.4248046875 0.37158203125 0.4130859375 0.37158203125 0.408203125 0.37353515625 0.404296875 0.375 0.4013671875 0.3798828125 0.400390625 0.38427734375 0.4013671875 0.38671875 0.408203125 0.3876953125 0.416015625
5 0.4169921875 0.419921875 0.41455078125 0.4208984375 0.41455078125 0.4169921875 0.40625 0.4169921875 0.40576171875 0.4208984375 0.4033203125 0.419921875 0.4033203125 0.4091796875 0.40380859375 0.4072265625 0.40576171875 0.40234375 0.4130859375 0.40234375 0.41650390625 0.408203125 0.4169921875 0.416015625
5 0.46044921875 0.408203125 0.45849609375 0.4091796875 0.4580078125 0.4052734375 0.458984375 0.4013671875 0.4599609375 0.3984375 0.46435546875 0.3935546875 0.46728515625 0.3896484375 0.47216796875 0.3876953125 0.4794921875 0.3876953125 0.4775390625 0.3955078125 0.478515625 0.40234375 0.47607421875 0.40625 0.47119140625 0.4072265625 0.46630859375 0.408203125 0.4658203125 0.412109375 0.46484375 0.4150390625 0.4619140625 0.416015625 0.46044921875 0.4111328125
5 0.4921875 0.423828125 0.4931640625 0.4287109375 0.49560546875 0.4306640625 0.49755859375 0.4267578125 0.49755859375 0.421875 0.5 0.419921875 0.50146484375 0.4169921875 0.501953125 0.4052734375 0.50146484375 0.3935546875 0.4990234375 0.392578125 0.4921875 0.3916015625 0.48681640625 0.3955078125 0.48291015625 0.3984375 0.4814453125 0.404296875 0.48095703125 0.4140625 0.48193359375 0.419921875 0.48486328125 0.419921875 0.48681640625 0.421875 0.48828125 0.4228515625 0.48974609375 0.4228515625 0.4912109375 0.4228515625
4 0.513671875 0.4482421875 0.509765625 0.44140625 0.5068359375 0.4375 0.5068359375 0.4248046875 0.50830078125 0.4091796875 0.51123046875 0.400390625 0.5166015625 0.3974609375 0.52099609375 0.396484375 0.52490234375 0.40234375 0.52685546875 0.4111328125 0.5263671875 0.419921875 0.5263671875 0.4287109375 0.52685546875 0.439453125 0.52294921875 0.4482421875 0.52001953125 0.4501953125 0.5126953125 0.4482421875
4 0.5390625 0.4072265625 0.544921875 0.4052734375 0.5517578125 0.404296875 0.5546875 0.3955078125 0.5556640625 0.3828125 0.5556640625 0.3671875 0.55224609375 0.357421875 0.548828125 0.349609375 0.54345703125 0.3447265625 0.5380859375 0.349609375 0.5341796875 0.3544921875 0.53173828125 0.361328125 0.53173828125 0.373046875 0.5322265625 0.3876953125 0.53564453125 0.4013671875
5 0.43896484375 0.4228515625 0.439453125 0.41015625 0.43994140625 0.40234375 0.4443359375 0.3984375 0.44921875 0.3974609375 0.45361328125 0.3994140625 0.45556640625 0.4072265625 0.45654296875 0.4169921875 0.45654296875 0.4267578125 0.45361328125 0.427734375 0.453125 0.423828125 0.44921875 0.4228515625 0.44482421875 0.4228515625 0.44287109375 0.4228515625 0.4423828125 0.427734375 0.43896484375 0.427734375
3 0.5908203125 0.4150390625 0.58935546875 0.400390625 0.57470703125 0.40234375 0.5595703125 0.4033203125 0.55322265625 0.404296875 0.552734375 0.4150390625 0.55322265625 0.4287109375 0.55322265625 0.4443359375 0.55419921875 0.4619140625 0.564453125 0.4609375 0.5751953125 0.4599609375 0.57470703125 0.435546875 0.57470703125 0.4248046875 0.57666015625 0.4189453125 0.58740234375 0.419921875 0.5908203125 0.4189453125
4 0.33642578125 0.404296875 0.3388671875 0.392578125 0.34033203125 0.3759765625 0.33984375 0.3603515625 0.33935546875 0.349609375 0.33740234375 0.3408203125 0.33447265625 0.328125 0.33203125 0.33203125 0.3291015625 0.3271484375 0.32568359375 0.3232421875 0.326171875 0.3134765625 0.32373046875 0.30859375 0.32275390625 0.302734375 0.32275390625 0.291015625 0.3232421875 0.27734375 0.322265625 0.2705078125 0.3193359375 0.2783203125 0.31787109375 0.2841796875 0.31591796875 0.2978515625 0.31591796875 0.3095703125 0.314453125 0.3212890625 0.31103515625 0.3310546875 0.30712890625 0.349609375 0.31005859375 0.357421875 0.31298828125 0.365234375 0.31787109375 0.3671875 0.3251953125 0.3720703125 0.32470703125 0.3857421875 0.32763671875 0.4091796875 0.328125 0.419921875 0.32958984375 0.4267578125 0.3330078125 0.427734375 0.33740234375 0.4267578125 0.33642578125 0.408203125
4 0.27880859375 0.4443359375 0.27734375 0.423828125 0.27783203125 0.40625 0.27880859375 0.3916015625 0.2880859375 0.3701171875 0.29052734375 0.35546875 0.2890625 0.34375 0.287109375 0.326171875 0.287109375 0.314453125 0.283203125 0.3056640625 0.27734375 0.3046875 0.2802734375 0.2900390625 0.275390625 0.2890625 0.27197265625 0.2802734375 0.27587890625 0.2646484375 0.2744140625 0.248046875 0.267578125 0.228515625 0.26123046875 0.2353515625 0.2568359375 0.2431640625 0.25341796875 0.232421875 0.25244140625 0.2197265625 0.24951171875 0.2060546875 0.24462890625 0.2109375 0.240234375 0.2041015625 0.2333984375 0.20703125 0.22314453125 0.1806640625 0.2158203125 0.2080078125 0.208984375 0.2265625 0.20849609375 0.2470703125 0.20849609375 0.29296875 0.20849609375 0.3779296875 0.224609375 0.3759765625 0.2392578125 0.384765625 0.24267578125 0.396484375 0.24462890625 0.4130859375 0.25341796875 0.412109375 0.2646484375 0.4208984375 0.26611328125 0.4482421875 0.26904296875 0.447265625
4 0.21484375 0.421875 0.2177734375 0.4013671875 0.224609375 0.390625 0.234375 0.3896484375 0.240234375 0.3955078125 0.24169921875 0.4111328125 0.244140625 0.4169921875 0.24755859375 0.412109375 0.25390625 0.4091796875 0.26025390625 0.4130859375 0.26611328125 0.421875 0.26708984375 0.439453125 0.2646484375 0.4482421875 0.25439453125 0.44921875 0.24365234375 0.4482421875 0.232421875 0.44921875 0.21630859375 0.447265625 0.2138671875 0.4345703125
5 0.83251953125 0.4736328125 0.84765625 0.478515625 0.85498046875 0.478515625 0.85888671875 0.4833984375 0.8642578125 0.4921875 0.87744140625 0.4892578125 0.88037109375 0.48046875 0.89111328125 0.4765625 0.91259765625 0.4755859375 0.921875 0.4755859375 0.93896484375 0.4775390625 0.9443359375 0.4853515625 0.95068359375 0.4873046875 0.95751953125 0.4853515625 0.96484375 0.47265625 0.974609375 0.470703125 0.98046875 0.4677734375 0.98046875 0.4521484375 0.97998046875 0.43359375 0.97265625 0.4169921875 0.9609375 0.3984375 0.93896484375 0.3876953125 0.91259765625 0.390625 0.89306640625 0.3935546875 0.8759765625 0.40625 0.85400390625 0.4296875 0.8388671875 0.4326171875 0.83154296875 0.4384765625 0.83203125 0.453125
1 1.0 0.5234375 0.95654296875 0.5224609375 0.912109375 0.529296875 0.8837890625 0.53515625 0.81982421875 0.5478515625 0.79443359375 0.5634765625 0.75439453125 0.5869140625 0.7353515625 0.6103515625 0.72216796875 0.6396484375 0.7158203125 0.67578125 0.71923828125 0.7080078125 0.72900390625 0.7421875 0.75732421875 0.798828125 0.8056640625 0.876953125 0.83642578125 0.92578125 0.85595703125 0.9619140625 0.87744140625 0.9716796875 0.92041015625 0.9794921875 0.96044921875 0.9912109375 0.97705078125 0.9970703125 0.99951171875 1.0
