0 0.00244140625 0.40234375 0.5068359375 0.39453125 0.8515625 0.3779296875 1.0 0.4521484375 1.0 1.0 0.0 1.0 0.0 0.4052734375
1 0.912109375 0.9765625 0.640625 0.5810546875 0.57763671875 0.4892578125 0.58056640625 0.482421875 0.62060546875 0.462890625 0.8583984375 0.4375 1.0 0.43359375 1.0 0.791015625 1.0 1.0 0.94921875 1.0 0.916015625 0.9833984375
4 0.365234375 0.1298828125 0.38623046875 0.1396484375 0.39599609375 0.142578125 0.40087890625 0.1435546875 0.40478515625 0.150390625 0.40966796875 0.1435546875 0.41943359375 0.1474609375 0.42822265625 0.150390625 0.4375 0.1552734375 0.4443359375 0.1572265625 0.451171875 0.1611328125 0.46044921875 0.162109375 0.4716796875 0.1591796875 0.48779296875 0.16015625 0.50244140625 0.1611328125 0.51025390625 0.15625 0.5205078125 0.15625 0.5302734375 0.1572265625 0.53857421875 0.16015625 0.546875 0.1591796875 0.55322265625 0.1591796875 0.55712890625 0.1533203125 0.5576171875 0.1611328125 0.5673828125 0.16015625 0.58642578125 0.1611328125 0.59375 0.162109375 0.6005859375 0.15234375 0.61083984375 0.14453125 0.619140625 0.1435546875 0.6298828125 0.1416015625 0.6337890625 0.142578125 0.64208984375 0.1435546875 0.64794921875 0.1494140625 0.65478515625 0.150390625 0.66064453125 0.15234375 0.66943359375 0.15625 0.67822265625 0.1689453125 0.6923828125 0.3349609375 0.59423828125 0.41015625 0.4853515625 0.4189453125 0.31640625 0.2666015625 0.3056640625 0.1572265625
4 0.5771484375 0.115234375 0.57177734375 0.10546875 0.56640625 0.1162109375 0.56005859375 0.142578125 0.55517578125 0.1689453125 0.552734375 0.18359375 0.552734375 0.2275390625 0.5498046875 0.2666015625 0.55322265625 0.3447265625 0.56005859375 0.4423828125 0.61572265625 0.4296875 0.607421875 0.2802734375 0.60009765625 0.2392578125 0.603515625 0.22265625 0.60107421875 0.1962890625 0.59716796875 0.1796875 0.6015625 0.16796875 0.591796875 0.16015625 0.5888671875 0.150390625 0.59326171875 0.1376953125
4 0.53125 0.26953125 0.53125 0.2529296875 0.521484375 0.251953125 0.5107421875 0.2451171875 0.5087890625 0.2255859375 0.49755859375 0.212890625 0.49462890625 0.21875 0.48876953125 0.19921875 0.4833984375 0.19921875 0.4775390625 0.2197265625 0.46826171875 0.2119140625 0.458984375 0.22265625 0.45166015625 0.2529296875 0.45068359375 0.2822265625 0.45458984375 0.3466796875 0.46484375 0.3955078125 0.48193359375 0.443359375 0.51513671875 0.443359375 0.55419921875 0.4365234375 0.5595703125 0.3662109375 0.5361328125 0.306640625
2 0.4716796875 0.3671875 0.501953125 0.3671875 0.5029296875 0.310546875 0.498046875 0.3076171875 0.49658203125 0.30078125 0.52490234375 0.279296875 0.52587890625 0.2744140625 0.5322265625 0.2724609375 0.53369140625 0.27734375 0.560546875 0.294921875 0.5595703125 0.3310546875 0.55908203125 0.365234375 0.58447265625 0.3662109375 0.625 0.361328125 0.62451171875 0.3427734375 0.626953125 0.3330078125 0.6279296875 0.3251953125 0.65966796875 0.2978515625 0.6748046875 0.283203125 0.67626953125 0.38671875 0.67626953125 0.451171875 0.5458984375 0.4443359375 0.54345703125 0.349609375 0.53076171875 0.3330078125 0.5166015625 0.3486328125 0.5166015625 0.4443359375 0.43603515625 0.44140625 0.41259765625 0.4091796875 0.41259765625 0.3671875 0.43212890625 0.3671875
2 0.66796875 0.1728515625 0.6689453125 0.203125 0.66064453125 0.2177734375 0.6630859375 0.2216796875 0.66552734375 0.220703125 0.66552734375 0.2646484375 0.66552734375 0.3662109375 0.666015625 0.416015625 0.66943359375 0.4482421875 0.73291015625 0.447265625 0.81982421875 0.458984375 0.84326171875 0.4658203125 0.87255859375 0.466796875 0.90283203125 0.47265625 0.94775390625 0.470703125 1.0 0.4619140625 1.0 0.0 0.7431640625 0.0 0.74365234375 0.0048828125 0.74560546875 0.0087890625 0.74560546875 0.0126953125 0.74462890625 0.0146484375 0.7373046875 0.013671875 0.73291015625 0.0244140625 0.734375 0.02734375 0.736328125 0.0341796875 0.7333984375 0.037109375 0.72705078125 0.037109375 0.720703125 0.052734375 0.7236328125 0.0576171875 0.7236328125 0.05859375 0.716796875 0.0576171875 0.69921875 0.0966796875 0.70068359375 0.1015625 0.7001953125 0.1064453125 0.69482421875 0.1064453125 0.69287109375 0.111328125 0.6943359375 0.115234375 0.6943359375 0.119140625 0.68896484375 0.1201171875 0.68603515625 0.1259765625 0.68798828125 0.1298828125 0.68798828125 0.1328125 0.68212890625 0.1318359375 0.68017578125 0.1396484375 0.68212890625 0.142578125 0.6826171875 0.1455078125 0.67626953125 0.14453125 0.6748046875 0.1494140625 0.67724609375 0.1552734375 0.671875 0.15625 0.6669921875 0.1689453125
4 0.57763671875 0.4345703125 0.57763671875 0.4091796875 0.57763671875 0.3828125 0.57275390625 0.365234375 0.56640625 0.34375 0.56640625 0.326171875 0.5546875 0.3212890625 0.5576171875 0.3037109375 0.57177734375 0.314453125 0.5810546875 0.32421875 0.5869140625 0.3095703125 0.59716796875 0.3388671875 0.5888671875 0.3720703125 0.58203125 0.3818359375 0.58154296875 0.4091796875 0.57958984375 0.451171875
4 0.5849609375 0.453125 0.583984375 0.3837890625 0.57666015625 0.333984375 0.5751953125 0.3115234375 0.583984375 0.3056640625 0.59130859375 0.29296875 0.595703125 0.298828125 0.59765625 0.318359375 0.5966796875 0.3486328125 0.58837890625 0.3720703125 0.5869140625 0.380859375 0.58740234375 0.4453125
5 0.5751953125 0.4189453125 0.5712890625 0.44140625 0.57421875 0.4462890625 0.5859375 0.4453125 0.5947265625 0.4189453125 0.59130859375 0.4169921875 0.5859375 0.41796875
4 0.60693359375 0.4208984375 0.60791015625 0.3251953125 0.611328125 0.3271484375 0.61669921875 0.291015625 0.603515625 0.283203125 0.59619140625 0.2705078125 0.59228515625 0.3203125 0.6044921875 0.3505859375 0.60546875 0.388671875 0.60400390625 0.4267578125
4 0.61865234375 0.4287109375 0.6181640625 0.384765625 0.61962890625 0.373046875 0.62451171875 0.380859375 0.62744140625 0.3662109375 0.62646484375 0.349609375 0.63330078125 0.33984375 0.638671875 0.33203125 0.64453125 0.30078125 0.6298828125 0.28515625 0.62255859375 0.287109375 0.61865234375 0.2763671875 0.61328125 0.2509765625 0.60791015625 0.2724609375 0.60546875 0.2880859375 0.60546875 0.2880859375 0.611328125 0.3388671875 0.60693359375 0.3291015625 0.60595703125 0.353515625 0.61181640625 0.3701171875 0.6142578125 0.375 0.6162109375 0.3759765625 0.61669921875 0.4287109375
5 0.5908203125 0.41015625 0.587890625 0.4150390625 0.5830078125 0.4296875 0.5810546875 0.435546875 0.580078125 0.4462890625 0.58154296875 0.45703125 0.5869140625 0.462890625 0.587890625 0.4677734375 0.5927734375 0.4619140625 0.59716796875 0.45703125 0.63720703125 0.45703125 0.6474609375 0.4580078125 0.65185546875 0.466796875 0.6630859375 0.4599609375 0.66650390625 0.455078125 0.6748046875 0.4560546875 0.6767578125 0.4453125 0.671875 0.43359375 0.66650390625 0.4296875 0.65673828125 0.4248046875 0.646484375 0.4248046875 0.63134765625 0.4033203125 0.623046875 0.4033203125
4 0.6396484375 0.4697265625 0.6376953125 0.3681640625 0.63232421875 0.373046875 0.62548828125 0.36328125 0.63623046875 0.349609375 0.63525390625 0.3408203125 0.62841796875 0.3291015625 0.62158203125 0.2919921875 0.62060546875 0.27734375 0.62158203125 0.2626953125 0.6162109375 0.2548828125 0.6201171875 0.244140625 0.61572265625 0.23828125 0.61865234375 0.2216796875 0.6318359375 0.228515625 0.6318359375 0.224609375 0.63916015625 0.203125 0.64453125 0.2109375 0.65185546875 0.23046875 0.650390625 0.2626953125 0.65185546875 0.2880859375 0.6552734375 0.279296875 0.66259765625 0.2744140625 0.66552734375 0.29296875 0.6591796875 0.30859375 0.64453125 0.31640625 0.6435546875 0.3271484375 0.6416015625 0.341796875 0.6484375 0.33203125 0.65673828125 0.3271484375 0.66650390625 0.330078125 0.66650390625 0.3408203125 0.65966796875 0.3505859375 0.6533203125 0.359375 0.646484375 0.3740234375 0.64111328125 0.3740234375 0.642578125 0.47265625
4 0.78515625 0.5283203125 0.77978515625 0.3134765625 0.77978515625 0.2490234375 0.7802734375 0.2216796875 0.7763671875 0.2265625 0.76904296875 0.236328125 0.76025390625 0.236328125 0.75830078125 0.2314453125 0.7470703125 0.24609375 0.72802734375 0.2451171875 0.724609375 0.23046875 0.7509765625 0.1884765625 0.7490234375 0.177734375 0.73974609375 0.1787109375 0.73388671875 0.16796875 0.732421875 0.154296875 0.71923828125 0.1572265625 0.7177734375 0.1494140625 0.72314453125 0.123046875 0.7177734375 0.1201171875 0.71142578125 0.111328125 0.70068359375 0.107421875 0.6962890625 0.091796875 0.68359375 0.0947265625 0.681640625 0.07421875 0.681640625 0.064453125 0.685546875 0.05859375 0.69580078125 0.056640625 0.7001953125 0.0458984375 0.6923828125 0.0439453125 0.68896484375 0.0380859375 0.69677734375 0.0302734375 0.6865234375 0.0283203125 0.68310546875 0.0166015625 0.68603515625 0.0126953125 0.6806640625 0.0 0.7197265625 0.0 0.72265625 0.0068359375 0.73095703125 0.0166015625 0.74462890625 0.03125 0.74853515625 0.021484375 0.7451171875 0.0 0.82177734375 0.0 0.82177734375 0.00390625 0.81494140625 0.01953125 0.80712890625 0.033203125 0.81591796875 0.033203125 0.81591796875 0.0615234375 0.8212890625 0.0537109375 0.82177734375 0.0341796875 0.83642578125 0.0244140625 0.84423828125 0.0361328125 0.8447265625 0.060546875 0.83935546875 0.080078125 0.83154296875 0.1162109375 0.82861328125 0.1474609375 0.8291015625 0.177734375 0.81689453125 0.20703125 0.8037109375 0.2236328125 0.7841796875 0.2314453125 0.7841796875 0.3173828125 0.78759765625 0.3662109375 0.78759765625 0.4248046875 0.79150390625 0.51953125 0.7900390625 0.529296875
4 0.91552734375 0.3984375 0.9111328125 0.34765625 0.90283203125 0.3388671875 0.89794921875 0.3271484375 0.88818359375 0.3359375 0.87890625 0.3466796875 0.8720703125 0.3447265625 0.8701171875 0.3330078125 0.86328125 0.3349609375 0.85107421875 0.3310546875 0.8427734375 0.322265625 0.8388671875 0.30078125 0.83447265625 0.28515625 0.83447265625 0.26171875 0.83935546875 0.25 0.8427734375 0.2470703125 0.85009765625 0.2353515625 0.85400390625 0.2275390625 0.86572265625 0.224609375 0.8779296875 0.2236328125 0.892578125 0.220703125 0.89404296875 0.234375 0.89794921875 0.2236328125 0.9091796875 0.2080078125 0.916015625 0.2060546875 0.92626953125 0.2119140625 0.94384765625 0.2197265625 0.95068359375 0.22265625 0.9619140625 0.23828125 0.9697265625 0.2490234375 0.9794921875 0.28125 0.984375 0.296875 0.98193359375 0.3193359375 0.978515625 0.3349609375 0.9658203125 0.3515625 0.9462890625 0.359375 0.93115234375 0.34375 0.92578125 0.333984375 0.91796875 0.3359375 0.91943359375 0.392578125 0.92041015625 0.439453125 0.921875 0.4765625 0.916015625 0.4755859375
4 0.4658203125 0.43359375 0.46533203125 0.41796875 0.4619140625 0.4130859375 0.4560546875 0.404296875 0.4462890625 0.37890625 0.44384765625 0.34375 0.44482421875 0.3212890625 0.451171875 0.3154296875 0.453125 0.322265625 0.45849609375 0.3173828125 0.4619140625 0.330078125 0.46337890625 0.34765625 0.46533203125 0.3466796875 0.46875 0.34765625 0.47265625 0.3701171875 0.4736328125 0.3876953125 0.47509765625 0.3759765625 0.48095703125 0.3779296875 0.478515625 0.3857421875 0.474609375 0.390625 0.4716796875 0.3974609375 0.46826171875 0.4072265625 0.46826171875 0.41015625 0.46728515625 0.41015625 0.4677734375 0.4384765625
4 0.46142578125 0.4375 0.46142578125 0.4140625 0.46630859375 0.4072265625 0.466796875 0.38671875 0.4638671875 0.3603515625 0.4599609375 0.3515625 0.4541015625 0.3349609375 0.44384765625 0.34765625 0.44384765625 0.376953125 0.44873046875 0.3916015625 0.45556640625 0.404296875 0.45947265625 0.416015625 0.458984375 0.44140625
4 0.447265625 0.4404296875 0.44873046875 0.4072265625 0.44287109375 0.4169921875 0.43310546875 0.41015625 0.41748046875 0.3984375 0.412109375 0.3837890625 0.408203125 0.3525390625 0.4072265625 0.3115234375 0.4091796875 0.2763671875 0.4169921875 0.263671875 0.42236328125 0.2734375 0.42578125 0.2841796875 0.4267578125 0.2783203125 0.43310546875 0.2783203125 0.4375 0.2958984375 0.44287109375 0.3203125 0.44775390625 0.314453125 0.4521484375 0.330078125 0.4560546875 0.3681640625 0.45849609375 0.39453125 0.4560546875 0.41015625 0.4501953125 0.408203125 0.45068359375 0.4443359375
4 0.38916015625 0.4580078125 0.38916015625 0.3828125 0.34912109375 0.392578125 0.337890625 0.357421875 0.3359375 0.30078125 0.34423828125 0.244140625 0.365234375 0.1875 0.37939453125 0.1572265625 0.388671875 0.1455078125 0.3994140625 0.1572265625 0.40576171875 0.17578125 0.4072265625 0.193359375 0.41064453125 0.1875 0.41845703125 0.1953125 0.4228515625 0.21875 0.42333984375 0.2490234375 0.4189453125 0.2626953125 0.41552734375 0.2626953125 0.4150390625 0.296875 0.42041015625 0.3662109375 0.41845703125 0.388671875 0.40673828125 0.408203125 0.39111328125 0.4169921875
4 0.2890625 0.46484375 0.31005859375 0.451171875 0.3310546875 0.4267578125 0.3251953125 0.4052734375 0.34375 0.3935546875 0.353515625 0.3525390625 0.34521484375 0.2626953125 0.353515625 0.0986328125 0.34716796875 0.0205078125 0.34375 0.0078125 0.34228515625 0.0009765625 0.34130859375 0.0 0.150390625 0.0 0.1328125 0.0263671875 0.12939453125 0.1064453125 0.0654296875 0.0673828125 0.0 0.1171875 0.0 0.4326171875 0.17919921875 0.4072265625 0.2197265625 0.3916015625 0.24951171875 0.39453125 0.275390625 0.392578125 0.28466796875 0.384765625 0.2861328125 0.384765625 0.2841796875 0.46484375
5 0.4716796875 0.42578125 0.47509765625 0.4345703125 0.478515625 0.4384765625 0.47900390625 0.4462890625 0.4755859375 0.4521484375 0.47119140625 0.447265625 0.46728515625 0.447265625 0.46240234375 0.4462890625 0.45751953125 0.4248046875 0.46240234375 0.42578125 0.46875 0.42578125
5 0.46484375 0.4541015625 0.46240234375 0.453125 0.458984375 0.4501953125 0.453125 0.4306640625 0.4560546875 0.42578125 0.4599609375 0.42578125 0.46240234375 0.4267578125 0.46435546875 0.43359375 0.46630859375 0.4404296875 0.46630859375 0.4462890625 0.466796875 0.4541015625
5 0.4541015625 0.423828125 0.45703125 0.4248046875 0.4609375 0.4306640625 0.4619140625 0.4384765625 0.46240234375 0.447265625 0.46240234375 0.453125 0.46142578125 0.4580078125 0.4541015625 0.4453125 0.451171875 0.4296875 0.4521484375 0.42578125
5 0.44287109375 0.421875 0.453125 0.423828125 0.45556640625 0.4306640625 0.45849609375 0.439453125 0.458984375 0.44921875 0.458984375 0.4560546875 0.45166015625 0.45703125 0.44921875 0.458984375 0.447265625 0.4658203125 0.44189453125 0.4638671875 0.4384765625 0.451171875 0.43408203125 0.427734375 0.43798828125 0.419921875
5 0.4208984375 0.40234375 0.4306640625 0.4033203125 0.43603515625 0.4033203125 0.4384765625 0.4072265625 0.44091796875 0.423828125 0.44189453125 0.4501953125 0.44091796875 0.462890625 0.43701171875 0.46484375 0.42529296875 0.4580078125 0.412109375 0.431640625 0.41357421875 0.4033203125
5 0.4345703125 0.4453125 0.4365234375 0.4501953125 0.4365234375 0.458984375 0.435546875 0.4658203125 0.43310546875 0.4697265625 0.423828125 0.4716796875 0.41455078125 0.458984375 0.40966796875 0.4306640625 0.4169921875 0.4189453125 0.42333984375 0.423828125 0.42822265625 0.4306640625 0.431640625 0.4326171875 0.4345703125 0.43359375 0.43505859375 0.4384765625
5 0.3896484375 0.3740234375 0.4189453125 0.3740234375 0.42236328125 0.384765625 0.42333984375 0.400390625 0.42431640625 0.431640625 0.4248046875 0.4658203125 0.42333984375 0.4677734375 0.4130859375 0.4658203125 0.408203125 0.4658203125 0.40625 0.4716796875 0.4033203125 0.4833984375 0.39501953125 0.484375 0.39111328125 0.4765625 0.38916015625 0.4677734375 0.3828125 0.466796875 0.37646484375 0.46484375 0.37255859375 0.4609375 0.36279296875 0.455078125 0.35400390625 0.453125 0.337890625 0.44921875 0.3310546875 0.4521484375 0.3115234375 0.4580078125 0.30517578125 0.453125 0.30126953125 0.4384765625 0.3125 0.4228515625 0.3251953125 0.400390625 0.33837890625 0.3779296875 0.359375 0.376953125 0.3828125 0.375
4 0.36181640625 0.4716796875 0.36181640625 0.376953125 0.35791015625 0.3701171875 0.34521484375 0.365234375 0.3310546875 0.326171875 0.318359375 0.2412109375 0.31982421875 0.1630859375 0.33154296875 0.0771484375 0.34521484375 0.0439453125 0.3525390625 0.0263671875 0.36083984375 0.0205078125 0.3662109375 0.0263671875 0.3662109375 0.0400390625 0.35791015625 0.0458984375 0.357421875 0.0537109375 0.35791015625 0.0654296875 0.365234375 0.0556640625 0.36474609375 0.0732421875 0.3701171875 0.0810546875 0.375 0.078125 0.375 0.095703125 0.37255859375 0.107421875 0.36669921875 0.1103515625 0.37353515625 0.1064453125 0.373046875 0.1171875 0.37451171875 0.1240234375 0.38134765625 0.1220703125 0.38427734375 0.1279296875 0.38671875 0.1455078125 0.38720703125 0.1484375 0.390625 0.1630859375 0.38671875 0.208984375 0.3876953125 0.3115234375 0.3896484375 0.345703125 0.37744140625 0.3720703125 0.36376953125 0.3779296875 0.36474609375 0.466796875
5 0.32666015625 0.490234375 0.322265625 0.4990234375 0.3125 0.50390625 0.30224609375 0.5029296875 0.29931640625 0.515625 0.29345703125 0.5185546875 0.28662109375 0.5126953125 0.27880859375 0.4833984375 0.279296875 0.4560546875 0.2900390625 0.4306640625 0.30078125 0.4345703125 0.30712890625 0.4423828125 0.318359375 0.447265625 0.3232421875 0.44921875 0.32470703125 0.4599609375 0.32666015625 0.4716796875 0.328125 0.4775390625 0.3291015625 0.4833984375
5 0.21337890625 0.369140625 0.26171875 0.3671875 0.28515625 0.3701171875 0.2900390625 0.375 0.294921875 0.3896484375 0.2998046875 0.4287109375 0.30126953125 0.466796875 0.30322265625 0.4736328125 0.30419921875 0.4921875 0.30078125 0.5078125 0.2890625 0.5087890625 0.283203125 0.509765625 0.28125 0.52734375 0.2763671875 0.525390625 0.271484375 0.5302734375 0.26171875 0.529296875 0.24267578125 0.513671875 0.17333984375 0.4921875 0.11572265625 0.4404296875 0.12109375 0.4189453125 0.13134765625 0.40625 0.15087890625 0.3779296875 0.158203125 0.3720703125 0.16748046875 0.3720703125
5 0.19873046875 0.4697265625 0.2216796875 0.4814453125 0.228515625 0.501953125 0.23388671875 0.5380859375 0.18896484375 0.552734375 0.0927734375 0.4814453125 0.06591796875 0.4296875 0.08740234375 0.41015625 0.107421875 0.4150390625 0.12158203125 0.416015625 0.14013671875 0.4404296875 0.15771484375 0.4580078125 0.17919921875 0.4599609375
4 0.09765625 0.4443359375 0.09765625 0.3955078125 0.09765625 0.33203125 0.044921875 0.3310546875 0.0 0.140625 0.0 0.052734375 0.00732421875 0.0546875 0.00732421875 0.048828125 0.0048828125 0.0205078125 0.0 0.0009765625 0.13671875 0.0 0.16796875 0.0029296875 0.150390625 0.154296875 0.15478515625 0.2587890625 0.14599609375 0.3193359375 0.14111328125 0.333984375 0.12890625 0.3505859375 0.10888671875 0.353515625 0.10498046875 0.3505859375 0.1025390625 0.447265625
5 0.0419921875 0.41015625 0.07275390625 0.4111328125 0.09521484375 0.416015625 0.10791015625 0.427734375 0.13232421875 0.4638671875 0.1396484375 0.46484375 0.1591796875 0.4677734375 0.17919921875 0.4677734375 0.18115234375 0.45703125 0.18505859375 0.4521484375 0.18896484375 0.4609375 0.1904296875 0.498046875 0.1923828125 0.5224609375 0.19677734375 0.5205078125 0.20361328125 0.51953125 0.20947265625 0.517578125 0.2197265625 0.5166015625 0.22314453125 0.52734375 0.220703125 0.5390625 0.21240234375 0.546875 0.20458984375 0.5498046875 0.201171875 0.5458984375 0.189453125 0.5439453125 0.171875 0.5478515625 0.16259765625 0.5517578125 0.1611328125 0.5595703125 0.1416015625 0.5625 0.13818359375 0.576171875 0.1337890625 0.58203125 0.1259765625 0.5859375 0.12060546875 0.5859375 0.11279296875 0.5791015625 0.109375 0.5771484375 0.10595703125 0.5849609375 0.10009765625 0.5927734375 0.08349609375 0.59375 0.0751953125 0.58984375 0.0703125 0.5810546875 0.068359375 0.5693359375 0.0673828125 0.5654296875 0.04052734375 0.56640625 0.01220703125 0.453125 0.0166015625 0.4228515625 0.01953125 0.416015625 0.03173828125 0.4130859375 0.03759765625 0.412109375
5 0.037109375 0.4375 0.0458984375 0.462890625 0.04931640625 0.490234375 0.04931640625 0.5 0.05322265625 0.5078125 0.05712890625 0.5263671875 0.05517578125 0.5517578125 0.0498046875 0.56640625 0.04541015625 0.5771484375 0.037109375 0.5791015625 0.03564453125 0.5869140625 0.029296875 0.6044921875 0.017578125 0.615234375 0.00439453125 0.6123046875 0.0 0.6044921875 0.0 0.404296875 0.00244140625 0.4052734375 0.01220703125 0.4091796875 0.02490234375 0.4189453125 0.033203125 0.4296875
