0 0.0 0.5576171875 0.306640625 0.443359375 0.4482421875 0.419921875 0.57275390625 0.3994140625 0.6982421875 0.3876953125 0.86376953125 0.404296875 1.0 0.4697265625 1.0 1.0 0.0 1.0
1 0.0 0.59375 0.13818359375 0.5498046875 0.22314453125 0.52734375 0.28271484375 0.513671875 0.31103515625 0.5068359375 0.3701171875 0.484375 0.3896484375 0.4765625 0.384765625 0.47265625 0.37353515625 0.47265625 0.34228515625 0.46875 0.33203125 0.46875 0.0 0.5078125
2 0.0 0.5341796875 0.05224609375 0.5234375 0.08154296875 0.515625 0.17724609375 0.5 0.208984375 0.4970703125 0.2333984375 0.4931640625 0.28662109375 0.48046875 0.33154296875 0.470703125 0.33154296875 0.4462890625 0.3779296875 0.4326171875 0.4541015625 0.4345703125 0.48779296875 0.4365234375 0.4970703125 0.439453125 0.50537109375 0.439453125 0.5205078125 0.435546875 0.55224609375 0.4296875 0.56884765625 0.4169921875 0.5869140625 0.41796875 0.60498046875 0.41796875 0.62060546875 0.41796875 0.65185546875 0.4189453125 0.708984375 0.44140625 0.81884765625 0.482421875 0.84912109375 0.4951171875 1.0 0.5634765625 1.0 0.0 0.0 0.0
1 0.95751953125 1.0 0.8251953125 0.8466796875 0.70166015625 0.681640625 0.62353515625 0.5166015625 0.609375 0.482421875 0.60595703125 0.474609375 0.60791015625 0.4619140625 0.61572265625 0.4609375 0.6298828125 0.458984375 0.63818359375 0.45703125 0.65869140625 0.4501953125 0.6884765625 0.435546875 0.89892578125 0.505859375 1.0 0.537109375 1.0 1.0
1 0.33154296875 0.45703125 0.37255859375 0.45703125 0.416015625 0.4560546875 0.43310546875 0.455078125 0.45654296875 0.453125 0.46630859375 0.453125 0.48193359375 0.451171875 0.48876953125 0.447265625 0.498046875 0.4453125 0.509765625 0.4443359375 0.54931640625 0.431640625 0.54345703125 0.4306640625 0.5068359375 0.4375 0.49072265625 0.43359375 0.40625 0.43359375 0.34619140625 0.4384765625
4 0.36279296875 0.3232421875 0.365234375 0.3203125 0.369140625 0.3193359375 0.37353515625 0.3251953125 0.37646484375 0.318359375 0.37890625 0.31640625 0.38232421875 0.3173828125 0.3818359375 0.3271484375 0.38427734375 0.33203125 0.3876953125 0.328125 0.38818359375 0.3232421875 0.39013671875 0.3193359375 0.39111328125 0.3095703125 0.39208984375 0.3154296875 0.39208984375 0.322265625 0.390625 0.3291015625 0.38916015625 0.3359375 0.390625 0.3359375 0.3935546875 0.3349609375 0.3974609375 0.337890625 0.40185546875 0.34375 0.40283203125 0.3564453125 0.4013671875 0.36328125 0.404296875 0.3671875 0.4072265625 0.3759765625 0.40576171875 0.38671875 0.40771484375 0.3876953125 0.41015625 0.390625 0.408203125 0.39453125 0.41015625 0.40234375 0.4111328125 0.4111328125 0.40673828125 0.40234375 0.40576171875 0.41015625 0.40478515625 0.41796875 0.40234375 0.4189453125 0.39794921875 0.427734375 0.3466796875 0.4375 0.3310546875 0.4287109375 0.33056640625 0.3466796875 0.36083984375 0.34375 0.36328125 0.3427734375
3 0.43115234375 0.41796875 0.36865234375 0.419921875 0.33056640625 0.421875 0.33447265625 0.4443359375 0.37841796875 0.44921875 0.41796875 0.4462890625 0.4306640625 0.4453125
5 0.33349609375 0.455078125 0.35888671875 0.453125 0.3603515625 0.453125 0.361328125 0.45703125 0.36376953125 0.458984375 0.3662109375 0.4599609375 0.369140625 0.458984375 0.37158203125 0.45703125 0.373046875 0.453125 0.37451171875 0.4521484375 0.37841796875 0.451171875 0.380859375 0.4453125 0.38037109375 0.4365234375 0.37841796875 0.4287109375 0.37646484375 0.421875 0.373046875 0.419921875 0.36865234375 0.41796875 0.3623046875 0.4150390625 0.35302734375 0.4140625 0.34423828125 0.4150390625 0.3388671875 0.4189453125 0.333984375 0.4228515625 0.3310546875 0.4248046875 0.3310546875 0.443359375 0.33154296875 0.4453125 0.33154296875 0.4609375 0.3330078125 0.458984375
4 0.4765625 0.4150390625 0.47802734375 0.4091796875 0.4775390625 0.4052734375 0.47607421875 0.4013671875 0.47412109375 0.4013671875 0.4716796875 0.3984375 0.46875 0.3994140625 0.46630859375 0.3984375 0.46484375 0.3994140625 0.46435546875 0.404296875 0.46435546875 0.4111328125 0.46484375 0.4150390625 0.46533203125 0.41796875 0.4677734375 0.4189453125 0.47119140625 0.4189453125 0.4755859375 0.41796875 0.4765625 0.416015625 0.4765625 0.416015625
5 0.61865234375 0.412109375 0.61669921875 0.408203125 0.61328125 0.4072265625 0.60888671875 0.4052734375 0.60498046875 0.4072265625 0.60302734375 0.4091796875 0.6005859375 0.4111328125 0.59814453125 0.4140625 0.59716796875 0.416015625 0.59814453125 0.4208984375 0.603515625 0.4208984375 0.607421875 0.4208984375 0.61279296875 0.4208984375 0.61669921875 0.4208984375 0.6181640625 0.4189453125 0.6181640625 0.4169921875
4 0.5029296875 0.4228515625 0.50341796875 0.41796875 0.50341796875 0.4150390625 0.5048828125 0.4140625 0.5068359375 0.4130859375 0.50732421875 0.4091796875 0.50732421875 0.4052734375 0.50634765625 0.3994140625 0.5048828125 0.3994140625 0.50244140625 0.4013671875 0.5009765625 0.4013671875 0.49951171875 0.3984375 0.498046875 0.3994140625 0.49560546875 0.3994140625 0.49560546875 0.404296875 0.49609375 0.4091796875 0.49658203125 0.4130859375 0.49853515625 0.419921875 0.5 0.421875 0.50048828125 0.4228515625 0.50048828125 0.42578125 0.5029296875 0.42578125
5 0.513671875 0.4052734375 0.51123046875 0.4111328125 0.51025390625 0.416015625 0.50927734375 0.41796875 0.5078125 0.41796875 0.5068359375 0.4189453125 0.50732421875 0.419921875 0.5087890625 0.419921875 0.5087890625 0.4208984375 0.50830078125 0.4248046875 0.50830078125 0.4267578125 0.50830078125 0.43359375 0.50830078125 0.4365234375 0.50830078125 0.44140625 0.5087890625 0.4453125 0.50927734375 0.4462890625 0.5107421875 0.4462890625 0.51123046875 0.4462890625 0.51123046875 0.4443359375 0.5126953125 0.443359375 0.5126953125 0.4453125 0.51318359375 0.4462890625 0.5146484375 0.4462890625 0.51416015625 0.443359375 0.52587890625 0.4423828125 0.53173828125 0.439453125 0.5322265625 0.4267578125 0.53271484375 0.423828125 0.53076171875 0.4150390625 0.52880859375 0.4072265625 0.52685546875 0.4052734375 0.52587890625 0.4052734375 0.5234375 0.40625 0.5205078125 0.40625 0.517578125 0.40625 0.51513671875 0.40625 0.5146484375 0.40625
4 0.6513671875 0.427734375 0.6494140625 0.4287109375 0.64697265625 0.4287109375 0.64599609375 0.423828125 0.64599609375 0.4189453125 0.6435546875 0.4130859375 0.642578125 0.4111328125 0.64013671875 0.40625 0.6376953125 0.40234375 0.638671875 0.396484375 0.640625 0.3955078125 0.64306640625 0.3984375 0.64306640625 0.3955078125 0.64208984375 0.3896484375 0.64208984375 0.3857421875 0.6416015625 0.384765625 0.640625 0.3828125 0.638671875 0.3818359375 0.63916015625 0.37890625 0.64111328125 0.37890625 0.6435546875 0.3798828125 0.646484375 0.380859375 0.6484375 0.376953125 0.64697265625 0.375 0.6474609375 0.373046875 0.6494140625 0.375 0.65185546875 0.3720703125 0.6533203125 0.3681640625 0.6552734375 0.3662109375 0.65771484375 0.3642578125 0.66162109375 0.365234375 0.66162109375 0.3671875 0.65966796875 0.37109375 0.6591796875 0.375 0.6572265625 0.3779296875 0.65576171875 0.380859375 0.65771484375 0.380859375 0.65771484375 0.384765625 0.65625 0.3857421875 0.65625 0.390625 0.658203125 0.390625 0.6591796875 0.3857421875 0.658203125 0.3818359375 0.658203125 0.37890625 0.66064453125 0.37890625 0.6611328125 0.3779296875 0.6611328125 0.375 0.6630859375 0.373046875 0.66015625 0.37109375 0.6611328125 0.369140625 0.66357421875 0.3671875 0.6669921875 0.3623046875 0.66943359375 0.36328125 0.6767578125 0.365234375 0.6728515625 0.369140625 0.67138671875 0.37109375 0.67138671875 0.3779296875 0.677734375 0.3837890625 0.6865234375 0.3876953125 0.69091796875 0.3779296875 0.69189453125 0.3603515625 0.6962890625 0.3564453125 0.7001953125 0.357421875 0.70263671875 0.3466796875 0.703125 0.3388671875 0.7041015625 0.3349609375 0.70703125 0.33203125 0.70703125 0.3447265625 0.70703125 0.3701171875 0.681640625 0.3955078125 0.6806640625 0.4072265625 0.6796875 0.4111328125 0.6796875 0.416015625 0.68310546875 0.419921875 0.6796875 0.4345703125 0.68017578125 0.4384765625 0.67626953125 0.447265625 0.6728515625 0.4453125 0.6650390625 0.4482421875 0.66455078125 0.4443359375 0.66259765625 0.4443359375 0.6611328125 0.447265625 0.65673828125 0.4453125 0.6552734375 0.4453125 0.65283203125 0.4453125 0.65087890625 0.4453125 0.6494140625 0.443359375 0.6494140625 0.4404296875 0.6513671875 0.4375 0.6513671875 0.4345703125 0.6533203125 0.4326171875 0.6533203125 0.4296875
5 0.70849609375 0.37109375 0.70458984375 0.3701171875 0.69970703125 0.3740234375 0.69580078125 0.37890625 0.69287109375 0.3857421875 0.68994140625 0.392578125 0.6826171875 0.41015625 0.68212890625 0.427734375 0.6806640625 0.4287109375 0.6787109375 0.43359375 0.677734375 0.439453125 0.6767578125 0.4453125 0.6748046875 0.4501953125 0.6748046875 0.45703125 0.67529296875 0.4619140625 0.67578125 0.4658203125 0.67919921875 0.466796875 0.6796875 0.47265625 0.6796875 0.478515625 0.68115234375 0.4833984375 0.6826171875 0.4853515625 0.685546875 0.4853515625 0.68896484375 0.4853515625 0.69140625 0.4833984375 0.69189453125 0.4794921875 0.69189453125 0.4755859375 0.6923828125 0.4697265625 0.69580078125 0.4697265625 0.701171875 0.4853515625 0.70654296875 0.4814453125 0.71142578125 0.4814453125 0.7158203125 0.482421875 0.73291015625 0.3671875
5 0.9169921875 0.5615234375 0.8818359375 0.548828125 0.88232421875 0.5556640625 0.88134765625 0.56640625 0.880859375 0.572265625 0.8779296875 0.57421875 0.8720703125 0.5732421875 0.865234375 0.5732421875 0.86083984375 0.5693359375 0.8583984375 0.55859375 0.8564453125 0.537109375 0.85546875 0.5224609375 0.85400390625 0.513671875 0.8525390625 0.50390625 0.85205078125 0.48828125 0.85302734375 0.4697265625 0.8544921875 0.458984375 0.85595703125 0.44921875 0.86083984375 0.435546875 0.865234375 0.423828125 0.86865234375 0.416015625 0.86767578125 0.4150390625 0.8642578125 0.4140625 0.86083984375 0.4140625 0.857421875 0.4130859375 0.85595703125 0.408203125 0.85595703125 0.40234375 0.8583984375 0.3955078125 0.8623046875 0.39453125 0.8662109375 0.39453125 0.869140625 0.3955078125 0.87060546875 0.3984375 0.87158203125 0.40625 0.880859375 0.3798828125 0.89306640625 0.353515625 0.90478515625 0.3349609375 0.91748046875 0.326171875 0.943359375 0.318359375 0.96484375 0.3125 0.9892578125 0.30859375 1.0 0.3076171875 1.0 0.5615234375 0.98974609375 0.5595703125 0.97412109375 0.55859375 0.9619140625 0.560546875 0.94873046875 0.560546875 0.94921875 0.576171875 0.94873046875 0.5888671875 0.94677734375 0.603515625 0.94580078125 0.609375 0.94189453125 0.6123046875 0.93505859375 0.61328125 0.92822265625 0.611328125 0.923828125 0.6044921875 0.9208984375 0.591796875 0.9189453125 0.578125 0.91845703125 0.5673828125
5 0.58056640625 0.474609375 0.5576171875 0.4736328125 0.55712890625 0.4765625 0.55322265625 0.4765625 0.55322265625 0.4814453125 0.5498046875 0.4833984375 0.546875 0.4814453125 0.546875 0.4736328125 0.546875 0.455078125 0.5478515625 0.4404296875 0.54931640625 0.427734375 0.55078125 0.4169921875 0.55419921875 0.404296875 0.55712890625 0.4013671875 0.5615234375 0.400390625 0.56884765625 0.400390625 0.57275390625 0.400390625 0.580078125 0.400390625 0.58349609375 0.4013671875 0.5859375 0.4072265625 0.58740234375 0.4140625 0.58984375 0.4267578125 0.59228515625 0.4267578125 0.59375 0.4296875 0.59326171875 0.43359375 0.59228515625 0.435546875 0.59130859375 0.4365234375 0.58984375 0.4345703125 0.59130859375 0.4423828125 0.591796875 0.4521484375 0.59130859375 0.4619140625 0.59130859375 0.46484375 0.59130859375 0.474609375 0.5908203125 0.4833984375 0.58740234375 0.484375 0.58447265625 0.4833984375 0.58349609375 0.48046875 0.5830078125 0.4765625 0.5810546875 0.4775390625
