0 0.0 0.7333984375 0.40625 0.462890625 0.65625 0.4296875 0.890625 0.4345703125 1.0 0.572265625 1.0 1.0 0.0009765625 1.0
1 0.59228515625 0.4755859375 0.4326171875 0.54296875 0.41455078125 0.5263671875 0.36669921875 0.4853515625 0.3984375 0.4677734375 0.42529296875 0.4853515625 0.4365234375 0.466796875 0.46630859375 0.470703125 0.5693359375 0.47265625 0.59326171875 0.46484375 0.60595703125 0.4599609375 0.59765625 0.4716796875
1 0.8662109375 0.54296875 0.73193359375 0.533203125 0.71337890625 0.5029296875 0.70751953125 0.484375 0.69189453125 0.455078125 0.7236328125 0.4560546875 0.8115234375 0.4755859375 0.86328125 0.51953125 0.88916015625 0.54296875
1 0.54638671875 0.494140625 0.5283203125 0.501953125 0.5283203125 0.5048828125 0.5439453125 0.501953125 0.560546875 0.494140625 0.6005859375 0.4755859375 0.60205078125 0.46484375 0.59228515625 0.47265625
2 0.583984375 0.1201171875 0.498046875 0.1201171875 0.49560546875 0.1240234375 0.32421875 0.12890625 0.3134765625 0.1484375 0.31201171875 0.091796875 0.314453125 0.0849609375 0.322265625 0.0849609375 0.2958984375 0.0546875 0.296875 0.0302734375 0.2978515625 0.0302734375 0.27294921875 0.0 0.001953125 0.0 0.0 0.4345703125 0.06005859375 0.443359375 0.0908203125 0.296875 0.47265625 0.3798828125 0.47265625 0.4951171875 0.60400390625 0.462890625 0.64306640625 0.4013671875 0.646484375 0.3779296875 0.6943359375 0.37109375 0.703125 0.31640625 0.68798828125 0.298828125 0.67333984375 0.3017578125 0.66259765625 0.3076171875 0.66357421875 0.2705078125 0.6572265625 0.2578125 0.64404296875 0.2529296875 0.640625 0.2509765625 0.640625 0.23828125 0.6474609375 0.2314453125 0.64306640625 0.205078125 0.64404296875 0.1640625 0.64404296875 0.1572265625 0.6376953125 0.1572265625 0.63525390625 0.1533203125 0.61572265625 0.1533203125
1 0.767578125 0.5341796875 0.798828125 0.5380859375 0.8857421875 0.5390625 0.89111328125 0.5537109375 0.822265625 0.55078125 0.7587890625 0.544921875 0.73291015625 0.5400390625 0.7216796875 0.5263671875 0.6953125 0.46875 0.6953125 0.462890625 0.701171875 0.47265625 0.7255859375 0.5244140625 0.73291015625 0.529296875 0.75 0.533203125
2 0.84716796875 0.1943359375 0.84619140625 0.2421875 0.8896484375 0.255859375 0.90234375 0.501953125 0.71044921875 0.4619140625 0.7060546875 0.3798828125 0.693359375 0.373046875 0.720703125 0.205078125
2 1.0 0.001953125 0.92236328125 0.001953125 0.89404296875 0.0458984375 0.88525390625 0.0810546875 0.89404296875 0.095703125 0.888671875 0.2490234375 0.8876953125 0.50390625 1.0 0.447265625
5 0.93310546875 0.4189453125 0.95361328125 0.421875 0.98828125 0.421875 0.9287109375 0.54296875 0.91845703125 0.533203125 0.9169921875 0.5390625 0.9111328125 0.5439453125 0.9052734375 0.541015625 0.90185546875 0.5302734375 0.90185546875 0.5166015625 0.90380859375 0.4990234375 0.90771484375 0.482421875 0.9130859375 0.46484375 0.921875 0.4423828125
5 0.95068359375 0.556640625 0.96484375 0.5615234375 0.9658203125 0.578125 0.97119140625 0.587890625 0.97607421875 0.583984375 0.9814453125 0.5693359375 0.98291015625 0.5625 1.0 0.556640625 1.0 0.470703125 1.0 0.451171875 0.9990234375 0.4189453125 0.98681640625 0.4189453125 0.97021484375 0.421875 0.95361328125 0.4482421875 0.94775390625 0.458984375 0.94140625 0.4560546875 0.93603515625 0.4619140625 0.9404296875 0.4736328125 0.94580078125 0.4765625 0.93359375 0.4853515625 0.931640625 0.501953125 0.93017578125 0.5185546875 0.92919921875 0.5390625 0.93017578125 0.5625 0.939453125 0.5673828125 0.94287109375 0.564453125 0.94482421875 0.5556640625
5 0.701171875 0.4169921875 0.70556640625 0.421875 0.70654296875 0.435546875 0.70556640625 0.44921875 0.70458984375 0.4580078125 0.6943359375 0.4560546875 0.69091796875 0.435546875 0.6943359375 0.4169921875 0.6953125 0.4169921875
5 0.5986328125 0.5615234375 0.60400390625 0.5625 0.6083984375 0.5595703125 0.60986328125 0.55078125 0.611328125 0.55078125 0.611328125 0.544921875 0.615234375 0.546875 0.61865234375 0.5419921875 0.64697265625 0.5390625 0.64990234375 0.541015625 0.6611328125 0.541015625 0.66650390625 0.541015625 0.6669921875 0.544921875 0.6708984375 0.544921875 0.67333984375 0.546875 0.67529296875 0.5517578125 0.677734375 0.5625 0.6845703125 0.5625 0.68798828125 0.5498046875 0.6875 0.521484375 0.68896484375 0.5048828125 0.68798828125 0.478515625 0.6875 0.462890625 0.68505859375 0.45703125 0.6806640625 0.4501953125 0.67333984375 0.4169921875 0.669921875 0.4052734375 0.64794921875 0.4033203125 0.6240234375 0.4052734375 0.61279296875 0.4091796875 0.60986328125 0.4228515625 0.6083984375 0.4345703125 0.60400390625 0.4501953125 0.60107421875 0.458984375 0.59814453125 0.470703125 0.59716796875 0.482421875 0.59716796875 0.4970703125 0.59716796875 0.521484375 0.59716796875 0.533203125 0.59716796875 0.5498046875
2 0.3251953125 0.41015625 0.32666015625 0.3427734375 0.33837890625 0.3212890625 0.31884765625 0.3076171875 0.3251953125 0.2880859375 0.32861328125 0.2880859375 0.33203125 0.2861328125 0.32861328125 0.255859375 0.33056640625 0.240234375 0.3232421875 0.220703125 0.3251953125 0.20703125 0.314453125 0.201171875 0.31005859375 0.1875 0.31005859375 0.181640625 0.31201171875 0.1640625 0.3076171875 0.150390625 0.3037109375 0.150390625 0.296875 0.1640625 0.29345703125 0.1640625 0.29052734375 0.1181640625 0.30224609375 0.1005859375 0.2783203125 0.0673828125 0.2763671875 0.0 0.2333984375 0.00390625 0.232421875 0.037109375 0.22509765625 0.0478515625 0.2236328125 0.05859375 0.2109375 0.076171875 0.21826171875 0.095703125 0.21728515625 0.1767578125 0.212890625 0.1640625 0.2138671875 0.14453125 0.20654296875 0.1416015625 0.2021484375 0.1484375 0.2021484375 0.1640625 0.19091796875 0.1962890625 0.18798828125 0.2275390625 0.18798828125 0.23828125 0.177734375 0.2529296875 0.1962890625 0.2880859375 0.1943359375 0.3037109375 0.17333984375 0.3076171875 0.1669921875 0.3125 0.17333984375 0.3271484375 0.17333984375 0.33203125 0.17578125 0.3427734375 0.1767578125 0.4384765625 0.17041015625 0.4501953125 0.166015625 0.4541015625 0.1669921875 0.46484375 0.16259765625 0.482421875 0.1591796875 0.5 0.193359375 0.501953125 0.203125 0.51953125 0.20654296875 0.5263671875 0.212890625 0.533203125 0.31640625 0.5283203125 0.33935546875 0.5390625 0.35595703125 0.5498046875 0.4169921875 0.5263671875 0.4169921875 0.5107421875 0.4091796875 0.49609375 0.33642578125 0.482421875 0.33056640625 0.4521484375 0.3251953125 0.4365234375 0.32421875 0.4189453125
4 0.0 0.50390625 0.0 0.421875 0.01416015625 0.4150390625 0.02197265625 0.421875 0.03076171875 0.4296875 0.0361328125 0.4345703125 0.04248046875 0.4189453125 0.0478515625 0.4189453125 0.056640625 0.4345703125 0.06640625 0.4365234375 0.0751953125 0.44140625 0.07763671875 0.4560546875 0.0849609375 0.458984375 0.0908203125 0.458984375 0.09814453125 0.466796875 0.10595703125 0.484375 0.111328125 0.4990234375 0.11962890625 0.5078125 0.12646484375 0.5068359375 0.1328125 0.5107421875 0.1708984375 0.5107421875 0.1826171875 0.5048828125 0.193359375 0.5068359375 0.20263671875 0.513671875 0.19873046875 0.521484375 0.189453125 0.5244140625 0.17431640625 0.5283203125 0.1650390625 0.5322265625 0.14013671875 0.537109375 0.12060546875 0.544921875 0.10595703125 0.5458984375 0.09814453125 0.5498046875 0.08740234375 0.5498046875 0.07373046875 0.5556640625 0.060546875 0.5595703125 0.04736328125 0.560546875 0.03857421875 0.568359375 0.02783203125 0.5693359375 0.01611328125 0.5703125 0.0 0.5576171875 0.0 0.5166015625
4 0.03515625 0.58984375 0.0693359375 0.5810546875 0.107421875 0.5693359375 0.15234375 0.560546875 0.19775390625 0.5498046875 0.21142578125 0.5439453125 0.2158203125 0.5361328125 0.2109375 0.52734375 0.205078125 0.5087890625 0.197265625 0.50390625 0.18896484375 0.49609375 0.17041015625 0.4990234375 0.14404296875 0.4931640625 0.10595703125 0.4912109375 0.09765625 0.5029296875 0.0751953125 0.5107421875 0.0439453125 0.5166015625 0.02783203125 0.5107421875 0.0 0.5234375 0.00048828125 0.6015625 0.01171875 0.5966796875 0.02392578125 0.5947265625
