0 0.01123046875 0.4384765625 0.255859375 0.4228515625 0.4091796875 0.4150390625 0.5234375 0.4228515625 0.70751953125 0.3974609375 1.0 0.439453125 1.0 1.0 0.0 1.0 0.0 0.486328125
1 0.3955078125 0.48046875 0.38330078125 0.484375 0.3681640625 0.4892578125 0.33837890625 0.4931640625 0.3056640625 0.4970703125 0.2744140625 0.498046875 0.23583984375 0.501953125 0.203125 0.50390625 0.17529296875 0.5048828125 0.17919921875 0.478515625 0.337890625 0.46484375 0.37939453125 0.4599609375 0.388671875 0.4599609375 0.39599609375 0.462890625 0.40185546875 0.4658203125 0.4072265625 0.47265625 0.4033203125 0.4775390625
1 0.40673828125 0.458984375 0.3974609375 0.458984375 0.3876953125 0.4580078125 0.3818359375 0.4560546875 0.384765625 0.4462890625 0.40771484375 0.4443359375 0.41552734375 0.4482421875 0.41552734375 0.453125
1 0.72021484375 0.4765625 0.712890625 0.4765625 0.70068359375 0.4775390625 0.6865234375 0.478515625 0.67626953125 0.478515625 0.66796875 0.4716796875 0.66796875 0.4609375 0.6708984375 0.4501953125 0.69970703125 0.4453125 0.71923828125 0.4462890625 0.7470703125 0.4501953125 0.779296875 0.4501953125 0.78466796875 0.4560546875 0.779296875 0.470703125 0.767578125 0.47265625 0.74658203125 0.4736328125 0.73095703125 0.4755859375
1 0.93115234375 0.8974609375 0.85693359375 0.8076171875 0.76904296875 0.7041015625 0.73388671875 0.666015625 0.7265625 0.6484375 0.7265625 0.6318359375 0.734375 0.619140625 0.84228515625 0.5712890625 0.79345703125 0.533203125 0.7578125 0.517578125 0.72412109375 0.5 0.70654296875 0.4921875 0.70849609375 0.4873046875 0.72021484375 0.486328125 0.74267578125 0.4833984375 0.76611328125 0.4833984375 0.78759765625 0.48046875 0.8271484375 0.4794921875 0.9765625 0.47265625 1.0 0.4716796875 1.0 0.8662109375 1.0 0.98046875 0.9853515625 0.958984375 0.95166015625 0.921875
1 0.056640625 0.5869140625 0.09619140625 0.576171875 0.1337890625 0.5615234375 0.17724609375 0.548828125 0.2060546875 0.5390625 0.234375 0.529296875 0.25732421875 0.521484375 0.2724609375 0.515625 0.275390625 0.509765625 0.27001953125 0.5087890625 0.248046875 0.5107421875 0.22705078125 0.51171875 0.20166015625 0.51171875 0.17919921875 0.5126953125 0.15185546875 0.5126953125 0.0 0.53515625 0.0 0.5986328125 0.00439453125 0.595703125 0.02880859375 0.58984375 0.04150390625 0.587890625
2 0.45361328125 0.01171875 0.45751953125 0.076171875 0.4599609375 0.0947265625 0.4609375 0.1015625 0.462890625 0.107421875 0.4638671875 0.111328125 0.46337890625 0.1162109375 0.46337890625 0.1279296875 0.46533203125 0.150390625 0.46923828125 0.158203125 0.4697265625 0.1708984375 0.4697265625 0.193359375 0.4716796875 0.1982421875 0.47021484375 0.2021484375 0.47119140625 0.2109375 0.47119140625 0.21875 0.4716796875 0.248046875 0.47265625 0.263671875 0.474609375 0.2646484375 0.4736328125 0.26953125 0.47509765625 0.2724609375 0.47314453125 0.2802734375 0.47314453125 0.3310546875 0.47802734375 0.42578125 0.45263671875 0.435546875 0.4462890625 0.2900390625 0.4375 0.2021484375 0.4375 0.193359375 0.4384765625 0.185546875 0.43798828125 0.1796875 0.4365234375 0.1689453125 0.4375 0.16015625 0.43994140625 0.1552734375 0.44140625 0.150390625 0.4423828125 0.1201171875 0.44189453125 0.1123046875 0.44189453125 0.1103515625 0.44140625 0.103515625 0.4443359375 0.0986328125 0.44775390625 0.01953125 0.44775390625 0.0 0.453125 0.0
4 0.46484375 0.357421875 0.45751953125 0.3544921875 0.451171875 0.3681640625 0.4521484375 0.3916015625 0.45361328125 0.4169921875 0.45947265625 0.423828125 0.46630859375 0.4248046875 0.4677734375 0.404296875 0.4697265625 0.3818359375
2 0.46484375 0.330078125 0.462890625 0.33984375 0.46142578125 0.34765625 0.46142578125 0.3603515625 0.4609375 0.3759765625 0.46142578125 0.4072265625 0.4619140625 0.435546875 0.4658203125 0.453125 0.47802734375 0.4521484375 0.49560546875 0.4501953125 0.51513671875 0.4482421875 0.52978515625 0.447265625 0.541015625 0.447265625 0.56103515625 0.443359375 0.568359375 0.3037109375 0.55859375 0.298828125 0.54345703125 0.2978515625 0.54150390625 0.2861328125 0.54150390625 0.279296875 0.529296875 0.279296875 0.52490234375 0.2802734375 0.52490234375 0.267578125 0.51025390625 0.267578125 0.5029296875 0.2685546875 0.5009765625 0.271484375 0.5 0.2734375 0.5 0.2822265625 0.5 0.28515625 0.49560546875 0.28515625 0.49072265625 0.2861328125 0.48876953125 0.2861328125 0.48828125 0.2939453125 0.48681640625 0.2958984375 0.48583984375 0.30078125 0.47900390625 0.30078125 0.47802734375 0.294921875 0.4814453125 0.2939453125 0.4814453125 0.2900390625 0.47802734375 0.2890625 0.47705078125 0.287109375 0.48046875 0.287109375 0.48095703125 0.2822265625 0.47802734375 0.2822265625 0.47509765625 0.2822265625 0.47412109375 0.28515625 0.47509765625 0.2890625 0.47314453125 0.298828125 0.4697265625 0.3037109375 0.46875 0.310546875 0.4677734375 0.3193359375
2 0.4482421875 0.2177734375 0.455078125 0.2255859375 0.455078125 0.2568359375 0.45556640625 0.296875 0.45703125 0.3818359375 0.45703125 0.4248046875 0.45849609375 0.447265625 0.44287109375 0.4462890625 0.42529296875 0.447265625 0.419921875 0.263671875 0.42138671875 0.1826171875 0.4296875 0.1875 0.43505859375 0.1865234375 0.43798828125 0.1943359375 0.4404296875 0.197265625 0.4423828125 0.197265625 0.443359375 0.203125 0.4453125 0.20703125 0.4462890625 0.21484375
4 0.43115234375 0.3603515625 0.43701171875 0.361328125 0.44091796875 0.3701171875 0.4453125 0.376953125 0.45166015625 0.37890625 0.4560546875 0.3828125 0.45556640625 0.3876953125 0.45556640625 0.3935546875 0.45947265625 0.3935546875 0.46044921875 0.400390625 0.45654296875 0.40234375 0.45458984375 0.4150390625 0.4482421875 0.4287109375 0.43896484375 0.435546875 0.4296875 0.4267578125 0.4296875 0.3916015625 0.4287109375 0.369140625
2 0.40869140625 0.126953125 0.40869140625 0.1435546875 0.412109375 0.1494140625 0.42236328125 0.1474609375 0.42431640625 0.1640625 0.4267578125 0.1708984375 0.431640625 0.1845703125 0.43359375 0.189453125 0.43505859375 0.197265625 0.4296875 0.2021484375 0.427734375 0.2158203125 0.427734375 0.244140625 0.43115234375 0.322265625 0.431640625 0.3583984375 0.43310546875 0.40625 0.43408203125 0.4462890625 0.40283203125 0.4541015625 0.3828125 0.4541015625 0.36865234375 0.44140625 0.36962890625 0.255859375 0.3720703125 0.119140625 0.37890625 0.12109375 0.3857421875 0.12109375 0.38623046875 0.1259765625 0.39697265625 0.125 0.40380859375 0.123046875 0.40625 0.123046875
2 0.373046875 0.0166015625 0.37353515625 0.048828125 0.38720703125 0.076171875 0.3857421875 0.0859375 0.38037109375 0.087890625 0.37890625 0.0927734375 0.37890625 0.099609375 0.380859375 0.1044921875 0.37939453125 0.11328125 0.37890625 0.1240234375 0.37939453125 0.1435546875 0.388671875 0.1572265625 0.388671875 0.1796875 0.38427734375 0.19140625 0.380859375 0.1962890625 0.37890625 0.1962890625 0.380859375 0.236328125 0.3896484375 0.2421875 0.39111328125 0.2529296875 0.392578125 0.259765625 0.3916015625 0.265625 0.3916015625 0.271484375 0.3876953125 0.275390625 0.3876953125 0.2841796875 0.3818359375 0.2900390625 0.3818359375 0.31640625 0.38330078125 0.341796875 0.384765625 0.3447265625 0.38525390625 0.3564453125 0.38720703125 0.3642578125 0.3828125 0.37109375 0.384765625 0.40234375 0.38525390625 0.435546875 0.38427734375 0.4599609375 0.376953125 0.4677734375 0.37158203125 0.4677734375 0.36083984375 0.46875 0.35009765625 0.46875 0.330078125 0.4716796875 0.31396484375 0.4794921875 0.29931640625 0.4794921875 0.2548828125 0.486328125 0.228515625 0.48828125 0.14892578125 0.482421875 0.1435546875 0.0 0.3759765625 0.0 0.375 0.0029296875 0.37646484375 0.0068359375
4 0.53662109375 0.3837890625 0.53125 0.3876953125 0.52880859375 0.3955078125 0.52783203125 0.40625 0.52880859375 0.4189453125 0.5361328125 0.4267578125 0.54345703125 0.4267578125 0.54931640625 0.4248046875 0.5556640625 0.4150390625 0.55908203125 0.40234375 0.5576171875 0.38671875 0.5517578125 0.3837890625 0.54150390625 0.3837890625
5 0.49658203125 0.435546875 0.4921875 0.435546875 0.4873046875 0.435546875 0.4853515625 0.4365234375 0.484375 0.439453125 0.482421875 0.44140625 0.482421875 0.4453125 0.48291015625 0.4501953125 0.4853515625 0.4521484375 0.49072265625 0.4521484375 0.4970703125 0.4521484375 0.5009765625 0.451171875 0.50341796875 0.4501953125 0.50341796875 0.4453125 0.501953125 0.44140625 0.5009765625 0.4375 0.4990234375 0.4365234375
5 0.47412109375 0.4326171875 0.474609375 0.4384765625 0.47509765625 0.447265625 0.47509765625 0.453125 0.47314453125 0.4560546875 0.470703125 0.4560546875 0.470703125 0.453125 0.4697265625 0.4521484375 0.46435546875 0.4521484375 0.4599609375 0.4375 0.45849609375 0.423828125 0.45947265625 0.4189453125 0.462890625 0.41796875 0.46728515625 0.4189453125 0.47021484375 0.419921875 0.4716796875 0.4228515625 0.47216796875 0.42578125
5 0.4658203125 0.4619140625 0.4638671875 0.4619140625 0.4619140625 0.4599609375 0.4619140625 0.4580078125 0.45751953125 0.4580078125 0.455078125 0.44140625 0.45458984375 0.4267578125 0.45849609375 0.4248046875 0.46142578125 0.42578125 0.4638671875 0.4287109375 0.46484375 0.4345703125 0.466796875 0.435546875 0.4677734375 0.4365234375 0.466796875 0.44140625 0.466796875 0.443359375 0.46728515625 0.447265625 0.4677734375 0.453125 0.4677734375 0.4599609375 0.46728515625 0.4619140625
5 0.458984375 0.46484375 0.45751953125 0.466796875 0.4560546875 0.466796875 0.455078125 0.4638671875 0.4482421875 0.4638671875 0.451171875 0.4365234375 0.45654296875 0.44140625 0.4599609375 0.4453125 0.46142578125 0.451171875 0.46142578125 0.4580078125
5 0.4140625 0.4228515625 0.4228515625 0.421875 0.42919921875 0.421875 0.43359375 0.4228515625 0.4365234375 0.423828125 0.4384765625 0.4345703125 0.44091796875 0.447265625 0.4423828125 0.458984375 0.4423828125 0.46875 0.43994140625 0.4736328125 0.43701171875 0.474609375 0.43408203125 0.4736328125 0.4326171875 0.46875 0.4296875 0.46875 0.42236328125 0.4697265625 0.4189453125 0.4697265625 0.41845703125 0.47265625 0.41748046875 0.4755859375 0.41357421875 0.478515625 0.40869140625 0.48046875 0.40576171875 0.48046875 0.40380859375 0.4765625 0.40380859375 0.458984375 0.40380859375 0.4501953125 0.4052734375 0.4453125 0.40478515625 0.4423828125 0.4033203125 0.439453125 0.404296875 0.4375 0.40625 0.4375 0.40771484375 0.4306640625 0.40869140625 0.423828125 0.4111328125 0.4228515625
4 0.318359375 0.3984375 0.31396484375 0.41015625 0.3125 0.4189453125 0.3125 0.4248046875 0.306640625 0.42578125 0.3037109375 0.43359375 0.3037109375 0.4423828125 0.30810546875 0.453125 0.3115234375 0.4619140625 0.31494140625 0.470703125 0.3203125 0.47265625 0.32763671875 0.470703125 0.328125 0.4599609375 0.32958984375 0.4521484375 0.33349609375 0.4521484375 0.33837890625 0.4521484375 0.34033203125 0.4443359375 0.3447265625 0.4375 0.34326171875 0.4267578125 0.33984375 0.423828125 0.3359375 0.4189453125 0.33447265625 0.41015625 0.3310546875 0.404296875 0.3251953125 0.404296875 0.32177734375 0.3974609375
5 0.26806640625 0.451171875 0.26953125 0.4580078125 0.271484375 0.46875 0.2724609375 0.478515625 0.27099609375 0.482421875 0.2705078125 0.486328125 0.25390625 0.4912109375 0.25244140625 0.5 0.2490234375 0.5029296875 0.24462890625 0.5029296875 0.24267578125 0.5009765625 0.240234375 0.5009765625 0.2392578125 0.5048828125 0.2373046875 0.505859375 0.23291015625 0.505859375 0.22900390625 0.505859375 0.22705078125 0.5009765625 0.2265625 0.5009765625 0.2060546875 0.5009765625 0.19189453125 0.501953125 0.17626953125 0.5029296875 0.17431640625 0.4580078125 0.18212890625 0.4521484375 0.1845703125 0.447265625 0.19091796875 0.443359375 0.20068359375 0.4375 0.21337890625 0.435546875 0.2265625 0.4345703125 0.2392578125 0.4375 0.25 0.443359375 0.25732421875 0.447265625 0.26171875 0.44921875
2 0.2021484375 0.0029296875 0.203125 0.0556640625 0.2060546875 0.0576171875 0.203125 0.0654296875 0.203125 0.087890625 0.20361328125 0.091796875 0.20361328125 0.1005859375 0.205078125 0.1044921875 0.20947265625 0.103515625 0.20947265625 0.1083984375 0.205078125 0.1142578125 0.20458984375 0.1240234375 0.205078125 0.1787109375 0.20654296875 0.232421875 0.20849609375 0.2353515625 0.20849609375 0.2421875 0.20654296875 0.2451171875 0.2060546875 0.26171875 0.2119140625 0.2626953125 0.21142578125 0.271484375 0.205078125 0.275390625 0.20556640625 0.3017578125 0.185546875 0.3046875 0.181640625 0.3154296875 0.1826171875 0.365234375 0.18505859375 0.509765625 0.1845703125 0.5166015625 0.16552734375 0.5185546875 0.14013671875 0.5244140625 0.10888671875 0.53125 0.06201171875 0.5419921875 0.05322265625 0.54296875 0.03564453125 0.5478515625 0.01611328125 0.552734375 0.0 0.5556640625 0.0 0.5576171875 0.0 0.0 0.203125 0.0
2 0.63525390625 0.1748046875 0.62109375 0.169921875 0.60791015625 0.1669921875 0.603515625 0.1669921875 0.58740234375 0.169921875 0.572265625 0.17578125 0.56396484375 0.181640625 0.56396484375 0.1865234375 0.55859375 0.19140625 0.5576171875 0.1943359375 0.560546875 0.197265625 0.564453125 0.1962890625 0.56396484375 0.20703125 0.5615234375 0.208984375 0.56005859375 0.205078125 0.55908203125 0.2060546875 0.55859375 0.208984375 0.55712890625 0.208984375 0.55615234375 0.205078125 0.5537109375 0.2099609375 0.55224609375 0.2119140625 0.5517578125 0.2158203125 0.55224609375 0.2197265625 0.552734375 0.236328125 0.5517578125 0.23828125 0.552734375 0.2412109375 0.552734375 0.2744140625 0.5517578125 0.3115234375 0.5556640625 0.400390625 0.55517578125 0.40625 0.5478515625 0.4189453125 0.5537109375 0.4228515625 0.5556640625 0.4462890625 0.5791015625 0.4462890625 0.6337890625 0.439453125 0.671875 0.2470703125 0.6640625 0.189453125 0.65625 0.171875 0.6513671875 0.1748046875 0.6484375 0.1748046875 0.64794921875 0.1689453125 0.64306640625 0.1689453125 0.64306640625 0.1748046875
2 0.65087890625 0.1201171875 0.65234375 0.2529296875 0.65283203125 0.27734375 0.6455078125 0.2861328125 0.646484375 0.271484375 0.64453125 0.271484375 0.6435546875 0.2666015625 0.63916015625 0.2724609375 0.6396484375 0.279296875 0.6376953125 0.2841796875 0.6376953125 0.298828125 0.6201171875 0.328125 0.62109375 0.3408203125 0.62841796875 0.3369140625 0.6240234375 0.384765625 0.63525390625 0.4150390625 0.666015625 0.462890625 0.677734375 0.474609375 0.69091796875 0.4677734375 0.7109375 0.46875 0.72509765625 0.4677734375 0.74609375 0.4658203125 0.7734375 0.4619140625 0.861328125 0.44921875 0.95263671875 0.447265625 1.0 0.4462890625 1.0 0.4462890625 1.0 0.0 0.650390625 0.0 0.64794921875 0.0 0.64794921875 0.001953125 0.64892578125 0.0419921875 0.65087890625 0.09375
5 0.57666015625 0.484375 0.57177734375 0.478515625 0.56689453125 0.4765625 0.56396484375 0.474609375 0.55810546875 0.4736328125 0.55615234375 0.4736328125 0.55615234375 0.4677734375 0.5556640625 0.458984375 0.5556640625 0.453125 0.560546875 0.443359375 0.56787109375 0.4345703125 0.5771484375 0.4296875 0.58544921875 0.4150390625 0.595703125 0.40625 0.60302734375 0.4013671875 0.60986328125 0.4013671875 0.6162109375 0.4013671875 0.62841796875 0.408203125 0.62353515625 0.451171875 0.611328125 0.4775390625 0.60302734375 0.478515625 0.59814453125 0.4755859375 0.5927734375 0.4755859375 0.59375 0.4794921875 0.58935546875 0.4794921875 0.5859375 0.482421875 0.5830078125 0.484375
5 0.78125 0.4130859375 0.7734375 0.4130859375 0.76953125 0.4189453125 0.7578125 0.43359375 0.75048828125 0.435546875 0.73974609375 0.4384765625 0.732421875 0.44140625 0.7275390625 0.447265625 0.7265625 0.4521484375 0.72412109375 0.4599609375 0.724609375 0.466796875 0.728515625 0.4697265625 0.73193359375 0.478515625 0.74267578125 0.4765625 0.744140625 0.4775390625 0.75146484375 0.478515625 0.75732421875 0.4736328125 0.7724609375 0.47265625 0.78466796875 0.470703125 0.80078125 0.4697265625 0.810546875 0.4658203125 0.80712890625 0.41015625 0.79541015625 0.412109375
5 0.99462890625 0.3837890625 0.9873046875 0.384765625 0.97265625 0.41015625 0.95849609375 0.439453125 0.95361328125 0.45703125 0.9560546875 0.470703125 0.962890625 0.4755859375 0.970703125 0.4736328125 0.9775390625 0.4697265625 0.99072265625 0.4716796875 1.0 0.4716796875 1.0 0.380859375
4 0.9365234375 0.345703125 0.93212890625 0.3125 0.93017578125 0.28125 0.92919921875 0.248046875 0.93603515625 0.2294921875 0.94189453125 0.208984375 0.94384765625 0.1962890625 0.9453125 0.18359375 0.95458984375 0.181640625 0.9619140625 0.181640625 0.97412109375 0.1875 0.98828125 0.185546875 1.0 0.177734375 1.0 0.1669921875 1.0 0.158203125 0.98779296875 0.158203125 0.97412109375 0.1591796875 0.97119140625 0.1494140625 0.9853515625 0.13671875 1.0 0.1337890625 1.0 0.1328125 1.0 0.0 0.5361328125 0.0 0.537109375 0.00390625 0.53125 0.0087890625 0.53662109375 0.029296875 0.54052734375 0.0302734375 0.54443359375 0.0283203125 0.544921875 0.0419921875 0.54638671875 0.0595703125 0.55126953125 0.0625 0.5458984375 0.0732421875 0.55078125 0.078125 0.56298828125 0.064453125 0.56640625 0.06640625 0.57373046875 0.0703125 0.58447265625 0.0712890625 0.58740234375 0.0634765625 0.59033203125 0.056640625 0.59326171875 0.060546875 0.59228515625 0.0732421875 0.59619140625 0.078125 0.6142578125 0.07421875 0.62646484375 0.068359375 0.6328125 0.06640625 0.62646484375 0.08203125 0.62939453125 0.0947265625 0.63720703125 0.1103515625 0.64404296875 0.1220703125 0.64990234375 0.12109375 0.650390625 0.1279296875 0.6533203125 0.1416015625 0.6640625 0.1435546875 0.6708984375 0.134765625 0.6767578125 0.134765625 0.68505859375 0.1416015625 0.68017578125 0.1572265625 0.6826171875 0.1689453125 0.6923828125 0.1689453125 0.703125 0.16015625 0.71142578125 0.1357421875 0.71826171875 0.1318359375 0.724609375 0.1357421875 0.7333984375 0.1484375 0.740234375 0.1474609375 0.75244140625 0.154296875 0.7587890625 0.16015625 0.76318359375 0.1796875 0.7724609375 0.1884765625 0.77734375 0.17578125 0.7802734375 0.1865234375 0.787109375 0.2041015625 0.79345703125 0.2314453125 0.79541015625 0.265625 0.79736328125 0.3095703125 0.79736328125 0.357421875 0.79833984375 0.38671875 0.798828125 0.4140625 0.7998046875 0.439453125 0.7978515625 0.4599609375 0.7978515625 0.4931640625 0.79638671875 0.5234375 0.79150390625 0.5546875 0.78515625 0.5703125 0.779296875 0.580078125 0.7626953125 0.6240234375 0.76025390625 0.6416015625 0.77978515625 0.6796875 0.83740234375 0.7109375 0.935546875 0.70703125 0.9853515625 0.69921875 1.0 0.6767578125 1.0 0.6142578125 0.98583984375 0.595703125 0.97509765625 0.5810546875 0.9638671875 0.5478515625 0.9560546875 0.5029296875 0.9462890625 0.4287109375 0.94287109375 0.384765625
5 0.60400390625 0.5166015625 0.60302734375 0.5048828125 0.60302734375 0.4833984375 0.60302734375 0.466796875 0.603515625 0.4482421875 0.6044921875 0.435546875 0.6025390625 0.4306640625 0.60009765625 0.4248046875 0.6015625 0.419921875 0.6044921875 0.41796875 0.60693359375 0.4189453125 0.60791015625 0.423828125 0.611328125 0.419921875 0.611328125 0.41015625 0.61328125 0.39453125 0.61474609375 0.388671875 0.6181640625 0.38671875 0.6181640625 0.384765625 0.6220703125 0.384765625 0.6220703125 0.38671875 0.6259765625 0.384765625 0.634765625 0.384765625 0.65869140625 0.384765625 0.65869140625 0.3828125 0.66064453125 0.384765625 0.662109375 0.38671875 0.66552734375 0.3896484375 0.66943359375 0.3984375 0.6728515625 0.41796875 0.67626953125 0.4150390625 0.67919921875 0.4169921875 0.6806640625 0.4208984375 0.67724609375 0.42578125 0.67919921875 0.4345703125 0.6796875 0.443359375 0.6796875 0.4609375 0.6796875 0.4765625 0.68115234375 0.51171875 0.677734375 0.515625 0.66845703125 0.513671875 0.66650390625 0.5107421875 0.66552734375 0.5048828125 0.6650390625 0.4970703125 0.6591796875 0.4970703125 0.6572265625 0.5009765625 0.63916015625 0.5009765625 0.626953125 0.501953125 0.62451171875 0.4970703125 0.61669921875 0.498046875 0.6171875 0.5068359375 0.615234375 0.5068359375 0.615234375 0.517578125
