0 1.0 0.396484375 0.0 0.373046875 0.0 1.0 1.0 1.0
4 0.0 0.4775390625 0.107421875 0.4970703125 0.1455078125 0.4921875 0.56884765625 0.4228515625 0.6083984375 0.4287109375 0.6328125 0.416015625 0.693359375 0.419921875 0.728515625 0.423828125 0.7734375 0.4228515625 0.8115234375 0.423828125 0.85888671875 0.4296875 0.896484375 0.44921875 0.9697265625 0.462890625 1.0 0.4619140625 1.0 0.0 0.0 0.0
2 0.66259765625 0.34375 0.66259765625 0.3017578125 0.66357421875 0.2958984375 0.66162109375 0.294921875 0.6611328125 0.2880859375 0.66259765625 0.271484375 0.6572265625 0.271484375 0.6552734375 0.26171875 0.64208984375 0.2587890625 0.64013671875 0.2724609375 0.5595703125 0.275390625 0.5498046875 0.283203125 0.5439453125 0.2861328125 0.513671875 0.28515625 0.50634765625 0.28125 0.501953125 0.2802734375 0.494140625 0.28515625 0.4892578125 0.2900390625 0.48876953125 0.2939453125 0.4931640625 0.3095703125 0.51708984375 0.3251953125 0.51953125 0.3388671875 0.52294921875 0.3447265625 0.5322265625 0.3447265625 0.54443359375 0.345703125 0.55078125 0.345703125 0.56005859375 0.349609375 0.57080078125 0.3544921875 0.57373046875 0.3564453125 0.5751953125 0.3505859375 0.578125 0.34765625 0.5791015625 0.345703125 0.57958984375 0.33984375 0.58349609375 0.3408203125 0.5869140625 0.3369140625 0.58935546875 0.3466796875 0.59375 0.3505859375 0.595703125 0.3427734375 0.595703125 0.337890625 0.599609375 0.333984375 0.6015625 0.330078125 0.60205078125 0.3251953125 0.607421875 0.3212890625 0.6083984375 0.3271484375 0.61083984375 0.333984375 0.61083984375 0.34375 0.6201171875 0.3447265625 0.62841796875 0.3486328125 0.6533203125 0.3525390625 0.66162109375 0.3525390625
2 0.74169921875 0.3271484375 0.73828125 0.3212890625 0.72998046875 0.3232421875 0.7255859375 0.3193359375 0.71630859375 0.3232421875 0.71142578125 0.310546875 0.71142578125 0.296875 0.69140625 0.296875 0.69189453125 0.306640625 0.6865234375 0.30859375 0.68701171875 0.314453125 0.67822265625 0.3212890625 0.66845703125 0.3232421875 0.67236328125 0.341796875 0.6728515625 0.353515625 0.681640625 0.359375 0.69091796875 0.3623046875 0.69921875 0.3603515625 0.703125 0.359375 0.705078125 0.3525390625 0.70849609375 0.3525390625 0.7109375 0.3544921875 0.716796875 0.3564453125 0.71923828125 0.35546875 0.72021484375 0.3505859375 0.7236328125 0.3486328125 0.72705078125 0.34375 0.7294921875 0.341796875 0.7314453125 0.3359375 0.73291015625 0.333984375 0.7353515625 0.3349609375 0.7373046875 0.3369140625 0.73876953125 0.3359375
2 0.77783203125 0.3134765625 0.75830078125 0.3125 0.759765625 0.3232421875 0.76171875 0.33203125 0.763671875 0.3359375 0.763671875 0.345703125 0.763671875 0.3583984375 0.7646484375 0.3671875 0.76806640625 0.3740234375 0.76953125 0.37890625 0.76953125 0.390625 0.76953125 0.3994140625 0.76953125 0.4052734375 0.771484375 0.4150390625 0.7822265625 0.4208984375 0.7939453125 0.4248046875 0.7998046875 0.416015625 0.8046875 0.416015625 0.8134765625 0.4150390625 0.822265625 0.412109375 0.82861328125 0.4111328125 0.82666015625 0.4013671875 0.82568359375 0.3994140625 0.8251953125 0.3857421875 0.8251953125 0.380859375 0.82080078125 0.37890625 0.8203125 0.3759765625 0.81982421875 0.373046875 0.8125 0.37890625 0.81005859375 0.3798828125 0.8115234375 0.3759765625 0.81201171875 0.373046875 0.810546875 0.369140625 0.80712890625 0.3720703125 0.80615234375 0.3701171875 0.80615234375 0.36328125 0.8056640625 0.361328125 0.8056640625 0.3583984375 0.80126953125 0.357421875 0.7998046875 0.3583984375 0.79833984375 0.3623046875 0.796875 0.36328125 0.796875 0.361328125 0.7958984375 0.359375 0.79296875 0.3515625 0.79296875 0.3505859375 0.7958984375 0.3447265625 0.79248046875 0.34765625 0.79248046875 0.3427734375 0.7919921875 0.337890625 0.78857421875 0.3369140625 0.7890625 0.330078125 0.79052734375 0.326171875 0.7900390625 0.3203125 0.78515625 0.3212890625 0.78076171875 0.3212890625 0.78076171875 0.318359375 0.779296875 0.318359375 0.779296875 0.3232421875 0.7763671875 0.3173828125
1 1.0 0.677734375 0.94873046875 0.638671875 0.9423828125 0.5673828125 0.9267578125 0.4638671875 0.9296875 0.451171875 0.939453125 0.4521484375 0.95263671875 0.45703125 0.97119140625 0.458984375 0.984375 0.458984375 0.994140625 0.4609375 1.0 0.466796875 1.0 0.55078125
1 0.013671875 0.734375 0.126953125 0.6943359375 0.32861328125 0.62109375 0.4326171875 0.5830078125 0.5068359375 0.552734375 0.60888671875 0.5185546875 0.708984375 0.4736328125 0.71728515625 0.46875 0.7158203125 0.462890625 0.7109375 0.4619140625 0.7021484375 0.4609375 0.689453125 0.4560546875 0.6328125 0.4609375 0.62109375 0.46875 0.53173828125 0.494140625 0.47802734375 0.505859375 0.33154296875 0.546875 0.275390625 0.5703125 0.0029296875 0.65234375 0.0009765625 0.73828125
1 0.7841796875 0.44921875 0.765625 0.4482421875 0.74658203125 0.4462890625 0.73828125 0.4462890625 0.73046875 0.4423828125 0.72900390625 0.4375 0.73046875 0.431640625 0.73388671875 0.427734375 0.736328125 0.4248046875 0.7421875 0.41015625 0.748046875 0.416015625 0.759765625 0.416015625 0.77001953125 0.4111328125 0.79736328125 0.419921875 0.7939453125 0.4326171875 0.7841796875 0.4501953125
5 0.70068359375 0.408203125 0.70751953125 0.4091796875 0.708984375 0.4150390625 0.7099609375 0.4189453125 0.71240234375 0.419921875 0.71044921875 0.4267578125 0.7080078125 0.4306640625 0.70556640625 0.4296875 0.70166015625 0.4296875 0.69775390625 0.4248046875
5 0.7236328125 0.4111328125 0.712890625 0.4111328125 0.71044921875 0.4169921875 0.7080078125 0.421875 0.7080078125 0.4267578125 0.70849609375 0.4345703125 0.70849609375 0.439453125 0.70947265625 0.4404296875 0.71142578125 0.4423828125 0.71240234375 0.4423828125 0.71337890625 0.4404296875 0.71826171875 0.439453125 0.7216796875 0.439453125 0.72216796875 0.439453125 0.724609375 0.443359375 0.72607421875 0.443359375 0.7275390625 0.4365234375 0.7275390625 0.4267578125 0.7265625 0.4228515625 0.724609375 0.416015625
5 0.57373046875 0.41796875 0.58984375 0.4189453125 0.5869140625 0.4404296875 0.578125 0.4482421875 0.57666015625 0.4462890625 0.57275390625 0.4443359375
2 0.6298828125 0.3408203125 0.669921875 0.3408203125 0.7021484375 0.3603515625 0.70166015625 0.3671875 0.69775390625 0.3779296875 0.69873046875 0.462890625 0.67236328125 0.4609375 0.63525390625 0.4609375 0.63134765625 0.435546875 0.63134765625 0.4169921875 0.6298828125 0.341796875
5 0.67919921875 0.4189453125 0.65576171875 0.4140625 0.64501953125 0.4150390625 0.62451171875 0.41796875 0.61865234375 0.4326171875 0.61376953125 0.4482421875 0.609375 0.4619140625 0.607421875 0.484375 0.60693359375 0.501953125 0.6064453125 0.517578125 0.60693359375 0.529296875 0.60791015625 0.5400390625 0.6103515625 0.54296875 0.615234375 0.54296875 0.619140625 0.5400390625 0.6201171875 0.5341796875 0.62109375 0.52734375 0.62353515625 0.529296875 0.625 0.5322265625 0.626953125 0.5341796875 0.6318359375 0.5341796875 0.6328125 0.533203125 0.63427734375 0.5302734375 0.63427734375 0.529296875 0.64453125 0.5302734375 0.64697265625 0.533203125 0.6533203125 0.53515625 0.65869140625 0.533203125 0.662109375 0.5283203125 0.66845703125 0.5302734375 0.6748046875 0.5302734375 0.67724609375 0.5302734375 0.67822265625 0.541015625 0.681640625 0.5458984375 0.6865234375 0.5439453125 0.68896484375 0.5390625 0.689453125 0.5263671875 0.69189453125 0.5263671875 0.69140625 0.5322265625 0.6943359375 0.5341796875 0.697265625 0.53125 0.69873046875 0.5283203125 0.69921875 0.4765625 0.69287109375 0.458984375 0.69873046875 0.45703125 0.701171875 0.45703125 0.70068359375 0.451171875 0.69921875 0.4462890625 0.693359375 0.4462890625 0.69140625 0.4462890625 0.69189453125 0.4501953125 0.69091796875 0.4521484375 0.6806640625 0.419921875
5 0.73388671875 0.4072265625 0.73095703125 0.408203125 0.72900390625 0.412109375 0.7275390625 0.4169921875 0.72802734375 0.4208984375 0.728515625 0.423828125 0.72900390625 0.427734375 0.73095703125 0.4287109375 0.73193359375 0.427734375 0.73193359375 0.4248046875 0.734375 0.4248046875 0.7373046875 0.4248046875 0.74169921875 0.423828125 0.7421875 0.416015625 0.7412109375 0.4140625 0.7392578125 0.4111328125 0.7373046875 0.408203125
5 0.75341796875 0.41796875 0.74853515625 0.41796875 0.74658203125 0.421875 0.74169921875 0.4306640625 0.74169921875 0.4375 0.74560546875 0.4453125 0.74609375 0.4482421875 0.748046875 0.44921875 0.74951171875 0.44921875 0.75537109375 0.4462890625 0.75537109375 0.44921875 0.75732421875 0.4501953125 0.759765625 0.4501953125 0.763671875 0.439453125 0.76123046875 0.4267578125 0.76025390625 0.419921875 0.7587890625 0.41796875
5 0.88525390625 0.40234375 0.85595703125 0.40234375 0.8095703125 0.4033203125 0.7958984375 0.416015625 0.7880859375 0.431640625 0.783203125 0.4501953125 0.779296875 0.466796875 0.7763671875 0.474609375 0.77490234375 0.470703125 0.77490234375 0.4658203125 0.771484375 0.4599609375 0.7666015625 0.4599609375 0.76123046875 0.462890625 0.7587890625 0.466796875 0.75830078125 0.470703125 0.7587890625 0.474609375 0.759765625 0.478515625 0.7646484375 0.48046875 0.775390625 0.48046875 0.7607421875 0.5068359375 0.76025390625 0.5205078125 0.759765625 0.5458984375 0.76025390625 0.5859375 0.7607421875 0.60546875 0.76123046875 0.615234375 0.76318359375 0.6171875 0.77197265625 0.619140625 0.77685546875 0.6181640625 0.77978515625 0.61328125 0.78271484375 0.6162109375 0.78271484375 0.6240234375 0.78369140625 0.6357421875 0.78466796875 0.6455078125 0.78662109375 0.6552734375 0.78857421875 0.66015625 0.7919921875 0.66015625 0.7998046875 0.66015625 0.8017578125 0.658203125 0.8046875 0.6435546875 0.80517578125 0.6376953125 0.80615234375 0.626953125 0.8125 0.62890625 0.8212890625 0.6279296875 0.826171875 0.630859375 0.82861328125 0.6318359375 0.8310546875 0.630859375 0.8330078125 0.62890625 0.83447265625 0.6318359375 0.8388671875 0.6328125 0.84033203125 0.630859375 0.8486328125 0.6337890625 0.8583984375 0.6337890625 0.87646484375 0.63671875 0.89208984375 0.6318359375 0.9033203125 0.6357421875 0.91796875 0.638671875 0.923828125 0.6376953125 0.9248046875 0.65234375 0.9287109375 0.6650390625 0.93505859375 0.6669921875 0.94287109375 0.66796875 0.951171875 0.6669921875 0.955078125 0.6640625 0.95849609375 0.650390625 0.96142578125 0.6103515625 0.96484375 0.5908203125 0.96533203125 0.5703125 0.9638671875 0.5537109375 0.96240234375 0.5205078125 0.96142578125 0.5087890625 0.9560546875 0.4912109375 0.94287109375 0.4423828125 0.9296875 0.4150390625 0.9130859375 0.4072265625 0.89404296875 0.404296875
