0 0.0615234375 0.4892578125 0.25830078125 0.4140625 0.4072265625 0.40625 0.48974609375 0.390625 0.58740234375 0.39453125 0.85107421875 0.4482421875 1.0 0.5185546875 1.0 1.0 0.0 1.0 0.0 0.5068359375
1 0.93896484375 0.7724609375 0.81640625 0.720703125 0.77880859375 0.6845703125 0.69287109375 0.5966796875 0.62646484375 0.525390625 0.59130859375 0.48828125 0.57861328125 0.48046875 0.5791015625 0.4755859375 0.58544921875 0.4736328125 0.599609375 0.470703125 0.6455078125 0.458984375 0.8662109375 0.541015625 1.0 0.607421875 1.0 0.7880859375 1.0 0.7919921875 0.98583984375 0.791015625 0.95654296875 0.78125
1 0.58056640625 0.4599609375 0.5693359375 0.455078125 0.560546875 0.451171875 0.55419921875 0.44140625 0.55419921875 0.4375 0.556640625 0.435546875 0.56689453125 0.4296875 0.58154296875 0.4375 0.60595703125 0.44140625 0.634765625 0.4404296875 0.6337890625 0.451171875 0.62744140625 0.458984375 0.59765625 0.4599609375 0.58935546875 0.4609375
1 0.193359375 0.5185546875 0.080078125 0.548828125 0.0 0.5771484375 0.0 0.5009765625 0.10009765625 0.4990234375 0.1943359375 0.48828125 0.2099609375 0.482421875 0.216796875 0.48828125 0.2275390625 0.4873046875 0.2431640625 0.490234375 0.2578125 0.4921875 0.26318359375 0.494140625 0.26318359375 0.5 0.24755859375 0.5029296875 0.2275390625 0.509765625
1 0.35888671875 0.4716796875 0.34716796875 0.4755859375 0.31982421875 0.4814453125 0.287109375 0.4892578125 0.263671875 0.4892578125 0.2138671875 0.4658203125 0.2470703125 0.44140625 0.3818359375 0.439453125 0.43505859375 0.4267578125 0.484375 0.4248046875 0.5029296875 0.421875 0.5068359375 0.4365234375 0.4970703125 0.439453125 0.48828125 0.439453125 0.4765625 0.439453125 0.46630859375 0.44140625 0.4501953125 0.4443359375 0.43701171875 0.453125 0.42529296875 0.4560546875 0.4111328125 0.462890625 0.400390625 0.4658203125 0.380859375 0.466796875 0.36962890625 0.46875
2 0.4921875 0.2421875 0.5302734375 0.244140625 0.5302734375 0.240234375 0.52978515625 0.2373046875 0.53076171875 0.2353515625 0.53369140625 0.2353515625 0.5341796875 0.2373046875 0.53369140625 0.2392578125 0.53369140625 0.2421875 0.5361328125 0.2431640625 0.5361328125 0.2451171875 0.54931640625 0.2451171875 0.56298828125 0.2548828125 0.57275390625 0.359375 0.56787109375 0.423828125 0.56640625 0.4365234375 0.54833984375 0.4365234375 0.53369140625 0.435546875 0.51611328125 0.4365234375 0.48291015625 0.4326171875 0.43603515625 0.294921875 0.4384765625 0.2392578125 0.45556640625 0.2392578125 0.4677734375 0.2412109375
2 0.5263671875 0.35546875 0.541015625 0.3818359375 0.5439453125 0.388671875 0.54296875 0.412109375 0.54345703125 0.43359375 0.53173828125 0.4365234375 0.51416015625 0.4365234375 0.49951171875 0.43359375 0.4912109375 0.40234375 0.4990234375 0.3828125 0.501953125 0.3779296875 0.5126953125 0.3564453125 0.51806640625 0.35546875 0.51904296875 0.3525390625 0.52099609375 0.353515625 0.521484375 0.357421875
2 0.5 0.330078125 0.50146484375 0.408203125 0.50244140625 0.435546875 0.48291015625 0.4384765625 0.46240234375 0.4375 0.4443359375 0.4375 0.4375 0.439453125 0.44287109375 0.3330078125 0.4423828125 0.2841796875 0.4453125 0.2685546875 0.4638671875 0.2744140625 0.46923828125 0.2734375 0.470703125 0.2734375 0.47216796875 0.267578125 0.47607421875 0.2705078125 0.47705078125 0.27734375 0.48046875 0.279296875 0.486328125 0.287109375 0.49658203125 0.302734375 0.5 0.3037109375 0.4990234375 0.30859375 0.49853515625 0.30859375
4 0.44677734375 0.197265625 0.4501953125 0.2001953125 0.4501953125 0.208984375 0.453125 0.2158203125 0.45361328125 0.2255859375 0.46142578125 0.236328125 0.4677734375 0.2431640625 0.470703125 0.255859375 0.470703125 0.2666015625 0.47119140625 0.275390625 0.4765625 0.2802734375 0.48291015625 0.2900390625 0.48291015625 0.3037109375 0.4814453125 0.3095703125 0.48095703125 0.3251953125 0.48291015625 0.3388671875 0.47900390625 0.3505859375 0.47900390625 0.36328125 0.4765625 0.37109375 0.47314453125 0.361328125 0.46435546875 0.365234375 0.4697265625 0.376953125 0.46923828125 0.392578125 0.462890625 0.3916015625 0.4619140625 0.404296875 0.45556640625 0.4140625 0.447265625 0.4140625 0.44677734375 0.439453125 0.44384765625 0.4384765625 0.443359375 0.416015625 0.44091796875 0.4140625 0.43359375 0.4072265625 0.42626953125 0.3828125 0.419921875 0.310546875 0.41796875 0.2568359375 0.4228515625 0.236328125 0.42578125 0.22265625 0.43212890625 0.21875 0.43212890625 0.208984375 0.4404296875 0.201171875
2 0.423828125 0.181640625 0.423828125 0.2529296875 0.42919921875 0.2529296875 0.4326171875 0.2744140625 0.4345703125 0.279296875 0.43115234375 0.28515625 0.43359375 0.2998046875 0.4365234375 0.3046875 0.43701171875 0.3173828125 0.43408203125 0.3271484375 0.4345703125 0.35546875 0.43505859375 0.3876953125 0.43603515625 0.4072265625 0.44189453125 0.4111328125 0.443359375 0.412109375 0.443359375 0.439453125 0.4423828125 0.4443359375 0.4287109375 0.4443359375 0.419921875 0.447265625 0.40771484375 0.451171875 0.3935546875 0.451171875 0.38671875 0.453125 0.3740234375 0.4560546875 0.36474609375 0.4599609375 0.353515625 0.4619140625 0.34912109375 0.462890625 0.34375 0.462890625 0.330078125 0.462890625 0.287109375 0.4677734375 0.26708984375 0.46875 0.23876953125 0.47265625 0.2099609375 0.46875 0.18798828125 0.0 0.37646484375 0.0 0.37939453125 0.0009765625 0.38037109375 0.0068359375 0.38134765625 0.0146484375 0.38232421875 0.0380859375 0.38330078125 0.0498046875 0.3876953125 0.0537109375 0.392578125 0.0673828125 0.3876953125 0.0703125 0.38818359375 0.0791015625 0.390625 0.08203125 0.39013671875 0.091796875 0.39501953125 0.091796875 0.3955078125 0.1015625 0.39892578125 0.103515625 0.39990234375 0.10546875 0.3994140625 0.1142578125 0.4033203125 0.115234375 0.4033203125 0.119140625 0.4033203125 0.1240234375 0.40673828125 0.125 0.4072265625 0.1279296875 0.4072265625 0.1337890625 0.41943359375 0.1640625 0.4189453125 0.1689453125
4 0.212890625 0.3076171875 0.2216796875 0.32421875 0.22412109375 0.3447265625 0.23974609375 0.3603515625 0.248046875 0.3486328125 0.2451171875 0.3291015625 0.24658203125 0.3173828125 0.259765625 0.322265625 0.26513671875 0.3154296875 0.27197265625 0.3134765625 0.2783203125 0.275390625 0.28369140625 0.265625 0.28466796875 0.291015625 0.2939453125 0.294921875 0.29443359375 0.2490234375 0.30517578125 0.2509765625 0.30908203125 0.2392578125 0.30322265625 0.2236328125 0.30419921875 0.201171875 0.310546875 0.1962890625 0.32177734375 0.1982421875 0.32177734375 0.1826171875 0.31787109375 0.1640625 0.30859375 0.1572265625 0.3056640625 0.1416015625 0.30224609375 0.126953125 0.29736328125 0.1435546875 0.29443359375 0.1328125 0.291015625 0.123046875 0.28759765625 0.1279296875 0.28369140625 0.1015625 0.287109375 0.0927734375 0.29736328125 0.07421875 0.29638671875 0.0634765625 0.2880859375 0.0634765625 0.28857421875 0.0458984375 0.283203125 0.0419921875 0.2783203125 0.03515625 0.2802734375 0.0283203125 0.2802734375 0.017578125 0.27783203125 0.0 0.19482421875 0.0
2 0.2119140625 0.0341796875 0.212890625 0.158203125 0.21337890625 0.251953125 0.2177734375 0.2587890625 0.2177734375 0.267578125 0.21533203125 0.26953125 0.2177734375 0.490234375 0.20751953125 0.494140625 0.1474609375 0.5048828125 0.064453125 0.5244140625 0.0 0.541015625 0.0 0.0 0.2109375 0.0 0.21142578125 0.0029296875
2 0.58544921875 0.1865234375 0.5791015625 0.1953125 0.5634765625 0.1962890625 0.56103515625 0.208984375 0.5595703125 0.2197265625 0.5615234375 0.22265625 0.55810546875 0.236328125 0.556640625 0.251953125 0.55615234375 0.255859375 0.55517578125 0.26171875 0.5556640625 0.2685546875 0.5576171875 0.26953125 0.55859375 0.2734375 0.55224609375 0.2734375 0.5517578125 0.2861328125 0.55615234375 0.28515625 0.55615234375 0.2998046875 0.56005859375 0.2998046875 0.55908203125 0.3037109375 0.55224609375 0.3046875 0.55224609375 0.3134765625 0.55859375 0.3154296875 0.55859375 0.3193359375 0.5556640625 0.3232421875 0.55615234375 0.3330078125 0.55322265625 0.3330078125 0.552734375 0.3447265625 0.55908203125 0.34375 0.5595703125 0.3544921875 0.55712890625 0.35546875 0.556640625 0.3623046875 0.55322265625 0.3642578125 0.55322265625 0.3701171875 0.560546875 0.3720703125 0.56005859375 0.38671875 0.56103515625 0.4326171875 0.57080078125 0.435546875 0.58154296875 0.44140625 0.5986328125 0.4482421875 0.61328125 0.4482421875 0.638671875 0.4560546875 0.65283203125 0.37109375 0.65380859375 0.0 0.6064453125 0.0 0.60302734375 0.0048828125 0.6005859375 0.01953125 0.59765625 0.0390625 0.58984375 0.080078125 0.58447265625 0.111328125 0.5849609375 0.1298828125 0.58349609375 0.138671875 0.5849609375 0.140625
2 0.62939453125 0.1005859375 0.63134765625 0.2021484375 0.62548828125 0.2177734375 0.62890625 0.2236328125 0.6298828125 0.25 0.623046875 0.263671875 0.62353515625 0.26953125 0.62890625 0.2705078125 0.62939453125 0.2841796875 0.63134765625 0.2880859375 0.6328125 0.3759765625 0.6337890625 0.4453125 0.6328125 0.4521484375 0.63232421875 0.4755859375 0.65625 0.486328125 0.6875 0.5009765625 0.7666015625 0.5361328125 0.865234375 0.580078125 0.99169921875 0.6474609375 1.0 0.654296875 1.0 0.0 0.6201171875 0.0 0.62109375 0.005859375 0.61962890625 0.041015625 0.61767578125 0.056640625 0.6220703125 0.0615234375 0.62353515625 0.076171875 0.62890625 0.078125 0.6298828125 0.078125
5 0.52685546875 0.443359375 0.525390625 0.443359375 0.52490234375 0.4453125 0.52197265625 0.4462890625 0.521484375 0.4375 0.52197265625 0.4306640625 0.5224609375 0.4287109375 0.525390625 0.419921875 0.533203125 0.4208984375 0.53564453125 0.4248046875 0.537109375 0.4306640625 0.537109375 0.4384765625 0.5361328125 0.44140625 0.53515625 0.4462890625 0.5322265625 0.447265625 0.53076171875 0.4423828125
5 0.49169921875 0.427734375 0.49267578125 0.43359375 0.49169921875 0.4375 0.4892578125 0.439453125 0.484375 0.4384765625 0.4814453125 0.435546875 0.4814453125 0.4306640625 0.4814453125 0.427734375 0.482421875 0.4248046875 0.48974609375 0.4248046875
5 0.45068359375 0.4541015625 0.44873046875 0.453125 0.44873046875 0.4453125 0.44873046875 0.4375 0.44970703125 0.4306640625 0.45361328125 0.4287109375 0.45751953125 0.4267578125 0.46240234375 0.427734375 0.46337890625 0.4306640625 0.46484375 0.443359375 0.46435546875 0.451171875 0.46240234375 0.4521484375 0.4599609375 0.44921875 0.45166015625 0.44921875
5 0.29345703125 0.49609375 0.28955078125 0.49609375 0.28759765625 0.4892578125 0.287109375 0.4775390625 0.28759765625 0.466796875 0.29150390625 0.45703125 0.2890625 0.45703125 0.2880859375 0.453125 0.29150390625 0.451171875 0.2939453125 0.451171875 0.29833984375 0.4375 0.30322265625 0.4345703125 0.32763671875 0.4326171875 0.33203125 0.4384765625 0.33447265625 0.4443359375 0.33642578125 0.44921875 0.33837890625 0.45703125 0.33984375 0.4853515625 0.33642578125 0.4892578125 0.333984375 0.4892578125 0.33203125 0.4833984375 0.32958984375 0.482421875 0.3291015625 0.490234375 0.326171875 0.4931640625 0.32275390625 0.4931640625 0.32177734375 0.4873046875 0.30712890625 0.490234375 0.3076171875 0.4931640625 0.302734375 0.494140625 0.30078125 0.490234375 0.29541015625 0.4912109375 0.29541015625 0.4951171875 0.29150390625 0.4970703125
