0 0.0 0.44140625 0.8662109375 0.423828125 1.0 0.43359375 1.0 1.0 0.00048828125 1.0
4 0.25830078125 0.189453125 0.2646484375 0.1962890625 0.2880859375 0.203125 0.3017578125 0.208984375 0.3193359375 0.208984375 0.33447265625 0.20703125 0.34326171875 0.2080078125 0.353515625 0.2138671875 0.365234375 0.23046875 0.35302734375 0.4267578125 0.2724609375 0.4599609375 0.25244140625 0.458984375 0.25 0.3798828125 0.2529296875 0.244140625
4 0.27197265625 0.3388671875 0.27734375 0.3505859375 0.28369140625 0.3583984375 0.291015625 0.3662109375 0.30517578125 0.390625 0.30810546875 0.421875 0.2734375 0.458984375 0.259765625 0.458984375 0.255859375 0.4228515625 0.2578125 0.3525390625
2 0.29931640625 0.296875 0.3291015625 0.2802734375 0.341796875 0.2548828125 0.37451171875 0.208984375 0.37890625 0.435546875 0.30810546875 0.431640625 0.3076171875 0.41015625 0.2998046875 0.41015625 0.29833984375 0.3544921875 0.30078125 0.3466796875
1 0.34716796875 0.447265625 0.416015625 0.4453125 0.39697265625 0.458984375 0.37939453125 0.4609375 0.3642578125 0.458984375 0.3515625 0.4580078125
1 0.08154296875 0.462890625 0.28369140625 0.4541015625 0.28466796875 0.470703125 0.31396484375 0.4697265625 0.40185546875 0.4677734375 0.39794921875 0.4794921875 0.25830078125 0.484375 0.10498046875 0.490234375 0.08056640625 0.48046875
5 0.2939453125 0.4189453125 0.30810546875 0.4228515625 0.2939453125 0.4619140625 0.28515625 0.4638671875 0.27880859375 0.466796875 0.2734375 0.462890625 0.27197265625 0.4541015625 0.271484375 0.4462890625 0.2822265625 0.4296875 0.291015625 0.4208984375
2 0.0 0.0 0.25341796875 0.0009765625 0.25634765625 0.0087890625 0.2568359375 0.021484375 0.2587890625 0.029296875 0.26025390625 0.046875 0.26318359375 0.0478515625 0.26904296875 0.072265625 0.26806640625 0.10546875 0.25537109375 0.10546875 0.25927734375 0.12109375 0.259765625 0.1259765625 0.26171875 0.1337890625 0.26416015625 0.13671875 0.271484375 0.1552734375 0.27001953125 0.189453125 0.2607421875 0.1884765625 0.26123046875 0.2109375 0.27197265625 0.2412109375 0.27197265625 0.26953125 0.2626953125 0.2734375 0.26123046875 0.3037109375 0.27294921875 0.3232421875 0.27294921875 0.3525390625 0.26123046875 0.35546875 0.2626953125 0.4658203125 0.2177734375 0.466796875 0.13134765625 0.466796875 0.1318359375 0.4716796875 0.1005859375 0.4736328125 0.0 0.4755859375
2 0.3701171875 0.23828125 0.3681640625 0.1337890625 0.38818359375 0.1015625 0.400390625 0.08203125 0.4140625 0.060546875 0.41455078125 0.0537109375 0.427734375 0.02734375 0.44384765625 0.0009765625 0.705078125 0.0009765625 1.0 0.0009765625 0.9990234375 0.443359375 0.90869140625 0.44921875 0.76806640625 0.4521484375 0.7275390625 0.453125 0.6416015625 0.447265625 0.537109375 0.455078125 0.396484375 0.4384765625 0.37109375 0.439453125 0.369140625 0.3291015625 0.36962890625 0.275390625
4 0.38134765625 0.4228515625 0.38671875 0.42578125 0.390625 0.42578125 0.3984375 0.4208984375 0.3955078125 0.4462890625 0.38037109375 0.4462890625 0.36962890625 0.4482421875 0.3603515625 0.447265625 0.353515625 0.4423828125 0.35302734375 0.4267578125 0.33935546875 0.40234375 0.33935546875 0.388671875 0.345703125 0.3818359375 0.3505859375 0.3857421875 0.35595703125 0.3876953125 0.359375 0.3837890625 0.3671875 0.375 0.37451171875 0.3740234375 0.380859375 0.375 0.3828125 0.380859375 0.38720703125 0.404296875 0.38330078125 0.41796875
4 0.326171875 0.1787109375 0.3310546875 0.173828125 0.3310546875 0.1689453125 0.33349609375 0.1630859375 0.33740234375 0.16015625 0.34228515625 0.15625 0.34765625 0.1552734375 0.3525390625 0.158203125 0.35888671875 0.158203125 0.36328125 0.1591796875 0.3681640625 0.166015625 0.37060546875 0.1767578125 0.375 0.193359375 0.3759765625 0.208984375 0.380859375 0.212890625 0.38427734375 0.212890625 0.38671875 0.212890625 0.388671875 0.208984375 0.39306640625 0.21484375 0.3955078125 0.2236328125 0.40380859375 0.2255859375 0.4072265625 0.232421875 0.40771484375 0.24609375 0.40283203125 0.2568359375 0.39892578125 0.265625 0.4013671875 0.287109375 0.40869140625 0.2841796875 0.4091796875 0.298828125 0.40673828125 0.3076171875 0.40869140625 0.3173828125 0.41259765625 0.3232421875 0.41552734375 0.326171875 0.42041015625 0.3271484375 0.42236328125 0.33984375 0.42236328125 0.3466796875 0.43017578125 0.3466796875 0.42822265625 0.357421875 0.4306640625 0.3662109375 0.4306640625 0.380859375 0.400390625 0.3984375 0.388671875 0.41015625 0.384765625 0.4130859375 0.38623046875 0.4453125 0.38330078125 0.4453125 0.38232421875 0.4140625 0.373046875 0.4091796875 0.36279296875 0.3984375 0.3623046875 0.3857421875 0.361328125 0.3798828125 0.3515625 0.380859375 0.3505859375 0.412109375 0.349609375 0.412109375 0.34814453125 0.380859375 0.33837890625 0.376953125 0.33349609375 0.3876953125 0.33154296875 0.3896484375 0.3271484375 0.39453125 0.3203125 0.4140625 0.31787109375 0.4150390625 0.31591796875 0.4111328125 0.3125 0.40625 0.30908203125 0.3984375 0.30712890625 0.392578125 0.30322265625 0.390625 0.2998046875 0.384765625 0.2958984375 0.3759765625 0.2958984375 0.447265625 0.2958984375 0.46875 0.29296875 0.46875 0.2919921875 0.3671875 0.29052734375 0.3408203125 0.287109375 0.328125 0.28466796875 0.318359375 0.28173828125 0.3154296875 0.27880859375 0.32421875 0.27001953125 0.3349609375 0.265625 0.3388671875 0.26025390625 0.3291015625 0.25732421875 0.322265625 0.25732421875 0.310546875 0.2607421875 0.296875 0.263671875 0.2900390625 0.26708984375 0.28125 0.26904296875 0.2734375 0.26708984375 0.265625 0.26416015625 0.2587890625 0.26220703125 0.248046875 0.25927734375 0.2333984375 0.255859375 0.2255859375 0.25390625 0.208984375 0.2548828125 0.1904296875 0.26025390625 0.1875 0.26708984375 0.1875 0.271484375 0.1806640625 0.271484375 0.177734375 0.27001953125 0.169921875 0.271484375 0.166015625 0.2734375 0.1630859375 0.2783203125 0.1552734375 0.28564453125 0.1552734375 0.28564453125 0.1484375 0.287109375 0.1416015625 0.2890625 0.13671875 0.29443359375 0.13671875 0.2978515625 0.138671875 0.30224609375 0.1455078125 0.3076171875 0.1572265625 0.3115234375 0.1650390625 0.3134765625 0.16796875 0.31689453125 0.1640625 0.32080078125 0.1689453125 0.32373046875 0.171875 0.3251953125 0.1748046875
5 0.31689453125 0.4091796875 0.3203125 0.404296875 0.32373046875 0.3994140625 0.34521484375 0.3994140625 0.35400390625 0.404296875 0.35791015625 0.431640625 0.3583984375 0.462890625 0.35302734375 0.4677734375 0.34228515625 0.4677734375 0.3408203125 0.4658203125 0.30810546875 0.4677734375 0.3076171875 0.46875 0.2958984375 0.4697265625 0.2919921875 0.4658203125 0.29150390625 0.45703125 0.29248046875 0.4462890625 0.294921875 0.439453125 0.3046875 0.4267578125 0.31201171875 0.4169921875 0.31396484375 0.4130859375
4 0.52783203125 0.4072265625 0.53955078125 0.4033203125 0.5439453125 0.4052734375 0.5478515625 0.4111328125 0.55224609375 0.4189453125 0.55517578125 0.4287109375 0.53271484375 0.443359375 0.52978515625 0.42578125
4 0.46875 0.3623046875 0.47314453125 0.3447265625 0.47216796875 0.33984375 0.46923828125 0.3359375 0.46435546875 0.3310546875 0.46044921875 0.3251953125 0.46240234375 0.314453125 0.4697265625 0.3134765625 0.4765625 0.3154296875 0.48095703125 0.3095703125 0.48486328125 0.3056640625 0.48974609375 0.3076171875 0.49755859375 0.31640625 0.50390625 0.3203125 0.51220703125 0.3203125 0.51611328125 0.3173828125 0.5234375 0.3095703125 0.52685546875 0.3037109375 0.53466796875 0.302734375 0.54296875 0.302734375 0.55078125 0.2978515625 0.5576171875 0.2978515625 0.5654296875 0.302734375 0.56787109375 0.3173828125 0.57177734375 0.31640625 0.576171875 0.310546875 0.576171875 0.3037109375 0.578125 0.2958984375 0.58447265625 0.294921875 0.58544921875 0.3056640625 0.5908203125 0.3134765625 0.5966796875 0.3056640625 0.6005859375 0.30859375 0.60693359375 0.3115234375 0.607421875 0.3046875 0.60986328125 0.296875 0.61474609375 0.2978515625 0.61865234375 0.3046875 0.62353515625 0.30859375 0.626953125 0.3154296875 0.62744140625 0.3095703125 0.62841796875 0.3056640625 0.63330078125 0.30078125 0.6376953125 0.30859375 0.640625 0.3095703125 0.6455078125 0.3056640625 0.64990234375 0.3193359375 0.65478515625 0.3291015625 0.6572265625 0.33203125 0.658203125 0.3447265625 0.658203125 0.349609375 0.65869140625 0.359375 0.65380859375 0.365234375 0.64892578125 0.3701171875 0.64990234375 0.3740234375 0.64453125 0.38671875 0.63916015625 0.396484375 0.63916015625 0.4306640625 0.6376953125 0.4306640625 0.63525390625 0.396484375 0.630859375 0.3984375 0.6259765625 0.404296875 0.6220703125 0.4072265625 0.6171875 0.408203125 0.61376953125 0.412109375 0.61328125 0.4404296875 0.6103515625 0.443359375 0.60693359375 0.4072265625 0.5986328125 0.400390625 0.59130859375 0.400390625 0.58984375 0.3984375 0.58642578125 0.392578125 0.58349609375 0.384765625 0.57861328125 0.3857421875 0.572265625 0.390625 0.5703125 0.392578125 0.568359375 0.396484375 0.56689453125 0.3955078125 0.564453125 0.388671875 0.55908203125 0.3955078125 0.55615234375 0.3994140625 0.55517578125 0.4326171875 0.55322265625 0.4326171875 0.5517578125 0.408203125 0.54833984375 0.4072265625 0.54248046875 0.4072265625 0.53466796875 0.4072265625 0.5302734375 0.419921875 0.51171875 0.4189453125 0.49365234375 0.3935546875 0.48095703125 0.384765625 0.4736328125 0.37890625 0.46826171875 0.3720703125
3 0.529296875 0.4287109375 0.5576171875 0.4287109375 0.57080078125 0.4287109375 0.58203125 0.427734375 0.5810546875 0.4599609375 0.54052734375 0.4619140625 0.53564453125 0.4619140625
1 0.537109375 0.4619140625 0.64697265625 0.4580078125 1.0 0.4404296875 1.0 0.4599609375 0.9052734375 0.46484375 0.85693359375 0.46484375 0.80126953125 0.4638671875 0.77490234375 0.4658203125 0.609375 0.47265625 0.5380859375 0.474609375
5 0.82861328125 0.3583984375 0.87060546875 0.357421875 0.88916015625 0.3583984375 0.904296875 0.361328125 0.9033203125 0.3662109375 0.91259765625 0.384765625 0.9150390625 0.412109375 0.91650390625 0.423828125 0.91650390625 0.439453125 0.9091796875 0.44921875 0.8974609375 0.4658203125 0.86376953125 0.462890625 0.859375 0.4541015625 0.8505859375 0.455078125 0.83984375 0.455078125 0.82861328125 0.455078125 0.8232421875 0.455078125 0.8193359375 0.455078125 0.8154296875 0.455078125 0.8076171875 0.45703125 0.80517578125 0.4658203125 0.80322265625 0.4697265625 0.79443359375 0.4716796875 0.7822265625 0.47265625 0.77490234375 0.4677734375 0.76611328125 0.4541015625 0.7587890625 0.4462890625 0.7607421875 0.419921875 0.763671875 0.4072265625 0.78564453125 0.3935546875 0.80517578125 0.38671875 0.81396484375 0.3740234375 0.822265625 0.365234375
5 0.0078125 0.41796875 0.017578125 0.43359375 0.02392578125 0.4365234375 0.056640625 0.4404296875 0.0849609375 0.44921875 0.099609375 0.4599609375 0.1044921875 0.4716796875 0.10546875 0.4873046875 0.10498046875 0.5 0.10595703125 0.5048828125 0.10498046875 0.513671875 0.099609375 0.515625 0.08154296875 0.5185546875 0.07763671875 0.517578125 0.07275390625 0.52734375 0.0654296875 0.533203125 0.048828125 0.53125 0.0439453125 0.525390625 0.04052734375 0.5205078125 0.0234375 0.51953125 0.00048828125 0.5205078125 0.0 0.51953125 0.0 0.4150390625
1 0.7412109375 0.5546875 0.99951171875 0.52734375 1.0 0.8447265625 0.8779296875 0.755859375 0.81396484375 0.7060546875 0.7548828125 0.6552734375 0.72705078125 0.623046875 0.716796875 0.6064453125 0.71484375 0.58984375 0.71923828125 0.578125 0.72607421875 0.56640625 0.73876953125 0.5556640625
4 0.63916015625 0.048828125 0.64013671875 0.041015625 0.638671875 0.0380859375 0.63427734375 0.033203125 0.63525390625 0.0234375 0.638671875 0.0224609375 0.6513671875 0.0185546875 0.6474609375 0.01171875 0.63720703125 0.0107421875 0.63330078125 0.005859375 0.6328125 0.0 0.99951171875 0.0029296875 0.9990234375 0.15625 0.99365234375 0.16796875 0.98828125 0.169921875 0.984375 0.171875 0.9833984375 0.1884765625 0.97900390625 0.1875 0.97607421875 0.1875 0.97412109375 0.1904296875 0.970703125 0.197265625 0.96728515625 0.1953125 0.962890625 0.1904296875 0.9580078125 0.1943359375 0.94873046875 0.1962890625 0.943359375 0.189453125 0.9375 0.1884765625 0.92578125 0.1875 0.92236328125 0.185546875 0.92041015625 0.181640625 0.93017578125 0.17578125 0.9365234375 0.16796875 0.9365234375 0.16015625 0.93310546875 0.1552734375 0.92626953125 0.1572265625 0.91748046875 0.1552734375 0.916015625 0.1650390625 0.9130859375 0.1689453125 0.91015625 0.1748046875 0.90576171875 0.18359375 0.89794921875 0.19140625 0.8896484375 0.193359375 0.8798828125 0.1962890625 0.8720703125 0.203125 0.86669921875 0.203125 0.85595703125 0.20703125 0.84521484375 0.212890625 0.8291015625 0.2158203125 0.8193359375 0.21484375 0.81103515625 0.2109375 0.81298828125 0.201171875 0.82275390625 0.193359375 0.81640625 0.1884765625 0.81103515625 0.1845703125 0.8076171875 0.1796875 0.8115234375 0.1689453125 0.81982421875 0.1591796875 0.82373046875 0.1484375 0.81494140625 0.1484375 0.80224609375 0.1494140625 0.79443359375 0.14453125 0.79052734375 0.1572265625 0.78662109375 0.1689453125 0.77880859375 0.1748046875 0.76904296875 0.1787109375 0.7646484375 0.1787109375 0.7587890625 0.173828125 0.75341796875 0.1689453125 0.75341796875 0.15625 0.75048828125 0.15234375 0.74853515625 0.1435546875 0.75732421875 0.125 0.75732421875 0.119140625 0.75390625 0.115234375 0.74853515625 0.1142578125 0.7451171875 0.111328125 0.74169921875 0.1025390625 0.73681640625 0.09375 0.73046875 0.0869140625 0.72265625 0.087890625 0.71923828125 0.0859375 0.71923828125 0.07421875 0.7138671875 0.072265625 0.70947265625 0.07421875 0.70751953125 0.08984375 0.69970703125 0.0927734375 0.69580078125 0.0869140625 0.69189453125 0.0869140625 0.6875 0.0947265625 0.68115234375 0.095703125 0.67138671875 0.0927734375 0.66552734375 0.0947265625 0.66162109375 0.0966796875 0.66015625 0.0947265625 0.66796875 0.0693359375 0.66259765625 0.060546875 0.6572265625 0.056640625 0.6474609375 0.060546875 0.642578125 0.060546875 0.6396484375 0.0576171875
5 0.4501953125 0.353515625 0.4521484375 0.3583984375 0.46044921875 0.359375 0.490234375 0.35546875 0.50830078125 0.3583984375 0.51123046875 0.353515625 0.515625 0.3564453125 0.52001953125 0.3701171875 0.52880859375 0.4072265625 0.53271484375 0.4189453125 0.537109375 0.431640625 0.541015625 0.4541015625 0.54150390625 0.4775390625 0.54052734375 0.5126953125 0.5400390625 0.5361328125 0.53564453125 0.5478515625 0.5146484375 0.560546875 0.4404296875 0.4453125 0.43994140625 0.3984375 0.44189453125 0.3720703125 0.44677734375 0.3583984375
5 0.408203125 0.38671875 0.4228515625 0.380859375 0.4541015625 0.37890625 0.48779296875 0.380859375 0.5029296875 0.3857421875 0.5107421875 0.392578125 0.5126953125 0.412109375 0.51416015625 0.4384765625 0.5166015625 0.4521484375 0.5234375 0.4521484375 0.5263671875 0.447265625 0.53662109375 0.4501953125 0.53857421875 0.4609375 0.5380859375 0.474609375 0.51953125 0.478515625 0.5205078125 0.4853515625 0.52099609375 0.4892578125 0.52197265625 0.4921875 0.5234375 0.4951171875 0.525390625 0.49609375 0.52587890625 0.501953125 0.5244140625 0.51171875 0.5263671875 0.537109375 0.529296875 0.54296875 0.5302734375 0.546875 0.529296875 0.6376953125 0.52783203125 0.6630859375 0.5244140625 0.66796875 0.51806640625 0.66796875 0.5107421875 0.662109375 0.51025390625 0.6513671875 0.51025390625 0.6416015625 0.5107421875 0.6337890625 0.50537109375 0.6220703125 0.48583984375 0.625 0.44873046875 0.6279296875 0.41943359375 0.62890625 0.40283203125 0.630859375 0.3984375 0.630859375 0.3994140625 0.6318359375 0.3984375 0.6494140625 0.3984375 0.662109375 0.39599609375 0.6669921875 0.39013671875 0.66796875 0.38330078125 0.66796875 0.37939453125 0.6552734375 0.37841796875 0.609375 0.3779296875 0.5673828125 0.3779296875 0.5546875 0.3779296875 0.548828125 0.3818359375 0.54296875 0.38427734375 0.505859375 0.3828125 0.50390625 0.3828125 0.4990234375 0.3857421875 0.4990234375 0.39013671875 0.4873046875 0.390625 0.474609375 0.388671875 0.4716796875 0.38134765625 0.4716796875 0.3798828125 0.4658203125 0.3818359375 0.4541015625 0.39306640625 0.453125 0.39501953125 0.4287109375 0.39697265625 0.4052734375 0.400390625 0.3955078125 0.40380859375 0.390625
