0 0.0 0.6064453125 0.0341796875 0.59765625 0.06982421875 0.591796875 0.1181640625 0.5830078125 0.16845703125 0.572265625 0.392578125 0.4794921875 0.4677734375 0.435546875 0.49072265625 0.419921875 0.54296875 0.44140625 0.5966796875 0.4931640625 0.66064453125 0.5283203125 0.7568359375 0.5419921875 0.90869140625 0.5546875 1.0 0.5576171875 1.0 1.0 1.0 0.9990234375 0.21337890625 1.0 0.0 1.0
1 0.45068359375 0.455078125 0.4638671875 0.4580078125 0.4482421875 0.48046875 0.43798828125 0.4892578125 0.396484375 0.5107421875 0.34130859375 0.5390625 0.16748046875 0.619140625 0.12646484375 0.626953125 0.080078125 0.6357421875 0.025390625 0.6474609375 0.0 0.6513671875 0.00048828125 0.5341796875 0.0146484375 0.5361328125 0.1494140625 0.5263671875 0.20849609375 0.49609375 0.3369140625 0.4833984375 0.39892578125 0.4619140625 0.4404296875 0.453125
1 0.515625 0.4443359375 0.5439453125 0.458984375 0.61376953125 0.5224609375 0.626953125 0.53515625 0.58984375 0.5390625 0.5888671875 0.5419921875 0.59130859375 0.546875 0.6064453125 0.5576171875 0.62890625 0.5625 0.65087890625 0.5693359375 0.66552734375 0.5732421875 0.7431640625 0.57421875 0.80908203125 0.578125 0.9013671875 0.583984375 0.9697265625 0.587890625 1.0 0.5869140625 1.0 0.51171875 0.900390625 0.49609375 0.79443359375 0.486328125 0.73974609375 0.4736328125 0.67431640625 0.4638671875 0.60791015625 0.4521484375 0.55712890625 0.4345703125 0.51806640625 0.4326171875
4 0.43603515625 0.328125 0.44384765625 0.326171875 0.45654296875 0.328125 0.4697265625 0.3310546875 0.48291015625 0.330078125 0.49951171875 0.330078125 0.51123046875 0.3369140625 0.52099609375 0.3359375 0.525390625 0.3359375 0.52392578125 0.353515625 0.51904296875 0.37890625 0.50927734375 0.400390625 0.4814453125 0.384765625 0.46337890625 0.3779296875 0.44091796875 0.3740234375 0.4228515625 0.345703125
4 0.466796875 0.4580078125 0.470703125 0.4443359375 0.4775390625 0.439453125 0.4833984375 0.4443359375 0.48583984375 0.4580078125 0.494140625 0.458984375 0.52099609375 0.447265625 0.505859375 0.4345703125 0.5068359375 0.416015625 0.50537109375 0.3974609375 0.50341796875 0.384765625 0.4990234375 0.3759765625 0.49072265625 0.3740234375 0.4833984375 0.375 0.47265625 0.369140625 0.4599609375 0.3681640625 0.453125 0.3681640625 0.4443359375 0.3515625 0.43603515625 0.3505859375 0.42724609375 0.359375 0.43310546875 0.41796875 0.447265625 0.455078125
5 0.4765625 0.4619140625 0.47607421875 0.466796875 0.4814453125 0.466796875 0.482421875 0.4599609375 0.4765625 0.4580078125
2 0.44873046875 0.423828125 0.44970703125 0.390625 0.4345703125 0.3701171875 0.427734375 0.3779296875 0.42822265625 0.400390625 0.42919921875 0.408203125 0.4345703125 0.4169921875 0.4443359375 0.421875
5 0.46630859375 0.46875 0.4638671875 0.4677734375 0.46240234375 0.4609375 0.46484375 0.458984375 0.46728515625 0.458984375 0.4677734375 0.46484375
5 0.462890625 0.4697265625 0.4609375 0.47265625 0.45751953125 0.47265625 0.45458984375 0.47265625 0.4580078125 0.466796875 0.45947265625 0.4599609375 0.462890625 0.4609375 0.4638671875 0.462890625
5 0.453125 0.4609375 0.453125 0.466796875 0.4541015625 0.4716796875 0.45556640625 0.4716796875 0.458984375 0.46875 0.4599609375 0.462890625 0.4609375 0.4580078125 0.45751953125 0.4541015625
5 0.44482421875 0.4462890625 0.44775390625 0.453125 0.45166015625 0.458984375 0.45166015625 0.4677734375 0.4482421875 0.4697265625 0.4462890625 0.470703125 0.443359375 0.46875 0.4384765625 0.462890625 0.43896484375 0.4501953125 0.44140625 0.447265625
2 0.35546875 0.1669921875 0.2939453125 0.0361328125 0.2421875 0.0341796875 0.2412109375 0.0009765625 0.0 0.001953125 0.0009765625 0.541015625 0.05859375 0.552734375 0.09619140625 0.5419921875 0.13232421875 0.5234375 0.146484375 0.5185546875 0.16357421875 0.5068359375 0.18603515625 0.4931640625 0.20849609375 0.482421875 0.23681640625 0.474609375 0.265625 0.4677734375 0.29736328125 0.4794921875 0.33251953125 0.4931640625 0.35546875 0.462890625 0.36669921875 0.3671875 0.36328125 0.244140625
4 0.43408203125 0.33984375 0.43310546875 0.3232421875 0.4375 0.314453125 0.435546875 0.302734375 0.431640625 0.296875 0.42626953125 0.2890625 0.42236328125 0.2802734375 0.4189453125 0.2705078125 0.41650390625 0.2578125 0.41064453125 0.265625 0.40673828125 0.2578125 0.40380859375 0.2373046875 0.39453125 0.228515625 0.3896484375 0.2236328125 0.390625 0.21484375 0.39501953125 0.2099609375 0.39111328125 0.20703125 0.39111328125 0.2021484375 0.39404296875 0.193359375 0.39013671875 0.1884765625 0.384765625 0.1865234375 0.38720703125 0.171875 0.37939453125 0.1708984375 0.37646484375 0.173828125 0.36865234375 0.171875 0.36669921875 0.1640625 0.36376953125 0.1650390625 0.36328125 0.1572265625 0.35888671875 0.1611328125 0.357421875 0.1650390625 0.349609375 0.162109375 0.34912109375 0.1689453125 0.34521484375 0.1796875 0.34228515625 0.18359375 0.3310546875 0.1796875 0.3330078125 0.1943359375 0.330078125 0.2041015625 0.33544921875 0.2158203125 0.3369140625 0.2255859375 0.3330078125 0.23046875 0.32275390625 0.2294921875 0.3173828125 0.23046875 0.314453125 0.2421875 0.31201171875 0.2548828125 0.3154296875 0.2607421875 0.318359375 0.2705078125 0.31591796875 0.2802734375 0.31201171875 0.2841796875 0.3134765625 0.2900390625 0.3173828125 0.2958984375 0.31591796875 0.302734375 0.314453125 0.306640625 0.3173828125 0.314453125 0.318359375 0.32421875 0.31396484375 0.33203125 0.31298828125 0.34375 0.31982421875 0.34375 0.3173828125 0.35546875 0.31396484375 0.361328125 0.3154296875 0.37109375 0.31982421875 0.37890625 0.318359375 0.3837890625 0.32177734375 0.396484375 0.318359375 0.4169921875 0.314453125 0.4248046875 0.3173828125 0.43359375 0.3251953125 0.4150390625 0.3232421875 0.4365234375 0.32763671875 0.4375 0.33203125 0.4306640625 0.3359375 0.423828125 0.33740234375 0.4287109375 0.314453125 0.453125 0.3212890625 0.4814453125 0.32861328125 0.50390625 0.3427734375 0.5068359375 0.3701171875 0.5009765625 0.392578125 0.4873046875 0.40283203125 0.4794921875 0.412109375 0.4560546875 0.4306640625 0.435546875 0.4375 0.423828125 0.43310546875 0.40234375 0.43505859375 0.3935546875 0.43359375 0.38671875 0.43408203125 0.37890625 0.4345703125 0.37109375 0.43310546875 0.3642578125
5 0.431640625 0.51171875 0.404296875 0.5126953125 0.40478515625 0.517578125 0.40283203125 0.5185546875 0.4013671875 0.521484375 0.39990234375 0.5224609375 0.3984375 0.5185546875 0.3984375 0.5087890625 0.3974609375 0.49609375 0.39892578125 0.478515625 0.39599609375 0.4765625 0.3955078125 0.4716796875 0.39892578125 0.470703125 0.4013671875 0.46875 0.404296875 0.4541015625 0.4072265625 0.453125 0.412109375 0.4521484375 0.423828125 0.451171875 0.4306640625 0.453125 0.43359375 0.4609375 0.43505859375 0.47265625 0.4375 0.484375 0.43798828125 0.4931640625 0.4375 0.513671875 0.4365234375 0.5185546875 0.4345703125 0.5185546875 0.43310546875 0.5185546875 0.431640625 0.5166015625 0.43212890625 0.509765625
2 0.50341796875 0.408203125 0.50390625 0.3955078125 0.5078125 0.3974609375 0.5087890625 0.390625 0.5146484375 0.384765625 0.51416015625 0.333984375 0.53466796875 0.3349609375 0.53515625 0.3203125 0.533203125 0.3193359375 0.54150390625 0.3017578125 0.54833984375 0.291015625 0.5576171875 0.2880859375 0.5634765625 0.2900390625 0.5673828125 0.28515625 0.57470703125 0.2841796875 0.5791015625 0.287109375 0.580078125 0.279296875 0.58203125 0.2763671875 0.5849609375 0.26171875 0.58984375 0.275390625 0.59521484375 0.328125 0.59033203125 0.390625 0.5888671875 0.419921875 0.576171875 0.443359375 0.560546875 0.4482421875 0.54638671875 0.45703125 0.53515625 0.4501953125 0.52197265625 0.4423828125 0.50830078125 0.4443359375 0.50146484375 0.4287109375
2 0.58203125 0.2275390625 0.5830078125 0.1494140625 0.5888671875 0.0537109375 0.6005859375 0.0322265625 0.62548828125 0.0166015625 0.7431640625 0.021484375 0.79931640625 0.03515625 0.8828125 0.056640625 1.0 0.0224609375 1.0 0.5234375 0.90478515625 0.5185546875 0.861328125 0.513671875 0.81396484375 0.5087890625 0.78125 0.5126953125 0.75732421875 0.501953125 0.73486328125 0.4951171875 0.71923828125 0.4912109375 0.68017578125 0.4814453125 0.63720703125 0.4794921875 0.5986328125 0.4599609375 0.5732421875 0.4560546875 0.5751953125 0.412109375 0.57861328125 0.3583984375 0.5771484375 0.2783203125
4 0.51416015625 0.4404296875 0.51806640625 0.43359375 0.52294921875 0.4306640625 0.5263671875 0.4306640625 0.52685546875 0.4189453125 0.5283203125 0.4111328125 0.52880859375 0.404296875 0.533203125 0.39453125 0.5380859375 0.3935546875 0.5400390625 0.3837890625 0.54541015625 0.3837890625 0.5498046875 0.37890625 0.55224609375 0.3857421875 0.5576171875 0.390625 0.5615234375 0.400390625 0.5595703125 0.4091796875 0.5546875 0.416015625 0.55224609375 0.423828125 0.54931640625 0.4287109375 0.5439453125 0.431640625 0.54345703125 0.4443359375 0.54052734375 0.4423828125 0.53857421875 0.4345703125 0.53857421875 0.4462890625 0.5361328125 0.4423828125 0.5380859375 0.4482421875 0.53369140625 0.4384765625 0.53564453125 0.44140625 0.53271484375 0.4501953125 0.52490234375 0.4482421875 0.5185546875 0.4501953125
5 0.54150390625 0.4521484375 0.54150390625 0.4443359375 0.521484375 0.4443359375 0.5185546875 0.4482421875 0.52294921875 0.453125 0.52978515625 0.4580078125 0.537109375 0.4560546875
5 0.53125 0.4833984375 0.53271484375 0.4931640625 0.53662109375 0.4921875 0.53955078125 0.486328125 0.53955078125 0.4794921875 0.54296875 0.462890625 0.5439453125 0.4560546875 0.54052734375 0.4521484375 0.5341796875 0.4521484375 0.52880859375 0.4541015625 0.5283203125 0.4609375 0.52978515625 0.4736328125
5 0.54248046875 0.50390625 0.5400390625 0.50390625 0.53857421875 0.5009765625 0.5361328125 0.5009765625 0.5361328125 0.4892578125 0.53759765625 0.4765625 0.53955078125 0.4658203125 0.54150390625 0.458984375 0.546875 0.455078125 0.5517578125 0.45703125 0.552734375 0.4580078125 0.55078125 0.47265625 0.5498046875 0.5 0.54345703125 0.4990234375
5 0.4990234375 0.455078125 0.49462890625 0.4677734375 0.4912109375 0.4697265625 0.49072265625 0.474609375 0.49267578125 0.4765625 0.490234375 0.48828125 0.49072265625 0.5068359375 0.4912109375 0.5205078125 0.49365234375 0.5234375 0.49609375 0.5234375 0.49609375 0.513671875 0.52587890625 0.51171875 0.52587890625 0.5166015625 0.52734375 0.521484375 0.53173828125 0.5224609375 0.5341796875 0.5205078125 0.53466796875 0.5048828125 0.53369140625 0.4873046875 0.53125 0.4697265625 0.52880859375 0.458984375 0.525390625 0.4501953125 0.51611328125 0.4482421875 0.505859375 0.4482421875 0.50146484375 0.4501953125
4 0.59521484375 0.447265625 0.60302734375 0.447265625 0.60888671875 0.4482421875 0.6181640625 0.451171875 0.62451171875 0.453125 0.634765625 0.45703125 0.65380859375 0.4609375 0.6767578125 0.462890625 0.6865234375 0.4658203125 0.68603515625 0.51171875 0.673828125 0.5126953125 0.61474609375 0.494140625 0.60400390625 0.4794921875 0.59716796875 0.45703125
4 0.60595703125 0.4453125 0.60595703125 0.4267578125 0.60595703125 0.4208984375 0.611328125 0.419921875 0.61181640625 0.4130859375 0.6083984375 0.41015625 0.60546875 0.408203125 0.6015625 0.4111328125 0.591796875 0.4052734375 0.607421875 0.3994140625 0.59912109375 0.39453125 0.6044921875 0.390625 0.60107421875 0.3876953125 0.6025390625 0.3828125 0.6044921875 0.373046875 0.599609375 0.3623046875 0.59619140625 0.34375 0.59619140625 0.3369140625 0.603515625 0.34765625 0.607421875 0.34765625 0.60693359375 0.333984375 0.61328125 0.337890625 0.6181640625 0.3359375 0.61376953125 0.3515625 0.61767578125 0.3515625 0.6220703125 0.34765625 0.6201171875 0.365234375 0.611328125 0.3857421875 0.61328125 0.396484375 0.6142578125 0.40625 0.61376953125 0.419921875 0.6181640625 0.419921875 0.61865234375 0.453125 0.6083984375 0.462890625
5 0.560546875 0.4375 0.55615234375 0.4423828125 0.55224609375 0.4521484375 0.55029296875 0.4609375 0.55029296875 0.474609375 0.548828125 0.4951171875 0.548828125 0.5107421875 0.5517578125 0.515625 0.5537109375 0.5146484375 0.5556640625 0.5166015625 0.56005859375 0.5166015625 0.56298828125 0.5107421875 0.56884765625 0.49609375 0.58349609375 0.4482421875 0.5927734375 0.4521484375 0.59033203125 0.4404296875 0.58203125 0.4375
5 0.5703125 0.5244140625 0.56689453125 0.5234375 0.56640625 0.5166015625 0.5654296875 0.5146484375 0.56396484375 0.5205078125 0.56201171875 0.5185546875 0.56201171875 0.5009765625 0.56201171875 0.478515625 0.56298828125 0.474609375 0.56396484375 0.470703125 0.56494140625 0.466796875 0.5693359375 0.4658203125 0.5732421875 0.447265625 0.5986328125 0.44921875 0.603515625 0.45703125 0.60791015625 0.474609375 0.61279296875 0.4892578125 0.61279296875 0.5185546875 0.61279296875 0.5244140625 0.60888671875 0.5244140625 0.60693359375 0.5166015625 0.60009765625 0.517578125 0.58642578125 0.5166015625 0.57421875 0.51953125 0.5712890625 0.517578125
4 0.73046875 0.5283203125 0.7236328125 0.5283203125 0.7216796875 0.26953125 0.70751953125 0.2626953125 0.70361328125 0.27734375 0.6923828125 0.2880859375 0.6826171875 0.2763671875 0.677734375 0.2626953125 0.66650390625 0.2646484375 0.658203125 0.265625 0.64404296875 0.283203125 0.638671875 0.3056640625 0.634765625 0.26953125 0.6298828125 0.267578125 0.62109375 0.2783203125 0.61279296875 0.2880859375 0.607421875 0.2763671875 0.599609375 0.255859375 0.6005859375 0.21875 0.60107421875 0.19140625 0.59814453125 0.162109375 0.59912109375 0.1162109375 0.59814453125 0.126953125 0.59814453125 0.1533203125 0.59521484375 0.208984375 0.59130859375 0.291015625 0.58740234375 0.275390625 0.58544921875 0.2158203125 0.58251953125 0.1640625 0.57763671875 0.1884765625 0.57275390625 0.1669921875 0.56689453125 0.1552734375 0.5654296875 0.025390625 0.5693359375 0.0 1.0 0.0 1.0 0.251953125 0.994140625 0.224609375 0.9892578125 0.302734375 0.9873046875 0.23046875 0.98095703125 0.2236328125 0.9794921875 0.2314453125 0.98095703125 0.2890625 0.96923828125 0.283203125 0.966796875 0.23828125 0.9609375 0.2294921875 0.95703125 0.2509765625 0.95361328125 0.2646484375 0.9482421875 0.2373046875 0.9365234375 0.263671875 0.93603515625 0.2919921875 0.9287109375 0.263671875 0.91552734375 0.2744140625 0.90625 0.2490234375 0.9013671875 0.2646484375 0.89990234375 0.291015625 0.88818359375 0.283203125 0.8798828125 0.2685546875 0.86181640625 0.271484375 0.8642578125 0.3564453125 0.86767578125 0.4677734375 0.83935546875 0.4638671875 0.84228515625 0.2783203125 0.8388671875 0.2578125 0.828125 0.2626953125 0.81396484375 0.2587890625 0.80126953125 0.26953125 0.787109375 0.263671875 0.78515625 0.26953125 0.77197265625 0.2421875 0.7548828125 0.244140625 0.73583984375 0.27734375 0.73193359375 0.330078125 0.73291015625 0.525390625
5 0.13720703125 0.505859375 0.138671875 0.4970703125 0.15087890625 0.48828125 0.1650390625 0.484375 0.1826171875 0.474609375 0.19775390625 0.458984375 0.208984375 0.451171875 0.22314453125 0.451171875 0.21728515625 0.47265625 0.2099609375 0.52734375 0.1962890625 0.5234375 0.15185546875 0.5185546875 0.13818359375 0.5087890625
5 0.22509765625 0.443359375 0.271484375 0.435546875 0.30078125 0.439453125 0.318359375 0.4541015625 0.32958984375 0.4912109375 0.3359375 0.5048828125 0.341796875 0.5615234375 0.33935546875 0.595703125 0.33544921875 0.615234375 0.3232421875 0.615234375 0.32080078125 0.6025390625 0.31298828125 0.603515625 0.3115234375 0.6328125 0.30078125 0.6376953125 0.2919921875 0.6357421875 0.28857421875 0.619140625 0.24609375 0.62109375 0.19677734375 0.6201171875 0.193359375 0.642578125 0.1806640625 0.646484375 0.169921875 0.640625 0.1689453125 0.6123046875 0.16650390625 0.5966796875 0.16650390625 0.5693359375 0.16796875 0.548828125 0.17041015625 0.5341796875 0.1845703125 0.51953125 0.197265625 0.5009765625 0.2080078125 0.4765625 0.21875 0.453125
