4 0.228515625 0.3056640625 0.228515625 0.3203125 0.240234375 0.3251953125 0.24169921875 0.39453125 0.234375 0.4072265625 0.2099609375 0.400390625 0.21435546875 0.2919921875 0.2353515625 0.2822265625 0.23095703125 0.296875 0.2236328125 0.302734375
0 0.00732421875 0.3955078125 0.1962890625 0.427734375 0.205078125 0.3974609375 0.232421875 0.4013671875 0.27197265625 0.4033203125 0.6767578125 0.396484375 1.0 0.6142578125 1.0 1.0 0.0 1.0 0.0 0.39453125
2 0.21484375 0.3955078125 0.24072265625 0.3955078125 0.23974609375 0.412109375 0.21630859375 0.408203125 0.20849609375 0.408203125
1 0.0078125 0.484375 0.0439453125 0.482421875 0.07666015625 0.4814453125 0.1201171875 0.48046875 0.15380859375 0.48046875 0.1875 0.4794921875 0.2158203125 0.478515625 0.23291015625 0.4765625 0.25634765625 0.4736328125 0.27392578125 0.4697265625 0.27490234375 0.46484375 0.2685546875 0.458984375 0.25439453125 0.4521484375 0.2421875 0.4462890625 0.23095703125 0.44140625 0.224609375 0.4365234375 0.2197265625 0.42578125 0.2041015625 0.419921875 0.00927734375 0.4296875 0.0 0.4296875 0.0 0.484375
1 0.0048828125 0.5693359375 0.0498046875 0.5537109375 0.08984375 0.541015625 0.12646484375 0.5283203125 0.16259765625 0.515625 0.2021484375 0.5029296875 0.2255859375 0.4951171875 0.24365234375 0.48828125 0.24267578125 0.486328125 0.23193359375 0.4873046875 0.20068359375 0.48828125 0.1689453125 0.48828125 0.1337890625 0.4892578125 0.08056640625 0.4912109375 0.05810546875 0.490234375 0.0 0.4912109375 0.0 0.5703125
1 0.4423828125 0.4501953125 0.4248046875 0.447265625 0.4111328125 0.4443359375 0.39501953125 0.443359375 0.37744140625 0.44140625 0.361328125 0.4375 0.375 0.412109375 0.486328125 0.419921875 0.61865234375 0.419921875 0.64013671875 0.419921875 0.6318359375 0.4501953125 0.623046875 0.462890625 0.60595703125 0.4609375 0.59130859375 0.4599609375 0.5732421875 0.4609375 0.56396484375 0.4619140625 0.54345703125 0.4609375 0.4541015625 0.4541015625
1 0.81982421875 0.849609375 0.76123046875 0.7744140625 0.671875 0.65234375 0.603515625 0.556640625 0.56982421875 0.5107421875 0.560546875 0.4951171875 0.560546875 0.4775390625 0.57080078125 0.474609375 0.58740234375 0.474609375 0.60498046875 0.470703125 0.63037109375 0.466796875 0.7080078125 0.486328125 1.0 0.615234375 1.0 1.0 0.9287109375 1.0 0.9091796875 0.9853515625 0.90185546875 0.96875 0.85986328125 0.90625
2 0.2763671875 0.197265625 0.27001953125 0.197265625 0.265625 0.2001953125 0.26171875 0.205078125 0.2587890625 0.212890625 0.25537109375 0.22265625 0.25390625 0.22265625 0.25341796875 0.23046875 0.24609375 0.2490234375 0.23876953125 0.263671875 0.23681640625 0.28515625 0.2373046875 0.3173828125 0.23779296875 0.365234375 0.23828125 0.3935546875 0.2392578125 0.412109375 0.2578125 0.4169921875 0.3330078125 0.423828125 0.3935546875 0.4375 0.42041015625 0.4306640625 0.427734375 0.43359375 0.43994140625 0.435546875 0.46044921875 0.4375 0.54248046875 0.443359375 0.56591796875 0.443359375 0.58154296875 0.44140625 0.59033203125 0.44140625 0.59912109375 0.44140625 0.611328125 0.4423828125 0.63525390625 0.4375 0.63525390625 0.0 0.34912109375 0.0 0.34521484375 0.0029296875 0.33935546875 0.0166015625 0.328125 0.044921875 0.32275390625 0.0576171875 0.31982421875 0.056640625 0.31884765625 0.0654296875 0.31103515625 0.0869140625 0.29833984375 0.119140625 0.2978515625 0.1220703125 0.29541015625 0.1298828125 0.29638671875 0.1572265625 0.2939453125 0.1650390625 0.2880859375 0.1787109375 0.28271484375 0.189453125 0.279296875 0.1953125
5 0.22900390625 0.4150390625 0.22509765625 0.412109375 0.22265625 0.412109375 0.22265625 0.4052734375 0.22509765625 0.404296875 0.22705078125 0.404296875 0.22900390625 0.408203125 0.2294921875 0.41015625
5 0.244140625 0.400390625 0.24658203125 0.400390625 0.24853515625 0.404296875 0.248046875 0.412109375 0.24462890625 0.4189453125 0.24169921875 0.4189453125 0.23876953125 0.4189453125 0.2373046875 0.4150390625 0.236328125 0.40625 0.2373046875 0.40234375 0.2392578125 0.400390625 0.24267578125 0.400390625
5 0.2490234375 0.43359375 0.24560546875 0.43359375 0.24462890625 0.43359375 0.2421875 0.43359375 0.2412109375 0.43359375 0.240234375 0.4287109375 0.240234375 0.423828125 0.240234375 0.419921875 0.24169921875 0.4150390625 0.2421875 0.412109375 0.24365234375 0.4052734375 0.24658203125 0.4033203125 0.25048828125 0.40234375 0.25537109375 0.40234375 0.25927734375 0.408203125 0.25830078125 0.4208984375
5 0.26171875 0.400390625 0.26513671875 0.400390625 0.27001953125 0.404296875 0.271484375 0.4072265625 0.2724609375 0.4150390625 0.2724609375 0.4228515625 0.27197265625 0.4287109375 0.2685546875 0.431640625 0.259765625 0.43359375 0.25732421875 0.4365234375 0.255859375 0.4375 0.25244140625 0.435546875 0.251953125 0.435546875 0.24951171875 0.435546875 0.24951171875 0.42578125 0.25048828125 0.416015625 0.251953125 0.4072265625 0.25390625 0.4033203125 0.25634765625 0.4013671875
5 0.27880859375 0.439453125 0.27685546875 0.439453125 0.2763671875 0.435546875 0.27392578125 0.435546875 0.2734375 0.439453125 0.271484375 0.439453125 0.27001953125 0.4375 0.26953125 0.4345703125 0.2685546875 0.431640625 0.2685546875 0.4228515625 0.26904296875 0.4169921875 0.26953125 0.4130859375 0.26904296875 0.4111328125 0.2705078125 0.41015625 0.271484375 0.408203125 0.27294921875 0.404296875 0.2744140625 0.4013671875 0.2783203125 0.400390625 0.28125 0.400390625 0.28662109375 0.4052734375 0.28857421875 0.4189453125 0.28759765625 0.43359375 0.2841796875 0.4345703125 0.28173828125 0.4345703125 0.28173828125 0.4365234375
5 0.31298828125 0.39453125 0.31591796875 0.3955078125 0.32080078125 0.3955078125 0.322265625 0.3994140625 0.322265625 0.4228515625 0.31396484375 0.4248046875 0.3076171875 0.4072265625 0.30322265625 0.3955078125 0.306640625 0.39453125
5 0.3115234375 0.4013671875 0.31494140625 0.408203125 0.3193359375 0.4150390625 0.3203125 0.4296875 0.31396484375 0.4365234375 0.31298828125 0.44140625 0.31005859375 0.4423828125 0.30859375 0.4453125 0.30712890625 0.4404296875 0.3017578125 0.4287109375 0.29931640625 0.40234375 0.30029296875 0.3984375 0.3046875 0.3984375
5 0.3251953125 0.400390625 0.3271484375 0.400390625 0.32958984375 0.4091796875 0.330078125 0.4326171875 0.330078125 0.44140625 0.32861328125 0.4443359375 0.3251953125 0.4443359375 0.3251953125 0.447265625 0.3232421875 0.44921875 0.3203125 0.44921875 0.31982421875 0.443359375 0.31787109375 0.443359375 0.31787109375 0.4453125 0.31591796875 0.4462890625 0.31494140625 0.4453125 0.31396484375 0.4375 0.3134765625 0.4296875 0.3134765625 0.4208984375 0.31494140625 0.4169921875 0.31591796875 0.41015625 0.31787109375 0.40234375 0.32080078125 0.400390625 0.322265625 0.400390625
5 0.33154296875 0.3623046875 0.341796875 0.3603515625 0.34814453125 0.3603515625 0.3544921875 0.3603515625 0.359375 0.3603515625 0.3642578125 0.3642578125 0.36767578125 0.373046875 0.37060546875 0.3876953125 0.3720703125 0.3935546875 0.3740234375 0.3935546875 0.37548828125 0.396484375 0.375 0.4013671875 0.37255859375 0.40234375 0.37353515625 0.4111328125 0.3740234375 0.4248046875 0.37353515625 0.4306640625 0.3720703125 0.4404296875 0.37255859375 0.447265625 0.3720703125 0.453125 0.36962890625 0.4541015625 0.36572265625 0.453125 0.35986328125 0.453125 0.35888671875 0.4521484375 0.357421875 0.4462890625 0.35205078125 0.4453125 0.34521484375 0.4453125 0.3427734375 0.447265625 0.337890625 0.4501953125 0.33544921875 0.443359375 0.33349609375 0.4423828125 0.33251953125 0.4453125 0.33056640625 0.4501953125 0.328125 0.447265625 0.3271484375 0.435546875 0.32568359375 0.4140625 0.32568359375 0.392578125 0.326171875 0.37890625 0.32763671875 0.37109375 0.32763671875 0.36328125
2 0.21142578125 0.025390625 0.21240234375 0.0283203125 0.212890625 0.0302734375 0.21484375 0.0341796875 0.2333984375 0.03515625 0.2412109375 0.03515625 0.24267578125 0.03515625 0.240234375 0.04296875 0.23974609375 0.0458984375 0.24072265625 0.0712890625 0.24609375 0.0712890625 0.2470703125 0.072265625 0.24658203125 0.0751953125 0.2412109375 0.095703125 0.2412109375 0.1064453125 0.2373046875 0.107421875 0.23681640625 0.125 0.22802734375 0.1240234375 0.22705078125 0.1279296875 0.2197265625 0.1259765625 0.216796875 0.126953125 0.212890625 0.130859375 0.21337890625 0.1376953125 0.21484375 0.1435546875 0.21630859375 0.1376953125 0.216796875 0.1474609375 0.21875 0.15234375 0.21826171875 0.16015625 0.21826171875 0.166015625 0.21923828125 0.16796875 0.2177734375 0.1767578125 0.21533203125 0.1875 0.2138671875 0.189453125 0.2138671875 0.19921875 0.21484375 0.201171875 0.21435546875 0.2109375 0.21484375 0.21484375 0.2158203125 0.220703125 0.2392578125 0.220703125 0.23974609375 0.2236328125 0.23876953125 0.23046875 0.23876953125 0.2392578125 0.2392578125 0.2470703125 0.24072265625 0.2578125 0.2421875 0.26171875 0.24462890625 0.26171875 0.24462890625 0.265625 0.24267578125 0.26953125 0.2412109375 0.2734375 0.2412109375 0.283203125 0.23779296875 0.2841796875 0.23681640625 0.2861328125 0.234375 0.2861328125 0.23193359375 0.29296875 0.22021484375 0.2939453125 0.21923828125 0.3037109375 0.220703125 0.30859375 0.22412109375 0.310546875 0.22998046875 0.3095703125 0.23046875 0.3173828125 0.22509765625 0.328125 0.2265625 0.33203125 0.2236328125 0.337890625 0.22265625 0.3447265625 0.2216796875 0.349609375 0.21875 0.345703125 0.21923828125 0.3857421875 0.21826171875 0.408203125 0.2197265625 0.4208984375 0.2216796875 0.427734375 0.22216796875 0.4638671875 0.2060546875 0.462890625 0.19091796875 0.4609375 0.17919921875 0.4619140625 0.15869140625 0.46484375 0.12255859375 0.46484375 0.0869140625 0.4658203125 0.0634765625 0.4677734375 0.03271484375 0.4677734375 0.01708984375 0.46875 0.0 0.470703125 0.0 0.0 0.21044921875 0.0 0.2109375 0.001953125
2 0.61181640625 0.009765625 0.61328125 0.1787109375 0.60302734375 0.2001953125 0.5703125 0.263671875 0.5712890625 0.2802734375 0.61474609375 0.287109375 0.6162109375 0.3525390625 0.61669921875 0.4189453125 0.6171875 0.4736328125 0.63427734375 0.4794921875 0.64501953125 0.484375 0.7060546875 0.51171875 0.77197265625 0.544921875 0.9453125 0.62109375 1.0 0.6416015625 1.0 0.0 0.61181640625 0.0 0.611328125 0.0029296875
5 0.4599609375 0.5654296875 0.4541015625 0.5654296875 0.451171875 0.560546875 0.45068359375 0.55078125 0.45068359375 0.5224609375 0.4521484375 0.505859375 0.45068359375 0.4931640625 0.4501953125 0.48046875 0.451171875 0.470703125 0.45361328125 0.4580078125 0.4560546875 0.4462890625 0.45654296875 0.439453125 0.453125 0.4375 0.4482421875 0.4365234375 0.447265625 0.4306640625 0.44921875 0.4248046875 0.4521484375 0.421875 0.4560546875 0.4208984375 0.458984375 0.421875 0.46044921875 0.4267578125 0.4619140625 0.419921875 0.466796875 0.3984375 0.470703125 0.3876953125 0.4736328125 0.3828125 0.47607421875 0.375 0.47705078125 0.373046875 0.4794921875 0.373046875 0.47998046875 0.376953125 0.48046875 0.3798828125 0.484375 0.3818359375 0.49658203125 0.3798828125 0.505859375 0.3779296875 0.51416015625 0.3779296875 0.5205078125 0.37890625 0.53076171875 0.3818359375 0.5380859375 0.3828125 0.5390625 0.37890625 0.541015625 0.37890625 0.5419921875 0.3818359375 0.54345703125 0.3857421875 0.54541015625 0.388671875 0.5517578125 0.412109375 0.5537109375 0.423828125 0.5546875 0.4267578125 0.5576171875 0.4267578125 0.5615234375 0.4267578125 0.5634765625 0.4287109375 0.5654296875 0.43359375 0.56591796875 0.4375 0.56494140625 0.44140625 0.56103515625 0.443359375 0.56005859375 0.4443359375 0.56005859375 0.451171875 0.5625 0.4638671875 0.56396484375 0.47265625 0.56396484375 0.4853515625 0.56396484375 0.501953125 0.56298828125 0.517578125 0.56396484375 0.537109375 0.56396484375 0.5576171875 0.5625 0.5625 0.56201171875 0.5673828125 0.55859375 0.568359375 0.55419921875 0.5693359375 0.55126953125 0.5693359375 0.54931640625 0.5595703125 0.54931640625 0.5478515625 0.54833984375 0.5419921875 0.53955078125 0.544921875 0.52392578125 0.548828125 0.5 0.55078125 0.482421875 0.548828125 0.466796875 0.544921875 0.46630859375 0.552734375 0.46435546875 0.5595703125
