0 0.0 0.42578125 1.0 0.3310546875 1.0 1.0 0.0 1.0
4 0.0 0.0 0.58251953125 0.0 0.63427734375 0.0458984375 0.63330078125 0.439453125 0.58203125 0.4365234375 0.494140625 0.4326171875 0.46875 0.435546875 0.40087890625 0.4404296875 0.34375 0.44140625 0.306640625 0.4462890625 0.29443359375 0.443359375 0.236328125 0.4423828125 0.2109375 0.439453125 0.16796875 0.4521484375 0.14013671875 0.4384765625 0.12939453125 0.4384765625 0.1220703125 0.4345703125 0.11865234375 0.4345703125 0.10791015625 0.4345703125 0.087890625 0.4189453125 0.07177734375 0.423828125 0.0 0.4365234375
1 1.0 0.5146484375 0.63330078125 0.447265625 0.62744140625 0.453125 0.61181640625 0.4541015625 0.6064453125 0.4658203125 0.61474609375 0.478515625 0.70703125 0.5283203125 0.8388671875 0.5986328125 0.96240234375 0.6708984375 1.0 0.6943359375
2 1.0 0.5390625 0.80517578125 0.4912109375 0.69189453125 0.46484375 0.65185546875 0.4580078125 0.62744140625 0.4541015625 0.6279296875 0.255859375 0.6259765625 0.251953125 0.62646484375 0.2421875 0.6279296875 0.232421875 0.626953125 0.1982421875 0.6240234375 0.1943359375 0.62353515625 0.1748046875 0.62646484375 0.1708984375 0.62646484375 0.0 1.0 0.0
2 0.03369140625 0.017578125 0.03466796875 0.072265625 0.0 0.125 0.00048828125 0.0 0.03125 0.0 0.037109375 0.01171875
1 0.0 0.53515625 0.06201171875 0.5244140625 0.08251953125 0.521484375 0.10009765625 0.5166015625 0.1142578125 0.5087890625 0.162109375 0.4736328125 0.12451171875 0.46484375 0.12060546875 0.4443359375 0.10693359375 0.4443359375 0.08837890625 0.4443359375 0.0859375 0.4482421875 0.03955078125 0.4658203125 0.0 0.4755859375
5 0.1474609375 0.4296875 0.14892578125 0.42578125 0.16015625 0.4248046875 0.16455078125 0.4267578125 0.16748046875 0.4287109375 0.16943359375 0.43359375 0.1708984375 0.439453125 0.1640625 0.4375
5 0.1748046875 0.431640625 0.1748046875 0.412109375 0.19970703125 0.41015625 0.2021484375 0.423828125 0.2041015625 0.421875 0.20458984375 0.42578125 0.203125 0.4306640625 0.1982421875 0.4443359375
5 0.21533203125 0.42578125 0.2021484375 0.427734375 0.19970703125 0.44921875 0.2080078125 0.455078125 0.208984375 0.4541015625 0.20947265625 0.451171875 0.2119140625 0.451171875 0.21240234375 0.4541015625 0.2158203125 0.455078125 0.21533203125 0.451171875 0.22021484375 0.451171875 0.22119140625 0.4541015625 0.2236328125 0.453125 0.22509765625 0.4462890625 0.224609375 0.435546875 0.22021484375 0.4345703125
5 0.19677734375 0.4287109375 0.17529296875 0.4306640625 0.17333984375 0.4326171875 0.1708984375 0.4384765625 0.1787109375 0.4873046875 0.181640625 0.484375 0.19287109375 0.482421875 0.19384765625 0.484375 0.19677734375 0.484375 0.19775390625 0.4814453125 0.2021484375 0.4814453125 0.20361328125 0.4853515625 0.20751953125 0.4853515625 0.20849609375 0.482421875 0.2080078125 0.4599609375 0.2080078125 0.451171875 0.2060546875 0.447265625 0.20458984375 0.443359375 0.201171875 0.4345703125 0.19775390625 0.4287109375
5 0.17431640625 0.501953125 0.169921875 0.5009765625 0.16796875 0.5009765625 0.16796875 0.5068359375 0.16748046875 0.509765625 0.1630859375 0.5126953125 0.16064453125 0.5126953125 0.15771484375 0.5107421875 0.15673828125 0.5078125 0.1455078125 0.5087890625 0.13720703125 0.5107421875 0.13623046875 0.51171875 0.13134765625 0.5126953125 0.1298828125 0.5126953125 0.12939453125 0.51171875 0.11865234375 0.51171875 0.11865234375 0.517578125 0.1162109375 0.517578125 0.11279296875 0.5185546875 0.109375 0.517578125 0.1083984375 0.5087890625 0.10791015625 0.498046875 0.10693359375 0.4853515625 0.10693359375 0.4775390625 0.11083984375 0.46875 0.11669921875 0.4619140625 0.1123046875 0.4609375 0.111328125 0.4580078125 0.111328125 0.455078125 0.11376953125 0.453125 0.11669921875 0.453125 0.119140625 0.4521484375 0.125 0.4375 0.12841796875 0.4326171875 0.13037109375 0.4296875 0.14013671875 0.4296875 0.1484375 0.4287109375 0.16455078125 0.4287109375 0.17236328125 0.4375 0.17919921875 0.4521484375 0.1806640625 0.4619140625 0.18212890625 0.4775390625 0.1826171875 0.490234375 0.1826171875 0.5009765625 0.181640625 0.5048828125 0.1787109375 0.5068359375 0.17529296875 0.5068359375
2 0.359375 0.376953125 0.251953125 0.3818359375 0.24169921875 0.3994140625 0.2373046875 0.39453125 0.23583984375 0.3994140625 0.23876953125 0.44921875 0.23828125 0.4560546875 0.24169921875 0.4443359375 0.2509765625 0.4462890625 0.255859375 0.4384765625 0.2822265625 0.4384765625 0.283203125 0.439453125 0.294921875 0.4384765625 0.294921875 0.43359375 0.29443359375 0.4248046875 0.29296875 0.4169921875 0.2919921875 0.4072265625 0.29248046875 0.3984375 0.296875 0.39453125 0.30078125 0.39453125 0.30859375 0.3974609375 0.3095703125 0.392578125 0.3125 0.396484375 0.31494140625 0.396484375 0.318359375 0.3955078125 0.32373046875 0.3984375 0.32666015625 0.3994140625 0.33154296875 0.3916015625 0.3349609375 0.3916015625 0.33935546875 0.390625 0.3388671875 0.3935546875 0.34326171875 0.3935546875 0.3466796875 0.390625 0.35205078125 0.3896484375 0.35546875 0.3896484375 0.35888671875 0.38671875 0.359375 0.37890625
5 0.25634765625 0.41796875 0.25 0.4208984375 0.2490234375 0.4267578125 0.24951171875 0.453125 0.25048828125 0.4541015625 0.251953125 0.4521484375 0.2548828125 0.451171875 0.25732421875 0.44921875 0.26025390625 0.44921875 0.263671875 0.4501953125 0.265625 0.453125 0.26806640625 0.453125 0.26904296875 0.4501953125 0.2705078125 0.44921875 0.2744140625 0.44921875 0.27783203125 0.44921875 0.279296875 0.451171875 0.28173828125 0.451171875 0.283203125 0.4462890625 0.28369140625 0.4404296875 0.28173828125 0.4306640625 0.27783203125 0.4267578125 0.27099609375 0.4189453125 0.26611328125 0.4169921875
5 0.3955078125 0.4375 0.39208984375 0.4326171875 0.38720703125 0.4296875 0.376953125 0.427734375 0.37158203125 0.423828125 0.36572265625 0.41796875 0.365234375 0.423828125 0.36279296875 0.423828125 0.361328125 0.4228515625 0.3603515625 0.423828125 0.359375 0.423828125 0.359375 0.42578125 0.35595703125 0.42578125 0.35205078125 0.42578125 0.349609375 0.4267578125 0.34814453125 0.427734375 0.3447265625 0.4296875 0.34326171875 0.4345703125 0.341796875 0.4375 0.341796875 0.4404296875 0.345703125 0.4443359375 0.3466796875 0.4462890625 0.34814453125 0.44921875 0.35009765625 0.4501953125 0.353515625 0.4501953125 0.35546875 0.4482421875 0.35595703125 0.4453125 0.37646484375 0.4453125 0.3779296875 0.4501953125 0.38037109375 0.44921875 0.380859375 0.4462890625 0.3837890625 0.4482421875 0.3857421875 0.4501953125 0.38818359375 0.4501953125 0.390625 0.4462890625 0.39306640625 0.4453125 0.39453125 0.44140625
5 0.43798828125 0.404296875 0.4443359375 0.404296875 0.44873046875 0.404296875 0.45361328125 0.40625 0.45703125 0.4091796875 0.458984375 0.4150390625 0.45654296875 0.4638671875 0.43701171875 0.46484375
5 0.49462890625 0.3935546875 0.48095703125 0.3916015625 0.4697265625 0.392578125 0.46240234375 0.3955078125 0.458984375 0.3994140625 0.45654296875 0.416015625 0.45361328125 0.431640625 0.4521484375 0.458984375 0.458984375 0.4599609375 0.458984375 0.455078125 0.4619140625 0.4541015625 0.46240234375 0.4599609375 0.46630859375 0.4619140625 0.4677734375 0.4619140625 0.46826171875 0.4580078125 0.46875 0.455078125 0.47021484375 0.4580078125 0.4755859375 0.4482421875 0.4931640625 0.4130859375 0.49853515625 0.40625 0.498046875 0.3994140625 0.49609375 0.39453125
5 0.49072265625 0.41015625 0.4853515625 0.4091796875 0.4794921875 0.41015625 0.4765625 0.423828125 0.4755859375 0.4248046875 0.474609375 0.42578125 0.47412109375 0.4228515625 0.47119140625 0.4228515625 0.4697265625 0.423828125 0.4697265625 0.4287109375 0.47119140625 0.4296875 0.4736328125 0.4296875 0.4716796875 0.431640625 0.47021484375 0.4365234375 0.4697265625 0.4482421875 0.47119140625 0.46484375 0.474609375 0.4658203125 0.4794921875 0.455078125 0.4892578125 0.41796875
5 0.541015625 0.4052734375 0.5263671875 0.4052734375 0.52001953125 0.4130859375 0.52685546875 0.4541015625 0.54052734375 0.4443359375 0.5498046875 0.4150390625 0.548828125 0.4111328125 0.54541015625 0.40625
5 0.5634765625 0.4130859375 0.552734375 0.412109375 0.5458984375 0.41015625 0.5419921875 0.4140625 0.53466796875 0.4267578125 0.53466796875 0.443359375 0.52734375 0.453125 0.53076171875 0.46875 0.5341796875 0.46875 0.5380859375 0.46875 0.53955078125 0.46484375 0.54248046875 0.4658203125 0.544921875 0.46875 0.5458984375 0.46875 0.54736328125 0.4677734375 0.54833984375 0.466796875 0.56103515625 0.4619140625
5 0.51904296875 0.408203125 0.49609375 0.40625 0.48974609375 0.408203125 0.4833984375 0.423828125 0.48046875 0.421875 0.4794921875 0.42578125 0.478515625 0.427734375 0.48046875 0.4306640625 0.47998046875 0.4326171875 0.478515625 0.4365234375 0.478515625 0.4443359375 0.478515625 0.451171875 0.4765625 0.4541015625 0.4765625 0.4677734375 0.4765625 0.4873046875 0.47705078125 0.49609375 0.48095703125 0.498046875 0.48388671875 0.498046875 0.48583984375 0.49609375 0.48583984375 0.48828125 0.50390625 0.4873046875 0.50537109375 0.4912109375 0.50927734375 0.4921875 0.51220703125 0.4912109375 0.51318359375 0.48828125 0.525390625 0.48828125 0.52587890625 0.494140625 0.529296875 0.4990234375 0.53271484375 0.498046875 0.5341796875 0.4873046875 0.533203125 0.466796875 0.5322265625 0.44140625 0.53515625 0.4375 0.53662109375 0.435546875 0.53515625 0.4296875 0.5322265625 0.4287109375 0.529296875 0.431640625 0.5263671875 0.41796875 0.52294921875 0.4091796875
2 0.43994140625 0.36328125 0.41064453125 0.365234375 0.3955078125 0.37109375 0.39697265625 0.3740234375 0.40771484375 0.375 0.40869140625 0.4541015625 0.4208984375 0.4541015625 0.42626953125 0.455078125 0.4404296875 0.4580078125
2 0.2548828125 0.3837890625 0.2568359375 0.46484375 0.2421875 0.4658203125 0.23291015625 0.462890625 0.234375 0.453125 0.23291015625 0.388671875 0.2314453125 0.3857421875 0.240234375 0.3798828125 0.2685546875 0.3779296875 0.2685546875 0.384765625
5 0.5732421875 0.41015625 0.56298828125 0.4130859375 0.55615234375 0.42578125 0.5537109375 0.431640625 0.5537109375 0.4365234375 0.552734375 0.44921875 0.552734375 0.458984375 0.552734375 0.470703125 0.55322265625 0.474609375 0.5556640625 0.474609375 0.5576171875 0.4765625 0.560546875 0.4775390625 0.568359375 0.453125 0.576171875 0.4140625 0.5732421875 0.412109375
5 0.5908203125 0.4052734375 0.5712890625 0.408203125 0.568359375 0.4189453125 0.564453125 0.4287109375 0.56396484375 0.4267578125 0.5625 0.42578125 0.560546875 0.42578125 0.56005859375 0.427734375 0.5595703125 0.4326171875 0.564453125 0.43359375 0.56005859375 0.4453125 0.56005859375 0.482421875 0.5625 0.4833984375 0.564453125 0.482421875 0.56640625 0.4873046875 0.5712890625 0.4873046875 0.572265625 0.4794921875 0.5771484375 0.478515625 0.58837890625 0.4775390625 0.60107421875 0.478515625 0.6015625 0.4833984375 0.60205078125 0.486328125 0.6044921875 0.4892578125 0.6083984375 0.4892578125 0.61376953125 0.4873046875 0.6142578125 0.4755859375 0.6142578125 0.453125 0.61279296875 0.4326171875 0.60986328125 0.421875 0.60546875 0.4091796875
