0 0.0732421875 0.486328125 0.3681640625 0.41015625 0.4677734375 0.3974609375 0.5546875 0.396484375 0.6416015625 0.4140625 1.0 0.529296875 1.0 1.0 0.0 1.0 0.0 0.5185546875
1 0.04150390625 0.5927734375 0.08984375 0.576171875 0.1318359375 0.5634765625 0.16845703125 0.5517578125 0.20166015625 0.5390625 0.236328125 0.5263671875 0.31689453125 0.4970703125 0.34326171875 0.48828125 0.3427734375 0.4814453125 0.3212890625 0.4833984375 0.287109375 0.4814453125 0.23681640625 0.4794921875 0.0 0.5322265625 0.0 0.603515625 0.00146484375 0.607421875 0.01708984375 0.6025390625
1 0.38720703125 0.4736328125 0.3720703125 0.478515625 0.34765625 0.48046875 0.3271484375 0.48046875 0.29833984375 0.4794921875 0.2802734375 0.46484375 0.29541015625 0.451171875 0.361328125 0.4482421875 0.40625 0.4375 0.42138671875 0.4365234375 0.431640625 0.4375 0.42333984375 0.455078125 0.41552734375 0.4638671875 0.40185546875 0.4677734375 0.39208984375 0.4736328125
1 0.765625 0.791015625 0.65869140625 0.62109375 0.6044921875 0.544921875 0.568359375 0.482421875 0.56787109375 0.470703125 0.572265625 0.4599609375 0.5859375 0.453125 0.5947265625 0.4521484375 0.59912109375 0.443359375 0.59765625 0.4365234375 0.61328125 0.42578125 0.65673828125 0.4306640625 0.84619140625 0.462890625 1.0 0.529296875 1.0 1.0 0.931640625 1.0 0.888671875 1.0 0.8759765625 0.970703125 0.82763671875 0.8974609375
2 0.4423828125 0.2216796875 0.46728515625 0.2197265625 0.47705078125 0.236328125 0.49267578125 0.236328125 0.49365234375 0.22265625 0.5078125 0.22265625 0.5078125 0.21484375 0.51123046875 0.2158203125 0.5107421875 0.22265625 0.513671875 0.220703125 0.51416015625 0.208984375 0.5185546875 0.2080078125 0.52587890625 0.2138671875 0.52587890625 0.201171875 0.52734375 0.2001953125 0.52734375 0.1962890625 0.52880859375 0.1962890625 0.529296875 0.2021484375 0.53125 0.201171875 0.53173828125 0.2216796875 0.53564453125 0.21875 0.53955078125 0.2197265625 0.544921875 0.2197265625 0.56689453125 0.216796875 0.63330078125 0.208984375 0.6318359375 0.43359375 0.58447265625 0.4326171875 0.5478515625 0.4375 0.52685546875 0.439453125 0.513671875 0.4375 0.41943359375 0.4033203125 0.42919921875 0.2275390625 0.4326171875 0.220703125
4 0.60498046875 0.0712890625 0.59814453125 0.0615234375 0.5888671875 0.0673828125 0.58349609375 0.060546875 0.57958984375 0.0634765625 0.580078125 0.07421875 0.57958984375 0.0751953125 0.57470703125 0.076171875 0.5712890625 0.080078125 0.57666015625 0.087890625 0.57373046875 0.0947265625 0.5556640625 0.1005859375 0.548828125 0.1083984375 0.54443359375 0.119140625 0.53955078125 0.12890625 0.5400390625 0.1416015625 0.54443359375 0.142578125 0.54150390625 0.1640625 0.5390625 0.181640625 0.54296875 0.1865234375 0.53759765625 0.1962890625 0.5341796875 0.2197265625 0.5439453125 0.2109375 0.54443359375 0.2216796875 0.5458984375 0.2392578125 0.54833984375 0.2509765625 0.54736328125 0.267578125 0.54541015625 0.279296875 0.55712890625 0.27734375 0.560546875 0.28515625 0.55859375 0.296875 0.56884765625 0.310546875 0.580078125 0.333984375 0.5908203125 0.353515625 0.59375 0.365234375 0.59765625 0.376953125 0.60546875 0.384765625 0.6279296875 0.3681640625 0.61865234375 0.103515625 0.6171875 0.0859375
5 0.521484375 0.421875 0.52294921875 0.42578125 0.52392578125 0.4345703125 0.5234375 0.4375 0.52099609375 0.439453125 0.51953125 0.439453125 0.51708984375 0.439453125 0.5166015625 0.4404296875 0.5126953125 0.439453125 0.51123046875 0.421875 0.51416015625 0.41796875 0.51708984375 0.41796875
5 0.5673828125 0.4189453125 0.57275390625 0.416015625 0.57763671875 0.416015625 0.5791015625 0.42578125 0.57861328125 0.4345703125 0.57275390625 0.435546875 0.56640625 0.435546875 0.56396484375 0.435546875 0.56201171875 0.4296875 0.56201171875 0.4248046875
5 0.5771484375 0.41015625 0.58984375 0.4091796875 0.595703125 0.4091796875 0.59912109375 0.4130859375 0.60205078125 0.4189453125 0.60498046875 0.419921875 0.6064453125 0.42578125 0.6044921875 0.4287109375 0.603515625 0.4326171875 0.59814453125 0.43359375 0.59814453125 0.43359375 0.58203125 0.43359375 0.57568359375 0.423828125
5 0.5751953125 0.4375 0.57275390625 0.4404296875 0.57177734375 0.4384765625 0.572265625 0.431640625 0.5732421875 0.42578125 0.57470703125 0.4189453125 0.5771484375 0.4169921875 0.58154296875 0.4150390625 0.58447265625 0.41796875 0.5859375 0.4248046875 0.5859375 0.431640625 0.5859375 0.4375 0.58544921875 0.4404296875 0.58203125 0.44140625 0.5810546875 0.4375
2 0.5634765625 0.388671875 0.5654296875 0.439453125 0.55810546875 0.4375 0.55712890625 0.3994140625 0.5498046875 0.400390625 0.5498046875 0.39453125 0.5556640625 0.3935546875 0.5556640625 0.3876953125
4 0.61767578125 0.435546875 0.61376953125 0.4375 0.611328125 0.4345703125 0.6083984375 0.4248046875 0.609375 0.4140625 0.611328125 0.4091796875 0.61328125 0.40625 0.61572265625 0.412109375
2 0.6044921875 0.0205078125 0.607421875 0.1748046875 0.60986328125 0.27734375 0.6103515625 0.31640625 0.611328125 0.3466796875 0.61376953125 0.3994140625 0.6142578125 0.4453125 0.61572265625 0.4560546875 0.6220703125 0.4580078125 0.63232421875 0.462890625 0.64599609375 0.46875 0.6630859375 0.47265625 0.67724609375 0.4765625 0.693359375 0.4814453125 0.7197265625 0.4931640625 0.7705078125 0.51171875 0.81884765625 0.525390625 0.8291015625 0.5205078125 0.8662109375 0.5341796875 0.8818359375 0.533203125 0.91552734375 0.5439453125 0.91650390625 0.546875 0.9814453125 0.5673828125 0.9833984375 0.576171875 1.0 0.583984375 1.0 0.0 0.6044921875 0.0 0.60302734375 0.001953125
2 0.283203125 0.0341796875 0.30078125 0.0498046875 0.30615234375 0.048828125 0.306640625 0.056640625 0.33837890625 0.0830078125 0.3408203125 0.0849609375 0.34130859375 0.0908203125 0.34912109375 0.1044921875 0.357421875 0.10546875 0.35986328125 0.10546875 0.361328125 0.109375 0.375 0.107421875 0.3818359375 0.109375 0.38623046875 0.1123046875 0.38818359375 0.111328125 0.38818359375 0.115234375 0.38623046875 0.1162109375 0.3876953125 0.119140625 0.38818359375 0.1220703125 0.39306640625 0.1201171875 0.40869140625 0.1552734375 0.4130859375 0.1552734375 0.427734375 0.1884765625 0.42236328125 0.189453125 0.43701171875 0.22265625 0.4365234375 0.24609375 0.43701171875 0.27734375 0.4375 0.310546875 0.43505859375 0.451171875 0.421875 0.4541015625 0.41162109375 0.453125 0.40380859375 0.453125 0.3955078125 0.453125 0.3818359375 0.458984375 0.37158203125 0.4619140625 0.3662109375 0.4658203125 0.35498046875 0.466796875 0.34619140625 0.470703125 0.3388671875 0.4716796875 0.31787109375 0.4736328125 0.2978515625 0.47265625 0.26025390625 0.46484375 0.25732421875 0.1474609375 0.267578125 0.0205078125 0.2763671875 0.029296875
5 0.38671875 0.4150390625 0.39599609375 0.4169921875 0.4033203125 0.4169921875 0.3994140625 0.4287109375 0.40185546875 0.4365234375 0.40478515625 0.4453125 0.40380859375 0.4541015625 0.40380859375 0.458984375 0.4033203125 0.4638671875 0.400390625 0.46875 0.3994140625 0.466796875 0.3994140625 0.4638671875 0.3974609375 0.4638671875 0.39697265625 0.466796875 0.39453125 0.466796875 0.39306640625 0.4638671875 0.3876953125 0.4638671875 0.38330078125 0.4638671875 0.38232421875 0.4658203125 0.38037109375 0.4658203125 0.38037109375 0.4638671875 0.37646484375 0.462890625 0.3759765625 0.466796875 0.37353515625 0.466796875 0.37255859375 0.4580078125 0.37353515625 0.4521484375 0.375 0.447265625 0.376953125 0.44140625 0.37890625 0.43359375 0.380859375 0.427734375 0.38330078125 0.4267578125 0.3857421875 0.4267578125 0.38525390625 0.4189453125
2 0.27685546875 0.01171875 0.27978515625 0.09765625 0.28173828125 0.1005859375 0.2802734375 0.1064453125 0.28271484375 0.2080078125 0.287109375 0.2138671875 0.2861328125 0.2197265625 0.283203125 0.220703125 0.28515625 0.2978515625 0.2880859375 0.30078125 0.28759765625 0.302734375 0.28564453125 0.3046875 0.28955078125 0.4326171875 0.2900390625 0.45703125 0.287109375 0.4921875 0.2412109375 0.4990234375 0.2177734375 0.5029296875 0.19580078125 0.5068359375 0.17236328125 0.5146484375 0.146484375 0.5234375 0.1025390625 0.5322265625 0.05517578125 0.54296875 0.01708984375 0.552734375 0.0 0.5556640625 0.0 0.0 0.27685546875 0.0 0.2763671875 0.0009765625
5 0.24169921875 0.533203125 0.2353515625 0.53515625 0.23291015625 0.5341796875 0.23046875 0.5302734375 0.22998046875 0.5166015625 0.22998046875 0.5068359375 0.2294921875 0.4951171875 0.23095703125 0.484375 0.23681640625 0.4736328125 0.2421875 0.4697265625 0.2392578125 0.4697265625 0.236328125 0.46875 0.236328125 0.46484375 0.23974609375 0.4619140625 0.24267578125 0.4619140625 0.2451171875 0.453125 0.24951171875 0.4423828125 0.25341796875 0.439453125 0.26025390625 0.43359375 0.27392578125 0.4326171875 0.29150390625 0.4326171875 0.296875 0.4375 0.30126953125 0.447265625 0.30322265625 0.45703125 0.3056640625 0.4619140625 0.30810546875 0.4736328125 0.310546875 0.482421875 0.31103515625 0.5009765625 0.31005859375 0.5146484375 0.3076171875 0.517578125 0.302734375 0.5185546875 0.30029296875 0.509765625 0.2939453125 0.513671875 0.29345703125 0.5205078125 0.2919921875 0.525390625 0.279296875 0.5283203125 0.27783203125 0.5234375 0.27685546875 0.5205078125 0.263671875 0.5224609375 0.26318359375 0.5263671875 0.259765625 0.52734375 0.255859375 0.5283203125 0.25537109375 0.5234375 0.2421875 0.525390625
