0 0.08740234375 0.4677734375 0.50341796875 0.369140625 0.736328125 0.3544921875 1.0 0.4658203125 1.0 1.0 0.0 1.0 0.0 0.505859375
1 0.07763671875 0.685546875 0.20068359375 0.6318359375 0.2802734375 0.595703125 0.3544921875 0.5576171875 0.40576171875 0.5322265625 0.45068359375 0.5107421875 0.505859375 0.4794921875 0.54443359375 0.453125 0.47509765625 0.4296875 0.0 0.5537109375 0.0 0.7216796875 0.009765625 0.716796875 0.04296875 0.701171875
1 0.6669921875 0.4599609375 0.6591796875 0.4580078125 0.640625 0.4580078125 0.6220703125 0.4580078125 0.6044921875 0.4580078125 0.5859375 0.44921875 0.57666015625 0.4287109375 0.64404296875 0.4287109375 0.6865234375 0.4306640625
2 0.52099609375 0.181640625 0.5283203125 0.181640625 0.54833984375 0.1806640625 0.5517578125 0.1806640625 0.5517578125 0.16796875 0.55908203125 0.1669921875 0.56005859375 0.1669921875 0.56005859375 0.1806640625 0.56298828125 0.18359375 0.56298828125 0.15234375 0.5634765625 0.1513671875 0.57080078125 0.1513671875 0.57275390625 0.1220703125 0.57177734375 0.12109375 0.572265625 0.1103515625 0.5712890625 0.109375 0.57373046875 0.10546875 0.57421875 0.09375 0.5810546875 0.0908203125 0.58056640625 0.0361328125 0.5830078125 0.0322265625 0.5830078125 0.01953125 0.583984375 0.009765625 0.587890625 0.0 0.5966796875 0.0 0.59716796875 0.0009765625 0.59814453125 0.0068359375 0.59912109375 0.01171875 0.6005859375 0.0185546875 0.6015625 0.0283203125 0.6025390625 0.037109375 0.603515625 0.05078125 0.60302734375 0.064453125 0.603515625 0.0849609375 0.603515625 0.087890625 0.61669921875 0.0908203125 0.6162109375 0.078125 0.6181640625 0.076171875 0.6181640625 0.0546875 0.62255859375 0.0439453125 0.62255859375 0.0341796875 0.62255859375 0.0146484375 0.619140625 0.0068359375 0.623046875 0.0 1.0 0.0 1.0 0.4609375 0.66552734375 0.4501953125 0.64453125 0.451171875 0.63720703125 0.4521484375 0.61962890625 0.453125 0.6181640625 0.451171875 0.6103515625 0.451171875 0.583984375 0.4521484375 0.5166015625 0.44921875
2 0.52783203125 0.15234375 0.5283203125 0.24609375 0.52880859375 0.302734375 0.52978515625 0.32421875 0.529296875 0.3466796875 0.52880859375 0.37109375 0.53125 0.376953125 0.53125 0.384765625 0.53857421875 0.3984375 0.537109375 0.423828125 0.44970703125 0.4814453125 0.4345703125 0.484375 0.42822265625 0.484375 0.40380859375 0.4912109375 0.3798828125 0.498046875 0.375 0.5 0.36328125 0.4990234375 0.3447265625 0.505859375 0.32666015625 0.509765625 0.30908203125 0.515625 0.28466796875 0.517578125 0.24951171875 0.5283203125 0.23388671875 0.5322265625 0.16455078125 0.55078125 0.1533203125 0.5546875 0.09326171875 0.546875 0.06005859375 0.5546875 0.06103515625 0.5771484375 0.03857421875 0.5849609375 0.0126953125 0.58203125 0.0 0.5859375 0.0 0.0 0.51708984375 0.0 0.51953125 0.0 0.5283203125 0.029296875 0.5302734375 0.103515625 0.52880859375 0.1123046875 0.5283203125 0.1337890625
5 0.58154296875 0.4658203125 0.58447265625 0.4677734375 0.58642578125 0.466796875 0.587890625 0.466796875 0.5888671875 0.4658203125 0.58935546875 0.4619140625 0.58935546875 0.4560546875 0.58935546875 0.4501953125 0.58837890625 0.4453125 0.58740234375 0.4423828125 0.58544921875 0.4384765625 0.58740234375 0.4384765625 0.58837890625 0.4345703125 0.58740234375 0.431640625 0.5859375 0.431640625 0.58447265625 0.431640625 0.583984375 0.431640625 0.58056640625 0.4228515625 0.5791015625 0.421875 0.57421875 0.421875 0.57080078125 0.423828125 0.5751953125 0.443359375 0.576171875 0.4619140625
5 0.56591796875 0.41796875 0.57080078125 0.41796875 0.572265625 0.419921875 0.5751953125 0.42578125 0.57666015625 0.431640625 0.57763671875 0.431640625 0.578125 0.4345703125 0.57958984375 0.439453125 0.580078125 0.447265625 0.57958984375 0.4599609375 0.580078125 0.466796875 0.5791015625 0.46875 0.578125 0.4716796875 0.57568359375 0.47265625 0.57470703125 0.46875 0.5712890625 0.4716796875 0.56982421875 0.462890625 0.5634765625 0.43359375 0.5634765625 0.4248046875
5 0.54248046875 0.400390625 0.54833984375 0.3994140625 0.5546875 0.3994140625 0.5576171875 0.4013671875 0.56103515625 0.408203125 0.56396484375 0.4208984375 0.56787109375 0.423828125 0.568359375 0.427734375 0.5693359375 0.435546875 0.5712890625 0.4462890625 0.572265625 0.455078125 0.572265625 0.4716796875 0.57080078125 0.478515625 0.568359375 0.4794921875 0.5673828125 0.4794921875 0.56689453125 0.482421875 0.56396484375 0.4814453125 0.560546875 0.4765625 0.5439453125 0.4462890625 0.52490234375 0.431640625 0.5224609375 0.412109375 0.525390625 0.4111328125 0.52587890625 0.4052734375 0.52978515625 0.4033203125 0.53564453125 0.40234375
5 0.5439453125 0.4814453125 0.55078125 0.4814453125 0.55078125 0.486328125 0.55419921875 0.4892578125 0.55908203125 0.48828125 0.56103515625 0.484375 0.564453125 0.4833984375 0.56640625 0.4794921875 0.56689453125 0.4697265625 0.56494140625 0.4609375 0.5625 0.44921875 0.5595703125 0.44140625 0.56396484375 0.439453125 0.5615234375 0.435546875 0.5576171875 0.4365234375 0.556640625 0.435546875 0.55126953125 0.42578125 0.54833984375 0.4208984375 0.5400390625 0.421875 0.5263671875 0.4208984375 0.5283203125 0.4453125 0.53173828125 0.4619140625 0.53759765625 0.4697265625
5 0.52978515625 0.5 0.5341796875 0.5 0.5361328125 0.49609375 0.53662109375 0.494140625 0.54345703125 0.494140625 0.5439453125 0.4833984375 0.54345703125 0.4716796875 0.54150390625 0.45703125 0.53955078125 0.4453125 0.54150390625 0.4423828125 0.5400390625 0.4365234375 0.5361328125 0.4345703125 0.53271484375 0.421875 0.5283203125 0.4130859375 0.5234375 0.408203125 0.4990234375 0.408203125 0.494140625 0.419921875 0.50146484375 0.4609375 0.51416015625 0.4794921875 0.52099609375 0.4873046875 0.525390625 0.4892578125
5 0.50341796875 0.515625 0.51416015625 0.513671875 0.51611328125 0.5078125 0.51806640625 0.5078125 0.52392578125 0.5078125 0.525390625 0.4990234375 0.525390625 0.48046875 0.52392578125 0.4609375 0.521484375 0.4462890625 0.5224609375 0.439453125 0.5244140625 0.4384765625 0.52490234375 0.4345703125 0.52294921875 0.4306640625 0.51806640625 0.4306640625 0.51708984375 0.4404296875 0.51318359375 0.42578125 0.50927734375 0.4169921875 0.5048828125 0.412109375 0.50244140625 0.4111328125 0.48681640625 0.41015625 0.462890625 0.4130859375 0.4560546875 0.4892578125 0.4580078125 0.5166015625 0.462890625 0.5166015625 0.466796875 0.5166015625 0.4677734375 0.5068359375 0.48388671875 0.50390625 0.5009765625 0.50390625 0.5029296875 0.5048828125 0.5029296875 0.509765625
4 0.072265625 0.2861328125 0.09326171875 0.474609375 0.06396484375 0.4716796875 0.05859375 0.4736328125 0.05615234375 0.3388671875 0.06201171875 0.3330078125 0.06298828125 0.318359375 0.0625 0.3134765625
5 0.6865234375 0.408203125 0.6689453125 0.4091796875 0.6669921875 0.412109375 0.6630859375 0.42578125 0.6630859375 0.4228515625 0.66064453125 0.419921875 0.6591796875 0.423828125 0.66015625 0.42578125 0.662109375 0.427734375 0.66162109375 0.43359375 0.66064453125 0.4423828125 0.66015625 0.451171875 0.65966796875 0.4599609375 0.65966796875 0.4638671875 0.66162109375 0.4677734375 0.66552734375 0.4697265625 0.66796875 0.4697265625 0.6689453125 0.462890625 0.6728515625 0.462890625 0.69580078125 0.4208984375 0.69580078125 0.4169921875 0.69482421875 0.412109375 0.6923828125 0.41015625 0.68994140625 0.4091796875
5 0.68603515625 0.4169921875 0.677734375 0.419921875 0.67431640625 0.431640625 0.6728515625 0.4296875 0.67041015625 0.4296875 0.67041015625 0.4345703125 0.67236328125 0.4375 0.6708984375 0.4443359375 0.67041015625 0.45703125 0.67041015625 0.4658203125 0.6708984375 0.4755859375 0.67431640625 0.4765625 0.67822265625 0.4775390625 0.68701171875 0.4462890625 0.69384765625 0.4208984375 0.6884765625 0.4189453125
5 0.68896484375 0.4970703125 0.68505859375 0.4970703125 0.681640625 0.4951171875 0.68017578125 0.4921875 0.68017578125 0.486328125 0.6796875 0.482421875 0.67822265625 0.482421875 0.67529296875 0.48046875 0.673828125 0.4736328125 0.67431640625 0.4638671875 0.67626953125 0.45703125 0.67919921875 0.451171875 0.68017578125 0.4423828125 0.6806640625 0.4384765625 0.677734375 0.4365234375 0.6806640625 0.4306640625 0.68505859375 0.431640625 0.685546875 0.427734375 0.6865234375 0.421875 0.6904296875 0.41796875 0.6943359375 0.41796875 0.69921875 0.4150390625 0.7001953125 0.416015625 0.70263671875 0.419921875 0.69775390625 0.470703125 0.69287109375 0.4931640625
5 0.70458984375 0.404296875 0.7099609375 0.40234375 0.71826171875 0.4013671875 0.7275390625 0.4013671875 0.73486328125 0.40234375 0.712890625 0.4990234375 0.70263671875 0.4990234375 0.70263671875 0.5087890625 0.70068359375 0.515625 0.69580078125 0.5146484375 0.6904296875 0.513671875 0.68896484375 0.5068359375 0.689453125 0.4990234375 0.689453125 0.4921875 0.68994140625 0.47265625 0.68994140625 0.4580078125 0.69091796875 0.4423828125 0.693359375 0.4375 0.69140625 0.43359375 0.6923828125 0.4248046875 0.69677734375 0.42578125 0.69921875 0.4169921875 0.701171875 0.4072265625
5 0.71484375 0.525390625 0.71142578125 0.52734375 0.708984375 0.521484375 0.70703125 0.501953125 0.70849609375 0.4853515625 0.71044921875 0.4716796875 0.712890625 0.4658203125 0.71728515625 0.4580078125 0.712890625 0.455078125 0.708984375 0.453125 0.70947265625 0.4462890625 0.70947265625 0.443359375 0.71630859375 0.4404296875 0.7197265625 0.447265625 0.72607421875 0.43359375 0.73291015625 0.48828125 0.7236328125 0.5107421875
5 0.71875 0.56640625 0.7138671875 0.56640625 0.71337890625 0.5537109375 0.71435546875 0.5341796875 0.71435546875 0.50390625 0.7158203125 0.4794921875 0.7177734375 0.4638671875 0.72265625 0.4384765625 0.7236328125 0.4287109375 0.7197265625 0.4248046875 0.71875 0.4208984375 0.71044921875 0.4189453125 0.7119140625 0.4013671875 0.72509765625 0.3984375 0.724609375 0.4091796875 0.7275390625 0.4072265625 0.73095703125 0.3857421875 0.73486328125 0.37109375 0.7392578125 0.349609375 0.74267578125 0.3359375 0.7509765625 0.328125 0.75732421875 0.3212890625 0.763671875 0.318359375 0.7724609375 0.3173828125 0.79296875 0.31640625 0.8154296875 0.3173828125 0.8271484375 0.3173828125 0.8388671875 0.31640625 0.8447265625 0.3232421875 0.83154296875 0.43359375 0.78076171875 0.5322265625 0.75634765625 0.5986328125 0.73828125 0.5927734375 0.73681640625 0.5859375 0.73681640625 0.5673828125 0.736328125 0.546875 0.73095703125 0.5458984375 0.73046875 0.556640625 0.72900390625 0.560546875 0.728515625 0.564453125
5 0.7578125 0.640625 0.75537109375 0.6298828125 0.75537109375 0.6142578125 0.75537109375 0.5732421875 0.755859375 0.5537109375 0.755859375 0.5361328125 0.755859375 0.509765625 0.7587890625 0.4921875 0.759765625 0.486328125 0.77197265625 0.4658203125 0.77734375 0.4541015625 0.7763671875 0.451171875 0.76025390625 0.4453125 0.76025390625 0.4423828125 0.76220703125 0.4208984375 0.7783203125 0.4140625 0.77880859375 0.4443359375 0.78125 0.435546875 0.787109375 0.412109375 0.80029296875 0.3759765625 0.8095703125 0.35546875 0.8193359375 0.33984375 0.82763671875 0.3291015625 0.83935546875 0.318359375 0.84130859375 0.291015625 0.87548828125 0.287109375 0.87841796875 0.314453125 0.912109375 0.3095703125 0.92236328125 0.3095703125 0.9423828125 0.3125 0.9599609375 0.314453125 0.98388671875 0.3203125 1.0 0.3251953125 1.0 0.6943359375 0.99365234375 0.6962890625 0.919921875 0.689453125 0.890625 0.6865234375 0.85595703125 0.6845703125 0.84033203125 0.677734375 0.8359375 0.712890625 0.83056640625 0.7255859375 0.8203125 0.728515625 0.81103515625 0.7216796875 0.8046875 0.7080078125 0.80322265625 0.6533203125 0.80419921875 0.630859375 0.78564453125 0.62109375 0.78466796875 0.6396484375 0.78173828125 0.64453125 0.77392578125 0.6455078125
