0 0.52587890625 0.349609375 0.8056640625 0.3671875 1.0 0.64453125 1.0 1.0 0.0 1.0 0.0 0.4658203125 0.40283203125 0.384765625
1 0.087890625 0.6875 0.20068359375 0.6279296875 0.28662109375 0.583984375 0.35546875 0.548828125 0.4013671875 0.533203125 0.4453125 0.5126953125 0.48779296875 0.4970703125 0.513671875 0.4931640625 0.51708984375 0.490234375 0.51708984375 0.4833984375 0.51220703125 0.482421875 0.49755859375 0.48046875 0.484375 0.4775390625 0.47509765625 0.47265625 0.4658203125 0.46875 0.46044921875 0.4658203125 0.4501953125 0.4619140625 0.43115234375 0.453125 0.33984375 0.4541015625 0.27783203125 0.47265625 0.15673828125 0.4931640625 0.0634765625 0.509765625 0.0 0.5166015625 0.0 0.736328125 0.01953125 0.72265625 0.06494140625 0.7001953125
1 0.564453125 0.474609375 0.55224609375 0.4775390625 0.533203125 0.4775390625 0.52001953125 0.4765625 0.50341796875 0.47265625 0.49365234375 0.458984375 0.48095703125 0.4462890625 0.494140625 0.423828125 0.57080078125 0.4306640625 0.6416015625 0.4345703125 0.71240234375 0.4345703125 0.73974609375 0.4375 0.755859375 0.4404296875 0.7587890625 0.453125 0.75439453125 0.46875 0.73681640625 0.4716796875 0.7197265625 0.4716796875 0.7119140625 0.4716796875 0.6982421875 0.4716796875 0.68896484375 0.47265625 0.66650390625 0.47265625 0.650390625 0.47265625 0.64453125 0.470703125 0.6318359375 0.47265625 0.6162109375 0.474609375 0.60400390625 0.4755859375 0.59326171875 0.474609375 0.58544921875 0.4755859375 0.58154296875 0.4755859375 0.57275390625 0.4755859375
2 0.404296875 0.0146484375 0.41748046875 0.4189453125 0.4228515625 0.453125 0.48828125 0.4609375 0.51123046875 0.4609375 0.5302734375 0.462890625 0.5576171875 0.4638671875 0.5810546875 0.46484375 0.60693359375 0.4638671875 0.64453125 0.4638671875 0.67236328125 0.4658203125 0.69677734375 0.466796875 0.712890625 0.46484375 0.73681640625 0.4609375 0.78955078125 0.4560546875 0.82568359375 0.443359375 0.857421875 0.439453125 0.85791015625 0.0 0.40869140625 0.0
4 0.5224609375 0.3564453125 0.52001953125 0.3720703125 0.51904296875 0.4677734375 0.51513671875 0.466796875 0.5166015625 0.3720703125 0.51416015625 0.3623046875 0.51318359375 0.3515625 0.51025390625 0.322265625 0.501953125 0.3203125 0.49658203125 0.28515625 0.49267578125 0.232421875 0.49658203125 0.2099609375 0.4990234375 0.185546875 0.5068359375 0.15625 0.5146484375 0.140625 0.5224609375 0.130859375 0.53125 0.1376953125 0.537109375 0.146484375 0.54443359375 0.1474609375 0.55126953125 0.1552734375 0.55419921875 0.1591796875 0.55908203125 0.169921875 0.55322265625 0.177734375 0.552734375 0.1845703125 0.5556640625 0.1962890625 0.55810546875 0.2060546875 0.56005859375 0.2080078125 0.564453125 0.21875 0.56640625 0.236328125 0.5625 0.2509765625 0.560546875 0.2578125 0.560546875 0.263671875 0.56494140625 0.2685546875 0.5732421875 0.2724609375 0.5771484375 0.263671875 0.58447265625 0.2490234375 0.59130859375 0.275390625 0.591796875 0.2958984375 0.58740234375 0.3173828125 0.5751953125 0.3232421875 0.5654296875 0.322265625 0.55419921875 0.3251953125 0.5390625 0.3369140625
5 0.4638671875 0.423828125 0.47412109375 0.423828125 0.48046875 0.4248046875 0.48876953125 0.42578125 0.49072265625 0.4296875 0.49365234375 0.4345703125 0.49951171875 0.439453125 0.5009765625 0.447265625 0.50048828125 0.455078125 0.4970703125 0.458984375 0.49365234375 0.4609375 0.48095703125 0.4609375 0.4697265625 0.4599609375 0.46142578125 0.45703125 0.4541015625 0.4541015625 0.45556640625 0.4365234375 0.4580078125 0.43359375 0.46142578125 0.4296875
4 0.47900390625 0.333984375 0.4775390625 0.42578125 0.48193359375 0.42578125 0.48291015625 0.333984375
4 0.49755859375 0.3837890625 0.49658203125 0.4638671875 0.4931640625 0.4658203125 0.49560546875 0.330078125 0.49169921875 0.3330078125 0.48681640625 0.341796875 0.47900390625 0.341796875 0.4677734375 0.333984375 0.4580078125 0.32421875 0.4521484375 0.3134765625 0.44287109375 0.2998046875 0.4453125 0.27734375 0.44921875 0.2646484375 0.44921875 0.25 0.44970703125 0.216796875 0.4501953125 0.1884765625 0.4580078125 0.1630859375 0.46435546875 0.1513671875 0.47216796875 0.10546875 0.4794921875 0.1123046875 0.48974609375 0.1083984375 0.48974609375 0.091796875 0.48876953125 0.05859375 0.50390625 0.0458984375 0.51220703125 0.0498046875 0.52392578125 0.0546875 0.52880859375 0.0791015625 0.53857421875 0.0908203125 0.5439453125 0.109375 0.5458984375 0.13671875 0.54345703125 0.1533203125 0.54296875 0.2041015625 0.53759765625 0.2783203125 0.5224609375 0.3056640625 0.5068359375 0.3212890625 0.49951171875 0.3310546875
4 0.595703125 0.20703125 0.6044921875 0.203125 0.6064453125 0.2060546875 0.61279296875 0.2060546875 0.6201171875 0.203125 0.623046875 0.2138671875 0.6259765625 0.2294921875 0.630859375 0.2431640625 0.6318359375 0.2607421875 0.6318359375 0.2646484375 0.6376953125 0.26953125 0.638671875 0.2802734375 0.63525390625 0.2939453125 0.63330078125 0.3095703125 0.6328125 0.31640625 0.638671875 0.3232421875 0.6396484375 0.3359375 0.63720703125 0.3505859375 0.630859375 0.3583984375 0.6181640625 0.36328125 0.61083984375 0.36328125 0.59619140625 0.36328125 0.5849609375 0.3642578125 0.576171875 0.3583984375 0.5654296875 0.3505859375 0.56201171875 0.33203125 0.56640625 0.318359375 0.5712890625 0.3037109375 0.57373046875 0.279296875 0.57470703125 0.2626953125 0.57763671875 0.2451171875 0.58544921875 0.236328125 0.587890625 0.2216796875 0.59130859375 0.208984375
2 0.4453125 0.0458984375 0.443359375 0.099609375 0.4482421875 0.111328125 0.4462890625 0.32421875 0.43994140625 0.328125 0.43798828125 0.4482421875 0.37255859375 0.47265625 0.2939453125 0.4951171875 0.21435546875 0.5107421875 0.13671875 0.5380859375 0.048828125 0.560546875 0.0 0.5771484375 0.0 0.0 0.4482421875 0.0 0.45068359375 0.0068359375 0.4453125 0.0107421875
2 0.9169921875 0.291015625 0.91259765625 0.4638671875 0.95654296875 0.466796875 1.0 0.4697265625 1.0 0.0 0.92236328125 0.0 0.921875 0.115234375
4 0.73876953125 0.052734375 0.7412109375 0.0751953125 0.7421875 0.0927734375 0.7421875 0.1103515625 0.734375 0.11328125 0.7236328125 0.115234375 0.71484375 0.111328125 0.70703125 0.1220703125 0.703125 0.1318359375 0.6962890625 0.1396484375 0.69091796875 0.1484375 0.69482421875 0.1689453125 0.701171875 0.1787109375 0.69580078125 0.1953125 0.6904296875 0.2109375 0.69873046875 0.2294921875 0.7021484375 0.234375 0.70458984375 0.248046875 0.7177734375 0.26171875 0.7158203125 0.2705078125 0.71337890625 0.28125 0.712890625 0.3046875 0.712890625 0.318359375 0.7197265625 0.3291015625 0.7333984375 0.33203125 0.740234375 0.326171875 0.748046875 0.3173828125 0.751953125 0.3076171875 0.75732421875 0.306640625 0.76220703125 0.3095703125 0.7666015625 0.3251953125 0.76708984375 0.3359375 0.77685546875 0.3310546875 0.78271484375 0.3291015625 0.78369140625 0.3427734375 0.794921875 0.3330078125 0.80224609375 0.32421875 0.81298828125 0.3232421875 0.82666015625 0.3232421875 0.83349609375 0.3310546875 0.8359375 0.3603515625 0.8388671875 0.4130859375 0.849609375 0.4130859375 0.84619140625 0.3173828125 0.84716796875 0.3046875 0.85498046875 0.29296875 0.86572265625 0.2802734375 0.88037109375 0.2626953125 0.8916015625 0.2509765625 0.9033203125 0.2236328125 0.90380859375 0.1845703125 0.900390625 0.150390625 0.8955078125 0.1171875 0.888671875 0.0859375 0.88525390625 0.0576171875 0.8828125 0.0380859375 0.86865234375 0.0048828125 0.84716796875 0.0 0.798828125 0.0 0.7861328125 0.0 0.7822265625 0.0068359375 0.7734375 0.0 0.7626953125 0.0 0.75927734375 0.00390625 0.75048828125 0.015625 0.74560546875 0.029296875 0.74267578125 0.037109375
4 0.90087890625 0.3701171875 0.90869140625 0.4345703125 0.916015625 0.431640625 0.9150390625 0.310546875 0.92333984375 0.2822265625 0.93603515625 0.27734375 0.94482421875 0.26171875 0.94775390625 0.1962890625 0.9560546875 0.14453125 0.9638671875 0.10546875 0.962890625 0.056640625 0.9599609375 0.0068359375 0.9453125 0.0 0.84912109375 0.0 0.8349609375 0.0400390625 0.82958984375 0.1142578125 0.8291015625 0.1494140625 0.83203125 0.203125 0.83935546875 0.2578125 0.84326171875 0.291015625 0.84716796875 0.314453125 0.86181640625 0.3291015625 0.87890625 0.330078125 0.88818359375 0.337890625 0.89404296875 0.3525390625
4 0.96240234375 0.525390625 0.9755859375 0.525390625 0.97021484375 0.259765625 0.97607421875 0.2568359375 0.98779296875 0.25 0.99951171875 0.2490234375 1.0 0.240234375 1.0 0.0 0.91943359375 0.0 0.90673828125 0.0283203125 0.90673828125 0.064453125 0.9072265625 0.1025390625 0.9111328125 0.1533203125 0.91796875 0.220703125 0.9453125 0.26171875 0.9541015625 0.263671875 0.95947265625 0.265625 0.9609375 0.2666015625
