2 0.5703125 0.1396484375 0.560546875 0.1396484375 0.560546875 0.1142578125 0.55908203125 0.1142578125 0.55859375 0.1337890625 0.55419921875 0.13671875 0.55419921875 0.1416015625 0.54736328125 0.1396484375 0.54736328125 0.1337890625 0.5458984375 0.1337890625 0.544921875 0.142578125 0.54443359375 0.142578125 0.54443359375 0.1162109375 0.54052734375 0.1162109375 0.5400390625 0.142578125 0.53173828125 0.142578125 0.5302734375 0.14453125 0.529296875 0.158203125 0.5068359375 0.169921875 0.50390625 0.1611328125 0.5009765625 0.1669921875 0.5009765625 0.158203125 0.49609375 0.15234375 0.49658203125 0.138671875 0.49072265625 0.1396484375 0.49072265625 0.125 0.49072265625 0.1220703125 0.4921875 0.12109375 0.49072265625 0.1083984375 0.48046875 0.11328125 0.48046875 0.1044921875 0.48095703125 0.1015625 0.47900390625 0.09375 0.4736328125 0.0986328125 0.47265625 0.0859375 0.4638671875 0.0712890625 0.4638671875 0.064453125 0.45654296875 0.0537109375 0.45703125 0.0400390625 0.44287109375 0.01953125 0.4443359375 0.01171875 0.439453125 0.0078125 0.43701171875 0.01171875 0.42822265625 0.001953125 0.0009765625 0.0029296875 0.0009765625 0.419921875 0.2939453125 0.4970703125 0.56982421875 0.4931640625 0.63134765625 0.4853515625 0.80859375 0.5703125 1.0 0.6416015625 1.0 0.0048828125 0.57568359375 0.001953125 0.5712890625 0.0048828125 0.5673828125 0.0595703125 0.5703125 0.0673828125 0.57568359375 0.0654296875 0.57568359375 0.0859375 0.57275390625 0.0927734375 0.56494140625 0.0927734375 0.5703125 0.13671875 0.57568359375 0.1484375 0.5703125 0.173828125
0 0.0 0.58203125 0.00244140625 0.474609375 0.6259765625 0.4853515625 0.94287109375 1.0 0.0 1.0
1 0.85986328125 1.0 0.58154296875 0.5458984375 0.57666015625 0.451171875 0.6083984375 0.443359375 0.611328125 0.4619140625 0.67333984375 0.48828125 0.892578125 0.5654296875 0.9189453125 0.5810546875 0.92919921875 0.583984375 1.0 0.6015625 1.0 1.0
1 0.326171875 0.4921875 0.3173828125 0.482421875 0.259765625 0.4853515625 0.0 0.5 0.0 0.607421875
5 0.09033203125 0.474609375 0.0712890625 0.462890625 0.0625 0.4599609375 0.04248046875 0.443359375 0.02880859375 0.443359375 0.02734375 0.494140625 0.06640625 0.4970703125 0.072265625 0.494140625 0.08056640625 0.494140625 0.083984375 0.494140625 0.09033203125 0.48828125 0.091796875 0.4814453125
4 0.13916015625 0.26171875 0.134765625 0.3720703125 0.13330078125 0.4365234375 0.1357421875 0.5185546875 0.11376953125 0.521484375 0.115234375 0.490234375 0.119140625 0.38671875 0.12158203125 0.2724609375 0.1064453125 0.271484375 0.07666015625 0.29296875 0.0625 0.306640625 0.04443359375 0.3212890625 0.04296875 0.3427734375 0.04541015625 0.359375 0.03857421875 0.3720703125 0.0380859375 0.40234375 0.03125 0.431640625 0.03369140625 0.5439453125 0.02001953125 0.544921875 0.021484375 0.4931640625 0.01123046875 0.451171875 0.01123046875 0.408203125 0.01123046875 0.3779296875 0.00830078125 0.3427734375 0.00830078125 0.3037109375 0.0 0.30078125 0.0 0.0 0.28662109375 0.0029296875 0.28759765625 0.0283203125 0.27783203125 0.0390625 0.27490234375 0.0478515625 0.28076171875 0.0615234375 0.28955078125 0.0654296875 0.29931640625 0.0771484375 0.30224609375 0.0888671875 0.29345703125 0.0966796875 0.28369140625 0.0966796875 0.27392578125 0.095703125 0.27978515625 0.1025390625 0.2890625 0.10546875 0.28955078125 0.1279296875 0.28759765625 0.1416015625 0.28369140625 0.1552734375 0.26904296875 0.1611328125 0.25927734375 0.169921875 0.248046875 0.1767578125 0.24365234375 0.1953125 0.23828125 0.2119140625 0.22802734375 0.23828125 0.21875 0.2529296875 0.20751953125 0.26171875 0.1982421875 0.26953125 0.1943359375 0.2841796875 0.1943359375 0.30859375 0.1884765625 0.3115234375 0.18896484375 0.2890625 0.1826171875 0.27734375 0.169921875 0.267578125 0.16552734375 0.25 0.15576171875 0.2470703125 0.15771484375 0.263671875 0.15869140625 0.2744140625 0.1513671875 0.271484375
5 0.5400390625 0.375 0.53662109375 0.3291015625 0.51904296875 0.3271484375 0.529296875 0.3779296875
5 0.48046875 0.3271484375 0.52490234375 0.3271484375 0.53662109375 0.3779296875 0.47119140625 0.369140625
5 0.45947265625 0.380859375 0.46630859375 0.3662109375 0.501953125 0.365234375 0.51611328125 0.365234375 0.5361328125 0.369140625 0.5361328125 0.3779296875
5 0.43115234375 0.412109375 0.4130859375 0.4111328125 0.41748046875 0.4375 0.4267578125 0.458984375
5 0.39697265625 0.408203125 0.41259765625 0.408203125 0.42529296875 0.4365234375 0.41015625 0.509765625 0.37841796875 0.4111328125
5 0.34326171875 0.40625 0.38134765625 0.4052734375 0.3876953125 0.4189453125 0.3955078125 0.4345703125 0.39892578125 0.443359375 0.39990234375 0.4375 0.40576171875 0.443359375 0.40283203125 0.453125 0.40576171875 0.4794921875 0.40673828125 0.4970703125 0.40576171875 0.5048828125 0.40185546875 0.5078125 0.40283203125 0.515625 0.40283203125 0.52734375 0.3974609375 0.525390625 0.3974609375 0.515625 0.3955078125 0.5185546875 0.39697265625 0.52734375 0.39453125 0.5302734375 0.39111328125 0.53125 0.38623046875 0.533203125 0.3828125 0.5302734375 0.3828125 0.5166015625 0.345703125 0.521484375 0.34619140625 0.5283203125 0.341796875 0.533203125 0.33740234375 0.533203125 0.3349609375 0.52734375 0.3349609375 0.51953125 0.3291015625 0.51953125 0.3291015625 0.52734375 0.32763671875 0.5380859375 0.326171875 0.541015625 0.31787109375 0.541015625 0.31640625 0.533203125 0.31591796875 0.5107421875 0.31640625 0.4970703125 0.31494140625 0.4794921875 0.31494140625 0.4677734375 0.31494140625 0.4599609375 0.31787109375 0.4560546875 0.32177734375 0.451171875 0.32373046875 0.4404296875 0.32666015625 0.4189453125 0.330078125 0.412109375
5 0.39697265625 0.681640625 0.39697265625 0.6044921875 0.3955078125 0.55859375 0.39990234375 0.521484375 0.40966796875 0.48828125 0.41455078125 0.4765625 0.4072265625 0.4765625 0.4013671875 0.46875 0.400390625 0.4541015625 0.404296875 0.4462890625 0.4130859375 0.443359375 0.41748046875 0.443359375 0.42138671875 0.4453125 0.4326171875 0.40234375 0.43994140625 0.3857421875 0.44580078125 0.375 0.4453125 0.3798828125 0.46240234375 0.3779296875 0.50244140625 0.3740234375 0.52490234375 0.3779296875 0.548828125 0.3798828125 0.55322265625 0.3798828125 0.5556640625 0.376953125 0.55712890625 0.375 0.560546875 0.3828125 0.56201171875 0.38671875 0.5673828125 0.396484375 0.57421875 0.4169921875 0.58056640625 0.443359375 0.59130859375 0.4462890625 0.59716796875 0.451171875 0.5986328125 0.45703125 0.5986328125 0.46484375 0.59619140625 0.4677734375 0.59326171875 0.470703125 0.58740234375 0.4736328125 0.59033203125 0.4794921875 0.5947265625 0.494140625 0.59814453125 0.5048828125 0.60107421875 0.525390625 0.60302734375 0.544921875 0.60546875 0.5673828125 0.60595703125 0.59765625 0.60595703125 0.62109375 0.60595703125 0.6552734375 0.60546875 0.68359375 0.60400390625 0.689453125 0.59619140625 0.703125 0.5859375 0.708984375 0.57421875 0.703125 0.57275390625 0.669921875 0.51025390625 0.669921875 0.4609375 0.669921875 0.4228515625 0.6669921875 0.42236328125 0.703125 0.4130859375 0.7060546875 0.40380859375 0.7060546875
1 0.0 0.6005859375 0.0947265625 0.564453125 0.20849609375 0.5263671875 0.265625 0.509765625 0.3154296875 0.4951171875 0.2197265625 0.5322265625 0.0107421875 0.6142578125 0.0 0.619140625
