0 0.0009765625 0.455078125 0.19384765625 0.44140625 0.23876953125 0.4326171875 0.99951171875 0.4091796875 1.0 1.0 0.0 1.0 0.00048828125 1.0
2 0.14892578125 0.263671875 0.15869140625 0.2626953125 0.2216796875 0.2587890625 0.22314453125 0.46484375 0.208984375 0.46484375 0.18701171875 0.466796875 0.1669921875 0.4638671875 0.15625 0.46484375 0.140625 0.4658203125 0.13427734375 0.2685546875
5 0.18603515625 0.4482421875 0.19091796875 0.4501953125 0.19189453125 0.458984375 0.1923828125 0.4658203125 0.18603515625 0.46875 0.18359375 0.46875 0.1796875 0.46875 0.177734375 0.466796875 0.1748046875 0.4638671875 0.17431640625 0.45703125 0.17431640625 0.4521484375 0.1767578125 0.451171875 0.17919921875 0.44921875 0.1806640625 0.44921875 0.18310546875 0.44921875
5 0.15869140625 0.4462890625 0.16162109375 0.4462890625 0.1630859375 0.4462890625 0.1650390625 0.4462890625 0.16552734375 0.4501953125 0.16552734375 0.453125 0.16552734375 0.45703125 0.16455078125 0.4609375 0.1630859375 0.4619140625 0.1591796875 0.462890625 0.15625 0.462890625 0.15625 0.4599609375 0.15625 0.453125 0.1572265625 0.4501953125
5 0.16845703125 0.44921875 0.17138671875 0.44921875 0.17333984375 0.451171875 0.17333984375 0.4580078125 0.17333984375 0.4658203125 0.1708984375 0.466796875 0.1689453125 0.4677734375 0.16552734375 0.4677734375 0.1640625 0.4677734375 0.16259765625 0.4677734375 0.16162109375 0.4638671875 0.162109375 0.4599609375 0.162109375 0.4560546875 0.162109375 0.4521484375 0.1640625 0.4501953125 0.1650390625 0.451171875 0.16552734375 0.44921875
2 0.09814453125 0.056640625 0.10498046875 0.07421875 0.107421875 0.078125 0.10693359375 0.0859375 0.11474609375 0.0947265625 0.115234375 0.107421875 0.11865234375 0.111328125 0.1181640625 0.1201171875 0.12255859375 0.1220703125 0.1220703125 0.1298828125 0.12158203125 0.1357421875 0.125 0.134765625 0.125 0.142578125 0.1279296875 0.142578125 0.1328125 0.16015625 0.13623046875 0.171875 0.138671875 0.177734375 0.1416015625 0.1767578125 0.146484375 0.1943359375 0.146484375 0.208984375 0.1455078125 0.2158203125 0.146484375 0.2646484375 0.1513671875 0.271484375 0.15234375 0.28125 0.15185546875 0.291015625 0.14892578125 0.294921875 0.1484375 0.3095703125 0.15234375 0.3173828125 0.15380859375 0.3310546875 0.15087890625 0.341796875 0.14892578125 0.3447265625 0.1484375 0.35546875 0.14990234375 0.359375 0.15283203125 0.3671875 0.15576171875 0.369140625 0.1533203125 0.380859375 0.1513671875 0.388671875 0.1494140625 0.388671875 0.14892578125 0.4072265625 0.15087890625 0.4228515625 0.154296875 0.4736328125 0.15283203125 0.486328125 0.140625 0.4921875 0.1298828125 0.4921875 0.123046875 0.4921875 0.10205078125 0.4970703125 0.08349609375 0.494140625 0.06396484375 0.4990234375 0.04931640625 0.5 0.037109375 0.501953125 0.02392578125 0.5009765625 0.01025390625 0.5 0.00048828125 0.4990234375 0.00048828125 0.0009765625 0.06884765625 0.001953125 0.072265625 0.017578125 0.07861328125 0.0322265625 0.083984375 0.03515625 0.083984375 0.046875
4 0.18505859375 0.38671875 0.17919921875 0.38671875 0.17724609375 0.3876953125 0.17431640625 0.384765625 0.1689453125 0.38671875 0.16943359375 0.39453125 0.169921875 0.4033203125 0.169921875 0.4111328125 0.169921875 0.4248046875 0.1748046875 0.4267578125 0.18017578125 0.42578125 0.18212890625 0.4306640625 0.18212890625 0.4375 0.1826171875 0.4453125 0.1826171875 0.453125 0.18310546875 0.4609375 0.18310546875 0.4658203125 0.18408203125 0.46875 0.185546875 0.47265625 0.18701171875 0.46875 0.18603515625 0.4609375 0.18603515625 0.4541015625 0.18408203125 0.4228515625 0.18603515625 0.42578125 0.19189453125 0.423828125 0.193359375 0.41015625 0.193359375 0.392578125 0.189453125 0.384765625 0.18505859375 0.3828125
5 0.10791015625 0.4970703125 0.1083984375 0.4892578125 0.1064453125 0.474609375 0.10595703125 0.4658203125 0.1025390625 0.4638671875 0.09375 0.4638671875 0.0908203125 0.46484375 0.08740234375 0.4677734375 0.08544921875 0.4736328125 0.08447265625 0.48046875 0.08447265625 0.4873046875 0.0849609375 0.4951171875 0.087890625 0.5 0.0908203125 0.5 0.09228515625 0.4970703125 0.091796875 0.494140625 0.1015625 0.4931640625 0.10302734375 0.49609375 0.10400390625 0.4990234375
5 0.01025390625 0.47265625 0.02587890625 0.4716796875 0.0302734375 0.4794921875 0.03466796875 0.4853515625 0.03662109375 0.4951171875 0.03662109375 0.5068359375 0.03369140625 0.5068359375 0.03173828125 0.50390625 0.02587890625 0.5029296875 0.02587890625 0.5078125 0.0234375 0.5087890625 0.02294921875 0.5048828125 0.01806640625 0.50390625 0.017578125 0.5078125 0.0107421875 0.5087890625 0.0068359375 0.505859375 0.00390625 0.490234375 0.00390625 0.484375
5 0.0 0.51953125 0.0068359375 0.5205078125 0.009765625 0.5126953125 0.01025390625 0.5048828125 0.00927734375 0.4951171875 0.00439453125 0.4912109375 0.00146484375 0.48828125 0.0009765625 0.490234375 0.0 0.51953125
4 0.01708984375 0.162109375 0.02392578125 0.1650390625 0.02734375 0.1748046875 0.02734375 0.1826171875 0.03125 0.19140625 0.0341796875 0.197265625 0.0439453125 0.1982421875 0.04931640625 0.2138671875 0.0498046875 0.220703125 0.0517578125 0.228515625 0.05810546875 0.232421875 0.06298828125 0.2353515625 0.06396484375 0.25 0.064453125 0.263671875 0.0654296875 0.27734375 0.06591796875 0.29296875 0.05908203125 0.2978515625 0.0517578125 0.2978515625 0.0498046875 0.3037109375 0.0478515625 0.30859375 0.04443359375 0.3115234375 0.04736328125 0.318359375 0.05126953125 0.318359375 0.05810546875 0.3232421875 0.0595703125 0.3359375 0.0556640625 0.3447265625 0.052734375 0.3544921875 0.05224609375 0.365234375 0.05322265625 0.375 0.05029296875 0.3818359375 0.0458984375 0.384765625 0.04248046875 0.388671875 0.04052734375 0.39453125 0.03515625 0.396484375 0.0302734375 0.3955078125 0.02734375 0.3896484375 0.02490234375 0.384765625 0.0205078125 0.3779296875 0.01708984375 0.3779296875 0.01513671875 0.3837890625 0.0107421875 0.3916015625 0.00439453125 0.3955078125 0.00146484375 0.3955078125 0.0 0.1279296875 0.0048828125 0.134765625 0.0078125 0.1474609375 0.009765625 0.1572265625 0.01123046875 0.1611328125
1 0.16455078125 0.5498046875 0.20849609375 0.5556640625 0.25830078125 0.552734375 0.32470703125 0.5498046875 0.3740234375 0.5458984375 0.43505859375 0.5361328125 0.50830078125 0.52734375 0.56982421875 0.521484375 0.66748046875 0.509765625 0.7373046875 0.501953125 0.79736328125 0.4931640625 0.85205078125 0.4853515625 0.92236328125 0.4716796875 0.9599609375 0.4638671875 0.984375 0.4599609375 0.99658203125 0.453125 1.0 0.453125 0.99951171875 0.40625 0.24169921875 0.498046875 0.23095703125 0.513671875 0.21533203125 0.5205078125 0.19189453125 0.5322265625 0.1796875 0.5361328125 0.1669921875 0.54296875 0.16552734375 0.546875
2 0.15283203125 0.103515625 0.15576171875 0.18359375 0.158203125 0.265625 0.1533203125 0.263671875 0.15283203125 0.271484375 0.158203125 0.2724609375 0.15869140625 0.2802734375 0.181640625 0.294921875 0.181640625 0.3203125 0.18603515625 0.328125 0.189453125 0.529296875 0.1982421875 0.533203125 0.2080078125 0.529296875 0.20556640625 0.4150390625 0.21875 0.416015625 0.2216796875 0.521484375 0.23681640625 0.5205078125 0.23828125 0.5166015625 0.23828125 0.5185546875 0.240234375 0.5166015625 0.251953125 0.513671875 0.2587890625 0.5078125 0.2734375 0.5107421875 0.28515625 0.5146484375 0.3046875 0.515625 0.31982421875 0.517578125 0.39208984375 0.5078125 0.42236328125 0.5009765625 0.47509765625 0.4990234375 0.51025390625 0.4931640625 0.53515625 0.4921875 0.6064453125 0.478515625 0.625 0.4794921875 0.63671875 0.4853515625 0.6513671875 0.484375 0.65478515625 0.48046875 0.67578125 0.4794921875 0.701171875 0.478515625 0.73486328125 0.47265625 0.76708984375 0.46875 0.78759765625 0.4677734375 0.81103515625 0.466796875 0.828125 0.466796875 0.83837890625 0.4658203125 0.84814453125 0.462890625 0.87158203125 0.4580078125 0.89794921875 0.453125 0.9365234375 0.4453125 0.9619140625 0.443359375 0.98095703125 0.439453125 1.0 0.43359375 1.0 0.0009765625 0.14892578125 0.0029296875
4 0.40869140625 0.1728515625 0.41650390625 0.1943359375 0.431640625 0.208984375 0.43994140625 0.201171875 0.4443359375 0.197265625 0.4482421875 0.20703125 0.4599609375 0.208984375 0.46826171875 0.2060546875 0.48388671875 0.2041015625 0.49267578125 0.2099609375 0.49951171875 0.2265625 0.501953125 0.25390625 0.5009765625 0.2783203125 0.501953125 0.3046875 0.5 0.3310546875 0.50390625 0.3515625 0.51318359375 0.3544921875 0.52294921875 0.34375 0.5302734375 0.3349609375 0.53662109375 0.328125 0.53857421875 0.33984375 0.5419921875 0.443359375 0.54248046875 0.4609375 0.5390625 0.46875 0.52490234375 0.48828125 0.509765625 0.4970703125 0.4951171875 0.505859375 0.50048828125 0.5205078125 0.5146484375 0.517578125 0.537109375 0.515625 0.5556640625 0.515625 0.57568359375 0.513671875 0.59033203125 0.5107421875 0.603515625 0.5068359375 0.61181640625 0.505859375 0.609375 0.49609375 0.61181640625 0.48046875 0.60888671875 0.47265625 0.607421875 0.4501953125 0.5947265625 0.4306640625 0.57568359375 0.419921875 0.56689453125 0.4111328125 0.55517578125 0.400390625 0.5517578125 0.3916015625 0.54931640625 0.3232421875 0.55322265625 0.314453125 0.56396484375 0.3173828125 0.580078125 0.3193359375 0.58837890625 0.3095703125 0.58203125 0.2958984375 0.58837890625 0.291015625 0.5986328125 0.2978515625 0.61181640625 0.2978515625 0.6181640625 0.2783203125 0.615234375 0.2626953125 0.60693359375 0.2412109375 0.6044921875 0.22265625 0.6044921875 0.2138671875 0.615234375 0.21484375 0.63037109375 0.2197265625 0.634765625 0.1962890625 0.6279296875 0.1787109375 0.62109375 0.1455078125 0.62451171875 0.130859375 0.6337890625 0.130859375 0.65283203125 0.1279296875 0.6748046875 0.1103515625 0.6787109375 0.08984375 0.6689453125 0.0703125 0.658203125 0.0458984375 0.66064453125 0.0234375 0.658203125 0.001953125 0.40478515625 0.0009765625 0.40478515625 0.017578125 0.408203125 0.025390625 0.3935546875 0.029296875 0.3994140625 0.0498046875 0.41064453125 0.060546875 0.4296875 0.0556640625 0.4267578125 0.0751953125 0.42333984375 0.0986328125 0.41552734375 0.123046875 0.41357421875 0.14453125 0.40966796875 0.158203125
5 0.98779296875 0.3828125 0.9951171875 0.376953125 1.0 0.3759765625 1.0 0.45703125 0.998046875 0.45703125 0.998046875 0.462890625 0.99365234375 0.46484375 0.98974609375 0.462890625 0.98974609375 0.45703125 0.9833984375 0.45703125 0.9833984375 0.462890625 0.98095703125 0.466796875 0.9736328125 0.4658203125 0.97119140625 0.45703125 0.97021484375 0.451171875 0.97021484375 0.4365234375 0.97119140625 0.4248046875 0.97509765625 0.412109375 0.9794921875 0.4072265625 0.98291015625 0.3935546875 0.98583984375 0.384765625
4 0.95849609375 0.2333984375 0.95947265625 0.2451171875 0.96435546875 0.2587890625 0.97119140625 0.259765625 0.9736328125 0.275390625 0.97216796875 0.28125 0.970703125 0.291015625 0.9755859375 0.3037109375 0.9853515625 0.302734375 0.9892578125 0.2939453125 0.9931640625 0.298828125 0.99658203125 0.310546875 0.9990234375 0.3212890625 1.0 0.31640625 1.0 0.158203125 0.994140625 0.16015625 0.9892578125 0.166015625 0.982421875 0.1630859375 0.9765625 0.17578125 0.978515625 0.1875 0.98095703125 0.1962890625 0.97900390625 0.201171875 0.97021484375 0.1982421875 0.9658203125 0.205078125 0.9697265625 0.2158203125 0.97314453125 0.22265625 0.97119140625 0.23046875 0.9658203125 0.23046875 0.96142578125 0.23046875
1 0.59765625 0.5205078125 0.6455078125 0.578125 0.6611328125 0.576171875 0.66162109375 0.58984375 0.6513671875 0.5966796875 0.5947265625 0.6279296875 0.533203125 0.6787109375 0.53076171875 0.654296875 0.17138671875 0.7138671875 0.189453125 0.681640625 0.201171875 0.6513671875 0.20703125 0.62890625 0.2822265625 0.6123046875 0.3447265625 0.55859375
5 0.775390625 0.3896484375 0.79931640625 0.3896484375 0.81005859375 0.390625 0.81591796875 0.3935546875 0.82568359375 0.4091796875 0.8330078125 0.4306640625 0.83447265625 0.462890625 0.83447265625 0.47265625 0.82958984375 0.47265625 0.82861328125 0.478515625 0.82568359375 0.486328125 0.81787109375 0.4892578125 0.81201171875 0.486328125 0.80859375 0.48046875 0.7890625 0.4833984375 0.787109375 0.4921875 0.78076171875 0.494140625 0.77392578125 0.49609375 0.771484375 0.4931640625 0.77001953125 0.4853515625 0.75927734375 0.48828125 0.7587890625 0.494140625 0.75390625 0.498046875 0.74755859375 0.5 0.73876953125 0.494140625 0.73876953125 0.4931640625 0.72802734375 0.4931640625 0.7265625 0.50390625 0.71484375 0.505859375 0.7021484375 0.505859375 0.701171875 0.501953125 0.69921875 0.4951171875 0.693359375 0.4970703125 0.6904296875 0.4931640625 0.68798828125 0.4794921875 0.6904296875 0.462890625 0.693359375 0.451171875 0.69873046875 0.4453125 0.7119140625 0.435546875 0.720703125 0.431640625 0.724609375 0.4306640625 0.732421875 0.416015625 0.736328125 0.41015625 0.74267578125 0.4013671875 0.75048828125 0.3955078125 0.759765625 0.3916015625 0.76708984375 0.390625
