0 0.013671875 0.6181640625 0.1416015625 0.552734375 0.255859375 0.5087890625 0.39306640625 0.45703125 0.43212890625 0.4306640625 0.47314453125 0.41015625 0.49365234375 0.404296875 0.50634765625 0.404296875 0.5478515625 0.4697265625 0.94189453125 0.873046875 0.99755859375 1.0 0.25390625 1.0 0.0 1.0 0.0 0.6298828125
1 0.509765625 0.443359375 0.51611328125 0.453125 0.56005859375 0.5166015625 0.7080078125 0.7158203125 0.8955078125 0.9755859375 0.9287109375 1.0 1.0 1.0 1.0 0.4931640625 0.94091796875 0.4912109375 0.87744140625 0.5068359375 0.712890625 0.4765625 0.626953125 0.4462890625 0.5986328125 0.4365234375 0.58203125 0.4140625 0.54736328125 0.4150390625 0.5146484375 0.41015625 0.5078125 0.4267578125
1 0.1337890625 0.59375 0.2265625 0.5556640625 0.2802734375 0.529296875 0.3173828125 0.5146484375 0.35498046875 0.509765625 0.38623046875 0.4990234375 0.4052734375 0.4833984375 0.421875 0.47265625 0.43408203125 0.455078125 0.44921875 0.44140625 0.45166015625 0.4189453125 0.41796875 0.42578125 0.361328125 0.43359375 0.32373046875 0.447265625 0.27880859375 0.455078125 0.208984375 0.4619140625 0.15966796875 0.48046875 0.09130859375 0.494140625 0.0 0.5283203125 0.0 0.65625 0.0986328125 0.6142578125
4 0.482421875 0.3388671875 0.4912109375 0.3388671875 0.50439453125 0.34375 0.5146484375 0.3447265625 0.5126953125 0.365234375 0.494140625 0.369140625 0.47998046875 0.37890625 0.47216796875 0.3583984375 0.4794921875 0.3408203125
2 0.46875 0.326171875 0.4833984375 0.3232421875 0.48486328125 0.380859375 0.4736328125 0.392578125 0.466796875 0.373046875
2 0.3681640625 0.26953125 0.27392578125 0.197265625 0.1865234375 0.0859375 0.12646484375 0.06640625 0.02783203125 0.0615234375 0.00146484375 0.0625 0.00048828125 0.4951171875 0.07763671875 0.4921875 0.13818359375 0.48828125 0.2060546875 0.4853515625 0.2421875 0.4658203125 0.29443359375 0.4443359375 0.33740234375 0.466796875 0.361328125 0.466796875 0.3701171875 0.3701171875 0.375 0.3037109375
4 0.48779296875 0.4306640625 0.501953125 0.419921875 0.4931640625 0.400390625 0.4912109375 0.38671875 0.486328125 0.37890625 0.47802734375 0.376953125 0.46923828125 0.359375 0.4716796875 0.3232421875 0.47119140625 0.30859375 0.4677734375 0.296875 0.46337890625 0.2841796875 0.451171875 0.2734375 0.44189453125 0.255859375 0.43994140625 0.232421875 0.43212890625 0.224609375 0.42919921875 0.20703125 0.43017578125 0.19140625 0.4228515625 0.1787109375 0.416015625 0.162109375 0.41015625 0.12890625 0.40380859375 0.130859375 0.39990234375 0.115234375 0.3876953125 0.0888671875 0.3798828125 0.103515625 0.37060546875 0.11328125 0.36376953125 0.115234375 0.34716796875 0.123046875 0.34228515625 0.1494140625 0.33984375 0.16796875 0.3359375 0.1826171875 0.33984375 0.2158203125 0.3359375 0.236328125 0.3369140625 0.2666015625 0.33837890625 0.30078125 0.33740234375 0.341796875 0.34326171875 0.3935546875 0.359375 0.392578125 0.3623046875 0.4716796875 0.3701171875 0.474609375 0.37255859375 0.439453125 0.37841796875 0.4326171875 0.3779296875 0.4677734375 0.38525390625 0.4658203125 0.39794921875 0.4560546875 0.388671875 0.4013671875 0.3916015625 0.4423828125 0.3955078125 0.4384765625 0.40185546875 0.43359375 0.40869140625 0.4365234375 0.41064453125 0.427734375 0.42138671875 0.4296875 0.43115234375 0.42578125 0.43701171875 0.4375 0.44775390625 0.4404296875 0.4658203125 0.4384765625
4 0.49072265625 0.4091796875 0.4892578125 0.392578125 0.48388671875 0.376953125 0.484375 0.3671875 0.48828125 0.3583984375 0.4951171875 0.3564453125 0.50244140625 0.353515625 0.50634765625 0.3505859375 0.50830078125 0.3291015625 0.5126953125 0.3056640625 0.5205078125 0.287109375 0.52734375 0.2841796875 0.52783203125 0.27734375 0.525390625 0.2685546875 0.52978515625 0.26171875 0.52685546875 0.2548828125 0.52978515625 0.248046875 0.53076171875 0.2392578125 0.533203125 0.2412109375 0.53271484375 0.2294921875 0.53564453125 0.2314453125 0.53564453125 0.2177734375 0.54248046875 0.216796875 0.5458984375 0.224609375 0.54736328125 0.2255859375 0.5478515625 0.2197265625 0.5478515625 0.21484375 0.54638671875 0.2060546875 0.55029296875 0.1953125 0.5537109375 0.1826171875 0.5625 0.181640625 0.56396484375 0.1884765625 0.56884765625 0.1943359375 0.57568359375 0.1767578125 0.58251953125 0.1787109375 0.5927734375 0.1982421875 0.599609375 0.216796875 0.60009765625 0.23828125 0.6015625 0.251953125 0.6064453125 0.2734375 0.599609375 0.2822265625 0.6025390625 0.302734375 0.59814453125 0.302734375 0.59619140625 0.3232421875 0.5966796875 0.341796875 0.60205078125 0.34765625 0.60400390625 0.376953125 0.6171875 0.3994140625 0.6181640625 0.4130859375 0.6298828125 0.4658203125 0.55859375 0.4375 0.5380859375 0.4453125 0.5126953125 0.443359375 0.50146484375 0.421875 0.4951171875 0.416015625 0.490234375 0.4072265625
5 0.4892578125 0.4248046875 0.48828125 0.427734375 0.48828125 0.4326171875 0.48974609375 0.4345703125 0.4931640625 0.435546875 0.494140625 0.43359375 0.49462890625 0.4296875 0.494140625 0.4267578125 0.49267578125 0.4248046875
5 0.50244140625 0.4345703125 0.4970703125 0.4345703125 0.49658203125 0.427734375 0.49755859375 0.42578125 0.4990234375 0.42578125 0.501953125 0.4267578125
5 0.48828125 0.42578125 0.484375 0.4267578125 0.4833984375 0.4326171875 0.486328125 0.4365234375 0.48779296875 0.4365234375 0.4892578125 0.4345703125 0.4892578125 0.4296875
5 0.48193359375 0.427734375 0.48583984375 0.4287109375 0.48583984375 0.4345703125 0.48388671875 0.4375 0.48046875 0.4375 0.4794921875 0.43359375 0.47998046875 0.4296875
5 0.47705078125 0.427734375 0.470703125 0.4248046875 0.4677734375 0.4248046875 0.466796875 0.4306640625 0.46728515625 0.4345703125 0.46826171875 0.4384765625 0.46826171875 0.443359375 0.47216796875 0.4443359375 0.47705078125 0.4404296875 0.47802734375 0.4345703125
5 0.466796875 0.42578125 0.46240234375 0.4248046875 0.4580078125 0.42578125 0.45751953125 0.4287109375 0.46240234375 0.4306640625 0.462890625 0.4404296875 0.46630859375 0.4443359375 0.4697265625 0.4423828125
5 0.46484375 0.4443359375 0.4619140625 0.4462890625 0.45751953125 0.4462890625 0.45556640625 0.4326171875 0.4580078125 0.4287109375 0.462890625 0.4296875 0.4638671875 0.43359375 0.46533203125 0.4375
5 0.45751953125 0.4521484375 0.458984375 0.44140625 0.45703125 0.431640625 0.451171875 0.4267578125 0.443359375 0.4287109375 0.447265625 0.43359375 0.44775390625 0.443359375 0.4482421875 0.453125 0.45263671875 0.4560546875 0.45556640625 0.4521484375
5 0.43115234375 0.41796875 0.4453125 0.41796875 0.4482421875 0.4375 0.4501953125 0.45703125 0.44921875 0.45703125 0.44775390625 0.458984375 0.44580078125 0.455078125 0.4423828125 0.453125 0.43603515625 0.453125 0.42919921875 0.4453125 0.42724609375 0.419921875 0.427734375 0.419921875
5 0.44140625 0.4609375 0.44140625 0.4521484375 0.44140625 0.443359375 0.44189453125 0.439453125 0.4423828125 0.4365234375 0.4404296875 0.4365234375 0.43896484375 0.43359375 0.435546875 0.42578125 0.4296875 0.4248046875 0.42626953125 0.4267578125 0.42919921875 0.4365234375 0.43212890625 0.443359375 0.43408203125 0.4521484375 0.4375 0.4580078125 0.4384765625 0.4619140625
5 0.43603515625 0.46484375 0.435546875 0.4501953125 0.43408203125 0.44140625 0.43212890625 0.431640625 0.43017578125 0.4248046875 0.42724609375 0.4228515625 0.423828125 0.4248046875 0.4228515625 0.423828125 0.419921875 0.4228515625 0.41748046875 0.4228515625 0.41455078125 0.4248046875 0.4169921875 0.431640625 0.41845703125 0.4375 0.41796875 0.45703125 0.42138671875 0.4677734375 0.42529296875 0.46484375 0.42578125 0.4677734375 0.42919921875 0.46875 0.4306640625 0.4677734375
5 0.39697265625 0.423828125 0.39404296875 0.4365234375 0.39208984375 0.439453125 0.38916015625 0.4404296875 0.388671875 0.4462890625 0.390625 0.447265625 0.3916015625 0.455078125 0.39111328125 0.4658203125 0.392578125 0.47265625 0.39404296875 0.47265625 0.396484375 0.4716796875 0.39892578125 0.4697265625 0.40087890625 0.46875 0.4052734375 0.46875 0.4169921875 0.466796875 0.41796875 0.4716796875 0.42041015625 0.47265625 0.42236328125 0.470703125 0.42333984375 0.4619140625 0.421875 0.44140625 0.41796875 0.42578125 0.41552734375 0.421875
4 0.310546875 0.42578125 0.29345703125 0.435546875 0.2841796875 0.4365234375 0.27783203125 0.453125 0.275390625 0.474609375 0.28662109375 0.4775390625 0.29931640625 0.478515625 0.31396484375 0.4765625 0.32373046875 0.4765625 0.32861328125 0.4521484375 0.32568359375 0.4384765625 0.3154296875 0.4296875
4 0.27197265625 0.4033203125 0.2724609375 0.439453125 0.2724609375 0.474609375 0.2734375 0.4873046875 0.267578125 0.48828125 0.26708984375 0.42578125 0.26708984375 0.37890625 0.26171875 0.3671875 0.24853515625 0.36328125 0.24365234375 0.341796875 0.244140625 0.3154296875 0.25048828125 0.2919921875 0.23876953125 0.1982421875 0.2373046875 0.13671875 0.24658203125 0.0908203125 0.2529296875 0.0791015625 0.26806640625 0.05859375 0.28857421875 0.041015625 0.30078125 0.04296875 0.31103515625 0.0478515625 0.30859375 0.068359375 0.3095703125 0.0830078125 0.3115234375 0.10546875 0.31982421875 0.1123046875 0.32470703125 0.1025390625 0.32763671875 0.078125 0.337890625 0.0849609375 0.345703125 0.1064453125 0.3515625 0.13671875 0.349609375 0.162109375 0.34814453125 0.1640625 0.34619140625 0.171875 0.34765625 0.1796875 0.34130859375 0.1923828125 0.34033203125 0.2021484375 0.345703125 0.2490234375 0.34375 0.2880859375 0.3466796875 0.373046875 0.345703125 0.3916015625 0.33447265625 0.3916015625 0.322265625 0.39453125 0.314453125 0.3916015625 0.30908203125 0.37890625 0.30078125 0.3681640625 0.2939453125 0.359375 0.28369140625 0.3583984375 0.27587890625 0.3642578125 0.27294921875 0.3896484375
4 0.25146484375 0.50390625 0.240234375 0.505859375 0.23974609375 0.421875 0.23828125 0.361328125 0.2236328125 0.384765625 0.22509765625 0.4970703125 0.2158203125 0.5 0.21533203125 0.37890625 0.2080078125 0.359375 0.20166015625 0.345703125 0.19287109375 0.384765625 0.17626953125 0.388671875 0.16845703125 0.421875 0.1875 0.44140625 0.20068359375 0.4638671875 0.2041015625 0.4892578125 0.2021484375 0.513671875 0.18994140625 0.513671875 0.158203125 0.5126953125 0.1396484375 0.51171875 0.12939453125 0.5068359375 0.12890625 0.4814453125 0.13525390625 0.458984375 0.1474609375 0.4345703125 0.1611328125 0.421875 0.16796875 0.3837890625 0.1640625 0.35546875 0.146484375 0.3134765625 0.13037109375 0.287109375 0.125 0.21484375 0.123046875 0.150390625 0.0 0.0 0.1494140625 0.0 0.30224609375 0.0 0.302734375 0.0126953125 0.302734375 0.02734375 0.29296875 0.0380859375 0.287109375 0.0556640625 0.2880859375 0.08203125 0.2734375 0.1513671875 0.26171875 0.189453125 0.26220703125 0.2333984375 0.263671875 0.2783203125 0.2685546875 0.3076171875 0.2607421875 0.349609375 0.25244140625 0.3671875 0.24462890625 0.3720703125
4 0.0595703125 0.39453125 0.0576171875 0.3701171875 0.0703125 0.369140625 0.07958984375 0.3623046875 0.0908203125 0.359375 0.10693359375 0.361328125 0.12060546875 0.3916015625 0.12939453125 0.41015625 0.142578125 0.3955078125 0.142578125 0.3681640625 0.13720703125 0.33984375 0.126953125 0.2998046875 0.123046875 0.2607421875 0.13134765625 0.1875 0.13916015625 0.0654296875 0.14599609375 0.0029296875 0.0 0.001953125 0.0009765625 0.5166015625 0.021484375 0.3955078125 0.02099609375 0.373046875 0.02587890625 0.365234375 0.02978515625 0.3427734375 0.0380859375 0.33984375 0.04443359375 0.3671875 0.0439453125 0.3955078125
4 0.12353515625 0.4619140625 0.0751953125 0.4658203125 0.02099609375 0.4658203125 0.0 0.46484375 0.00146484375 0.412109375 0.01513671875 0.390625 0.02490234375 0.388671875 0.046875 0.388671875 0.06201171875 0.3984375 0.06982421875 0.412109375 0.08154296875 0.419921875 0.09326171875 0.4208984375 0.11328125 0.4228515625 0.123046875 0.42578125
3 0.13037109375 0.513671875 0.1298828125 0.462890625 0.11962890625 0.4609375 0.0 0.462890625 0.0 0.5654296875 0.09033203125 0.5390625 0.11572265625 0.5302734375 0.12939453125 0.5205078125
4 0.0947265625 0.5126953125 0.09375 0.5380859375 0.09423828125 0.5556640625 0.10986328125 0.55078125 0.115234375 0.544921875 0.1142578125 0.515625 0.11181640625 0.490234375 0.1123046875 0.453125 0.111328125 0.3994140625 0.1142578125 0.3720703125 0.11376953125 0.3251953125 0.11474609375 0.2685546875 0.119140625 0.228515625 0.11962890625 0.1806640625 0.13134765625 0.1416015625 0.1328125 0.1142578125 0.1025390625 0.103515625 0.09375 0.130859375 0.09619140625 0.1787109375 0.09912109375 0.2158203125 0.09716796875 0.2822265625 0.0966796875 0.4052734375
4 0.595703125 0.23828125 0.599609375 0.2177734375 0.59326171875 0.2060546875 0.59130859375 0.205078125 0.587890625 0.1962890625 0.57275390625 0.17578125 0.57666015625 0.16796875 0.57666015625 0.150390625 0.56982421875 0.1435546875 0.560546875 0.142578125 0.56103515625 0.11328125 0.57177734375 0.0849609375 0.56689453125 0.0771484375 0.55908203125 0.0830078125 0.55615234375 0.060546875 0.5576171875 0.0 1.0 0.0 1.0 0.5029296875 0.9677734375 0.501953125 0.94482421875 0.369140625 0.91796875 0.3837890625 0.89697265625 0.392578125 0.90771484375 0.408203125 0.90380859375 0.4189453125 0.90478515625 0.4765625 0.87353515625 0.462890625 0.86669921875 0.4716796875 0.84130859375 0.4921875 0.78564453125 0.4833984375 0.75341796875 0.4755859375 0.71435546875 0.46484375 0.68017578125 0.4580078125 0.65625 0.4501953125 0.63720703125 0.4482421875 0.611328125 0.443359375 0.61376953125 0.396484375 0.59814453125 0.3681640625 0.59326171875 0.31640625 0.6015625 0.2763671875
